FULLBODY	1																																						
Frames:	103																																						
-0.407869	-0.599577	0.3933	-0.565213	-0.406938	-0.561397	0.358919	-0.62483	-0.705779	-0.207012	0.593122	-0.327458	-0.671298	-0.0947111	0.669763	-0.302995	-0.0857129	-0.654112	0.00599512	-0.751502	-0.165022	-0.653977	-0.0384576	-0.737295	-0.670473	-0.185528	0.684776	-0.217087	-0.426288	-0.586975	0.495738	-0.477475	-0.139172	-0.739034	0.186938	-0.632071	-0.400075	-0.613697	0.47413	-0.488382
-0.410264	-0.599594	0.395885	-0.561645	-0.406092	-0.564259	0.36351	-0.62013	-0.706795	-0.213078	0.593366	-0.320867	-0.672251	-0.101359	0.670528	-0.29698	-0.0791953	-0.655897	0.0144817	-0.750544	-0.15949	-0.660209	-0.0302558	-0.733329	-0.671354	-0.182619	0.685152	-0.21564	-0.429338	-0.585046	0.494845	-0.478036	-0.139476	-0.738466	0.185239	-0.633167	-0.400899	-0.613514	0.472499	-0.489516
-0.410414	-0.599413	0.395872	-0.561738	-0.405984	-0.564585	0.36394	-0.619652	-0.706698	-0.213496	0.593458	-0.320633	-0.672173	-0.101763	0.670644	-0.296757	-0.0788066	-0.656053	0.0155427	-0.750428	-0.159279	-0.660426	-0.0299213	-0.733194	-0.671457	-0.182187	0.685215	-0.215483	-0.429579	-0.584746	0.494933	-0.478096	-0.139634	-0.73826	0.185068	-0.633422	-0.401317	-0.613183	0.473199	-0.488912
-0.410686	-0.599135	0.396025	-0.561728	-0.405735	-0.565113	0.364565	-0.618966	-0.706599	-0.214226	0.593766	-0.319792	-0.67181	-0.102286	0.671292	-0.295932	-0.078515	-0.656256	0.0166608	-0.750257	-0.158852	-0.660931	-0.0291833	-0.732861	-0.671617	-0.181541	0.685345	-0.215119	-0.429698	-0.584569	0.495007	-0.478129	-0.140122	-0.737906	0.184663	-0.633846	-0.401391	-0.613171	0.474014	-0.488075
-0.41128	-0.598618	0.396426	-0.561562	-0.405696	-0.565461	0.365297	-0.618241	-0.706303	-0.215046	0.594141	-0.319199	-0.671644	-0.10316	0.671711	-0.295054	-0.0778837	-0.656572	0.017487	-0.750027	-0.158297	-0.661424	-0.0285822	-0.732559	-0.671458	-0.18122	0.685604	-0.21506	-0.429734	-0.58437	0.495089	-0.478254	-0.140409	-0.737817	0.18524	-0.633717	-0.40035	-0.613753	0.473418	-0.488776
-0.411177	-0.598682	0.396615	-0.561435	-0.405864	-0.565615	0.366	-0.617575	-0.706303	-0.215456	0.594406	-0.318429	-0.671595	-0.103393	0.672148	-0.294088	-0.0775677	-0.656864	0.0183674	-0.749783	-0.157767	-0.661999	-0.027753	-0.732186	-0.671604	-0.180745	0.685721	-0.214629	-0.429847	-0.584166	0.495148	-0.478341	-0.140104	-0.737517	0.184953	-0.634218	-0.398773	-0.614626	0.472367	-0.489985
-0.411054	-0.598914	0.396881	-0.56109	-0.406203	-0.565627	0.366583	-0.616995	-0.706636	-0.215501	0.594349	-0.317765	-0.671547	-0.10317	0.672408	-0.293681	-0.0776237	-0.656991	0.0188018	-0.749656	-0.157832	-0.662095	-0.0269381	-0.732116	-0.671448	-0.180924	0.68569	-0.215069	-0.429577	-0.584229	0.495019	-0.478641	-0.139949	-0.737398	0.184649	-0.634479	-0.397303	-0.615474	0.471503	-0.490946
-0.411083	-0.598953	0.397048	-0.560909	-0.406279	-0.565734	0.366874	-0.616674	-0.70675	-0.215921	0.593927	-0.318014	-0.670253	-0.103099	0.673945	-0.293138	-0.0782151	-0.657054	0.0188759	-0.749537	-0.158201	-0.66195	-0.0267	-0.732176	-0.671437	-0.180803	0.685734	-0.215064	-0.4295	-0.584221	0.494993	-0.478746	-0.139649	-0.737144	0.183914	-0.635053	-0.396704	-0.615806	0.471235	-0.491271
-0.411307	-0.598852	0.397419	-0.56059	-0.406887	-0.565458	0.367797	-0.615975	-0.70753	-0.216284	0.59264	-0.318436	-0.66872	-0.0998866	0.674762	-0.295858	-0.0806841	-0.656739	0.0193892	-0.749539	-0.15963	-0.660889	-0.0266489	-0.732826	-0.67158	-0.180333	0.685832	-0.214698	-0.429715	-0.583971	0.495109	-0.478739	-0.139605	-0.736985	0.183487	-0.635371	-0.395879	-0.616266	0.47089	-0.49169
-0.411513	-0.598699	0.397681	-0.560416	-0.407428	-0.565166	0.3682	-0.615645	-0.7085	-0.214673	0.592417	-0.317783	-0.668036	-0.0922878	0.676301	-0.296357	-0.0829731	-0.656612	0.0199694	-0.749384	-0.15991	-0.659764	-0.0286856	-0.733701	-0.671728	-0.180082	0.685807	-0.214525	-0.429891	-0.583814	0.495209	-0.478668	-0.139762	-0.736896	0.183754	-0.635363	-0.395673	-0.616333	0.470847	-0.491812
-0.412178	-0.59793	0.39809	-0.560459	-0.409773	-0.5637	0.369232	-0.614814	-0.713184	-0.20637	0.589841	-0.317596	-0.662465	-0.0608035	0.679088	-0.310295	-0.0927691	-0.652965	0.0187277	-0.751452	-0.165405	-0.652738	-0.03819	-0.738319	-0.671839	-0.179703	0.685795	-0.214534	-0.429916	-0.583737	0.495214	-0.478734	-0.140063	-0.736517	0.183848	-0.635708	-0.395736	-0.616224	0.471283	-0.49148
-0.413115	-0.597134	0.398369	-0.560419	-0.411427	-0.562646	0.370271	-0.614049	-0.7176	-0.197508	0.585851	-0.320655	-0.6587	-0.0461755	0.679433	-0.319927	-0.0994482	-0.650311	0.0193787	-0.752881	-0.177786	-0.642016	-0.0478586	-0.744256	-0.67202	-0.179107	0.685853	-0.214277	-0.430242	-0.583385	0.495185	-0.478901	-0.140031	-0.736419	0.183698	-0.635873	-0.395568	-0.616324	0.471204	-0.491567
-0.414183	-0.596162	0.398437	-0.560616	-0.412797	-0.561186	0.371713	-0.613594	-0.723454	-0.181827	0.581557	-0.324569	-0.640619	0.0104538	0.67543	-0.365092	-0.12324	-0.636939	0.0144858	-0.760862	-0.196274	-0.623145	-0.0689515	-0.753932	-0.672089	-0.178824	0.68585	-0.214307	-0.430277	-0.583214	0.494958	-0.479312	-0.140793	-0.735902	0.183388	-0.636392	-0.395916	-0.616114	0.471664	-0.491108
-0.415211	-0.595425	0.399028	-0.560219	-0.41422	-0.559447	0.372895	-0.613506	-0.729412	-0.160862	0.576938	-0.330491	-0.620254	0.0599415	0.667024	-0.408377	-0.136145	-0.623326	-0.00119513	-0.770018	-0.224742	-0.596359	-0.101327	-0.763924	-0.672269	-0.177431	0.685907	-0.21472	-0.430312	-0.583066	0.494597	-0.479831	-0.141465	-0.735581	0.182728	-0.636804	-0.396177	-0.616023	0.471922	-0.490763
-0.416121	-0.59447	0.399003	-0.560576	-0.415154	-0.558134	0.373352	-0.613793	-0.734157	-0.135572	0.571499	-0.34062	-0.606975	0.0871703	0.660126	-0.433839	-0.142749	-0.616111	-0.0122133	-0.77452	-0.263098	-0.560603	-0.140507	-0.772504	-0.67248	-0.176522	0.685817	-0.215092	-0.430753	-0.582643	0.494366	-0.480189	-0.141843	-0.735413	0.182326	-0.637029	-0.396281	-0.615983	0.471988	-0.490666
-0.416692	-0.593961	0.399196	-0.560554	-0.416038	-0.55698	0.373654	-0.614059	-0.735113	-0.121925	0.568815	-0.348128	-0.573827	0.141265	0.64087	-0.489952	-0.160204	-0.600383	-0.0346815	-0.782734	-0.285666	-0.539508	-0.160993	-0.775505	-0.672628	-0.175814	0.68586	-0.215077	-0.430965	-0.582462	0.494241	-0.480347	-0.142555	-0.735074	0.181675	-0.637447	-0.396528	-0.615912	0.471932	-0.490609
-0.418193	-0.592685	0.39972	-0.560413	-0.417687	-0.554712	0.373615	-0.615015	-0.736483	-0.0891011	0.563425	-0.363601	-0.534044	0.195439	0.612946	-0.548541	-0.174678	-0.584995	-0.0664149	-0.789213	-0.334423	-0.492971	-0.202472	-0.777268	-0.673057	-0.174161	0.685958	-0.214767	-0.431519	-0.582008	0.494091	-0.480553	-0.143481	-0.734795	0.181614	-0.637578	-0.396722	-0.615917	0.47176	-0.490612
-0.418956	-0.592022	0.399938	-0.560388	-0.418717	-0.553477	0.37346	-0.615522	-0.736713	-0.0709142	0.55988	-0.372504	-0.512081	0.221586	0.595746	-0.57772	-0.183188	-0.5773	-0.0825937	-0.79142	-0.359191	-0.468158	-0.223999	-0.775651	-0.67327	-0.173403	0.685978	-0.214647	-0.431773	-0.581827	0.494018	-0.480619	-0.143997	-0.734655	0.181646	-0.637615	-0.396969	-0.61583	0.471923	-0.490365
-0.420917	-0.590382	0.400618	-0.560164	-0.421113	-0.550719	0.373626	-0.616259	-0.733988	-0.0376404	0.551115	-0.395117	-0.463793	0.27151	0.557214	-0.633001	-0.202607	-0.561067	-0.110971	-0.794884	-0.410094	-0.41512	-0.264037	-0.767974	-0.673792	-0.171625	0.686085	-0.214097	-0.432438	-0.581352	0.494187	-0.480423	-0.14527	-0.734428	0.182546	-0.637329	-0.39743	-0.615685	0.472235	-0.489874
-0.423114	-0.588607	0.401506	-0.55974	-0.423526	-0.547949	0.374255	-0.616694	-0.728959	-0.00169741	0.542239	-0.417843	-0.411779	0.315988	0.512552	-0.684018	-0.228895	-0.543157	-0.129239	-0.797424	-0.461198	-0.359388	-0.302034	-0.752936	-0.674367	-0.16954	0.686327	-0.213166	-0.433054	-0.580967	0.494468	-0.480045	-0.146467	-0.734305	0.183906	-0.636807	-0.397606	-0.615708	0.472346	-0.489595
-0.425497	-0.586793	0.402915	-0.558825	-0.426112	-0.544875	0.374925	-0.617228	-0.722887	0.0339141	0.532497	-0.439012	-0.356365	0.353934	0.464934	-0.729089	-0.253055	-0.523745	-0.1493	-0.799602	-0.511982	-0.302621	-0.333566	-0.731456	-0.675047	-0.167532	0.686561	-0.211848	-0.433914	-0.58042	0.494951	-0.479432	-0.147428	-0.734123	0.185421	-0.636356	-0.397881	-0.615688	0.472726	-0.489029
-0.426652	-0.585908	0.403664	-0.558332	-0.429147	-0.541659	0.375514	-0.617598	-0.716438	0.0683635	0.520211	-0.459808	-0.328823	0.369281	0.440483	-0.74932	-0.262781	-0.515067	-0.160682	-0.799896	-0.558799	-0.245232	-0.359295	-0.706054	-0.675742	-0.165528	0.686853	-0.210253	-0.43477	-0.579951	0.495349	-0.478813	-0.148098	-0.734008	0.186508	-0.636015	-0.398037	-0.615673	0.473025	-0.488632
-0.430069	-0.583309	0.406216	-0.556579	-0.432702	-0.538413	0.376489	-0.617362	-0.710534	0.100723	0.507539	-0.476866	-0.25269	0.404661	0.367638	-0.798273	-0.281862	-0.497751	-0.181879	-0.799823	-0.600782	-0.1919	-0.382798	-0.675056	-0.676491	-0.16367	0.687094	-0.208505	-0.435463	-0.57966	0.495611	-0.478264	-0.149378	-0.733869	0.188656	-0.635241	-0.398316	-0.615867	0.47394	-0.487272
-0.431377	-0.582299	0.407117	-0.555966	-0.434378	-0.536912	0.376984	-0.61719	-0.707292	0.115005	0.50101	-0.485284	-0.229631	0.413312	0.345829	-0.810459	-0.299065	-0.480976	-0.200253	-0.79945	-0.619359	-0.167443	-0.392335	-0.659113	-0.676834	-0.162777	0.687221	-0.20767	-0.435736	-0.57955	0.495743	-0.478011	-0.150616	-0.73375	0.19117	-0.634334	-0.39847	-0.615906	0.474266	-0.48678
-0.433506	-0.580709	0.408485	-0.554968	-0.439157	-0.53205	0.37907	-0.616741	-0.698963	0.156316	0.483229	-0.503493	-0.18761	0.42638	0.304653	-0.830776	-0.316803	-0.46574	-0.214767	-0.797871	-0.667471	-0.100117	-0.412108	-0.612067	-0.677376	-0.161527	0.687359	-0.206419	-0.436421	-0.579333	0.496087	-0.477292	-0.151601	-0.733698	0.193349	-0.633499	-0.398648	-0.616054	0.474867	-0.485859
-0.435145	-0.579597	0.409734	-0.553927	-0.440691	-0.530517	0.379655	-0.616608	-0.696168	0.167438	0.477469	-0.509253	-0.151123	0.433496	0.273768	-0.845159	-0.333744	-0.451324	-0.226203	-0.796086	-0.680503	-0.0803437	-0.41662	-0.597401	-0.677902	-0.16035	0.687522	-0.205062	-0.436633	-0.579291	0.496153	-0.477081	-0.152248	-0.733689	0.195057	-0.63283	-0.398786	-0.616177	0.475295	-0.485171
-0.437369	-0.578161	0.411605	-0.552285	-0.444558	-0.526519	0.381132	-0.616348	-0.689193	0.194536	0.462057	-0.523137	-0.106897	0.436833	0.23745	-0.861027	-0.353	-0.434855	-0.241779	-0.79236	-0.711395	-0.0280964	-0.427367	-0.557212	-0.678639	-0.158772	0.687704	-0.203234	-0.437483	-0.578935	0.496302	-0.476578	-0.153424	-0.733563	0.198066	-0.631757	-0.399467	-0.61599	0.476039	-0.484116
-0.438024	-0.577715	0.412222	-0.551773	-0.446901	-0.524373	0.382036	-0.615923	-0.686749	0.201516	0.457964	-0.527291	-0.0947276	0.436516	0.228807	-0.864944	-0.35787	-0.43073	-0.24688	-0.790855	-0.725971	-0.00196861	-0.435514	-0.53225	-0.678813	-0.158396	0.687762	-0.20275	-0.437913	-0.578814	0.496301	-0.476332	-0.154035	-0.733491	0.199262	-0.631315	-0.399664	-0.615937	0.476171	-0.483892
-0.439034	-0.576883	0.41339	-0.550967	-0.44777	-0.52363	0.382512	-0.615629	-0.681747	0.213904	0.451207	-0.534676	-0.0724202	0.435179	0.21384	-0.871577	-0.365423	-0.425232	-0.2566	-0.787274	-0.732587	0.00999577	-0.439466	-0.519698	-0.679158	-0.15745	0.687885	-0.201913	-0.438081	-0.578781	0.496311	-0.476207	-0.154496	-0.733578	0.2008	-0.630614	-0.39991	-0.615926	0.476164	-0.48371
-0.439397	-0.576629	0.414558	-0.550064	-0.44933	-0.522467	0.383594	-0.614807	-0.677017	0.223736	0.44579	-0.541167	-0.0520382	0.432486	0.203206	-0.876901	-0.368745	-0.420853	-0.265814	-0.785018	-0.745382	0.0337986	-0.445515	-0.494751	-0.679491	-0.156746	0.687873	-0.20138	-0.438341	-0.578732	0.496259	-0.476082	-0.154924	-0.73358	0.20168	-0.630225	-0.400285	-0.615819	0.476317	-0.483385
-0.439534	-0.576876	0.415572	-0.548929	-0.44987	-0.522239	0.384292	-0.614168	-0.672803	0.233161	0.442626	-0.545027	-0.031663	0.429686	0.195208	-0.881057	-0.369465	-0.416657	-0.272823	-0.784513	-0.758282	0.0559858	-0.449879	-0.468491	-0.679761	-0.15639	0.687785	-0.201042	-0.438551	-0.578705	0.496133	-0.476051	-0.155108	-0.733699	0.202224	-0.629868	-0.40058	-0.615708	0.476248	-0.483349
-0.439052	-0.577721	0.416482	-0.547736	-0.449995	-0.522131	0.384238	-0.614203	-0.668484	0.23927	0.441003	-0.548995	-0.013134	0.426318	0.190747	-0.884136	-0.36822	-0.411976	-0.278165	-0.785694	-0.769018	0.0757407	-0.451039	-0.446586	-0.679772	-0.156769	0.687593	-0.20137	-0.438506	-0.578858	0.495886	-0.476165	-0.15486	-0.733891	0.201917	-0.629803	-0.400462	-0.615827	0.475792	-0.483745
-0.439052	-0.577721	0.416482	-0.547736	-0.449995	-0.522131	0.384238	-0.614203	-0.668484	0.23927	0.441003	-0.548995	-0.013134	0.426318	0.190747	-0.884136	-0.36822	-0.411976	-0.278165	-0.785694	-0.769018	0.0757407	-0.451039	-0.446586	-0.679772	-0.156769	0.687593	-0.20137	-0.438506	-0.578858	0.495886	-0.476165	-0.15486	-0.733891	0.201917	-0.629803	-0.400462	-0.615827	0.475792	-0.483745
-0.438193	-0.57875	0.416906	-0.547015	-0.449245	-0.522276	0.383475	-0.615105	-0.663707	0.242667	0.442094	-0.552411	0.00183298	0.424438	0.189822	-0.885334	-0.368635	-0.409414	-0.279837	-0.786244	-0.775172	0.0865824	-0.449435	-0.435454	-0.679552	-0.157612	0.687344	-0.202299	-0.43801	-0.579345	0.49557	-0.476358	-0.154423	-0.734221	0.201078	-0.629794	-0.400436	-0.615954	0.475256	-0.484132
-0.437429	-0.579479	0.417017	-0.546769	-0.447467	-0.522842	0.383325	-0.616012	-0.659292	0.241879	0.445001	-0.5557	0.0104477	0.424222	0.190434	-0.885247	-0.368408	-0.408808	-0.280712	-0.786354	-0.775507	0.085032	-0.447559	-0.437092	-0.679116	-0.15881	0.687048	-0.203826	-0.437054	-0.580162	0.495088	-0.476742	-0.153866	-0.734541	0.199783	-0.62997	-0.400435	-0.616127	0.474748	-0.48441
-0.437026	-0.57979	0.416947	-0.546815	-0.446795	-0.523312	0.383624	-0.615915	-0.657506	0.240637	0.446263	-0.55734	0.0143599	0.423883	0.193863	-0.884609	-0.368697	-0.408655	-0.279346	-0.786785	-0.775507	0.085032	-0.447559	-0.437092	-0.678907	-0.159466	0.68684	-0.204711	-0.436776	-0.580391	0.494938	-0.476875	-0.153525	-0.734722	0.198345	-0.630296	-0.400706	-0.616098	0.474505	-0.484462
-0.436334	-0.580185	0.417098	-0.546834	-0.445705	-0.524214	0.384535	-0.615369	-0.655217	0.237359	0.448228	-0.55986	0.0162451	0.422618	0.195938	-0.884725	-0.366906	-0.408644	-0.277822	-0.788165	-0.773203	0.0801569	-0.445753	-0.443887	-0.678636	-0.159671	0.686607	-0.206228	-0.436461	-0.580617	0.495054	-0.476767	-0.153043	-0.734937	0.197255	-0.630505	-0.40101	-0.615981	0.47396	-0.484892
-0.435788	-0.580705	0.417588	-0.546343	-0.44484	-0.525385	0.385482	-0.614403	-0.65482	0.234323	0.448607	-0.561299	0.018078	0.420445	0.198329	-0.885192	-0.365571	-0.408618	-0.277128	-0.789043	-0.772639	0.0791764	-0.444706	-0.446091	-0.678724	-0.159097	0.686431	-0.206964	-0.435985	-0.580858	0.495264	-0.476691	-0.153135	-0.734947	0.196962	-0.630562	-0.401337	-0.615759	0.473861	-0.485
-0.434483	-0.581763	0.4184	-0.545635	-0.44441	-0.525949	0.385902	-0.613968	-0.654927	0.233567	0.448564	-0.561523	0.0182708	0.419835	0.198933	-0.885342	-0.363818	-0.408737	-0.275511	-0.790357	-0.772527	0.0782741	-0.444198	-0.446949	-0.678668	-0.158729	0.686495	-0.207217	-0.435652	-0.581076	0.495345	-0.476646	-0.153125	-0.734979	0.196272	-0.630742	-0.40207	-0.615268	0.473599	-0.485272
-0.432664	-0.583122	0.419182	-0.54503	-0.443519	-0.526896	0.386695	-0.613302	-0.65529	0.232295	0.448748	-0.56148	0.0190787	0.418378	0.200858	-0.88558	-0.363256	-0.40924	-0.274088	-0.79085	-0.772099	0.0757602	-0.44353	-0.448781	-0.678632	-0.158292	0.686329	-0.20822	-0.433594	-0.582337	0.49513	-0.477207	-0.152607	-0.734872	0.19463	-0.631501	-0.402529	-0.614919	0.473193	-0.485731
-0.430555	-0.584795	0.420132	-0.544175	-0.44254	-0.527719	0.387858	-0.612566	-0.654833	0.230629	0.449447	-0.56214	0.0202816	0.417498	0.202754	-0.885537	-0.363445	-0.409782	-0.272083	-0.791175	-0.772053	0.0745064	-0.443121	-0.449474	-0.677932	-0.158319	0.686596	-0.209595	-0.43244	-0.583081	0.495031	-0.477448	-0.151542	-0.734849	0.192328	-0.632489	-0.402856	-0.6145	0.472863	-0.48631
-0.430555	-0.584795	0.420132	-0.544175	-0.44254	-0.527719	0.387858	-0.612566	-0.654833	0.230629	0.449447	-0.56214	0.0202816	0.417498	0.202754	-0.885537	-0.363445	-0.409782	-0.272083	-0.791175	-0.772053	0.0745064	-0.443121	-0.449474	-0.677932	-0.158319	0.686596	-0.209595	-0.43244	-0.583081	0.495031	-0.477448	-0.151542	-0.734849	0.192328	-0.632489	-0.402856	-0.6145	0.472863	-0.48631
-0.428724	-0.58602	0.421524	-0.543225	-0.441101	-0.528748	0.388677	-0.612197	-0.653985	0.228651	0.450651	-0.562971	0.0224487	0.416503	0.204619	-0.885524	-0.363385	-0.410185	-0.269981	-0.791713	-0.772089	0.0726333	-0.442488	-0.45034	-0.676778	-0.157644	0.687403	-0.21118	-0.427661	-0.586138	0.494587	-0.478469	-0.15104	-0.734665	0.190452	-0.633389	-0.403248	-0.613864	0.473275	-0.486388
-0.427702	-0.586626	0.421881	-0.543099	-0.440355	-0.529206	0.388797	-0.612263	-0.653324	0.227143	0.451123	-0.563969	0.0235345	0.41572	0.206104	-0.885519	-0.363054	-0.410406	-0.26913	-0.79204	-0.77229	0.0714285	-0.44215	-0.45052	-0.67434	-0.158681	0.689049	-0.212829	-0.422391	-0.588866	0.491457	-0.483003	-0.150612	-0.734339	0.189069	-0.634283	-0.404385	-0.612802	0.474863	-0.485233
-0.427827	-0.587045	0.424543	-0.540468	-0.438824	-0.530143	0.387973	-0.613074	-0.651477	0.221933	0.452498	-0.56707	0.0268117	0.412836	0.210369	-0.885772	-0.360728	-0.410797	-0.267087	-0.793591	-0.773091	0.068272	-0.440177	-0.451568	-0.656879	-0.186111	0.688431	-0.244815	-0.377765	-0.619047	0.462003	-0.510517	-0.150589	-0.731359	0.186751	-0.638406	-0.406214	-0.60905	0.481593	-0.481784
-0.426133	-0.588833	0.425373	-0.539208	-0.43878	-0.530854	0.38749	-0.612794	-0.651128	0.219255	0.452996	-0.568115	0.0276502	0.411154	0.212797	-0.885949	-0.359007	-0.411475	-0.266894	-0.794084	-0.771492	0.0668672	-0.441029	-0.453677	-0.650364	-0.194277	0.690362	-0.250367	-0.339985	-0.642336	0.430319	-0.535388	-0.152085	-0.729085	0.186592	-0.640694	-0.404839	-0.608459	0.483171	-0.482109
-0.417738	-0.594307	0.422006	-0.542407	-0.437654	-0.533845	0.384376	-0.612963	-0.650814	0.214035	0.453045	-0.570421	0.0297301	0.407357	0.217385	-0.886521	-0.356878	-0.41259	-0.267139	-0.794383	-0.769608	0.0662195	-0.442401	-0.455631	-0.64097	-0.211967	0.688559	-0.26479	-0.342693	-0.638817	0.435	-0.534087	-0.148648	-0.727114	0.180261	-0.645535	-0.399815	-0.608542	0.483998	-0.485356
-0.414692	-0.5971	0.421001	-0.542458	-0.436304	-0.535814	0.38227	-0.613524	-0.650565	0.211764	0.452379	-0.572079	0.0312083	0.404787	0.218998	-0.88725	-0.351912	-0.415155	-0.268286	-0.794875	-0.767282	0.0660777	-0.443781	-0.458225	-0.644006	-0.206116	0.689897	-0.258485	-0.34707	-0.634717	0.441072	-0.531161	-0.143813	-0.726527	0.174388	-0.648895	-0.396852	-0.608654	0.483962	-0.487678
-0.411853	-0.600777	0.42082	-0.540698	-0.432039	-0.540574	0.37924	-0.614247	-0.648854	0.206103	0.451786	-0.57654	0.0348444	0.400302	0.222714	-0.888224	-0.344382	-0.417665	-0.270055	-0.796259	-0.761946	0.0657609	-0.446523	-0.464468	-0.645435	-0.195159	0.695618	-0.247876	-0.346276	-0.63199	0.444499	-0.532073	-0.137995	-0.722873	0.16583	-0.656439	-0.390339	-0.608891	0.483858	-0.492716
-0.398088	-0.607069	0.414957	-0.548456	-0.423558	-0.54848	0.373799	-0.616476	-0.643134	0.195255	0.454582	-0.584473	0.0439915	0.394702	0.231998	-0.887948	-0.334378	-0.418306	-0.272098	-0.799484	-0.75346	0.0670674	-0.447944	-0.476599	-0.637958	-0.198679	0.699689	-0.252926	-0.336033	-0.631598	0.446034	-0.537792	-0.137909	-0.718904	0.161796	-0.661801	-0.381077	-0.609308	0.484603	-0.498682
-0.390932	-0.610324	0.4116	-0.552505	-0.419571	-0.551394	0.371712	-0.617864	-0.640439	0.191172	0.455989	-0.587678	0.0491192	0.39251	0.235881	-0.887628	-0.323792	-0.417997	-0.273868	-0.803389	-0.750238	0.0677238	-0.44796	-0.481548	-0.636992	-0.199075	0.700387	-0.253117	-0.333083	-0.631654	0.446867	-0.538869	-0.136373	-0.715705	0.153064	-0.667637	-0.378004	-0.609958	0.485143	-0.499701
-0.376828	-0.616172	0.404668	-0.560872	-0.410106	-0.556292	0.367705	-0.62221	-0.632939	0.183044	0.459216	-0.595822	0.0613654	0.388153	0.243437	-0.886741	-0.312243	-0.416472	-0.276307	-0.807905	-0.743551	0.0693231	-0.447104	-0.492365	-0.633221	-0.204989	0.700753	-0.25682	-0.325966	-0.632518	0.446546	-0.542461	-0.132615	-0.711347	0.134811	-0.676923	-0.371292	-0.613615	0.488018	-0.497452
-0.359588	-0.622983	0.396173	-0.570644	-0.398042	-0.562197	0.36273	-0.627634	-0.622614	0.174525	0.462956	-0.606272	0.0770929	0.38341	0.251223	-0.885404	-0.300075	-0.413031	-0.278325	-0.813569	-0.73713	0.0728193	-0.444287	-0.503931	-0.627786	-0.215491	0.699876	-0.263858	-0.318415	-0.634484	0.444813	-0.546061	-0.132166	-0.701947	0.104454	-0.692021	-0.365747	-0.621274	0.493974	-0.486042
-0.339982	-0.63115	0.38543	-0.580952	-0.383681	-0.569031	0.356868	-0.633749	-0.610674	0.165367	0.46776	-0.617197	0.0946963	0.379024	0.259881	-0.883083	-0.28696	-0.40882	-0.279585	-0.819971	-0.730605	0.0770067	-0.44042	-0.516058	-0.623526	-0.226079	0.697118	-0.272269	-0.310956	-0.63716	0.443041	-0.548679	-0.140053	-0.68992	0.0668243	-0.707057	-0.354938	-0.640327	0.489064	-0.474147
-0.325043	-0.638242	0.377641	-0.58684	-0.368386	-0.575345	0.350364	-0.640714	-0.597003	0.15497	0.473721	-0.628617	0.103918	0.376939	0.264626	-0.881527	-0.27992	-0.406472	-0.28037	-0.823297	-0.722849	0.0812844	-0.43623	-0.529704	-0.621588	-0.232942	0.695018	-0.276254	-0.306966	-0.638414	0.44341	-0.549169	-0.144094	-0.682107	0.0492776	-0.71522	-0.328317	-0.673426	0.451633	-0.484492
-0.310763	-0.643242	0.367783	-0.595317	-0.353182	-0.580961	0.343033	-0.648133	-0.582397	0.14383	0.480276	-0.639892	0.133292	0.370468	0.280768	-0.875303	-0.256443	-0.397236	-0.284873	-0.833839	-0.714104	0.0864533	-0.431119	-0.544719	-0.620653	-0.239522	0.692978	-0.277849	-0.304267	-0.639776	0.443066	-0.549364	-0.114143	-0.669313	-0.037131	-0.733221	-0.302831	-0.695568	0.400194	-0.514125
-0.296596	-0.647785	0.356019	-0.604695	-0.338372	-0.586641	0.334201	-0.65549	-0.567211	0.133002	0.485692	-0.651679	0.153083	0.365776	0.290218	-0.870946	-0.24041	-0.389089	-0.289825	-0.840722	-0.704217	0.0937657	-0.425629	-0.56047	-0.61632	-0.253118	0.689199	-0.284756	-0.302561	-0.640744	0.442328	-0.549772	-0.103532	-0.658064	-0.0719756	-0.742329	-0.29463	-0.696279	0.358542	-0.547573
-0.285228	-0.652064	0.344832	-0.612003	-0.324298	-0.592186	0.324372	-0.662517	-0.55206	0.123216	0.489747	-0.663472	0.162913	0.363298	0.294524	-0.868752	-0.232355	-0.38458	-0.292877	-0.843998	-0.693598	0.103005	-0.42045	-0.575789	-0.611858	-0.266555	0.684936	-0.292301	-0.294786	-0.646335	0.437431	-0.551368	-0.106111	-0.652597	-0.0772879	-0.746247	-0.292685	-0.684093	0.328385	-0.581821
-0.277133	-0.655069	0.334464	-0.618236	-0.311564	-0.597025	0.313907	-0.669291	-0.544703	0.118484	0.491451	-0.669131	0.191096	0.355636	0.305332	-0.862425	-0.216214	-0.37556	-0.299692	-0.849936	-0.682484	0.113708	-0.41642	-0.589814	-0.607866	-0.277989	0.68194	-0.296949	-0.290748	-0.649761	0.435363	-0.551122	-0.116117	-0.639437	-0.0819867	-0.755589	-0.288826	-0.666284	0.303006	-0.617116
-0.271324	-0.656087	0.324864	-0.624817	-0.300672	-0.601302	0.303367	-0.675278	-0.524651	0.10507	0.495535	-0.684212	0.20721	0.350481	0.312157	-0.858362	-0.191512	-0.36338	-0.31247	-0.856528	-0.670922	0.124948	-0.413749	-0.602548	-0.605529	-0.287302	0.678832	-0.299966	-0.288426	-0.653171	0.434611	-0.5489	-0.11996	-0.623069	-0.09396	-0.767181	-0.281684	-0.647693	0.280018	-0.650183
-0.26635	-0.655862	0.314833	-0.632284	-0.291237	-0.60544	0.293156	-0.680208	-0.513386	0.0968177	0.49702	-0.692844	0.214538	0.347654	0.315289	-0.856565	-0.183453	-0.359615	-0.317098	-0.858179	-0.659148	0.136225	-0.41199	-0.614192	-0.604585	-0.291718	0.677495	-0.30063	-0.287399	-0.656792	0.434639	-0.545082	-0.117519	-0.616826	-0.102422	-0.771508	-0.276689	-0.639115	0.269062	-0.665268
-0.264158	-0.655361	0.309611	-0.636289	-0.286978	-0.607365	0.288084	-0.682466	-0.508163	0.0927848	0.497495	-0.696893	0.228767	0.341494	0.321152	-0.853176	-0.168001	-0.352551	-0.326248	-0.86084	-0.653229	0.141679	-0.411114	-0.619843	-0.603338	-0.300947	0.674041	-0.301798	-0.286638	-0.659308	0.434157	-0.542825	-0.115298	-0.606826	-0.116549	-0.777744	-0.270454	-0.622174	0.254277	-0.689273
-0.261771	-0.653481	0.29932	-0.644085	-0.278836	-0.610552	0.277777	-0.687253	-0.497729	0.0848728	0.498183	-0.704894	0.235394	0.338335	0.323999	-0.851554	-0.160649	-0.349186	-0.330655	-0.861933	-0.641589	0.151838	-0.409214	-0.630756	-0.601514	-0.311934	0.669456	-0.30448	-0.285257	-0.665111	0.434494	-0.536163	-0.115343	-0.602164	-0.121358	-0.78062	-0.268115	-0.61501	0.248433	-0.698684
-0.259974	-0.652453	0.29363	-0.64846	-0.274529	-0.612052	0.272273	-0.68985	-0.492272	0.0812033	0.49835	-0.709029	0.249277	0.332159	0.329263	-0.848008	-0.153546	-0.345746	-0.335015	-0.86293	-0.635965	0.157096	-0.40789	-0.636	-0.601033	-0.317102	0.666909	-0.305678	-0.283818	-0.668898	0.434143	-0.532487	-0.114793	-0.598802	-0.123563	-0.782937	-0.259463	-0.603623	0.231781	-0.717353
-0.257562	-0.651593	0.287023	-0.653227	-0.270197	-0.613459	0.266465	-0.692574	-0.486299	0.0776871	0.498702	-0.713284	0.256807	0.329223	0.331579	-0.846001	-0.139488	-0.33828	-0.343218	-0.86505	-0.63038	0.162485	-0.406343	-0.641175	-0.600377	-0.322998	0.663773	-0.307612	-0.282199	-0.673092	0.433788	-0.528336	-0.112697	-0.594752	-0.128029	-0.785607	-0.255805	-0.598459	0.223851	-0.725467
-0.253135	-0.649827	0.27262	-0.662817	-0.260114	-0.616435	0.254427	-0.698295	-0.472467	0.0703722	0.500442	-0.722067	0.273464	0.324226	0.336487	-0.840756	-0.124577	-0.33034	-0.351742	-0.866968	-0.618373	0.173731	-0.403374	-0.651707	-0.59986	-0.334101	0.656902	-0.311486	-0.279139	-0.682374	0.4336	-0.51811	-0.105523	-0.593837	-0.137155	-0.785755	-0.247457	-0.591014	0.205741	-0.739688
-0.251086	-0.64938	0.265033	-0.667097	-0.254234	-0.61785	0.248347	-0.701391	-0.464716	0.0665289	0.501765	-0.726529	0.282367	0.32209	0.338993	-0.837622	-0.116786	-0.326176	-0.356231	-0.867796	-0.611981	0.179383	-0.401728	-0.657203	-0.599796	-0.339911	0.652788	-0.313963	-0.277021	-0.687841	0.433279	-0.512253	-0.100182	-0.594468	-0.142171	-0.785085	-0.24304	-0.588608	0.195647	-0.745785
-0.251086	-0.64938	0.265033	-0.667097	-0.247955	-0.619275	0.242082	-0.704566	-0.456571	0.0623535	0.503272	-0.731008	0.282367	0.32209	0.338993	-0.837622	-0.116786	-0.326176	-0.356231	-0.867796	-0.605621	0.185099	-0.39983	-0.662645	-0.599796	-0.339911	0.652788	-0.313963	-0.274941	-0.693678	0.432967	-0.505725	-0.100182	-0.594468	-0.142171	-0.785085	-0.24304	-0.588608	0.195647	-0.745785
-0.246437	-0.649792	0.249867	-0.674244	-0.241538	-0.620767	0.235689	-0.707643	-0.448056	0.0577781	0.50477	-0.735605	0.300683	0.317834	0.345014	-0.830384	-0.0995396	-0.317038	-0.364814	-0.869764	-0.599062	0.191126	-0.397751	-0.668124	-0.60032	-0.351283	0.643966	-0.318628	-0.273589	-0.699494	0.433204	-0.498188	-0.0917712	-0.601086	-0.147633	-0.78005	-0.239611	-0.585323	0.182978	-0.752664
-0.242273	-0.652868	0.23743	-0.67727	-0.228246	-0.623025	0.222757	-0.714229	-0.43062	0.0485325	0.507855	-0.74451	0.319146	0.313133	0.35136	-0.822581	-0.0809444	-0.306595	-0.374071	-0.871504	-0.58472	0.20454	-0.393276	-0.679411	-0.602225	-0.363056	0.63314	-0.323494	-0.270077	-0.713041	0.432554	-0.481173	-0.0855946	-0.614424	-0.149158	-0.770006	-0.244764	-0.586517	0.185503	-0.749451
-0.240998	-0.654784	0.232421	-0.677612	-0.22157	-0.623076	0.216355	-0.718244	-0.421635	0.0444211	0.508674	-0.749334	0.328153	0.310721	0.353699	-0.818942	-0.0717452	-0.30022	-0.379896	-0.872009	-0.577246	0.211711	-0.39076	-0.685035	-0.605297	-0.367757	0.626843	-0.324713	-0.269871	-0.720046	0.433771	-0.469624	-0.0791457	-0.624061	-0.151851	-0.762381	-0.253134	-0.588828	0.196627	-0.741986
-0.238868	-0.660231	0.230834	-0.673612	-0.208296	-0.622712	0.20477	-0.725887	-0.404491	0.0396842	0.511219	-0.757277	0.345791	0.307865	0.356322	-0.811592	-0.0535331	-0.288246	-0.391318	-0.872307	-0.563553	0.224871	-0.386104	-0.694813	-0.613836	-0.370596	0.612334	-0.333033	-0.266305	-0.73746	0.440695	-0.437061	-0.0579176	-0.64497	-0.162962	-0.74438	-0.270968	-0.58588	0.215475	-0.732729
-0.229581	-0.66766	0.231979	-0.66911	-0.201269	-0.624536	0.201397	-0.727245	-0.3976	0.0310597	0.515088	-0.758706	0.353316	0.304157	0.363987	-0.806331	-0.0432126	-0.286998	-0.393875	-0.87214	-0.553874	0.227836	-0.386637	-0.701303	-0.614015	-0.372852	0.605343	-0.342823	-0.262317	-0.746474	0.444864	-0.419599	-0.0626429	-0.637498	-0.173179	-0.748118	-0.282103	-0.594895	0.227805	-0.717373
-0.205029	-0.672105	0.209913	-0.679834	-0.173995	-0.637089	0.178246	-0.729432	-0.372749	-0.0117706	0.522326	-0.766874	0.376091	0.281276	0.399328	-0.787386	-0.0241496	-0.285819	-0.398327	-0.87124	-0.517754	0.229231	-0.389302	-0.726518	-0.608792	-0.396075	0.585025	-0.360892	-0.251002	-0.768517	0.433483	-0.398086	-0.0424201	-0.641002	-0.20419	-0.738663	-0.272115	-0.631542	0.218226	-0.692449
-0.198733	-0.67592	0.20451	-0.679568	-0.158408	-0.638832	0.166603	-0.734196	-0.359226	-0.0274903	0.520822	-0.773916	0.3827	0.274306	0.405671	-0.783408	-0.0014575	-0.28245	-0.404306	-0.869918	-0.501761	0.230999	-0.386932	-0.738349	-0.607463	-0.403679	0.579402	-0.363765	-0.2449	-0.778138	0.422574	-0.394914	-0.0399362	-0.643224	-0.202585	-0.737311	-0.270098	-0.636566	0.215096	-0.689612
-0.193958	-0.684679	0.201111	-0.673163	-0.153063	-0.6406	0.161948	-0.734831	-0.353477	-0.0325937	0.518579	-0.777861	0.394849	0.262812	0.410292	-0.7789	0.0173927	-0.275068	-0.405289	-0.871651	-0.496486	0.234518	-0.382701	-0.742996	-0.607071	-0.413781	0.571493	-0.365576	-0.244745	-0.780545	0.418878	-0.394196	-0.0355083	-0.652899	-0.189525	-0.73249	-0.265128	-0.641989	0.209806	-0.688141
-0.191454	-0.688179	0.198112	-0.671198	-0.144679	-0.646763	0.151062	-0.733448	-0.348519	-0.0366602	0.516036	-0.7816	0.399986	0.258265	0.410828	-0.777516	0.0243495	-0.270263	-0.406629	-0.872363	-0.486259	0.241333	-0.375936	-0.750988	-0.606692	-0.418999	0.568777	-0.364496	-0.243974	-0.783555	0.411919	-0.396031	-0.0317979	-0.649153	-0.20255	-0.732504	-0.262112	-0.643619	0.207299	-0.688534
-0.184081	-0.694429	0.191888	-0.668627	-0.142021	-0.649214	0.147267	-0.732573	-0.341794	-0.0438981	0.511974	-0.78685	0.40662	0.250267	0.412689	-0.775702	0.0336855	-0.264357	-0.40828	-0.873091	-0.480811	0.243752	-0.374399	-0.754474	-0.60667	-0.426304	0.565404	-0.361296	-0.245856	-0.782882	0.409748	-0.398444	-0.0321008	-0.655604	-0.190605	-0.729947	-0.259197	-0.644812	0.206631	-0.688722
-0.17839	-0.702619	0.1884	-0.662578	-0.139077	-0.653614	0.140755	-0.730503	-0.336799	-0.0543744	0.508456	-0.790622	0.411239	0.241046	0.417784	-0.773457	0.0447992	-0.261614	-0.41238	-0.87149	-0.468462	0.247612	-0.37442	-0.760947	-0.606994	-0.431835	0.564862	-0.354977	-0.244541	-0.782312	0.407714	-0.402439	-0.0336277	-0.655223	-0.186709	-0.731226	-0.255052	-0.645074	0.206959	-0.689924
-0.176406	-0.704298	0.186407	-0.661889	-0.139306	-0.656222	0.138013	-0.728642	-0.336679	-0.0581347	0.505931	-0.792023	0.412787	0.236083	0.419291	-0.773348	0.0501389	-0.263933	-0.414067	-0.869698	-0.464354	0.247855	-0.377091	-0.762067	-0.606793	-0.433619	0.56528	-0.352471	-0.244501	-0.780879	0.408295	-0.404651	-0.0357282	-0.654213	-0.181617	-0.73331	-0.254445	-0.644809	0.209918	-0.689502
-0.174843	-0.705702	0.184969	-0.661211	-0.141386	-0.656641	0.136373	-0.728172	-0.336699	-0.0580558	0.50337	-0.793651	0.413663	0.23353	0.417691	-0.77452	0.0527525	-0.267524	-0.415534	-0.867744	-0.461882	0.245319	-0.38268	-0.761603	-0.60677	-0.434677	0.56613	-0.349832	-0.245334	-0.77919	0.40918	-0.406505	-0.0385275	-0.655314	-0.176883	-0.733342	-0.258349	-0.642157	0.217837	-0.688067
-0.173509	-0.705242	0.184	-0.662323	-0.142228	-0.656479	0.136657	-0.728101	-0.335904	-0.0564817	0.502022	-0.794954	0.415306	0.232937	0.415045	-0.775241	0.0528329	-0.270945	-0.416352	-0.866284	-0.461928	0.24457	-0.384077	-0.761113	-0.605317	-0.436549	0.566804	-0.348928	-0.245643	-0.77861	0.409665	-0.406941	-0.0445995	-0.655819	-0.17017	-0.734135	-0.263144	-0.638546	0.227549	-0.686466
-0.17201	-0.704017	0.183498	-0.664154	-0.143082	-0.65638	0.137625	-0.727841	-0.334309	-0.0540848	0.501492	-0.796127	0.417449	0.233709	0.412111	-0.775423	0.0504405	-0.273011	-0.415414	-0.866228	-0.46347	0.243272	-0.385285	-0.75998	-0.603161	-0.438461	0.567871	-0.348528	-0.244995	-0.778099	0.409772	-0.408199	-0.04807	-0.65525	-0.167892	-0.734948	-0.265396	-0.636123	0.233097	-0.685987
-0.170882	-0.703333	0.183215	-0.665248	-0.143416	-0.655967	0.138514	-0.727978	-0.333214	-0.0532179	0.501492	-0.796644	0.418379	0.234286	0.410941	-0.775369	0.0487825	-0.273431	-0.4149	-0.866437	-0.46347	0.243272	-0.385285	-0.75998	-0.601765	-0.439331	0.568507	-0.348807	-0.244995	-0.778099	0.409772	-0.408199	-0.048323	-0.656573	-0.167849	-0.73376	-0.266584	-0.635009	0.235563	-0.685716
-0.169413	-0.701657	0.183733	-0.667247	-0.143442	-0.655116	0.140783	-0.728304	-0.331306	-0.0518141	0.502086	-0.797158	0.420119	0.2355	0.409802	-0.774662	0.0461751	-0.273277	-0.41348	-0.867307	-0.467292	0.242269	-0.384439	-0.758387	-0.599685	-0.440484	0.569408	-0.349466	-0.240975	-0.7786	0.40946	-0.409946	-0.0496006	-0.657832	-0.167334	-0.732664	-0.268182	-0.633529	0.239031	-0.685262
-0.169174	-0.698987	0.18519	-0.669703	-0.142971	-0.653918	0.142997	-0.729042	-0.33017	-0.0512916	0.503502	-0.79677	0.421039	0.236772	0.409805	-0.773773	0.0441199	-0.272274	-0.411979	-0.868443	-0.47006	0.241829	-0.382868	-0.757611	-0.598331	-0.441521	0.57008	-0.349383	-0.239127	-0.779326	0.408434	-0.410671	-0.050321	-0.657699	-0.165441	-0.733164	-0.269664	-0.632604	0.241906	-0.684525
-0.168625	-0.695776	0.185947	-0.672967	-0.142077	-0.653013	0.144642	-0.729703	-0.329871	-0.0512766	0.505327	-0.795739	0.42106	0.238261	0.410821	-0.772765	0.0434979	-0.271653	-0.41136	-0.868962	-0.472129	0.241312	-0.3811	-0.757381	-0.597069	-0.443032	0.570267	-0.349322	-0.238419	-0.77949	0.407734	-0.411466	-0.0517048	-0.658276	-0.163957	-0.732883	-0.271017	-0.632044	0.24435	-0.68364
-0.168169	-0.694879	0.186158	-0.67395	-0.141602	-0.652518	0.14545	-0.730078	-0.32984	-0.0512374	0.506145	-0.795234	0.42088	0.238833	0.41137	-0.772395	0.0430502	-0.27085	-0.409694	-0.870022	-0.472811	0.240723	-0.380319	-0.757535	-0.596874	-0.443232	0.570367	-0.34924	-0.237335	-0.77993	0.406961	-0.412025	-0.0516045	-0.658489	-0.163553	-0.732788	-0.271106	-0.631938	0.244561	-0.683627
-0.167018	-0.693515	0.18668	-0.675494	-0.140391	-0.650638	0.147796	-0.731517	-0.330202	-0.050407	0.507976	-0.793969	0.420392	0.240566	0.412109	-0.771728	0.0426586	-0.269796	-0.407574	-0.871363	-0.47428	0.238371	-0.378306	-0.758368	-0.59542	-0.44505	0.569942	-0.350102	-0.236221	-0.780621	0.4057	-0.412598	-0.050544	-0.659079	-0.163318	-0.732385	-0.270939	-0.631296	0.243994	-0.684489
-0.164829	-0.693137	0.185309	-0.676797	-0.139247	-0.650239	0.148359	-0.731977	-0.329556	-0.0489228	0.509173	-0.793563	0.42077	0.242562	0.411496	-0.771225	0.0424747	-0.269495	-0.40675	-0.87185	-0.475253	0.237376	-0.376779	-0.758831	-0.593671	-0.447648	0.568888	-0.351472	-0.234605	-0.7817	0.403667	-0.413472	-0.050544	-0.659079	-0.163318	-0.732385	-0.271618	-0.630503	0.244212	-0.684872
-0.163829	-0.693205	0.184718	-0.677131	-0.138704	-0.649903	0.148741	-0.7323	-0.328893	-0.0482576	0.509846	-0.793447	0.421203	0.243731	0.411131	-0.770814	0.0421646	-0.268746	-0.405506	-0.872676	-0.475554	0.237165	-0.376111	-0.75904	-0.593295	-0.448324	0.568483	-0.351901	-0.23432	-0.782089	0.402987	-0.41356	-0.0481397	-0.661162	-0.164076	-0.730497	-0.271902	-0.630159	0.244122	-0.685108
-0.162557	-0.693884	0.18457	-0.676782	-0.137959	-0.64918	0.14965	-0.732896	-0.327275	-0.047445	0.511161	-0.793318	0.422321	0.245589	0.410876	-0.769748	0.0422065	-0.267752	-0.405198	-0.873122	-0.47595	0.237674	-0.375036	-0.759165	-0.592551	-0.449087	0.567957	-0.353027	-0.233154	-0.782922	0.401652	-0.413943	-0.0481397	-0.661162	-0.164076	-0.730497	-0.271039	-0.630093	0.242109	-0.686225
-0.162364	-0.69382	0.184431	-0.676932	-0.137656	-0.648027	0.150559	-0.733787	-0.325433	-0.0458663	0.512711	-0.793169	0.423819	0.247701	0.410059	-0.768683	0.0420341	-0.266411	-0.405249	-0.873517	-0.476325	0.239128	-0.373459	-0.75925	-0.592235	-0.449981	0.567294	-0.353486	-0.231849	-0.783767	0.399364	-0.415288	-0.0433604	-0.662997	-0.165316	-0.728852	-0.267723	-0.631166	0.236466	-0.688504
-0.16283	-0.693929	0.184557	-0.676673	-0.137904	-0.647373	0.150921	-0.734244	-0.325378	-0.0451939	0.513114	-0.79297	0.423943	0.248292	0.409781	-0.768572	0.0418369	-0.265266	-0.405299	-0.873851	-0.476554	0.239211	-0.373036	-0.759288	-0.592449	-0.449922	0.566954	-0.353749	-0.231351	-0.784147	0.398592	-0.415589	-0.0422837	-0.664071	-0.16509	-0.727988	-0.26662	-0.631618	0.234832	-0.689077
-0.164896	-0.693819	0.185403	-0.676055	-0.138824	-0.646473	0.151774	-0.734687	-0.325857	-0.0437149	0.513661	-0.792502	0.423559	0.24962	0.409041	-0.768748	0.0410123	-0.264478	-0.404921	-0.874304	-0.477277	0.239151	-0.372276	-0.759226	-0.592775	-0.449042	0.567114	-0.354064	-0.229593	-0.785141	0.397188	-0.416031	-0.0414962	-0.664599	-0.163847	-0.727833	-0.26289	-0.633464	0.230048	-0.690428
-0.167292	-0.693246	0.186212	-0.675832	-0.142049	-0.644971	0.152681	-0.735202	-0.328106	-0.0405898	0.51353	-0.791824	0.422302	0.251054	0.407676	-0.769697	0.0393326	-0.263675	-0.405226	-0.874483	-0.47931	0.240168	-0.371996	-0.75776	-0.593243	-0.447476	0.567801	-0.354161	-0.229552	-0.785127	0.397739	-0.415555	-0.040792	-0.665012	-0.164119	-0.727434	-0.260672	-0.635638	0.227366	-0.690158
-0.168039	-0.693023	0.186618	-0.675763	-0.143256	-0.644445	0.152952	-0.735373	-0.328995	-0.039394	0.51318	-0.791742	0.420984	0.252051	0.405907	-0.771027	0.0372083	-0.263736	-0.406047	-0.874177	-0.479871	0.240801	-0.372414	-0.756999	-0.59356	-0.446958	0.568031	-0.353915	-0.229016	-0.785388	0.397426	-0.415656	-0.0415929	-0.665638	-0.163032	-0.727061	-0.259556	-0.636586	0.226163	-0.690101
-0.169261	-0.693115	0.187245	-0.67519	-0.14578	-0.643369	0.153061	-0.735797	-0.330544	-0.0371291	0.5123	-0.791777	0.419928	0.252528	0.403949	-0.772473	0.0348234	-0.264096	-0.4075	-0.87349	-0.481123	0.24234	-0.373611	-0.75512	-0.594153	-0.446263	0.56824	-0.353462	-0.228629	-0.785682	0.396918	-0.4158	-0.0428332	-0.665162	-0.161997	-0.727655	-0.256931	-0.638862	0.223191	-0.689948
-0.169948	-0.693277	0.187406	-0.674806	-0.147544	-0.642777	0.15261	-0.736057	-0.331554	-0.0352448	0.511487	-0.791966	0.419329	0.252943	0.402208	-0.773571	0.0337071	-0.264545	-0.40812	-0.873108	-0.482036	0.243165	-0.37495	-0.753608	-0.594944	-0.445721	0.568267	-0.352772	-0.229326	-0.785538	0.396897	-0.415708	-0.0439599	-0.66499	-0.162193	-0.727701	-0.258422	-0.63995	0.225262	-0.687706
-0.171084	-0.693502	0.187974	-0.67413	-0.148857	-0.642423	0.152725	-0.736077	-0.331882	-0.0340063	0.510995	-0.792201	0.419126	0.253244	0.40092	-0.774251	0.0317529	-0.265686	-0.408908	-0.872466	-0.482684	0.243169	-0.375636	-0.75285	-0.596012	-0.444516	0.568374	-0.352317	-0.230617	-0.785294	0.397565	-0.414816	-0.0444595	-0.665428	-0.161712	-0.727377	-0.260156	-0.64052	0.22754	-0.685768
-0.172227	-0.693818	0.188749	-0.673297	-0.149868	-0.642084	0.152751	-0.736162	-0.332107	-0.0331368	0.51102	-0.792127	0.418749	0.254017	0.400303	-0.774521	0.0312775	-0.265521	-0.409272	-0.872363	-0.482939	0.243158	-0.375848	-0.752584	-0.597109	-0.443672	0.568361	-0.351542	-0.232037	-0.784856	0.398194	-0.414249	-0.047213	-0.664051	-0.16067	-0.728693	-0.260492	-0.641722	0.227934	-0.684385
-0.172692	-0.694231	0.189066	-0.672663	-0.150459	-0.642332	0.152919	-0.73579	-0.332256	-0.0329919	0.511344	-0.791862	0.418609	0.254569	0.400408	-0.774361	0.0315177	-0.265609	-0.409321	-0.872304	-0.482705	0.243479	-0.376005	-0.752552	-0.597679	-0.443433	0.568448	-0.350734	-0.232866	-0.784496	0.398144	-0.414513	-0.0481054	-0.664692	-0.159958	-0.728206	-0.261383	-0.642262	0.228861	-0.683229
-0.173261	-0.694793	0.189662	-0.671768	-0.150698	-0.642786	0.153553	-0.735212	-0.332902	-0.0335072	0.511813	-0.791266	0.418217	0.254835	0.401075	-0.77414	0.0321976	-0.266236	-0.409253	-0.87212	-0.482168	0.243165	-0.376443	-0.752779	-0.598366	-0.442677	0.568542	-0.350364	-0.233489	-0.784132	0.398341	-0.414662	-0.0490915	-0.66447	-0.158986	-0.728556	-0.261412	-0.642448	0.228612	-0.683126
-0.173725	-0.694994	0.189804	-0.6714	-0.150971	-0.6435	0.154118	-0.734414	-0.333769	-0.0342982	0.512195	-0.790619	0.416625	0.25523	0.40213	-0.774321	0.0324811	-0.266873	-0.408587	-0.872227	-0.481891	0.242287	-0.376591	-0.753165	-0.59887	-0.442275	0.568417	-0.350214	-0.233639	-0.784026	0.398088	-0.41502	-0.0500692	-0.66398	-0.159024	-0.728928	-0.260507	-0.643059	0.227355	-0.683316
