FULLBODY	1																																						
Frames:	153																																						
-0.423381	-0.595382	0.394839	-0.55711	-0.395512	-0.572807	0.398492	-0.597216	-0.709313	-0.195695	0.593217	-0.326606	-0.666231	-0.0998445	0.673284	-0.304722	-0.0706148	-0.652054	-0.0175695	-0.754672	-0.158659	-0.65013	-0.0355589	-0.742222	-0.673881	-0.181314	0.681825	-0.219373	-0.426944	-0.592237	0.476779	-0.489547	-0.131037	-0.750095	0.190632	-0.619553	-0.378773	-0.63025	0.451543	-0.505396
-0.421379	-0.599343	0.397598	-0.552398	-0.39281	-0.575872	0.396957	-0.597074	-0.707692	-0.202026	0.594427	-0.324059	-0.665217	-0.104636	0.674899	-0.301744	-0.0623783	-0.654137	-0.0112693	-0.753715	-0.155279	-0.657634	-0.0248855	-0.736741	-0.68058	-0.175911	0.678597	-0.213008	-0.429314	-0.591532	0.477622	-0.487501	-0.127931	-0.750493	0.191676	-0.619398	-0.377237	-0.631517	0.450608	-0.505798
-0.420989	-0.599584	0.397431	-0.552554	-0.392568	-0.576068	0.397035	-0.596992	-0.707515	-0.2022	0.594587	-0.324043	-0.664865	-0.104942	0.675158	-0.301833	-0.061401	-0.654383	-0.0110417	-0.753586	-0.154628	-0.65778	-0.0248559	-0.736748	-0.680415	-0.176439	0.678569	-0.213189	-0.429296	-0.591563	0.477572	-0.487527	-0.127729	-0.750524	0.191692	-0.619397	-0.377115	-0.631601	0.450501	-0.505878
-0.420543	-0.599884	0.397523	-0.552502	-0.39215	-0.576434	0.397312	-0.596729	-0.707141	-0.202905	0.594684	-0.32424	-0.664439	-0.105458	0.675437	-0.301968	-0.0605908	-0.654597	-0.0105836	-0.753471	-0.153913	-0.658107	-0.0246252	-0.736613	-0.680367	-0.176738	0.678515	-0.213265	-0.429295	-0.591597	0.477469	-0.487588	-0.127704	-0.750388	0.191606	-0.619594	-0.37711	-0.631655	0.450578	-0.505747
-0.420298	-0.599957	0.397813	-0.5524	-0.391431	-0.577271	0.398061	-0.595892	-0.706898	-0.203751	0.594699	-0.324213	-0.664227	-0.105958	0.675524	-0.302066	-0.0600866	-0.654775	-0.0102772	-0.753362	-0.153816	-0.657913	-0.0243534	-0.736816	-0.680321	-0.177033	0.67846	-0.213341	-0.429227	-0.591617	0.477411	-0.487681	-0.12752	-0.750312	0.1915	-0.619757	-0.376931	-0.631748	0.450503	-0.505831
-0.420261	-0.599892	0.397867	-0.55246	-0.391253	-0.577521	0.398338	-0.595582	-0.706809	-0.204088	0.594637	-0.324307	-0.6642	-0.106423	0.675451	-0.302123	-0.0602657	-0.654793	-0.0100169	-0.753336	-0.153923	-0.657718	-0.0243774	-0.736967	-0.680216	-0.177324	0.678427	-0.213541	-0.429074	-0.591705	0.477356	-0.487762	-0.12711	-0.750267	0.191139	-0.620006	-0.376641	-0.631924	0.450378	-0.505937
-0.420182	-0.599916	0.3979	-0.552471	-0.391214	-0.577702	0.398837	-0.595098	-0.70678	-0.204302	0.594565	-0.324369	-0.664231	-0.106596	0.675396	-0.302118	-0.0606046	-0.65475	-0.00989252	-0.753347	-0.154398	-0.657038	-0.0246273	-0.737466	-0.680162	-0.177422	0.67841	-0.213685	-0.429022	-0.591644	0.477607	-0.487636	-0.127104	-0.750165	0.191021	-0.620167	-0.376545	-0.632026	0.450393	-0.505869
-0.420647	-0.599385	0.398564	-0.552215	-0.39169	-0.577488	0.399636	-0.594456	-0.706283	-0.205366	0.594235	-0.325383	-0.664326	-0.106178	0.676349	-0.299915	-0.0622822	-0.654682	-0.0102477	-0.753265	-0.155038	-0.656306	-0.0253767	-0.737958	-0.680233	-0.177025	0.678374	-0.213899	-0.428954	-0.591591	0.47789	-0.487482	-0.127153	-0.749968	0.190849	-0.620449	-0.376449	-0.63216	0.450738	-0.505465
-0.421242	-0.59887	0.399085	-0.551942	-0.392709	-0.576241	0.400775	-0.594227	-0.70693	-0.203949	0.594397	-0.324572	-0.665195	-0.0981484	0.676987	-0.299286	-0.0658022	-0.653788	-0.00955688	-0.75375	-0.157828	-0.654999	-0.0241523	-0.738569	-0.68043	-0.176034	0.678595	-0.21339	-0.428854	-0.59154	0.478155	-0.487373	-0.127524	-0.749809	0.190999	-0.620519	-0.376599	-0.632174	0.451122	-0.504993
-0.421646	-0.598529	0.399284	-0.55186	-0.39463	-0.574391	0.402106	-0.593845	-0.70838	-0.200558	0.594407	-0.323504	-0.665471	-0.0910285	0.677607	-0.299517	-0.068227	-0.653092	-0.00876197	-0.754148	-0.162908	-0.65275	-0.0216791	-0.739533	-0.68052	-0.17594	0.678488	-0.213521	-0.428695	-0.591619	0.478097	-0.487474	-0.127825	-0.749705	0.191383	-0.620464	-0.376883	-0.632042	0.451503	-0.504606
-0.423212	-0.597158	0.399765	-0.551799	-0.396138	-0.573138	0.403166	-0.593334	-0.710944	-0.195057	0.591574	-0.326422	-0.664068	-0.0786128	0.677091	-0.307216	-0.0762322	-0.650785	-0.00529939	-0.755407	-0.166272	-0.651269	-0.0206909	-0.740118	-0.680577	-0.175267	0.678682	-0.213277	-0.428884	-0.591471	0.478249	-0.487339	-0.128657	-0.74964	0.192751	-0.619947	-0.377227	-0.631936	0.451975	-0.504059
-0.423924	-0.596623	0.400121	-0.551573	-0.398725	-0.571173	0.405329	-0.592021	-0.712818	-0.19244	0.589252	-0.328085	-0.661872	-0.0710832	0.676782	-0.314385	-0.0807225	-0.648991	-0.00463947	-0.756487	-0.174712	-0.646092	-0.0211003	-0.742695	-0.680782	-0.174383	0.678879	-0.21272	-0.429344	-0.591149	0.478602	-0.486976	-0.129222	-0.749521	0.193211	-0.61983	-0.377478	-0.631852	0.452279	-0.503703
-0.425679	-0.59502	0.400914	-0.551378	-0.400026	-0.570267	0.406384	-0.591293	-0.71764	-0.184837	0.583445	-0.332296	-0.65507	-0.0529428	0.676226	-0.332864	-0.0944145	-0.643471	-0.00233838	-0.759622	-0.179803	-0.641648	-0.0236936	-0.74525	-0.681131	-0.172767	0.679026	-0.212451	-0.429437	-0.59103	0.478696	-0.486948	-0.130271	-0.749292	0.194238	-0.619566	-0.377852	-0.631751	0.45265	-0.503216
-0.426873	-0.593739	0.401022	-0.551756	-0.401853	-0.569798	0.408435	-0.589088	-0.723623	-0.173045	0.577051	-0.336805	-0.643536	-0.020066	0.675846	-0.358735	-0.111456	-0.633103	-0.00455792	-0.765988	-0.196763	-0.626527	-0.0355723	-0.753315	-0.681266	-0.17148	0.679013	-0.213102	-0.429165	-0.591132	0.4784	-0.487354	-0.131315	-0.748936	0.193973	-0.61986	-0.377914	-0.631913	0.452476	-0.503122
-0.427849	-0.592912	0.401211	-0.551752	-0.403492	-0.569169	0.410079	-0.587433	-0.730368	-0.15249	0.571569	-0.341494	-0.624888	0.0215131	0.670738	-0.398952	-0.129341	-0.617495	-0.0201526	-0.775606	-0.223292	-0.601062	-0.0597554	-0.765045	-0.681129	-0.171075	0.678615	-0.215126	-0.428634	-0.591263	0.477678	-0.488369	-0.131236	-0.748683	0.191009	-0.621101	-0.378121	-0.631927	0.451934	-0.503437
-0.428905	-0.592319	0.401724	-0.551196	-0.40441	-0.568085	0.411385	-0.586937	-0.735354	-0.129098	0.565194	-0.350917	-0.595888	0.0729364	0.658567	-0.453748	-0.148407	-0.598692	-0.0487336	-0.785601	-0.258284	-0.566746	-0.0947026	-0.776608	-0.681479	-0.169242	0.678511	-0.215793	-0.428761	-0.590873	0.477005	-0.489387	-0.131053	-0.748684	0.188056	-0.622038	-0.378599	-0.631592	0.451122	-0.504226
-0.429403	-0.591996	0.401853	-0.551061	-0.405749	-0.566499	0.411815	-0.587243	-0.738068	-0.101525	0.558854	-0.364186	-0.576851	0.102193	0.649586	-0.4846	-0.16037	-0.588642	-0.0638599	-0.789749	-0.301833	-0.523843	-0.136888	-0.784696	-0.681659	-0.168311	0.678514	-0.21594	-0.429616	-0.589966	0.476331	-0.490387	-0.131925	-0.748524	0.188399	-0.621943	-0.379238	-0.631132	0.45102	-0.504412
-0.43068	-0.590866	0.402055	-0.55113	-0.406877	-0.565375	0.41195	-0.587452	-0.736701	-0.0903573	0.554139	-0.376878	-0.530437	0.16332	0.624176	-0.54988	-0.188712	-0.567398	-0.0937278	-0.796029	-0.326867	-0.499131	-0.158269	-0.786751	-0.682041	-0.166405	0.678581	-0.216001	-0.430145	-0.589477	0.475946	-0.490885	-0.133653	-0.748076	0.188634	-0.622042	-0.380789	-0.630021	0.451146	-0.50452
-0.431311	-0.590286	0.402318	-0.551066	-0.408221	-0.563895	0.412019	-0.587893	-0.7341	-0.0764078	0.55217	-0.387773	-0.503715	0.193276	0.607661	-0.582807	-0.203645	-0.55656	-0.109117	-0.798038	-0.353388	-0.472681	-0.17896	-0.787186	-0.682342	-0.16518	0.678663	-0.215733	-0.430757	-0.588942	0.475636	-0.491289	-0.134396	-0.747983	0.188611	-0.622	-0.381472	-0.629515	0.451129	-0.504651
-0.431974	-0.589652	0.402626	-0.551	-0.409618	-0.562333	0.412253	-0.588254	-0.733332	-0.0583146	0.548938	-0.396851	-0.475825	0.222133	0.588579	-0.614673	-0.219096	-0.545527	-0.123641	-0.799444	-0.379982	-0.445378	-0.200695	-0.785476	-0.682612	-0.163916	0.678848	-0.215264	-0.431577	-0.588306	0.475441	-0.491522	-0.135327	-0.747812	0.188922	-0.62191	-0.38202	-0.629136	0.451064	-0.504767
-0.433602	-0.58811	0.403121	-0.551008	-0.412573	-0.559269	0.41225	-0.58911	-0.732277	-0.0384026	0.544582	-0.407095	-0.417809	0.275208	0.543916	-0.673685	-0.248938	-0.525136	-0.152128	-0.799449	-0.433993	-0.388164	-0.243198	-0.775779	-0.68346	-0.161337	0.678977	-0.214112	-0.433039	-0.587222	0.475125	-0.491837	-0.137338	-0.747324	0.189915	-0.621753	-0.383138	-0.628403	0.451218	-0.504694
-0.435432	-0.586533	0.403641	-0.550865	-0.415541	-0.555993	0.412459	-0.589978	-0.721663	0.011986	0.53124	-0.44367	-0.357731	0.320041	0.494214	-0.724814	-0.280121	-0.503156	-0.173138	-0.798993	-0.486269	-0.32917	-0.281323	-0.758978	-0.684406	-0.158666	0.679164	-0.212485	-0.434346	-0.586319	0.475065	-0.491819	-0.138812	-0.747131	0.190775	-0.621395	-0.383829	-0.628017	0.451222	-0.504647
-0.436268	-0.585767	0.403887	-0.550839	-0.416926	-0.554392	0.412661	-0.590367	-0.717794	0.0290468	0.52652	-0.454648	-0.32763	0.339354	0.467962	-0.747335	-0.295603	-0.492802	-0.181739	-0.797958	-0.534412	-0.271765	-0.314075	-0.736141	-0.684653	-0.157901	0.679222	-0.212073	-0.435377	-0.585699	0.475082	-0.491631	-0.139302	-0.747137	0.190997	-0.621209	-0.383988	-0.627975	0.451097	-0.504691
-0.438098	-0.583981	0.404272	-0.550999	-0.421382	-0.549536	0.412911	-0.591567	-0.706729	0.0811682	0.511603	-0.481879	-0.239417	0.385779	0.391546	-0.800341	-0.336125	-0.461433	-0.205321	-0.794948	-0.577254	-0.218267	-0.341522	-0.708872	-0.685149	-0.15649	0.679219	-0.211525	-0.435927	-0.585499	0.475031	-0.491431	-0.140286	-0.747182	0.191723	-0.62071	-0.384667	-0.627831	0.451026	-0.504416
-0.438536	-0.583576	0.404412	-0.550978	-0.423286	-0.547279	0.41322	-0.592084	-0.706729	0.0811682	0.511603	-0.481879	-0.211924	0.396763	0.367974	-0.813795	-0.348157	-0.451117	-0.211811	-0.793988	-0.595943	-0.191981	-0.352591	-0.695467	-0.685213	-0.156407	0.679148	-0.211608	-0.436204	-0.585431	0.475011	-0.491285	-0.14047	-0.747212	0.19193	-0.620568	-0.384883	-0.62783	0.450998	-0.504276
-0.440098	-0.582475	0.405308	-0.550239	-0.426552	-0.54309	0.414	-0.593052	-0.698475	0.111951	0.501617	-0.497975	-0.16114	0.41215	0.323079	-0.836532	-0.367305	-0.433	-0.22677	-0.791311	-0.62923	-0.146083	-0.372345	-0.6664	-0.685456	-0.155836	0.679147	-0.211246	-0.436879	-0.585155	0.475118	-0.490911	-0.140773	-0.747251	0.192647	-0.620231	-0.384893	-0.628054	0.450638	-0.504312
-0.440922	-0.58195	0.405712	-0.549836	-0.428357	-0.540626	0.4146	-0.593583	-0.691073	0.141115	0.490012	-0.512242	-0.137022	0.417267	0.30374	-0.845491	-0.375796	-0.424695	-0.2325	-0.790162	-0.643723	-0.125523	-0.38109	-0.651641	-0.68566	-0.155295	0.679194	-0.210832	-0.437295	-0.584937	0.475239	-0.490683	-0.140872	-0.747191	0.192756	-0.620247	-0.384783	-0.628243	0.45047	-0.504311
-0.441876	-0.581372	0.406291	-0.549254	-0.430004	-0.538376	0.415432	-0.593854	-0.687418	0.155509	0.484449	-0.518249	-0.114005	0.420643	0.286842	-0.853103	-0.384038	-0.417079	-0.237191	-0.78886	-0.657306	-0.105545	-0.388156	-0.637294	-0.685787	-0.154923	0.67922	-0.210606	-0.437626	-0.584797	0.475269	-0.490526	-0.140907	-0.74719	0.192847	-0.620212	-0.384695	-0.62841	0.450375	-0.504255
-0.442909	-0.580841	0.406948	-0.548496	-0.431737	-0.536117	0.41642	-0.593951	-0.683162	0.16792	0.478851	-0.525161	-0.0931141	0.422674	0.271746	-0.859553	-0.391476	-0.409789	-0.2416	-0.787686	-0.681659	-0.0716644	-0.399665	-0.608665	-0.685984	-0.154336	0.679271	-0.210231	-0.438356	-0.584385	0.475542	-0.490099	-0.140972	-0.747197	0.19318	-0.620084	-0.384571	-0.628575	0.450237	-0.504267
-0.444857	-0.580003	0.408055	-0.546983	-0.43493	-0.532502	0.41747	-0.594136	-0.673897	0.18995	0.468925	-0.538416	-0.0558521	0.422835	0.247835	-0.869867	-0.4052	-0.397583	-0.249823	-0.784429	-0.69318	-0.0580464	-0.404233	-0.593909	-0.686528	-0.152827	0.679431	-0.209037	-0.438796	-0.584106	0.475732	-0.489854	-0.141617	-0.746894	0.194327	-0.619944	-0.384482	-0.628782	0.450093	-0.504206
-0.445772	-0.579611	0.408466	-0.546346	-0.436342	-0.531017	0.417895	-0.59413	-0.669547	0.200255	0.464537	-0.543884	-0.0378955	0.42185	0.23791	-0.874074	-0.411345	-0.392465	-0.252566	-0.782928	-0.703948	-0.0434487	-0.407879	-0.579831	-0.686631	-0.152349	0.679533	-0.208716	-0.439354	-0.58374	0.475887	-0.489639	-0.141746	-0.746838	0.194571	-0.619905	-0.384497	-0.628814	0.450163	-0.504092
-0.447316	-0.57919	0.409753	-0.544564	-0.438898	-0.528689	0.418111	-0.594171	-0.661915	0.217636	0.456036	-0.553656	-0.00554516	0.417959	0.221584	-0.881011	-0.423831	-0.384387	-0.254961	-0.779493	-0.723335	-0.0145329	-0.415362	-0.551407	-0.686935	-0.151306	0.679645	-0.208108	-0.439582	-0.583553	0.476021	-0.489528	-0.142187	-0.746669	0.195506	-0.619715	-0.384605	-0.628795	0.450205	-0.503996
-0.448044	-0.578984	0.410302	-0.543771	-0.440131	-0.527875	0.418513	-0.5937	-0.661915	0.217636	0.456036	-0.553656	0.00878597	0.41577	0.214786	-0.883699	-0.428007	-0.381663	-0.256339	-0.778096	-0.732002	-0.00237479	-0.420674	-0.535912	-0.687041	-0.15074	0.67974	-0.207858	-0.439691	-0.583406	0.476272	-0.489361	-0.142488	-0.746553	0.196173	-0.619574	-0.38472	-0.628722	0.450193	-0.504009
-0.448884	-0.578686	0.41095	-0.542904	-0.441581	-0.526752	0.41891	-0.593341	-0.657	0.230771	0.449537	-0.559475	0.0198905	0.414051	0.208543	-0.885819	-0.432072	-0.380181	-0.25764	-0.776143	-0.738961	0.0087944	-0.426237	-0.52171	-0.687105	-0.15023	0.679804	-0.207808	-0.439691	-0.583406	0.476272	-0.489361	-0.142737	-0.746456	0.196926	-0.619395	-0.384878	-0.628639	0.450221	-0.503967
-0.449596	-0.578639	0.411747	-0.541761	-0.442829	-0.525726	0.419247	-0.593082	-0.655635	0.235656	0.447381	-0.560767	0.0271096	0.412902	0.203484	-0.887339	-0.43646	-0.379674	-0.257797	-0.773881	-0.743369	0.0197673	-0.430853	-0.511251	-0.687105	-0.15023	0.679804	-0.207808	-0.43961	-0.583385	0.476492	-0.489245	-0.142919	-0.746423	0.197598	-0.619178	-0.385071	-0.628513	0.450377	-0.503838
-0.450357	-0.578523	0.412578	-0.540619	-0.44395	-0.524663	0.419661	-0.592893	-0.655043	0.238321	0.445657	-0.561704	0.0300748	0.411897	0.199966	-0.88851	-0.440824	-0.379657	-0.257604	-0.771475	-0.74512	0.0295428	-0.433588	-0.50589	-0.687149	-0.148737	0.680057	-0.207907	-0.439202	-0.583503	0.476798	-0.489172	-0.143278	-0.746151	0.198081	-0.61927	-0.385437	-0.628309	0.450779	-0.503453
-0.451157	-0.578214	0.413358	-0.539686	-0.44459	-0.523864	0.420448	-0.592562	-0.655058	0.238847	0.44437	-0.562482	0.0299954	0.410874	0.199421	-0.889108	-0.445364	-0.380427	-0.259454	-0.767861	-0.745144	0.0322694	-0.436459	-0.503212	-0.687149	-0.148737	0.680057	-0.207907	-0.43837	-0.583922	0.477166	-0.48906	-0.14357	-0.74588	0.198415	-0.619421	-0.385526	-0.628275	0.451092	-0.503145
-0.45298	-0.576676	0.414831	-0.538673	-0.445473	-0.521646	0.423834	-0.591442	-0.656486	0.238206	0.442233	-0.562773	0.0266028	0.409423	0.199906	-0.889777	-0.452098	-0.382471	-0.262538	-0.761838	-0.743455	0.0248142	-0.439821	-0.503206	-0.686195	-0.146312	0.680159	-0.2124	-0.434774	-0.585814	0.479595	-0.487629	-0.143869	-0.745094	0.198392	-0.620305	-0.385689	-0.628196	0.451909	-0.502386
-0.45531	-0.574708	0.418956	-0.535611	-0.445817	-0.519498	0.428309	-0.589848	-0.658466	0.239641	0.441371	-0.560523	0.0245469	0.409685	0.198226	-0.890091	-0.454511	-0.382327	-0.262207	-0.760587	-0.742672	0.0206323	-0.436498	-0.507427	-0.686852	-0.13561	0.681103	-0.214345	-0.426678	-0.590473	0.48256	-0.486233	-0.144283	-0.743316	0.197111	-0.622745	-0.385332	-0.628261	0.453141	-0.501467
-0.455774	-0.574142	0.421315	-0.53397	-0.446046	-0.518886	0.430639	-0.588515	-0.659026	0.24049	0.441337	-0.559527	0.0240085	0.410017	0.197552	-0.890103	-0.455574	-0.378918	-0.259136	-0.762707	-0.743482	0.0204733	-0.434014	-0.508377	-0.686852	-0.13561	0.681103	-0.214345	-0.423147	-0.591775	0.48562	-0.484687	-0.145186	-0.741935	0.196404	-0.624404	-0.385054	-0.628192	0.454266	-0.50075
-0.455965	-0.573411	0.423672	-0.532727	-0.446185	-0.51849	0.432919	-0.587085	-0.659509	0.241363	0.441517	-0.55844	0.0234843	0.410638	0.196779	-0.890002	-0.455526	-0.377015	-0.257542	-0.764217	-0.744396	0.0200746	-0.432361	-0.508464	-0.6873	-0.120968	0.683128	-0.215223	-0.419417	-0.592792	0.489484	-0.482797	-0.14644	-0.740321	0.195908	-0.626179	-0.384571	-0.628127	0.455525	-0.500058
-0.455989	-0.571413	0.429464	-0.530209	-0.445395	-0.518595	0.436418	-0.584997	-0.659982	0.242325	0.441414	-0.557545	0.0223877	0.411482	0.195656	-0.889888	-0.456092	-0.372716	-0.255521	-0.766663	-0.746396	0.0212419	-0.427586	-0.509521	-0.686626	-0.109402	0.68399	-0.220757	-0.407969	-0.597612	0.494963	-0.481074	-0.148225	-0.736551	0.193234	-0.631016	-0.382206	-0.628588	0.457398	-0.499583
-0.453372	-0.570244	0.433608	-0.530339	-0.44291	-0.519982	0.438645	-0.583987	-0.659415	0.241755	0.44121	-0.558624	0.0229556	0.411457	0.195666	-0.889883	-0.457633	-0.369023	-0.254555	-0.767851	-0.746696	0.0233126	-0.425025	-0.511131	-0.68198	-0.103402	0.685915	-0.231802	-0.395789	-0.602066	0.500008	-0.480479	-0.148339	-0.732909	0.187762	-0.636855	-0.379155	-0.628779	0.459736	-0.499521
-0.446713	-0.570681	0.436918	-0.532798	-0.439565	-0.521274	0.440109	-0.584261	-0.656669	0.239878	0.442191	-0.561882	0.0270136	0.410934	0.197046	-0.889706	-0.458281	-0.365227	-0.254438	-0.769317	-0.745788	0.0260196	-0.423381	-0.513684	-0.677077	-0.1028	0.686776	-0.243594	-0.382424	-0.606853	0.501013	-0.484218	-0.149704	-0.728721	0.180462	-0.643419	-0.375138	-0.628956	0.462282	-0.499981
-0.441836	-0.5721	0.438371	-0.534147	-0.437171	-0.522441	0.440752	-0.584529	-0.656669	0.239878	0.442191	-0.561882	0.0304138	0.409987	0.198753	-0.889653	-0.457512	-0.364105	-0.255203	-0.770053	-0.744695	0.0279311	-0.422919	-0.515547	-0.674774	-0.103762	0.687265	-0.248156	-0.376396	-0.608632	0.500195	-0.487542	-0.150437	-0.72713	0.177764	-0.645794	-0.372756	-0.628806	0.462925	-0.501354
-0.435515	-0.574394	0.438902	-0.536436	-0.434378	-0.524026	0.44145	-0.584667	-0.652717	0.235864	0.444298	-0.566504	0.0347067	0.408585	0.200996	-0.889637	-0.456587	-0.363199	-0.255675	-0.770873	-0.743408	0.0290273	-0.422754	-0.517475	-0.67129	-0.106583	0.68884	-0.252011	-0.3728	-0.608376	0.500039	-0.490775	-0.148892	-0.726533	0.174317	-0.647761	-0.370268	-0.628331	0.46266	-0.504031
-0.428208	-0.5769	0.438175	-0.54021	-0.431368	-0.525896	0.441851	-0.584912	-0.652717	0.235864	0.444298	-0.566504	0.0392829	0.406759	0.20364	-0.889682	-0.455261	-0.362682	-0.25565	-0.771908	-0.741951	0.0299448	-0.422705	-0.51955	-0.669512	-0.10684	0.690175	-0.252977	-0.368858	-0.607972	0.498329	-0.495966	-0.144818	-0.725752	0.168529	-0.651083	-0.368082	-0.627206	0.46153	-0.508054
-0.412688	-0.582914	0.439289	-0.544908	-0.425695	-0.529778	0.441912	-0.58552	-0.646622	0.228319	0.448299	-0.573392	0.047118	0.404074	0.208992	-0.889284	-0.451567	-0.363391	-0.254599	-0.774089	-0.739583	0.0306912	-0.422377	-0.523137	-0.665991	-0.110123	0.693152	-0.252723	-0.367672	-0.60231	0.496888	-0.505116	-0.138664	-0.722008	0.162278	-0.658136	-0.365355	-0.622493	0.456591	-0.520137
-0.396755	-0.589998	0.441524	-0.547307	-0.422542	-0.532241	0.442207	-0.585347	-0.64474	0.223426	0.450423	-0.575769	0.0499466	0.40261	0.211745	-0.889143	-0.44969	-0.364505	-0.253433	-0.77504	-0.738453	0.0293525	-0.422371	-0.524812	-0.661253	-0.116492	0.696788	-0.252311	-0.368951	-0.595799	0.492176	-0.516394	-0.133909	-0.722617	0.154345	-0.660357	-0.369421	-0.615719	0.456513	-0.52537
-0.386677	-0.594177	0.445763	-0.546562	-0.422321	-0.533264	0.441942	-0.584775	-0.644519	0.221959	0.450274	-0.5767	0.0513737	0.400206	0.21528	-0.889298	-0.447746	-0.367078	-0.249664	-0.776174	-0.738334	0.0276458	-0.422176	-0.52523	-0.657869	-0.121032	0.699449	-0.251657	-0.373286	-0.588126	0.488574	-0.525415	-0.127232	-0.724193	0.166439	-0.657004	-0.376809	-0.601048	0.466953	-0.52793
-0.384649	-0.593769	0.454055	-0.541588	-0.423396	-0.533378	0.44391	-0.582398	-0.646166	0.220355	0.449986	-0.575696	0.048255	0.39998	0.216441	-0.889293	-0.448066	-0.370173	-0.248211	-0.774984	-0.738679	0.0238603	-0.4236	-0.523781	-0.655627	-0.120154	0.702241	-0.250146	-0.37688	-0.581657	0.4852	-0.53312	-0.110395	-0.726437	0.197808	-0.648825	-0.37103	-0.61101	0.480399	-0.508153
-0.38253	-0.595146	0.459309	-0.537129	-0.428648	-0.528965	0.445414	-0.581431	-0.648776	0.220411	0.449572	-0.573057	0.0460444	0.400087	0.217019	-0.889221	-0.448711	-0.371629	-0.247366	-0.774184	-0.740619	0.0205026	-0.424252	-0.520646	-0.652045	-0.123385	0.704526	-0.251509	-0.378621	-0.577596	0.478861	-0.541961	-0.102527	-0.730283	0.207059	-0.642886	-0.367444	-0.616623	0.488929	-0.495691
-0.378948	-0.597706	0.46054	-0.535769	-0.431615	-0.526517	0.444653	-0.582041	-0.650584	0.221768	0.448907	-0.571002	0.0434866	0.400628	0.216535	-0.889223	-0.449651	-0.372781	-0.247102	-0.773168	-0.741805	0.0193551	-0.424769	-0.518577	-0.649372	-0.126246	0.705404	-0.254526	-0.37756	-0.577253	0.474563	-0.546825	-0.0966399	-0.732051	0.220026	-0.637457	-0.362444	-0.623454	0.497084	-0.482543
-0.376204	-0.599993	0.462069	-0.533828	-0.433941	-0.52481	0.443962	-0.582381	-0.652433	0.223129	0.447962	-0.5691	0.0390581	0.401001	0.214427	-0.889772	-0.453449	-0.374979	-0.245987	-0.770237	-0.742751	0.0183006	-0.425847	-0.516373	-0.647007	-0.128541	0.705831	-0.258191	-0.376017	-0.577261	0.470244	-0.55159	-0.0736186	-0.736875	0.24458	-0.625921	-0.345519	-0.642415	0.510587	-0.455214
-0.37503	-0.602782	0.464671	-0.529233	-0.437119	-0.522074	0.443341	-0.582936	-0.655168	0.226787	0.446087	-0.565977	0.0352751	0.40174	0.211347	-0.890333	-0.457129	-0.37696	-0.244547	-0.767548	-0.744989	0.0163939	-0.427257	-0.51203	-0.642202	-0.133258	0.705415	-0.268717	-0.372047	-0.577771	0.462146	-0.56052	-0.049758	-0.740557	0.259672	-0.617794	-0.321274	-0.66459	0.519807	-0.430006
-0.372259	-0.608036	0.46717	-0.522941	-0.438722	-0.519878	0.442876	-0.584047	-0.656518	0.229758	0.445594	-0.563597	0.0336425	0.402481	0.209802	-0.890427	-0.458652	-0.377373	-0.243762	-0.766686	-0.7471	0.0156458	-0.427049	-0.509142	-0.637967	-0.136234	0.703641	-0.281651	-0.368705	-0.577873	0.455351	-0.568132	-0.0390494	-0.741558	0.269201	-0.613268	-0.309332	-0.674558	0.524424	-0.417449
-0.370133	-0.610943	0.468883	-0.519518	-0.438546	-0.519748	0.442515	-0.584568	-0.656582	0.230268	0.446079	-0.56293	0.0323999	0.404011	0.208951	-0.88998	-0.460198	-0.377558	-0.242058	-0.766209	-0.74782	0.0154166	-0.426771	-0.508326	-0.636484	-0.136089	0.702781	-0.28717	-0.367147	-0.577872	0.451362	-0.572311	-0.018776	-0.743018	0.282357	-0.606503	-0.286588	-0.692622	0.533226	-0.39219
-0.370133	-0.610943	0.468883	-0.519518	-0.438546	-0.519748	0.442515	-0.584568	-0.656582	0.230268	0.446079	-0.56293	0.0323999	0.404011	0.208951	-0.88998	-0.460198	-0.377558	-0.242058	-0.766209	-0.74782	0.0154166	-0.426771	-0.508326	-0.636484	-0.136089	0.702781	-0.28717	-0.367147	-0.577872	0.451362	-0.572311	-0.018776	-0.743018	0.282357	-0.606503	-0.286588	-0.692622	0.533226	-0.39219
-0.366833	-0.615914	0.470378	-0.514615	-0.436996	-0.520757	0.442766	-0.584641	-0.65556	0.229239	0.448423	-0.562679	0.032716	0.404659	0.20968	-0.889503	-0.460081	-0.377413	-0.241162	-0.766633	-0.748276	0.0151792	-0.425831	-0.508449	-0.633843	-0.137399	0.699172	-0.300869	-0.366771	-0.576026	0.444639	-0.579628	-0.00998243	-0.743103	0.286816	-0.604513	-0.276037	-0.700508	0.536631	-0.380945
-0.364894	-0.61871	0.47018	-0.512816	-0.435577	-0.522089	0.442834	-0.584461	-0.655017	0.228145	0.450005	-0.562493	0.0339931	0.405873	0.21266	-0.888193	-0.457791	-0.37777	-0.240149	-0.768144	-0.747749	0.0147705	-0.4256	-0.509429	-0.632298	-0.139071	0.696453	-0.309535	-0.366103	-0.575828	0.439482	-0.584162	0.00545188	-0.743595	0.289829	-0.602525	-0.257401	-0.713477	0.539033	-0.36625
-0.364894	-0.61871	0.47018	-0.512816	-0.435577	-0.522089	0.442834	-0.584461	-0.655017	0.228145	0.450005	-0.562493	0.0339931	0.405873	0.21266	-0.888193	-0.457791	-0.37777	-0.240149	-0.768144	-0.747749	0.0147705	-0.4256	-0.509429	-0.632298	-0.139071	0.696453	-0.309535	-0.366103	-0.575828	0.439482	-0.584162	0.00545188	-0.743595	0.289829	-0.602525	-0.257401	-0.713477	0.539033	-0.36625
-0.361331	-0.624157	0.4685	-0.510271	-0.431868	-0.52631	0.442259	-0.583862	-0.653913	0.224241	0.45295	-0.562983	0.0356834	0.405608	0.217368	-0.887108	-0.453436	-0.378982	-0.238977	-0.770492	-0.745439	0.0139122	-0.425431	-0.512967	-0.628623	-0.141139	0.690079	-0.329702	-0.36754	-0.57329	0.431365	-0.591758	0.0138951	-0.74435	0.290393	-0.601183	-0.24753	-0.720217	0.537666	-0.361847
-0.359384	-0.628784	0.464535	-0.509589	-0.427677	-0.531999	0.441287	-0.582524	-0.653172	0.222157	0.454167	-0.563688	0.0378546	0.404417	0.22184	-0.886454	-0.44841	-0.379787	-0.239023	-0.773019	-0.742235	0.0120941	-0.424613	-0.51831	-0.626519	-0.141089	0.684166	-0.345666	-0.373102	-0.567459	0.425176	-0.59834	0.0168347	-0.746233	0.284514	-0.601586	-0.244066	-0.722437	0.530588	-0.370126
-0.36282	-0.630712	0.459757	-0.509104	-0.423848	-0.537367	0.439465	-0.581773	-0.651795	0.218173	0.455362	-0.56587	0.0401959	0.402309	0.224162	-0.886726	-0.44391	-0.379856	-0.240055	-0.77526	-0.7392	0.0114341	-0.423678	-0.523402	-0.627271	-0.136507	0.676961	-0.360028	-0.387784	-0.554276	0.429	-0.598632	0.0104883	-0.749446	0.277863	-0.600843	-0.251823	-0.71996	0.522878	-0.38058
-0.367338	-0.630129	0.45806	-0.508114	-0.422011	-0.539955	0.43817	-0.581689	-0.650424	0.216522	0.454793	-0.568534	0.0409055	0.40179	0.223939	-0.886985	-0.442325	-0.37936	-0.241297	-0.776022	-0.737437	0.0129087	-0.423885	-0.525683	-0.628844	-0.130835	0.674032	-0.364853	-0.406578	-0.53728	0.437164	-0.595746	0.0041581	-0.75122	0.277994	-0.598641	-0.26033	-0.717588	0.523934	-0.377874
-0.38046	-0.625042	0.454637	-0.507817	-0.422302	-0.539586	0.438065	-0.581899	-0.649038	0.218345	0.45366	-0.570323	0.0415241	0.402162	0.221226	-0.887469	-0.441385	-0.377574	-0.244075	-0.776559	-0.737545	0.0144188	-0.424026	-0.525378	-0.632519	-0.11721	0.669361	-0.371669	-0.415992	-0.52851	0.440228	-0.594833	-0.00679002	-0.75447	0.288004	-0.58973	-0.275549	-0.713506	0.524767	-0.373633
-0.384464	-0.623123	0.453048	-0.508579	-0.427213	-0.534435	0.437466	-0.583517	-0.649103	0.220301	0.453257	-0.569816	0.0416304	0.402772	0.219752	-0.887553	-0.442325	-0.376039	-0.245491	-0.776323	-0.739763	0.018633	-0.424418	-0.521797	-0.634072	-0.11061	0.667243	-0.374841	-0.431417	-0.514245	0.440284	-0.596307	-0.00679002	-0.75447	0.288004	-0.58973	-0.275549	-0.713506	0.524767	-0.373633
-0.384908	-0.622637	0.448418	-0.512923	-0.429888	-0.53217	0.436339	-0.584465	-0.650702	0.224158	0.452623	-0.566985	0.0402016	0.404184	0.217226	-0.887599	-0.446641	-0.37328	-0.248304	-0.774286	-0.741068	0.020861	-0.425223	-0.5192	-0.635972	-0.101546	0.659376	-0.38788	-0.438726	-0.508257	0.437582	-0.598094	-0.0225928	-0.764349	0.283934	-0.578482	-0.304562	-0.70592	0.523542	-0.367183
-0.387611	-0.619835	0.446111	-0.516282	-0.433166	-0.530507	0.435074	-0.5845	-0.651811	0.225686	0.451991	-0.565608	0.0387627	0.404387	0.216465	-0.887757	-0.448883	-0.373377	-0.250396	-0.772267	-0.742617	0.0224503	-0.428656	-0.514072	-0.636105	-0.0990276	0.655214	-0.395296	-0.457387	-0.492777	0.43158	-0.60142	-0.0280744	-0.767127	0.285709	-0.57367	-0.310042	-0.705548	0.517372	-0.372024
-0.392845	-0.61333	0.440512	-0.524832	-0.434071	-0.530403	0.434569	-0.584299	-0.654231	0.226908	0.450309	-0.563663	0.0360881	0.403876	0.215837	-0.888255	-0.452333	-0.375586	-0.255065	-0.76764	-0.74336	0.0225245	-0.430427	-0.51151	-0.635442	-0.0940747	0.650867	-0.404642	-0.467878	-0.483987	0.42755	-0.603364	-0.0388825	-0.774271	0.274002	-0.569136	-0.323468	-0.704229	0.507052	-0.377265
-0.394916	-0.60937	0.432272	-0.534649	-0.433413	-0.533307	0.433636	-0.582836	-0.656446	0.227543	0.449101	-0.561793	0.0346909	0.40356	0.215588	-0.888514	-0.453572	-0.376597	-0.25602	-0.766095	-0.745235	0.0220106	-0.432594	-0.506954	-0.637248	-0.0825173	0.648013	-0.408884	-0.491126	-0.464429	0.417357	-0.607383	-0.0496241	-0.777159	0.269574	-0.566472	-0.334888	-0.701407	0.506967	-0.372643
-0.398193	-0.605119	0.428031	-0.540429	-0.431418	-0.536424	0.434115	-0.581095	-0.657359	0.22716	0.44906	-0.560912	0.0322416	0.403049	0.216067	-0.888722	-0.45491	-0.378618	-0.255587	-0.764448	-0.745726	0.0212258	-0.433609	-0.505397	-0.638882	-0.0771381	0.647343	-0.408444	-0.50563	-0.452067	0.412623	-0.608043	-0.0661254	-0.781114	0.260434	-0.563616	-0.359823	-0.692402	0.507113	-0.365983
-0.404634	-0.598449	0.418743	-0.550259	-0.429729	-0.53896	0.433398	-0.580535	-0.65815	0.22624	0.44969	-0.55985	0.0307889	0.403337	0.217273	-0.888349	-0.453438	-0.381217	-0.255058	-0.764207	-0.746184	0.019024	-0.434773	-0.503806	-0.64423	-0.0636897	0.648385	-0.400634	-0.526855	-0.434264	0.397728	-0.612904	-0.0760083	-0.785846	0.244286	-0.563022	-0.382004	-0.682858	0.50391	-0.36586
-0.405264	-0.598827	0.414932	-0.552267	-0.430671	-0.537873	0.431448	-0.582295	-0.658115	0.227427	0.44954	-0.559531	0.0305853	0.403533	0.216737	-0.888398	-0.452799	-0.381733	-0.255595	-0.764149	-0.746215	0.017898	-0.434219	-0.504278	-0.646284	-0.0577514	0.648734	-0.397651	-0.524585	-0.439775	0.39472	-0.612866	-0.0802481	-0.788274	0.237574	-0.561911	-0.390769	-0.678714	0.501014	-0.368282
-0.406149	-0.599461	0.411681	-0.553361	-0.431491	-0.537128	0.429476	-0.583832	-0.657924	0.229	0.449249	-0.559349	0.0308203	0.403834	0.215752	-0.888493	-0.452264	-0.381372	-0.256832	-0.764231	-0.746033	0.0169818	-0.433245	-0.505415	-0.647814	-0.0569119	0.645193	-0.401029	-0.51382	-0.454084	0.403051	-0.606092	-0.085064	-0.790113	0.233638	-0.560266	-0.400158	-0.67331	0.499222	-0.370547
-0.408197	-0.599505	0.40938	-0.553513	-0.432307	-0.536623	0.427123	-0.585416	-0.657574	0.230064	0.449432	-0.559177	0.0314132	0.404309	0.215051	-0.888426	-0.451071	-0.380794	-0.258749	-0.764579	-0.745397	0.0167749	-0.432352	-0.507123	-0.648911	-0.0575282	0.640318	-0.406938	-0.497009	-0.474913	0.413252	-0.597212	-0.089779	-0.791075	0.233188	-0.558357	-0.409193	-0.667603	0.497758	-0.372967
-0.409933	-0.599848	0.407592	-0.553178	-0.433293	-0.535987	0.424657	-0.587062	-0.65728	0.230296	0.449955	-0.559006	0.031896	0.404595	0.215223	-0.888237	-0.448821	-0.380927	-0.261053	-0.765053	-0.744544	0.0164572	-0.431729	-0.508915	-0.648332	-0.0555275	0.641028	-0.40702	-0.47576	-0.498107	0.423702	-0.588233	-0.0933493	-0.791502	0.230873	-0.558129	-0.417133	-0.662172	0.496126	-0.376014
-0.410598	-0.600988	0.406222	-0.552455	-0.434382	-0.535036	0.422414	-0.588741	-0.657138	0.230123	0.450305	-0.558962	0.0317493	0.404734	0.215707	-0.888062	-0.446511	-0.381295	-0.262788	-0.765627	-0.743543	0.0158239	-0.431358	-0.510709	-0.646647	-0.0532023	0.644611	-0.404345	-0.451491	-0.521465	0.435847	-0.578159	-0.0961884	-0.791558	0.227486	-0.558958	-0.424311	-0.656866	0.49472	-0.379131
-0.411493	-0.602422	0.405449	-0.550792	-0.435523	-0.533649	0.420379	-0.59061	-0.656972	0.230429	0.450063	-0.559226	0.0312024	0.404886	0.215428	-0.888079	-0.445072	-0.38098	-0.263373	-0.76642	-0.742596	0.0158121	-0.430958	-0.512423	-0.64441	-0.0522831	0.648235	-0.402236	-0.423843	-0.545586	0.447598	-0.567758	-0.100569	-0.791003	0.226212	-0.559489	-0.430722	-0.651778	0.493657	-0.382056
-0.413298	-0.603929	0.405145	-0.548007	-0.436409	-0.532556	0.418667	-0.592156	-0.656636	0.23181	0.449162	-0.559774	0.0307354	0.405142	0.21381	-0.88837	-0.444602	-0.379863	-0.263717	-0.767129	-0.741819	0.0164534	-0.430497	-0.513913	-0.642306	-0.0514263	0.652433	-0.398911	-0.395127	-0.569532	0.458282	-0.556315	-0.105561	-0.790466	0.225405	-0.559655	-0.436378	-0.647061	0.49264	-0.384958
-0.415623	-0.604757	0.404846	-0.545551	-0.43674	-0.532319	0.417712	-0.5928	-0.656327	0.233649	0.447943	-0.560348	0.0303479	0.405502	0.211285	-0.888823	-0.44481	-0.37831	-0.263874	-0.767721	-0.741285	0.0175578	-0.430071	-0.515001	-0.6414	-0.0522994	0.655515	-0.395185	-0.368137	-0.590854	0.470363	-0.542334	-0.109942	-0.789658	0.225095	-0.560076	-0.440962	-0.642946	0.490714	-0.389066
-0.415623	-0.604757	0.404846	-0.545551	-0.43674	-0.532319	0.417712	-0.5928	-0.656327	0.233649	0.447943	-0.560348	0.0303479	0.405502	0.211285	-0.888823	-0.44481	-0.37831	-0.263874	-0.767721	-0.740898	0.0189332	-0.429947	-0.515614	-0.6414	-0.0522994	0.655515	-0.395185	-0.344154	-0.609735	0.482334	-0.526437	-0.109942	-0.789658	0.225095	-0.560076	-0.440962	-0.642946	0.490714	-0.389066
-0.419739	-0.604431	0.40487	-0.542737	-0.436479	-0.533401	0.416603	-0.5928	-0.655509	0.236004	0.447172	-0.560935	0.0305705	0.406501	0.208468	-0.889024	-0.44488	-0.376632	-0.264573	-0.768265	-0.740545	0.0201571	-0.430486	-0.515625	-0.630874	-0.0650262	0.667769	-0.389685	-0.323311	-0.625756	0.491324	-0.512348	-0.116835	-0.786616	0.226793	-0.562272	-0.446733	-0.637218	0.484696	-0.399315
-0.419439	-0.605066	0.404655	-0.542422	-0.436443	-0.53343	0.415454	-0.593606	-0.655071	0.236274	0.447746	-0.560874	0.0315746	0.40675	0.208768	-0.888805	-0.444318	-0.376715	-0.265297	-0.7683	-0.740321	0.0210032	-0.431704	-0.514894	-0.630636	-0.0782921	0.66733	-0.38838	-0.291918	-0.649028	0.499126	-0.494388	-0.118924	-0.785659	0.224473	-0.564101	-0.446413	-0.636715	0.480571	-0.405415
-0.417126	-0.606729	0.404928	-0.542143	-0.43648	-0.533045	0.413999	-0.59494	-0.654625	0.236019	0.448463	-0.560929	0.032885	0.406589	0.209676	-0.888617	-0.443642	-0.377089	-0.266201	-0.768194	-0.740321	0.0210032	-0.431704	-0.514894	-0.629735	-0.0891703	0.669906	-0.383025	-0.291918	-0.649028	0.499126	-0.494388	-0.121268	-0.785194	0.220691	-0.565738	-0.447428	-0.635173	0.478218	-0.409478
-0.414988	-0.608085	0.406248	-0.541276	-0.436441	-0.532343	0.412834	-0.596404	-0.653943	0.235302	0.448858	-0.56171	0.0343054	0.406102	0.210491	-0.888593	-0.443161	-0.377256	-0.266702	-0.768216	-0.74026	0.021277	-0.43198	-0.514738	-0.628759	-0.0949553	0.675895	-0.372573	-0.282029	-0.657189	0.500022	-0.488406	-0.124839	-0.784614	0.219168	-0.566358	-0.448655	-0.633522	0.476997	-0.412107
-0.413844	-0.606878	0.411117	-0.539829	-0.434805	-0.532375	0.41386	-0.59686	-0.651875	0.234461	0.449328	-0.564085	0.0372429	0.405432	0.21118	-0.888617	-0.442329	-0.37635	-0.266006	-0.76938	-0.740675	0.022159	-0.431202	-0.514757	-0.628704	-0.108542	0.684154	-0.353388	-0.273885	-0.666414	0.498674	-0.481875	-0.131191	-0.782729	0.217703	-0.568093	-0.447719	-0.633107	0.472931	-0.418401
-0.411706	-0.60392	0.415212	-0.541643	-0.432147	-0.533266	0.417337	-0.595572	-0.649995	0.232454	0.451226	-0.565568	0.0404969	0.405079	0.213809	-0.888007	-0.441214	-0.375406	-0.264938	-0.770849	-0.740541	0.021694	-0.427945	-0.51768	-0.630899	-0.123657	0.688913	-0.334774	-0.284763	-0.656523	0.479113	-0.50827	-0.13462	-0.781565	0.213645	-0.570429	-0.447901	-0.632239	0.470341	-0.422419
-0.405323	-0.604846	0.419346	-0.542239	-0.429441	-0.532914	0.421559	-0.59487	-0.648779	0.230286	0.454837	-0.564957	0.0433912	0.40556	0.218107	-0.886604	-0.440447	-0.375051	-0.264059	-0.771762	-0.740624	0.0207667	-0.426058	-0.519152	-0.637886	-0.129642	0.693194	-0.309477	-0.286684	-0.650901	0.473763	-0.519316	-0.137613	-0.780352	0.213258	-0.571519	-0.445521	-0.632322	0.467727	-0.427681
-0.403116	-0.604901	0.421899	-0.541843	-0.428343	-0.532215	0.424496	-0.594199	-0.648317	0.229289	0.457163	-0.564016	0.0442537	0.406387	0.220504	-0.88559	-0.440583	-0.374079	-0.259174	-0.773809	-0.74061	0.0193695	-0.424308	-0.520657	-0.640105	-0.130005	0.69703	-0.295825	-0.31002	-0.635754	0.471305	-0.526856	-0.138644	-0.779031	0.212392	-0.573391	-0.442442	-0.63304	0.464279	-0.433534
-0.39516	-0.608669	0.427791	-0.538856	-0.427273	-0.529968	0.429939	-0.593063	-0.648988	0.2261	0.462679	-0.560019	0.0434047	0.407978	0.227592	-0.883104	-0.441284	-0.373816	-0.25714	-0.774216	-0.740892	0.0157906	-0.420651	-0.523337	-0.630973	-0.154507	0.696722	-0.304269	-0.307756	-0.63622	0.458889	-0.538452	-0.137777	-0.778581	0.212189	-0.574287	-0.439564	-0.631449	0.457676	-0.445632
-0.388512	-0.611587	0.42955	-0.538987	-0.42671	-0.528549	0.434121	-0.591687	-0.650118	0.224779	0.464714	-0.55755	0.0417156	0.408692	0.230621	-0.882068	-0.443644	-0.374378	-0.251598	-0.774415	-0.742316	0.0129294	-0.418063	-0.523472	-0.62687	-0.169032	0.692998	-0.313395	-0.311527	-0.632378	0.441181	-0.555345	-0.132932	-0.778073	0.207609	-0.57778	-0.440562	-0.629269	0.455636	-0.449801
-0.371272	-0.620824	0.429839	-0.540346	-0.425531	-0.528678	0.43772	-0.589767	-0.654498	0.224036	0.466383	-0.551296	0.0345544	0.409958	0.233949	-0.880913	-0.453686	-0.37302	-0.242628	-0.772112	-0.74372	0.0105684	-0.415926	-0.523235	-0.623003	-0.185926	0.692443	-0.312766	-0.314907	-0.62713	0.428443	-0.569191	-0.124299	-0.77923	0.18028	-0.587239	-0.436325	-0.63153	0.460234	-0.446066
-0.372515	-0.619959	0.430389	-0.540045	-0.423777	-0.531053	0.439669	-0.587441	-0.654498	0.224036	0.466383	-0.551296	0.0345544	0.409958	0.233949	-0.880913	-0.453686	-0.37302	-0.242628	-0.772112	-0.744196	0.00947505	-0.415171	-0.523179	-0.622311	-0.188495	0.69218	-0.313188	-0.314169	-0.626043	0.421351	-0.576048	-0.124299	-0.77923	0.18028	-0.587239	-0.436325	-0.63153	0.460234	-0.446066
-0.374943	-0.618269	0.431219	-0.539639	-0.423064	-0.531697	0.440971	-0.586395	-0.6554	0.222773	0.467963	-0.549394	0.0327145	0.410463	0.234806	-0.88052	-0.456437	-0.37319	-0.240041	-0.771217	-0.744737	0.00763594	-0.41491	-0.522646	-0.622451	-0.187712	0.693702	-0.309993	-0.315817	-0.623872	0.417153	-0.580541	-0.118508	-0.775644	0.197239	-0.587732	-0.410729	-0.652082	0.46537	-0.43534
-0.375678	-0.617507	0.432445	-0.53902	-0.423763	-0.530179	0.441172	-0.587114	-0.655331	0.222213	0.469315	-0.54855	0.0305648	0.412125	0.237342	-0.87914	-0.458702	-0.3748	-0.238204	-0.769659	-0.74542	0.0055445	-0.415043	-0.521592	-0.62281	-0.187004	0.694765	-0.307308	-0.318369	-0.621563	0.414398	-0.583588	-0.095718	-0.777293	0.196892	-0.589819	-0.397712	-0.662082	0.474049	-0.422789
-0.375678	-0.617507	0.432445	-0.53902	-0.423763	-0.530179	0.441172	-0.587114	-0.655331	0.222213	0.469315	-0.54855	0.0305648	0.412125	0.237342	-0.87914	-0.458702	-0.3748	-0.238204	-0.769659	-0.74542	0.0055445	-0.415043	-0.521592	-0.62281	-0.187004	0.694765	-0.307308	-0.318369	-0.621563	0.414398	-0.583588	-0.095718	-0.777293	0.196892	-0.589819	-0.397712	-0.662082	0.474049	-0.422789
-0.374855	-0.616991	0.433738	-0.539145	-0.426854	-0.526311	0.44035	-0.588968	-0.655277	0.221778	0.471827	-0.546631	0.0300783	0.413113	0.238335	-0.878424	-0.458558	-0.375474	-0.237825	-0.769534	-0.746807	0.00452497	-0.414106	-0.52036	-0.622443	-0.187219	0.695514	-0.306227	-0.320674	-0.618934	0.408024	-0.589581	-0.0844796	-0.77619	0.207027	-0.589519	-0.366971	-0.684306	0.492078	-0.393595
-0.37588	-0.615828	0.434714	-0.538975	-0.428221	-0.524892	0.439887	-0.589589	-0.655362	0.221869	0.472234	-0.546141	0.0301473	0.413952	0.239548	-0.877697	-0.457852	-0.375413	-0.238996	-0.769621	-0.747409	0.00437532	-0.413658	-0.519853	-0.621305	-0.184764	0.698469	-0.303288	-0.3222	-0.617425	0.40588	-0.591807	-0.0587014	-0.775578	0.224309	-0.587127	-0.347977	-0.696903	0.497873	-0.381262
-0.37648	-0.615468	0.437757	-0.536498	-0.430987	-0.521371	0.438846	-0.59147	-0.656248	0.223955	0.470939	-0.545343	0.0290906	0.413826	0.237757	-0.878279	-0.458832	-0.37366	-0.239754	-0.769656	-0.747998	0.00571652	-0.412749	-0.519716	-0.622665	-0.178121	0.699855	-0.301272	-0.32282	-0.616226	0.400174	-0.596585	-0.0340258	-0.771826	0.240774	-0.587499	-0.307783	-0.720721	0.507947	-0.357521
-0.376236	-0.61629	0.438878	-0.534808	-0.432085	-0.519918	0.439055	-0.591792	-0.656929	0.22488	0.470101	-0.544866	0.0283647	0.413261	0.237012	-0.878769	-0.458832	-0.37366	-0.239754	-0.769656	-0.74812	0.00701678	-0.412311	-0.519872	-0.622305	-0.174536	0.700286	-0.303106	-0.322146	-0.616354	0.39719	-0.598807	-0.0340258	-0.771826	0.240774	-0.587499	-0.287146	-0.731464	0.511102	-0.348256
-0.375938	-0.61775	0.440309	-0.53215	-0.433715	-0.518568	0.439669	-0.591329	-0.658446	0.225349	0.46922	-0.543598	0.0275529	0.412645	0.236633	-0.879187	-0.460768	-0.371257	-0.240094	-0.769556	-0.747826	0.00940919	-0.411832	-0.520636	-0.621875	-0.167253	0.697868	-0.313495	-0.320223	-0.617004	0.391024	-0.603211	-0.0108547	-0.766896	0.255385	-0.588669	-0.251018	-0.747635	0.513543	-0.33809
-0.372694	-0.621582	0.439248	-0.530845	-0.43299	-0.520509	0.441147	-0.58905	-0.659796	0.224022	0.470602	-0.541311	0.0254228	0.410587	0.2402	-0.879248	-0.463461	-0.368624	-0.237279	-0.770077	-0.746196	0.010913	-0.411679	-0.52306	-0.620808	-0.162094	0.691267	-0.332376	-0.319741	-0.616927	0.384129	-0.607957	0.0188246	-0.761424	0.26089	-0.593141	-0.225801	-0.756655	0.511495	-0.338911
-0.372179	-0.623355	0.43811	-0.530067	-0.431062	-0.523377	0.442166	-0.587155	-0.660933	0.222473	0.47127	-0.539979	0.0252006	0.409257	0.242681	-0.879193	-0.464081	-0.3687	-0.235048	-0.770352	-0.744726	0.0103528	-0.411825	-0.525049	-0.619333	-0.160732	0.686837	-0.344741	-0.320932	-0.615916	0.381361	-0.610093	0.024769	-0.760337	0.260357	-0.59455	-0.217064	-0.758475	0.50718	-0.346941
-0.372683	-0.624824	0.436169	-0.529584	-0.428586	-0.526997	0.443397	-0.584796	-0.662189	0.220469	0.47206	-0.538571	0.0256157	0.407127	0.246295	-0.879165	-0.464901	-0.368835	-0.232084	-0.770691	-0.743249	0.00853662	-0.411439	-0.527472	-0.617879	-0.159459	0.681477	-0.358312	-0.32408	-0.613659	0.379889	-0.61162	0.027843	-0.760135	0.258144	-0.595635	-0.213432	-0.757573	0.50222	-0.358196
-0.373857	-0.626151	0.433238	-0.529595	-0.425952	-0.530829	0.445248	-0.581842	-0.663264	0.217911	0.472919	-0.537534	0.0264062	0.405062	0.250187	-0.878996	-0.466346	-0.368853	-0.22737	-0.771215	-0.741681	0.00578675	-0.410868	-0.530154	-0.616894	-0.157252	0.675836	-0.371428	-0.327503	-0.611034	0.377907	-0.613649	0.0282274	-0.761017	0.254991	-0.595849	-0.219124	-0.752983	0.499101	-0.368646
-0.375956	-0.627249	0.429714	-0.529682	-0.423362	-0.534568	0.448372	-0.577896	-0.663885	0.21614	0.474255	-0.536306	0.0267656	0.404771	0.253	-0.878314	-0.467897	-0.368614	-0.221453	-0.77211	-0.739956	0.002681	-0.409743	-0.53345	-0.61632	-0.153984	0.669949	-0.384197	-0.330632	-0.608732	0.374464	-0.616364	0.0262433	-0.763181	0.250238	-0.595187	-0.230015	-0.748949	0.498169	-0.371478
-0.375956	-0.627249	0.429714	-0.529682	-0.423362	-0.534568	0.448372	-0.577896	-0.663885	0.21614	0.474255	-0.536306	0.0267656	0.404771	0.253	-0.878314	-0.467897	-0.368614	-0.221453	-0.77211	-0.739956	0.002681	-0.409743	-0.53345	-0.61632	-0.153984	0.669949	-0.384197	-0.330632	-0.608732	0.374464	-0.616364	0.0262433	-0.763181	0.250238	-0.595187	-0.230015	-0.748949	0.498169	-0.371478
-0.387882	-0.624323	0.425775	-0.527715	-0.419611	-0.538935	0.455912	-0.570631	-0.664557	0.214908	0.477688	-0.532909	0.0264985	0.40656	0.256359	-0.87652	-0.46852	-0.368114	-0.214975	-0.7738	-0.73645	-0.00414556	-0.405609	-0.541393	-0.616457	-0.142934	0.659884	-0.405097	-0.342548	-0.600745	0.371271	-0.619616	0.0265603	-0.767695	0.266499	-0.582166	-0.239522	-0.746406	0.487386	-0.384658
-0.393412	-0.623091	0.426676	-0.52434	-0.419366	-0.538639	0.459235	-0.568422	-0.66534	0.215121	0.479048	-0.53062	0.0252982	0.40808	0.25732	-0.875567	-0.468079	-0.368119	-0.212819	-0.77466	-0.735226	-0.00694752	-0.40388	-0.544312	-0.617209	-0.138336	0.652894	-0.416708	-0.35085	-0.595416	0.372563	-0.619339	0.0277336	-0.772944	0.264621	-0.57599	-0.242318	-0.746604	0.478855	-0.393143
-0.392909	-0.625314	0.427266	-0.521583	-0.420142	-0.537323	0.461837	-0.566984	-0.666882	0.216069	0.480353	-0.52711	0.0227743	0.410174	0.257986	-0.874461	-0.468061	-0.36826	-0.210166	-0.775328	-0.734653	-0.00938237	-0.402707	-0.545916	-0.617825	-0.134791	0.643871	-0.43076	-0.358546	-0.590753	0.373333	-0.618933	0.0317227	-0.776047	0.264586	-0.57161	-0.24476	-0.746533	0.470404	-0.401871
-0.390961	-0.627705	0.426707	-0.520632	-0.421018	-0.536607	0.464233	-0.565053	-0.668783	0.216544	0.481936	-0.523044	0.0196669	0.412248	0.259126	-0.873223	-0.468464	-0.368641	-0.207518	-0.775617	-0.734579	-0.0114356	-0.401739	-0.546688	-0.617402	-0.13375	0.633441	-0.446853	-0.365707	-0.586614	0.372988	-0.618888	0.0336523	-0.781842	0.252304	-0.569151	-0.250114	-0.74545	0.463831	-0.408177
-0.389798	-0.629329	0.42528	-0.52071	-0.421262	-0.537404	0.466054	-0.562609	-0.670752	0.215823	0.483514	-0.519352	0.0166636	0.413649	0.261218	-0.871999	-0.468716	-0.370008	-0.205833	-0.775262	-0.734586	-0.0132742	-0.401547	-0.546779	-0.615198	-0.135462	0.623818	-0.462637	-0.372887	-0.582396	0.371796	-0.619304	0.0305154	-0.787075	0.241054	-0.566987	-0.25715	-0.74392	0.458511	-0.412583
-0.39104	-0.628749	0.423836	-0.521657	-0.420996	-0.539229	0.467246	-0.560067	-0.672626	0.214366	0.484975	-0.51616	0.0141086	0.414367	0.263833	-0.870915	-0.468216	-0.372683	-0.204911	-0.774527	-0.734461	-0.0151993	-0.402051	-0.546526	-0.612699	-0.136643	0.617004	-0.474589	-0.379189	-0.578269	0.369117	-0.620946	0.0267501	-0.789845	0.249284	-0.559721	-0.26288	-0.743191	0.452761	-0.416616
-0.393109	-0.627072	0.422085	-0.523536	-0.420826	-0.540748	0.468001	-0.558096	-0.674025	0.212594	0.486208	-0.513903	0.0122038	0.414703	0.266407	-0.87	-0.46676	-0.376173	-0.204387	-0.773857	-0.734217	-0.0181952	-0.403165	-0.545942	-0.610712	-0.135438	0.614645	-0.480519	-0.386242	-0.573219	0.365968	-0.62314	0.0230062	-0.792398	0.245942	-0.557753	-0.270036	-0.742221	0.449449	-0.417354
-0.394437	-0.625188	0.420205	-0.526296	-0.420725	-0.54174	0.468131	-0.557102	-0.674834	0.210788	0.486985	-0.512848	0.0122038	0.414703	0.266407	-0.87	-0.46676	-0.376173	-0.204387	-0.773857	-0.733853	-0.0216249	-0.404243	-0.545509	-0.609941	-0.13416	0.614218	-0.482399	-0.394218	-0.56716	0.362574	-0.625669	0.0230062	-0.792398	0.245942	-0.557753	-0.270036	-0.742221	0.449449	-0.417354
-0.395636	-0.622828	0.417656	-0.530209	-0.421446	-0.541504	0.467308	-0.557477	-0.674756	0.209859	0.486822	-0.513486	0.0100991	0.414356	0.269063	-0.869374	-0.462488	-0.383803	-0.203904	-0.772802	-0.733603	-0.0249384	-0.404626	-0.54542	-0.610382	-0.133776	0.614404	-0.481712	-0.40399	-0.559265	0.360624	-0.627666	0.0113409	-0.796684	0.244013	-0.552833	-0.287316	-0.739007	0.448618	-0.412383
-0.397323	-0.620275	0.415628	-0.533523	-0.424618	-0.538079	0.463562	-0.561499	-0.6739	0.210891	0.485541	-0.515397	0.0107951	0.413782	0.267288	-0.870187	-0.461026	-0.385917	-0.204823	-0.77238	-0.73398	-0.028363	-0.403205	-0.545797	-0.6117	-0.132806	0.615851	-0.478449	-0.422895	-0.543131	0.355199	-0.632457	0.00552096	-0.798504	0.242775	-0.550836	-0.294941	-0.737281	0.447981	-0.410779
-0.401691	-0.614575	0.413027	-0.538842	-0.426871	-0.535608	0.461508	-0.56384	-0.671352	0.217729	0.481026	-0.520091	0.0153584	0.413002	0.25855	-0.873124	-0.460153	-0.385443	-0.20826	-0.772218	-0.734813	-0.0276502	-0.402143	-0.545496	-0.613265	-0.131105	0.621944	-0.468938	-0.430087	-0.536661	0.350151	-0.635936	-0.00333534	-0.801079	0.240072	-0.548294	-0.304872	-0.73498	0.445408	-0.410451
-0.403252	-0.612117	0.411979	-0.541271	-0.431354	-0.531387	0.456822	-0.568221	-0.668886	0.224551	0.476246	-0.524746	0.0175785	0.412684	0.253811	-0.874621	-0.46041	-0.383861	-0.210119	-0.772349	-0.736873	-0.0228416	-0.402052	-0.543001	-0.613875	-0.129694	0.626137	-0.462914	-0.442713	-0.523989	0.342068	-0.642207	-0.00713742	-0.802017	0.238862	-0.547414	-0.309365	-0.733674	0.444851	-0.410029
-0.404888	-0.60937	0.410699	-0.544114	-0.431354	-0.531387	0.456822	-0.568221	-0.668886	0.224551	0.476246	-0.524746	0.0175785	0.412684	0.253811	-0.874621	-0.46041	-0.383861	-0.210119	-0.772349	-0.736873	-0.0228416	-0.402052	-0.543001	-0.614458	-0.12874	0.629683	-0.457566	-0.442713	-0.523989	0.342068	-0.642207	-0.00713742	-0.802017	0.238862	-0.547414	-0.309365	-0.733674	0.444851	-0.410029
-0.406439	-0.606463	0.409061	-0.54743	-0.433176	-0.529574	0.454013	-0.570774	-0.667701	0.227426	0.474076	-0.526977	0.0210264	0.41179	0.245748	-0.877265	-0.46148	-0.380485	-0.215459	-0.77191	-0.737608	-0.0197267	-0.40328	-0.541212	-0.614724	-0.12867	0.632237	-0.45369	-0.448307	-0.518539	0.338174	-0.644808	-0.0127982	-0.803233	0.235733	-0.546885	-0.315626	-0.73179	0.443601	-0.409978
-0.407116	-0.603309	0.405192	-0.553258	-0.436547	-0.524951	0.448628	-0.576703	-0.665101	0.232944	0.470085	-0.531412	0.0243229	0.411231	0.238599	-0.879413	-0.462702	-0.377342	-0.222116	-0.770833	-0.738519	-0.0123752	-0.406296	-0.537923	-0.615408	-0.129697	0.636348	-0.446669	-0.458958	-0.508507	0.332616	-0.648186	-0.0173167	-0.804124	0.231614	-0.547211	-0.320904	-0.730512	0.444316	-0.407376
-0.408039	-0.601964	0.403762	-0.555085	-0.437916	-0.522524	0.446499	-0.579514	-0.663475	0.236135	0.468141	-0.533746	0.0259852	0.411309	0.234492	-0.880433	-0.46387	-0.375103	-0.224952	-0.770401	-0.738844	-0.00815393	-0.407626	-0.536548	-0.616527	-0.129246	0.637866	-0.443078	-0.464008	-0.503664	0.332349	-0.648509	-0.018489	-0.804854	0.229262	-0.547089	-0.321473	-0.730895	0.443337	-0.407309
-0.409897	-0.59985	0.402819	-0.556688	-0.438921	-0.520363	0.444909	-0.581916	-0.6618	0.239307	0.466735	-0.535641	0.0277846	0.411925	0.230654	-0.881104	-0.464949	-0.372949	-0.227941	-0.769919	-0.739073	-0.0041307	-0.409005	-0.535228	-0.617574	-0.128049	0.638677	-0.440792	-0.467412	-0.500317	0.332236	-0.648713	-0.0193428	-0.805321	0.228054	-0.546879	-0.321106	-0.731413	0.44185	-0.408282
-0.412417	-0.596624	0.401128	-0.559507	-0.440337	-0.516868	0.443104	-0.585328	-0.658954	0.243733	0.466806	-0.53709	0.0315586	0.413971	0.226629	-0.881063	-0.465986	-0.370322	-0.232693	-0.769138	-0.739544	0.00151758	-0.411369	-0.532774	-0.618292	-0.12458	0.638937	-0.440403	-0.469064	-0.498148	0.331466	-0.649583	-0.022223	-0.804967	0.226472	-0.547946	-0.321319	-0.731733	0.44188	-0.407509
-0.410756	-0.597062	0.399164	-0.561662	-0.441019	-0.515267	0.442128	-0.586963	-0.657752	0.244862	0.46742	-0.537515	0.0329971	0.414892	0.225981	-0.880743	-0.466594	-0.369067	-0.23377	-0.769046	-0.739544	0.00151758	-0.411369	-0.532774	-0.618216	-0.123952	0.638632	-0.441128	-0.469994	-0.496872	0.332364	-0.649429	-0.0238963	-0.804917	0.224645	-0.5487	-0.322735	-0.731518	0.443632	-0.404864
-0.410756	-0.597062	0.399164	-0.561662	-0.441424	-0.51402	0.441012	-0.588589	-0.657752	0.244862	0.46742	-0.537515	0.0329971	0.414892	0.225981	-0.880743	-0.466594	-0.369067	-0.23377	-0.769046	-0.74011	0.0052008	-0.411151	-0.532133	-0.618216	-0.123952	0.638632	-0.441128	-0.470685	-0.496141	0.332448	-0.649444	-0.0238963	-0.804917	0.224645	-0.5487	-0.322735	-0.731518	0.443632	-0.404864
-0.410056	-0.596463	0.3972	-0.564196	-0.441658	-0.512787	0.440521	-0.589855	-0.655567	0.248108	0.467153	-0.538928	0.0349178	0.416249	0.222822	-0.880833	-0.468287	-0.365986	-0.236114	-0.768773	-0.74011	0.0052008	-0.411151	-0.532133	-0.618919	-0.123747	0.6376	-0.441692	-0.471638	-0.495211	0.332795	-0.649285	-0.0267556	-0.804966	0.224655	-0.548492	-0.322252	-0.73193	0.443892	-0.404218
-0.410056	-0.596463	0.3972	-0.564196	-0.441658	-0.512787	0.440521	-0.589855	-0.655567	0.248108	0.467153	-0.538928	0.0349178	0.416249	0.222822	-0.880833	-0.468287	-0.365986	-0.236114	-0.768773	-0.74011	0.0052008	-0.411151	-0.532133	-0.618919	-0.123747	0.6376	-0.441692	-0.471638	-0.495211	0.332795	-0.649285	-0.0267556	-0.804966	0.224655	-0.548492	-0.322252	-0.73193	0.443892	-0.404218
-0.411202	-0.595421	0.397343	-0.564363	-0.441894	-0.51132	0.440079	-0.59128	-0.654726	0.249842	0.46697	-0.539307	0.0357243	0.416953	0.221375	-0.880833	-0.468509	-0.365428	-0.237418	-0.768502	-0.740516	0.00711755	-0.410249	-0.532241	-0.619137	-0.122906	0.63809	-0.440914	-0.472201	-0.494165	0.332687	-0.649728	-0.028331	-0.80483	0.224426	-0.548706	-0.322682	-0.731726	0.444762	-0.403286
-0.411637	-0.594841	0.397886	-0.564274	-0.442236	-0.509927	0.439459	-0.592687	-0.654051	0.250975	0.467211	-0.539391	0.0364807	0.417694	0.22054	-0.88066	-0.468394	-0.36515	-0.237824	-0.768578	-0.74086	0.00750334	-0.409881	-0.532041	-0.61919	-0.121878	0.638911	-0.439934	-0.472201	-0.494165	0.332687	-0.649728	-0.0301701	-0.804458	0.225375	-0.548765	-0.32339	-0.731437	0.445802	-0.402095
-0.41151	-0.594233	0.398156	-0.564817	-0.442643	-0.508836	0.43892	-0.593719	-0.653506	0.251654	0.467598	-0.5394	0.0369314	0.418491	0.219899	-0.880424	-0.468323	-0.364687	-0.237748	-0.768865	-0.741263	0.00783846	-0.409407	-0.531839	-0.619492	-0.120939	0.639281	-0.43923	-0.472926	-0.49318	0.333694	-0.649433	-0.0314751	-0.804238	0.226281	-0.548641	-0.324137	-0.731065	0.446742	-0.401123
-0.410849	-0.593239	0.397768	-0.566614	-0.443389	-0.507132	0.437549	-0.59563	-0.652773	0.253387	0.467245	-0.539782	0.0370529	0.419609	0.217836	-0.880399	-0.467667	-0.364303	-0.238796	-0.769121	-0.741658	0.00803647	-0.408596	-0.53191	-0.620278	-0.119933	0.639051	-0.438731	-0.474254	-0.491757	0.335885	-0.648413	-0.0315548	-0.804169	0.225732	-0.548963	-0.323566	-0.731228	0.446768	-0.401258
-0.410483	-0.593235	0.397098	-0.567352	-0.44332	-0.50663	0.436795	-0.596661	-0.652479	0.254943	0.466875	-0.539726	0.0372004	0.420246	0.216312	-0.880465	-0.467528	-0.364673	-0.2391	-0.768936	-0.741576	0.00731432	-0.408459	-0.532139	-0.620312	-0.120616	0.638628	-0.439112	-0.474329	-0.491698	0.336577	-0.648045	-0.0316776	-0.804118	0.225361	-0.549185	-0.323549	-0.731154	0.447153	-0.400978
-0.410412	-0.592917	0.396424	-0.568207	-0.443354	-0.505866	0.436114	-0.59778	-0.652152	0.256375	0.46663	-0.539653	0.0374748	0.420951	0.214873	-0.880469	-0.467725	-0.365092	-0.238934	-0.768669	-0.741391	0.00637713	-0.408383	-0.532468	-0.620529	-0.120943	0.638103	-0.439477	-0.474417	-0.491571	0.33744	-0.647627	-0.0316511	-0.804015	0.225241	-0.549385	-0.323266	-0.73122	0.447403	-0.400808
-0.41008	-0.592795	0.395091	-0.5695	-0.443211	-0.504874	0.435298	-0.599318	-0.650948	0.258775	0.466921	-0.539711	0.0376704	0.421833	0.213712	-0.880321	-0.46794	-0.365335	-0.238913	-0.768429	-0.741126	0.0053687	-0.407788	-0.533303	-0.621112	-0.120768	0.637924	-0.438963	-0.4745	-0.491415	0.338645	-0.647056	-0.0315317	-0.803954	0.224395	-0.549827	-0.322751	-0.731426	0.447598	-0.400629
-0.409935	-0.592777	0.394531	-0.570012	-0.443103	-0.504546	0.435082	-0.59983	-0.650074	0.259857	0.467314	-0.539903	0.0385694	0.423712	0.2119	-0.879818	-0.467989	-0.364972	-0.23902	-0.768538	-0.741217	0.00516779	-0.407174	-0.533647	-0.62127	-0.120734	0.637856	-0.438847	-0.474687	-0.491148	0.339399	-0.646726	-0.0314473	-0.803812	0.223746	-0.550304	-0.321709	-0.731771	0.447736	-0.400684
-0.409648	-0.592516	0.394446	-0.570548	-0.442708	-0.503757	0.434848	-0.600954	-0.648388	0.261152	0.467853	-0.540838	0.0408189	0.424551	0.210718	-0.879596	-0.467644	-0.364349	-0.238962	-0.769062	-0.741507	0.00510067	-0.406087	-0.534074	-0.621336	-0.119827	0.638605	-0.437912	-0.475059	-0.490586	0.340114	-0.646503	-0.0317115	-0.803462	0.224491	-0.550497	-0.321477	-0.731671	0.4481	-0.400646
-0.409161	-0.592632	0.394398	-0.570811	-0.442523	-0.503456	0.434817	-0.601365	-0.64785	0.261386	0.468005	-0.541239	0.0414233	0.424744	0.210472	-0.879533	-0.467482	-0.363921	-0.239029	-0.769342	-0.741615	0.00538947	-0.405604	-0.534289	-0.621366	-0.119458	0.639117	-0.437223	-0.475273	-0.490274	0.340296	-0.646487	-0.0321439	-0.803369	0.224743	-0.550504	-0.321395	-0.731721	0.448271	-0.400429
-0.409161	-0.592632	0.394398	-0.570811	-0.442423	-0.50335	0.434947	-0.601434	-0.64785	0.261386	0.468005	-0.541239	0.0414233	0.424744	0.210472	-0.879533	-0.467482	-0.363921	-0.239029	-0.769342	-0.741789	0.0058571	-0.405241	-0.534316	-0.621366	-0.119458	0.639117	-0.437223	-0.4753	-0.490167	0.340108	-0.646648	-0.0321439	-0.803369	0.224743	-0.550504	-0.321395	-0.731721	0.448271	-0.400429
-0.408947	-0.592507	0.394555	-0.570986	-0.442252	-0.503435	0.435161	-0.601332	-0.647421	0.261693	0.46797	-0.541633	0.0419899	0.424812	0.210067	-0.87957	-0.467355	-0.362841	-0.238953	-0.769953	-0.741829	0.00639516	-0.405152	-0.534323	-0.621228	-0.119176	0.639252	-0.437299	-0.475696	-0.489631	0.340633	-0.646486	-0.032447	-0.80328	0.224539	-0.5507	-0.321715	-0.73157	0.448754	-0.399906
-0.409096	-0.59229	0.394657	-0.571033	-0.442111	-0.50346	0.435368	-0.601266	-0.647421	0.261779	0.467835	-0.541708	0.0419615	0.424849	0.209862	-0.879603	-0.467128	-0.362784	-0.239122	-0.770065	-0.741711	0.00676127	-0.405388	-0.534303	-0.621142	-0.118967	0.639318	-0.437381	-0.475733	-0.489422	0.340525	-0.646673	-0.0326607	-0.803279	0.224669	-0.550636	-0.322076	-0.731357	0.449056	-0.399665
-0.409096	-0.59229	0.394657	-0.571033	-0.442111	-0.50346	0.435368	-0.601266	-0.647421	0.261779	0.467835	-0.541708	0.0419615	0.424849	0.209862	-0.879603	-0.467128	-0.362784	-0.239122	-0.770065	-0.741711	0.00676127	-0.405388	-0.534303	-0.621142	-0.118967	0.639318	-0.437381	-0.475733	-0.489422	0.340525	-0.646673	-0.0326607	-0.803279	0.224669	-0.550636	-0.322076	-0.731357	0.449056	-0.399665
-0.40924	-0.591831	0.394663	-0.571402	-0.44206	-0.503146	0.43575	-0.60129	-0.647436	0.262331	0.468082	-0.54121	0.0420806	0.425198	0.209747	-0.879456	-0.465732	-0.363402	-0.239524	-0.770494	-0.741105	0.0064084	-0.406016	-0.534671	-0.621418	-0.118024	0.639615	-0.43681	-0.476297	-0.488772	0.340972	-0.646515	-0.0332376	-0.803287	0.22491	-0.550491	-0.322825	-0.730981	0.449541	-0.399204
-0.409508	-0.59148	0.394731	-0.571526	-0.442079	-0.503057	0.435959	-0.601199	-0.647398	0.262755	0.468174	-0.540969	0.0421054	0.425418	0.209524	-0.879401	-0.465351	-0.363589	-0.239481	-0.77065	-0.740982	0.00594548	-0.405912	-0.534925	-0.621355	-0.117829	0.639805	-0.436673	-0.476234	-0.488929	0.340659	-0.646607	-0.0333978	-0.803207	0.225072	-0.550532	-0.32296	-0.730869	0.449629	-0.3992
-0.409822	-0.591068	0.3949	-0.57161	-0.442116	-0.502925	0.436022	-0.601236	-0.647404	0.262988	0.468202	-0.540825	0.0422282	0.425611	0.209305	-0.879354	-0.465071	-0.363756	-0.239448	-0.770749	-0.74091	0.00547941	-0.405596	-0.53527	-0.621347	-0.117795	0.639789	-0.436717	-0.476244	-0.488925	0.340659	-0.646603	-0.0331578	-0.803288	0.22514	-0.5504	-0.323129	-0.730747	0.449718	-0.399188
-0.409777	-0.59081	0.395289	-0.571641	-0.442527	-0.502156	0.435909	-0.601658	-0.647474	0.263477	0.467976	-0.540699	0.0420922	0.425719	0.208909	-0.879402	-0.464795	-0.363883	-0.239306	-0.7709	-0.740968	0.00460375	-0.404792	-0.535806	-0.621247	-0.117444	0.640253	-0.436275	-0.47675	-0.488407	0.341196	-0.646339	-0.0335952	-0.803237	0.225799	-0.550179	-0.323766	-0.730425	0.450045	-0.398892
-0.409915	-0.590665	0.395732	-0.571386	-0.442726	-0.501834	0.436007	-0.601709	-0.647442	0.26388	0.46775	-0.540737	0.0421619	0.425701	0.208435	-0.87952	-0.464904	-0.363684	-0.239057	-0.771006	-0.741258	0.00445268	-0.404241	-0.535823	-0.621319	-0.117149	0.640549	-0.435816	-0.476621	-0.488632	0.340801	-0.646472	-0.0335956	-0.803329	0.226498	-0.549756	-0.324	-0.730234	0.45012	-0.398966
-0.410305	-0.590287	0.396205	-0.571168	-0.442845	-0.501711	0.43613	-0.601635	-0.647337	0.264277	0.46748	-0.540902	0.0424158	0.425709	0.207836	-0.879646	-0.465076	-0.363475	-0.238856	-0.771063	-0.741569	0.00436953	-0.403908	-0.535644	-0.621185	-0.117112	0.640696	-0.435802	-0.476403	-0.488851	0.3406	-0.646573	-0.0332983	-0.803336	0.227138	-0.549501	-0.324127	-0.730055	0.450099	-0.399215
-0.410433	-0.590097	0.396588	-0.571006	-0.443137	-0.501368	0.436397	-0.601513	-0.64716	0.264837	0.467256	-0.541034	0.0426402	0.425832	0.207126	-0.879743	-0.46532	-0.363363	-0.238482	-0.771084	-0.741765	0.00432299	-0.403889	-0.535387	-0.621003	-0.117081	0.64094	-0.43571	-0.476521	-0.488631	0.341077	-0.646401	-0.0329504	-0.803346	0.227589	-0.54932	-0.324106	-0.729931	0.45003	-0.399537
-0.409917	-0.590416	0.397093	-0.570696	-0.443754	-0.500666	0.437211	-0.601051	-0.646611	0.266151	0.466959	-0.541302	0.0433413	0.426349	0.205492	-0.879842	-0.466105	-0.363272	-0.237818	-0.770858	-0.742152	0.00440336	-0.404054	-0.534725	-0.620997	-0.11703	0.641515	-0.434887	-0.476144	-0.48905	0.340741	-0.646539	-0.032059	-0.803478	0.227858	-0.549068	-0.323635	-0.729999	0.449857	-0.399989
-0.409844	-0.590765	0.397427	-0.570155	-0.444674	-0.500366	0.437382	-0.600496	-0.645982	0.267586	0.466205	-0.541994	0.0439008	0.426863	0.203214	-0.880094	-0.466818	-0.363223	-0.237523	-0.770541	-0.742693	0.00458181	-0.404537	-0.533607	-0.62104	-0.117778	0.641438	-0.434736	-0.475753	-0.489311	0.340423	-0.646797	-0.0317108	-0.8035	0.228081	-0.548964	-0.323007	-0.730048	0.449809	-0.40046
-0.410043	-0.590857	0.397577	-0.569812	-0.445099	-0.500473	0.437303	-0.60015	-0.645759	0.268326	0.465588	-0.542424	0.0439915	0.426868	0.202036	-0.880358	-0.468188	-0.363804	-0.23777	-0.769358	-0.743002	0.0046556	-0.405084	-0.53276	-0.620799	-0.118182	0.64179	-0.434449	-0.475877	-0.489016	0.340881	-0.646687	-0.0306899	-0.803299	0.228663	-0.549074	-0.322598	-0.73007	0.449813	-0.400744
