FULLBODY	1																																						
Frames:	147																																						
-0.396114	-0.611871	0.40098	-0.554909	-0.397628	-0.571254	0.365751	-0.617889	-0.721131	-0.195999	0.587479	-0.31052	-0.68308	-0.0858444	0.661567	-0.297257	-0.0563947	-0.648991	0.00270849	-0.758698	-0.122328	-0.643089	-0.0629387	-0.753333	-0.684181	-0.18546	0.671048	-0.217243	-0.442214	-0.583083	0.487779	-0.475954	-0.126148	-0.734403	0.185191	-0.640658	-0.392856	-0.61356	0.460011	-0.507541
-0.397994	-0.609594	0.402554	-0.554929	-0.398696	-0.566126	0.362946	-0.623549	-0.718138	-0.199256	0.591639	-0.307471	-0.679152	-0.0895544	0.665985	-0.29529	-0.043761	-0.653801	0.0104075	-0.755328	-0.126542	-0.656512	-0.0471612	-0.742129	-0.67996	-0.190048	0.675254	-0.213468	-0.444319	-0.582574	0.487617	-0.474782	-0.124331	-0.734507	0.185324	-0.640855	-0.392875	-0.615066	0.457931	-0.507585
-0.398134	-0.609492	0.402586	-0.554918	-0.398603	-0.566696	0.363303	-0.622883	-0.718304	-0.199443	0.591474	-0.307278	-0.67928	-0.0897145	0.66583	-0.295296	-0.0434781	-0.654048	0.0106349	-0.755128	-0.126085	-0.657025	-0.0472762	-0.741745	-0.679944	-0.18991	0.675251	-0.213648	-0.444166	-0.582442	0.487756	-0.474945	-0.124425	-0.734419	0.18527	-0.640954	-0.392785	-0.61504	0.457992	-0.507631
-0.398455	-0.609239	0.402824	-0.554792	-0.398554	-0.566944	0.363441	-0.622608	-0.718592	-0.19996	0.591039	-0.307107	-0.679662	-0.0904567	0.665459	-0.295028	-0.0432972	-0.654483	0.0110553	-0.754755	-0.125986	-0.657205	-0.047269	-0.741603	-0.679831	-0.189431	0.675527	-0.213562	-0.444277	-0.582261	0.487862	-0.474954	-0.124665	-0.734229	0.185213	-0.641141	-0.392621	-0.615009	0.458043	-0.507748
-0.398455	-0.609239	0.402824	-0.554792	-0.398554	-0.566944	0.363441	-0.622608	-0.718592	-0.19996	0.591039	-0.307107	-0.679662	-0.0904567	0.665459	-0.295028	-0.0432972	-0.654483	0.0110553	-0.754755	-0.125986	-0.657205	-0.047269	-0.741603	-0.679831	-0.189431	0.675527	-0.213562	-0.444277	-0.582261	0.487862	-0.474954	-0.124665	-0.734229	0.185213	-0.641141	-0.392621	-0.615009	0.458043	-0.507748
-0.398603	-0.609175	0.403089	-0.554563	-0.39864	-0.567332	0.363895	-0.621934	-0.718829	-0.200541	0.590809	-0.306615	-0.680065	-0.0913553	0.665257	-0.294277	-0.0434046	-0.654864	0.0113507	-0.754414	-0.126033	-0.657496	-0.0471167	-0.741347	-0.67983	-0.18911	0.675643	-0.213486	-0.444343	-0.582027	0.487887	-0.475153	-0.124957	-0.733921	0.185167	-0.641451	-0.392483	-0.614989	0.458131	-0.507801
-0.398685	-0.609153	0.403318	-0.554362	-0.398791	-0.567636	0.364921	-0.620957	-0.719133	-0.201069	0.590802	-0.305568	-0.67982	-0.0917821	0.665968	-0.293101	-0.043456	-0.655122	0.0115057	-0.754185	-0.126553	-0.657765	-0.0470038	-0.741026	-0.67965	-0.188999	0.675769	-0.213756	-0.444131	-0.581903	0.48783	-0.475561	-0.125338	-0.733644	0.185201	-0.641683	-0.392317	-0.614953	0.458208	-0.507903
-0.398918	-0.608885	0.403315	-0.554492	-0.398988	-0.567532	0.365215	-0.620753	-0.719674	-0.201546	0.590751	-0.304074	-0.678846	-0.0911277	0.666855	-0.293546	-0.0443052	-0.65527	0.0118441	-0.754001	-0.126922	-0.657667	-0.0468463	-0.74106	-0.679544	-0.188908	0.675855	-0.213899	-0.444198	-0.581779	0.487869	-0.47561	-0.125255	-0.733304	0.184468	-0.642299	-0.391831	-0.615181	0.458079	-0.508119
-0.39941	-0.608489	0.403827	-0.554198	-0.399764	-0.567079	0.365838	-0.620301	-0.721373	-0.200796	0.590351	-0.30131	-0.67583	-0.0855667	0.669244	-0.296723	-0.0459649	-0.655289	0.0119436	-0.753884	-0.127678	-0.657214	-0.0468498	-0.741332	-0.679615	-0.188441	0.675979	-0.213696	-0.444231	-0.58164	0.487855	-0.475764	-0.125371	-0.733151	0.184535	-0.642432	-0.391501	-0.615268	0.457942	-0.508391
-0.40019	-0.607773	0.404347	-0.554043	-0.402473	-0.565103	0.367355	-0.619455	-0.7241	-0.196404	0.591364	-0.295623	-0.671622	-0.0697231	0.672736	-0.302472	-0.0491585	-0.654957	0.0122869	-0.753965	-0.131176	-0.655397	-0.0468793	-0.742327	-0.679674	-0.187712	0.676217	-0.213396	-0.444677	-0.581165	0.488078	-0.475699	-0.125926	-0.732852	0.185272	-0.642452	-0.391425	-0.615249	0.458068	-0.50836
-0.401309	-0.606866	0.405254	-0.553564	-0.403752	-0.564098	0.368028	-0.619139	-0.72666	-0.189781	0.592386	-0.291593	-0.665693	-0.047888	0.675614	-0.313217	-0.0543494	-0.654011	0.013463	-0.75441	-0.133688	-0.654357	-0.0464824	-0.742822	-0.679848	-0.186657	0.676499	-0.212874	-0.444873	-0.58094	0.488215	-0.47565	-0.126801	-0.732491	0.186026	-0.642474	-0.391527	-0.615151	0.458354	-0.508141
-0.402143	-0.606199	0.405738	-0.553336	-0.404993	-0.563119	0.368691	-0.618825	-0.727518	-0.18864	0.591797	-0.291389	-0.661325	-0.0347986	0.676608	-0.321933	-0.058886	-0.653825	0.0152192	-0.754197	-0.136348	-0.650518	-0.0549079	-0.745131	-0.679941	-0.185973	0.676686	-0.21258	-0.445267	-0.580529	0.48847	-0.475521	-0.127157	-0.732417	0.186647	-0.642308	-0.391457	-0.615164	0.45833	-0.508201
-0.403034	-0.60551	0.406155	-0.553135	-0.406123	-0.562407	0.369619	-0.618178	-0.729271	-0.185662	0.591446	-0.28963	-0.655426	-0.0188014	0.677872	-0.332496	-0.0625252	-0.653546	0.0154495	-0.754141	-0.136348	-0.650518	-0.0549079	-0.745131	-0.680074	-0.185271	0.676805	-0.212388	-0.445267	-0.580529	0.48847	-0.475521	-0.127576	-0.732266	0.186973	-0.642302	-0.391301	-0.615281	0.458262	-0.50824
-0.403747	-0.604998	0.406531	-0.5529	-0.407446	-0.561478	0.370688	-0.617511	-0.731929	-0.180415	0.590935	-0.287272	-0.648177	-0.000726471	0.678922	-0.344864	-0.0664977	-0.651855	0.0141464	-0.75529	-0.140109	-0.647368	-0.0601346	-0.746771	-0.680176	-0.184718	0.676851	-0.212396	-0.445664	-0.580102	0.488625	-0.47551	-0.12807	-0.732017	0.186886	-0.642513	-0.391164	-0.615361	0.458334	-0.508184
-0.405949	-0.603548	0.407269	-0.55233	-0.409459	-0.559896	0.372825	-0.616329	-0.738283	-0.165124	0.586924	-0.288432	-0.618986	0.058151	0.672027	-0.402312	-0.0810202	-0.643173	0.012954	-0.761312	-0.175871	-0.624047	-0.0747681	-0.757657	-0.680391	-0.182647	0.677228	-0.212298	-0.446275	-0.57955	0.488711	-0.475523	-0.128635	-0.731696	0.186244	-0.642952	-0.390568	-0.615655	0.457721	-0.508839
-0.40642	-0.603219	0.40722	-0.552379	-0.409998	-0.559282	0.373467	-0.616139	-0.740593	-0.15769	0.584825	-0.290921	-0.605714	0.0804193	0.666408	-0.427251	-0.0991218	-0.630258	0.00636046	-0.770006	-0.191556	-0.611793	-0.0852044	-0.762729	-0.680468	-0.18224	0.677203	-0.212482	-0.446518	-0.579292	0.488619	-0.475704	-0.12875	-0.731476	0.185012	-0.643534	-0.390266	-0.615807	0.457295	-0.50927
-0.407447	-0.602467	0.407138	-0.552502	-0.411254	-0.557736	0.374723	-0.615941	-0.744396	-0.138591	0.578428	-0.30346	-0.573873	0.129139	0.649386	-0.481965	-0.117291	-0.6147	-0.0103556	-0.779923	-0.228721	-0.580822	-0.113096	-0.773008	-0.680422	-0.181472	0.677227	-0.213206	-0.446995	-0.578813	0.488345	-0.476121	-0.128967	-0.731104	0.182775	-0.644553	-0.389983	-0.615993	0.456529	-0.509949
-0.40807	-0.601985	0.407101	-0.552596	-0.412355	-0.556493	0.37538	-0.615929	-0.745462	-0.126734	0.575415	-0.311645	-0.555243	0.154473	0.637855	-0.510866	-0.126948	-0.606547	-0.0208693	-0.78457	-0.250551	-0.562198	-0.130492	-0.777258	-0.680486	-0.180854	0.677295	-0.213311	-0.447454	-0.578409	0.488278	-0.476249	-0.129231	-0.731105	0.182492	-0.644578	-0.390189	-0.615835	0.45639	-0.510106
-0.409944	-0.600481	0.407571	-0.552498	-0.414336	-0.554281	0.376389	-0.615979	-0.746937	-0.095817	0.568165	-0.331802	-0.510838	0.207062	0.608993	-0.570349	-0.147531	-0.590517	-0.0460377	-0.792089	-0.299846	-0.519657	-0.167887	-0.782217	-0.680772	-0.179025	0.677607	-0.212952	-0.448016	-0.57793	0.48826	-0.476319	-0.130629	-0.730855	0.182919	-0.64446	-0.390837	-0.615469	0.456402	-0.510042
-0.413086	-0.597418	0.408437	-0.552839	-0.418397	-0.550201	0.378331	-0.615702	-0.742769	-0.0414728	0.555269	-0.37182	-0.433004	0.280686	0.549052	-0.657468	-0.169587	-0.573832	-0.0726996	-0.797917	-0.383927	-0.444756	-0.226071	-0.776971	-0.68151	-0.175621	0.677988	-0.21221	-0.450644	-0.575888	0.488662	-0.475901	-0.132789	-0.730487	0.184108	-0.644096	-0.392319	-0.614778	0.4571	-0.50911
-0.41429	-0.596263	0.409015	-0.552757	-0.420005	-0.548419	0.379194	-0.615666	-0.739308	-0.021618	0.550777	-0.386782	-0.404389	0.302748	0.526278	-0.683992	-0.195817	-0.557324	-0.0962492	-0.801113	-0.383927	-0.444756	-0.226071	-0.776971	-0.681828	-0.174443	0.678091	-0.211831	-0.451334	-0.575434	0.488786	-0.47567	-0.134336	-0.730452	0.185598	-0.643388	-0.392643	-0.61467	0.457175	-0.508924
-0.41666	-0.593979	0.410289	-0.552491	-0.423124	-0.545181	0.380822	-0.615401	-0.729804	0.0142559	0.539384	-0.419818	-0.345511	0.340788	0.47591	-0.733481	-0.211459	-0.548105	-0.104899	-0.80241	-0.440276	-0.391562	-0.265151	-0.763237	-0.682613	-0.171882	0.678351	-0.21056	-0.452785	-0.574455	0.489143	-0.475107	-0.135222	-0.730279	0.186236	-0.643214	-0.393102	-0.614694	0.457339	-0.508393
-0.417903	-0.592902	0.411098	-0.552108	-0.424262	-0.543889	0.381965	-0.615052	-0.724845	0.0338588	0.533393	-0.434679	-0.315554	0.357523	0.448973	-0.755663	-0.24295	-0.530412	-0.122775	-0.802848	-0.495306	-0.336749	-0.299613	-0.742633	-0.682894	-0.170656	0.678559	-0.209975	-0.453152	-0.574277	0.489075	-0.475043	-0.136657	-0.730062	0.187336	-0.642838	-0.393311	-0.614723	0.457463	-0.508085
-0.421068	-0.590184	0.413093	-0.551125	-0.428037	-0.540265	0.384846	-0.613833	-0.707676	0.090845	0.51162	-0.478735	-0.228696	0.3944	0.368548	-0.810135	-0.283877	-0.505825	-0.156336	-0.799446	-0.567807	-0.256022	-0.343954	-0.702669	-0.683704	-0.167848	0.678883	-0.208552	-0.454784	-0.573259	0.489364	-0.474414	-0.138773	-0.729617	0.189363	-0.642295	-0.393522	-0.615039	0.457636	-0.507383
-0.422881	-0.588781	0.414815	-0.549943	-0.431292	-0.537313	0.386381	-0.613182	-0.695488	0.124955	0.49654	-0.504114	-0.176606	0.410394	0.321112	-0.83503	-0.312781	-0.489241	-0.176937	-0.794672	-0.607981	-0.20594	-0.367322	-0.673069	-0.684291	-0.165886	0.679204	-0.207148	-0.455901	-0.572604	0.48951	-0.473981	-0.139778	-0.72932	0.190459	-0.64209	-0.393707	-0.615196	0.457927	-0.506785
-0.424914	-0.587183	0.416548	-0.548773	-0.434614	-0.534671	0.387489	-0.612446	-0.683376	0.154146	0.482675	-0.525606	-0.129972	0.420247	0.280486	-0.853128	-0.32787	-0.480836	-0.185283	-0.791814	-0.6414	-0.157917	-0.384903	-0.644607	-0.684813	-0.164161	0.67954	-0.20569	-0.456875	-0.572015	0.489674	-0.473586	-0.140709	-0.729116	0.192076	-0.641637	-0.393762	-0.615387	0.458171	-0.50629
-0.426605	-0.585871	0.418462	-0.547406	-0.438436	-0.531348	0.389042	-0.611629	-0.671562	0.17843	0.47034	-0.544011	-0.090952	0.425719	0.247676	-0.865533	-0.368579	-0.456311	-0.208929	-0.782482	-0.669035	-0.117163	-0.400404	-0.615095	-0.685266	-0.162562	0.679861	-0.204385	-0.457613	-0.571615	0.489724	-0.473304	-0.142175	-0.728616	0.194269	-0.641222	-0.394035	-0.615414	0.458838	-0.50544
-0.427444	-0.585325	0.419617	-0.54645	-0.440474	-0.529489	0.389681	-0.611369	-0.666072	0.187733	0.464721	-0.552394	-0.0738933	0.426824	0.23415	-0.870365	-0.380502	-0.448513	-0.21637	-0.779255	-0.680946	-0.097292	-0.407413	-0.600717	-0.685515	-0.161698	0.680033	-0.20366	-0.457971	-0.571377	0.489813	-0.473152	-0.142585	-0.728501	0.195165	-0.640989	-0.394204	-0.615385	0.45925	-0.504969
-0.429181	-0.5842	0.422064	-0.544405	-0.444255	-0.526088	0.391464	-0.61043	-0.657244	0.204175	0.454285	-0.565657	-0.0424561	0.425907	0.211329	-0.878715	-0.402039	-0.433946	-0.228597	-0.773175	-0.70156	-0.0581361	-0.420565	-0.572327	-0.685957	-0.15986	0.680513	-0.202013	-0.458716	-0.570929	0.490014	-0.472764	-0.143945	-0.728102	0.197097	-0.640546	-0.394638	-0.615348	0.460395	-0.503631
-0.430726	-0.583169	0.424608	-0.542308	-0.44814	-0.522457	0.393606	-0.609331	-0.650907	0.217964	0.445359	-0.574863	-0.0287351	0.423958	0.202033	-0.882393	-0.410454	-0.427773	-0.234646	-0.770376	-0.71819	-0.0222021	-0.433679	-0.543721	-0.686427	-0.158331	0.680868	-0.200421	-0.459249	-0.57066	0.490174	-0.472405	-0.144879	-0.727836	0.198412	-0.640232	-0.39531	-0.6152	0.461818	-0.501979
-0.430726	-0.583169	0.424608	-0.542308	-0.44814	-0.522457	0.393606	-0.609331	-0.650907	0.217964	0.445359	-0.574863	-0.0158998	0.421268	0.194618	-0.885666	-0.41775	-0.422074	-0.23963	-0.76806	-0.71819	-0.0222021	-0.433679	-0.543721	-0.686427	-0.158331	0.680868	-0.200421	-0.459249	-0.57066	0.490174	-0.472405	-0.145573	-0.727622	0.199698	-0.639919	-0.39531	-0.6152	0.461818	-0.501979
-0.432328	-0.582158	0.42718	-0.540094	-0.451531	-0.518613	0.395451	-0.608917	-0.647294	0.228176	0.438914	-0.579914	0.00649239	0.414954	0.184977	-0.890817	-0.429979	-0.413277	-0.247908	-0.763454	-0.728561	0.00807307	-0.445276	-0.520445	-0.686845	-0.156887	0.681232	-0.19888	-0.459602	-0.570609	0.490404	-0.471884	-0.146168	-0.727504	0.201883	-0.639231	-0.395442	-0.615319	0.462452	-0.501145
-0.433656	-0.581204	0.428943	-0.538657	-0.454208	-0.515545	0.396699	-0.608718	-0.644987	0.234504	0.436681	-0.581644	0.0144553	0.41249	0.182095	-0.89246	-0.43422	-0.410603	-0.250753	-0.761565	-0.733832	0.0268543	-0.453178	-0.505371	-0.687202	-0.155914	0.681498	-0.197495	-0.459755	-0.57072	0.490634	-0.471362	-0.146434	-0.727475	0.203128	-0.638809	-0.395453	-0.615461	0.462996	-0.50046
-0.435009	-0.58014	0.43016	-0.537743	-0.455835	-0.513381	0.397424	-0.608858	-0.643433	0.235763	0.43714	-0.582511	0.0233332	0.411257	0.179715	-0.893323	-0.441056	-0.408073	-0.255936	-0.75726	-0.7362	0.0310758	-0.45609	-0.499024	-0.68754	-0.155455	0.681476	-0.196756	-0.459572	-0.571095	0.490786	-0.470928	-0.147546	-0.727501	0.206344	-0.637491	-0.395215	-0.615822	0.463613	-0.499631
-0.435698	-0.579601	0.430606	-0.53741	-0.456365	-0.512869	0.397742	-0.608686	-0.642941	0.23539	0.437725	-0.582765	0.0235037	0.411548	0.180732	-0.892979	-0.441008	-0.408448	-0.256006	-0.757062	-0.736637	0.0302729	-0.456241	-0.498291	-0.687587	-0.155241	0.681565	-0.196451	-0.459396	-0.571305	0.490877	-0.47075	-0.147839	-0.727576	0.206874	-0.637165	-0.39495	-0.616129	0.463847	-0.499245
-0.436719	-0.579153	0.431794	-0.536109	-0.45681	-0.513487	0.398093	-0.6076	-0.643194	0.23432	0.43855	-0.582297	0.0230767	0.411438	0.182437	-0.892694	-0.439099	-0.411609	-0.254903	-0.756832	-0.736661	0.0242677	-0.454522	-0.500151	-0.68803	-0.154751	0.681212	-0.19651	-0.457302	-0.573159	0.490476	-0.470953	-0.147999	-0.728028	0.207334	-0.636462	-0.394334	-0.616965	0.46427	-0.498306
-0.436637	-0.579678	0.432848	-0.534756	-0.457063	-0.514274	0.39835	-0.606575	-0.643984	0.234078	0.438154	-0.581819	0.0231357	0.410582	0.18261	-0.893051	-0.437684	-0.413385	-0.253646	-0.757106	-0.736485	0.0205722	-0.453721	-0.501303	-0.688248	-0.154691	0.68064	-0.197774	-0.45459	-0.57524	0.489879	-0.471662	-0.147965	-0.728272	0.207092	-0.63627	-0.394336	-0.617223	0.464468	-0.497799
-0.436893	-0.580104	0.434164	-0.533015	-0.457847	-0.51471	0.399428	-0.604903	-0.645492	0.233512	0.436913	-0.581308	0.0204523	0.40977	0.182393	-0.893534	-0.437963	-0.415346	-0.252852	-0.756136	-0.73621	0.0188302	-0.454308	-0.501243	-0.688948	-0.153549	0.680011	-0.198389	-0.452217	-0.577074	0.489894	-0.471686	-0.148369	-0.728584	0.207306	-0.635748	-0.394514	-0.617395	0.464855	-0.497084
-0.437325	-0.580177	0.435498	-0.531491	-0.458402	-0.514647	0.400274	-0.603975	-0.646451	0.233865	0.436588	-0.580345	0.0198549	0.40977	0.182066	-0.893614	-0.438611	-0.415533	-0.252343	-0.755828	-0.736529	0.0185565	-0.455121	-0.500046	-0.689353	-0.152567	0.679789	-0.198501	-0.450906	-0.578061	0.489935	-0.471692	-0.14866	-0.728666	0.20753	-0.635514	-0.394655	-0.617485	0.465243	-0.496496
-0.437488	-0.580201	0.436311	-0.530663	-0.458907	-0.514237	0.40075	-0.603626	-0.647184	0.234198	0.436426	-0.579515	0.0183527	0.409881	0.18169	-0.893672	-0.439077	-0.415786	-0.252189	-0.75547	-0.737167	0.0183872	-0.455138	-0.499096	-0.689518	-0.151872	0.67984	-0.198288	-0.450112	-0.578634	0.48993	-0.471752	-0.149082	-0.728865	0.208376	-0.63491	-0.39476	-0.617522	0.465429	-0.496193
-0.437788	-0.58051	0.440115	-0.526924	-0.460983	-0.51242	0.40281	-0.602216	-0.649944	0.23629	0.435944	-0.575928	0.0138653	0.41114	0.180708	-0.893374	-0.44244	-0.415377	-0.249573	-0.754601	-0.740269	0.0168541	-0.453663	-0.495891	-0.690313	-0.149691	0.679582	-0.198064	-0.448537	-0.579844	0.490379	-0.471299	-0.150209	-0.728625	0.210137	-0.634338	-0.394369	-0.618019	0.46547	-0.495846
-0.43818	-0.580303	0.443122	-0.5243	-0.462924	-0.510607	0.405497	-0.600461	-0.652364	0.238833	0.435447	-0.572508	0.0104346	0.412382	0.178919	-0.893208	-0.44541	-0.415838	-0.247196	-0.753381	-0.742595	0.0145151	-0.453152	-0.492946	-0.690889	-0.147017	0.679964	-0.196741	-0.447316	-0.580873	0.490457	-0.471113	-0.150967	-0.728769	0.211439	-0.63356	-0.393487	-0.618731	0.464926	-0.496169
-0.438912	-0.579969	0.447499	-0.520324	-0.465643	-0.507871	0.4092	-0.598163	-0.655885	0.242058	0.434947	-0.567489	0.00468827	0.414188	0.176759	-0.892851	-0.449829	-0.416636	-0.244057	-0.751335	-0.745914	0.0116584	-0.452377	-0.488703	-0.691982	-0.141735	0.68039	-0.195298	-0.445224	-0.581857	0.491478	-0.470816	-0.151419	-0.728517	0.21314	-0.633172	-0.392642	-0.619294	0.464351	-0.496673
-0.439449	-0.579607	0.450304	-0.517848	-0.469085	-0.504609	0.414487	-0.594584	-0.661061	0.245244	0.434439	-0.560461	0.00084703	0.4153	0.175731	-0.892549	-0.452946	-0.417198	-0.241924	-0.749839	-0.750442	0.00854843	-0.451874	-0.482258	-0.692737	-0.138393	0.680357	-0.195131	-0.441783	-0.583381	0.493224	-0.470346	-0.151432	-0.728243	0.213528	-0.633354	-0.392013	-0.619641	0.463979	-0.497087
-0.440434	-0.578832	0.453276	-0.515279	-0.469085	-0.504609	0.414487	-0.594584	-0.661061	0.245244	0.434439	-0.560461	-0.00367096	0.416724	0.174865	-0.892048	-0.456413	-0.41781	-0.239427	-0.748195	-0.750442	0.00854843	-0.451874	-0.482258	-0.693659	-0.13432	0.680351	-0.194726	-0.441783	-0.583381	0.493224	-0.470346	-0.151533	-0.727634	0.214188	-0.633806	-0.390737	-0.620362	0.463034	-0.498072
-0.441878	-0.577709	0.45648	-0.512467	-0.471234	-0.502673	0.417811	-0.592193	-0.661061	0.245244	0.434439	-0.560461	-0.00889504	0.418338	0.174003	-0.891425	-0.460233	-0.418419	-0.236548	-0.746429	-0.753047	0.00671465	-0.451637	-0.478435	-0.693659	-0.13432	0.680351	-0.194726	-0.440511	-0.583515	0.495076	-0.469425	-0.151251	-0.727147	0.214414	-0.634356	-0.389646	-0.620889	0.462278	-0.498971
-0.443727	-0.576228	0.459899	-0.50947	-0.473771	-0.500406	0.421429	-0.589519	-0.667596	0.249055	0.43423	-0.551118	-0.0148413	0.420127	0.172999	-0.890699	-0.464549	-0.419189	-0.233601	-0.744249	-0.755958	0.00423478	-0.451132	-0.474331	-0.695173	-0.124615	0.681038	-0.193373	-0.439007	-0.583451	0.497394	-0.468464	-0.151058	-0.726702	0.21496	-0.634726	-0.388894	-0.621054	0.462044	-0.499569
-0.449155	-0.572104	0.468148	-0.501791	-0.479701	-0.495269	0.429017	-0.583558	-0.675448	0.252971	0.433411	-0.540307	-0.0278977	0.42317	0.170921	-0.889345	-0.473696	-0.421524	-0.227014	-0.739185	-0.762448	-0.00198388	-0.45019	-0.464756	-0.696529	-0.11199	0.682105	-0.192453	-0.435795	-0.581498	0.504482	-0.466306	-0.153268	-0.724753	0.219471	-0.634882	-0.388404	-0.620513	0.463368	-0.499395
-0.455312	-0.566927	0.476976	-0.49374	-0.486941	-0.489264	0.437024	-0.576645	-0.683928	0.257596	0.431774	-0.528639	-0.0419447	0.426026	0.167606	-0.88806	-0.483826	-0.424863	-0.219486	-0.73296	-0.769504	-0.0101195	-0.449197	-0.453853	-0.697579	-0.0965687	0.684481	-0.188532	-0.43561	-0.573633	0.516762	-0.46276	-0.158681	-0.721098	0.227065	-0.635043	-0.386998	-0.619837	0.46592	-0.498951
-0.462557	-0.560261	0.4861	-0.48565	-0.495366	-0.482339	0.445345	-0.568884	-0.692884	0.263582	0.428897	-0.516221	-0.0570918	0.428935	0.162813	-0.886706	-0.494411	-0.429149	-0.211162	-0.72581	-0.776689	-0.0199938	-0.448187	-0.442134	-0.697992	-0.0786657	0.687975	-0.182507	-0.439736	-0.557093	0.537247	-0.455681	-0.163809	-0.716961	0.234325	-0.635787	-0.384264	-0.619139	0.46933	-0.498737
-0.462557	-0.560261	0.4861	-0.48565	-0.500017	-0.47837	0.449792	-0.564652	-0.692884	0.263582	0.428897	-0.516221	-0.0570918	0.428935	0.162813	-0.886706	-0.494411	-0.429149	-0.211162	-0.72581	-0.78042	-0.0251632	-0.447598	-0.435853	-0.697992	-0.0786657	0.687975	-0.182507	-0.443982	-0.544381	0.551865	-0.449415	-0.163809	-0.716961	0.234325	-0.635787	-0.384264	-0.619139	0.46933	-0.498737
-0.470304	-0.552179	0.495679	-0.477717	-0.504832	-0.474218	0.454214	-0.560314	-0.702356	0.271523	0.424792	-0.502516	-0.0730151	0.431593	0.15583	-0.885501	-0.505823	-0.433746	-0.202386	-0.717668	-0.784291	-0.0305814	-0.446823	-0.429303	-0.699056	-0.0576965	0.691233	-0.173749	-0.449963	-0.528144	0.569471	-0.440796	-0.169596	-0.711248	0.241124	-0.63814	-0.380046	-0.618521	0.473916	-0.498398
-0.474496	-0.54757	0.500225	-0.474126	-0.515054	-0.465243	0.463004	-0.551267	-0.707268	0.275831	0.422207	-0.495409	-0.081551	0.433158	0.151466	-0.88475	-0.512241	-0.435636	-0.197798	-0.713237	-0.792391	-0.0402805	-0.444788	-0.415521	-0.699262	-0.045675	0.693346	-0.167985	-0.46431	-0.488441	0.605695	-0.423055	-0.172261	-0.70797	0.243854	-0.640031	-0.377252	-0.618333	0.476681	-0.498116
-0.483115	-0.536797	0.509604	-0.46771	-0.520578	-0.460116	0.467137	-0.546878	-0.716897	0.285049	0.416053	-0.481359	-0.0990575	0.435824	0.142057	-0.883213	-0.525622	-0.439002	-0.189758	-0.703556	-0.796373	-0.0448221	-0.44415	-0.408059	-0.696929	-0.0213319	0.70084	-0.150524	-0.470776	-0.470672	0.619242	-0.416386	-0.180399	-0.699325	0.251157	-0.644454	-0.370385	-0.618497	0.483304	-0.496682
-0.492334	-0.523704	0.519863	-0.461611	-0.532453	-0.448591	0.475301	-0.537912	-0.726345	0.294407	0.409526	-0.466943	-0.116091	0.438159	0.132317	-0.881494	-0.538614	-0.442317	-0.182816	-0.693418	-0.804631	-0.0528261	-0.442824	-0.392028	-0.690402	-0.00574894	0.711979	-0.12805	-0.474312	-0.461069	0.623463	-0.416817	-0.191505	-0.688907	0.258522	-0.649537	-0.359273	-0.621504	0.491672	-0.492864
-0.499723	-0.512787	0.531325	-0.452792	-0.544806	-0.436043	0.485277	-0.526839	-0.736276	0.303276	0.403858	-0.450356	-0.134848	0.441059	0.123355	-0.878673	-0.550793	-0.446823	-0.175226	-0.682841	-0.813413	-0.0613806	-0.441509	-0.373712	-0.683447	-0.0115784	0.71912	-0.125026	-0.466767	-0.470298	0.61024	-0.434229	-0.212515	-0.672119	0.258566	-0.660482	-0.342264	-0.628526	0.5072	-0.480165
-0.508119	-0.499614	0.541673	-0.445859	-0.556512	-0.424044	0.497369	-0.512938	-0.747517	0.310296	0.399726	-0.430294	-0.157152	0.444969	0.117834	-0.87374	-0.564617	-0.452961	-0.162797	-0.670471	-0.822026	-0.0741973	-0.44015	-0.353605	-0.677831	-0.00461685	0.725986	-0.116053	-0.464969	-0.466045	0.609914	-0.441148	-0.240131	-0.652106	0.23254	-0.680456	-0.330083	-0.631421	0.539366	-0.448817
-0.516997	-0.484584	0.551693	-0.439918	-0.568055	-0.411737	0.510104	-0.497574	-0.759401	0.316376	0.39614	-0.407785	-0.181916	0.449861	0.112747	-0.867075	-0.579925	-0.459082	-0.148159	-0.656491	-0.830638	-0.0892568	-0.436914	-0.333435	-0.675773	0.0146341	0.730628	-0.0964352	-0.468467	-0.456297	0.615794	-0.439465	-0.270919	-0.64141	0.217944	-0.683883	-0.327338	-0.621986	0.585247	-0.404313
-0.52726	-0.467422	0.564781	-0.429576	-0.579854	-0.397337	0.523568	-0.481424	-0.770687	0.325395	0.390058	-0.384727	-0.206779	0.454112	0.103715	-0.860388	-0.596133	-0.46392	-0.132883	-0.641674	-0.839646	-0.104902	-0.431919	-0.312149	-0.672842	0.0293619	0.734587	-0.0824881	-0.46917	-0.451482	0.617579	-0.44118	-0.313202	-0.633684	0.208585	-0.6759	-0.345353	-0.592562	0.634817	-0.355821
-0.538345	-0.448349	0.578766	-0.417369	-0.591691	-0.380901	0.537678	-0.464455	-0.780853	0.334403	0.384594	-0.36129	-0.230677	0.45883	0.0948492	-0.852799	-0.604249	-0.465911	-0.124401	-0.634299	-0.848572	-0.121227	-0.425162	-0.290632	-0.670013	0.0422597	0.737906	-0.0692195	-0.47125	-0.446628	0.618384	-0.442773	-0.362348	-0.62596	0.230667	-0.650899	-0.379213	-0.549305	0.667247	-0.330519
-0.543541	-0.439046	0.585359	-0.411286	-0.597162	-0.372984	0.544586	-0.455748	-0.785277	0.339086	0.381873	-0.350049	-0.241778	0.461157	0.0899988	-0.848986	-0.620727	-0.468688	-0.107327	-0.619283	-0.852874	-0.129157	-0.421313	-0.280033	-0.669287	0.0516989	0.738922	-0.0581005	-0.474319	-0.442157	0.620526	-0.440984	-0.38721	-0.621448	0.24536	-0.63535	-0.395847	-0.526728	0.675548	-0.330906
-0.555563	-0.419252	0.597712	-0.397892	-0.606757	-0.357887	0.557719	-0.438989	-0.792976	0.348602	0.37642	-0.328593	-0.262706	0.46583	0.0798853	-0.841193	-0.636575	-0.470434	-0.0909587	-0.60431	-0.860829	-0.143848	-0.413359	-0.259646	-0.668946	0.072643	0.738927	-0.0349459	-0.480323	-0.432977	0.626755	-0.43474	-0.439883	-0.607578	0.276175	-0.600898	-0.444654	-0.471711	0.690165	-0.321626
-0.567201	-0.399092	0.609526	-0.384039	-0.616048	-0.342672	0.569517	-0.422742	-0.799609	0.35651	0.371659	-0.308863	-0.28213	0.469971	0.0710061	-0.833359	-0.65143	-0.471242	-0.0764359	-0.589684	-0.867825	-0.156568	-0.406067	-0.239739	-0.667714	0.0935743	0.738351	-0.0154929	-0.48083	-0.429086	0.630906	-0.432025	-0.487459	-0.593142	0.300696	-0.565817	-0.503472	-0.404018	0.703982	-0.296134
-0.578314	-0.378855	0.61968	-0.37151	-0.624652	-0.328582	0.579691	-0.407188	-0.805731	0.362901	0.366939	-0.290613	-0.299533	0.472787	0.0637463	-0.82625	-0.664102	-0.472238	-0.064349	-0.576037	-0.873666	-0.167457	-0.400102	-0.220417	-0.665357	0.108609	0.73858	-0.00190616	-0.478328	-0.428855	0.632652	-0.432479	-0.52198	-0.585915	0.315122	-0.533796	-0.554977	-0.339116	0.709738	-0.270688
-0.583985	-0.369056	0.623664	-0.365791	-0.628741	-0.32205	0.584009	-0.399878	-0.808694	0.365573	0.364227	-0.282327	-0.307511	0.473349	0.0604404	-0.82324	-0.669844	-0.472759	-0.0587671	-0.569521	-0.876071	-0.172201	-0.397677	-0.211422	-0.664354	0.115017	0.7385	0.00486786	-0.478275	-0.427756	0.63446	-0.430973	-0.538554	-0.581016	0.321711	-0.518538	-0.577781	-0.3102	0.708851	-0.25976
-0.595686	-0.350196	0.630189	-0.354094	-0.637246	-0.308846	0.59092	-0.386452	-0.814438	0.370747	0.357297	-0.267535	-0.3224	0.472898	0.0533111	-0.818281	-0.680277	-0.474352	-0.0496885	-0.556546	-0.879936	-0.181184	-0.393987	-0.19406	-0.662884	0.126758	0.737613	0.021079	-0.480655	-0.422822	0.640136	-0.424757	-0.569675	-0.568916	0.333111	-0.490757	-0.618063	-0.261553	0.699792	-0.2447
-0.606872	-0.332677	0.636322	-0.340774	-0.646643	-0.295114	0.595606	-0.374184	-0.819591	0.376485	0.348855	-0.254616	-0.335738	0.471062	0.0446051	-0.814488	-0.690167	-0.475198	-0.0431601	-0.544052	-0.88319	-0.187974	-0.391268	-0.177623	-0.661118	0.13415	0.737372	0.0347734	-0.481874	-0.419439	0.644544	-0.420036	-0.59349	-0.558206	0.344773	-0.466162	-0.654247	-0.220299	0.684104	-0.235437
-0.617077	-0.317364	0.640559	-0.328908	-0.656292	-0.281546	0.598594	-0.362902	-0.823863	0.383839	0.339227	-0.242574	-0.341828	0.469941	0.0394555	-0.812867	-0.700097	-0.474712	-0.0386887	-0.531991	-0.886512	-0.192288	-0.388684	-0.161389	-0.659842	0.140866	0.736479	0.0486193	-0.482439	-0.415616	0.650504	-0.413956	-0.612665	-0.547953	0.357997	-0.442977	-0.685712	-0.183169	0.667226	-0.225959
-0.621835	-0.310422	0.642358	-0.323009	-0.660966	-0.275145	0.59956	-0.357697	-0.825749	0.38791	0.334265	-0.236499	-0.353329	0.468062	0.0284059	-0.809487	-0.700097	-0.474712	-0.0386887	-0.531991	-0.88809	-0.193843	-0.387562	-0.153353	-0.659433	0.145116	0.735419	0.056997	-0.482911	-0.412869	0.654627	-0.409634	-0.612665	-0.547953	0.357997	-0.442977	-0.698783	-0.166758	0.660167	-0.219256
-0.62599	-0.30433	0.644139	-0.317183	-0.665364	-0.269065	0.600393	-0.352736	-0.827465	0.392136	0.329321	-0.230388	-0.359102	0.467383	0.0226335	-0.807518	-0.710347	-0.473753	-0.0348753	-0.519374	-0.889588	-0.195051	-0.38657	-0.14544	-0.659433	0.145116	0.735419	0.056997	-0.483044	-0.41034	0.658607	-0.405618	-0.627021	-0.538513	0.372652	-0.421876	-0.708986	-0.155201	0.654168	-0.212876
-0.63344	-0.293402	0.647685	-0.305241	-0.674067	-0.257004	0.601483	-0.343222	-0.830344	0.400779	0.320003	-0.217953	-0.359102	0.467383	0.0226335	-0.807518	-0.720011	-0.472861	-0.0317693	-0.506929	-0.892038	-0.196973	-0.385511	-0.129809	-0.656942	0.158688	0.732311	0.0834599	-0.481025	-0.40714	0.666104	-0.398945	-0.635871	-0.531316	0.385566	-0.405845	-0.723059	-0.143239	0.644761	-0.202365
-0.637027	-0.2883	0.649218	-0.299324	-0.677889	-0.25179	0.60206	-0.338515	-0.830344	0.400779	0.320003	-0.217953	-0.375688	0.466896	0.00612703	-0.800518	-0.724424	-0.472515	-0.0304219	-0.501012	-0.892939	-0.197792	-0.385407	-0.122474	-0.656089	0.162106	0.731468	0.0906861	-0.481025	-0.40714	0.666104	-0.398945	-0.637578	-0.527918	0.392356	-0.401067	-0.728879	-0.136343	0.641686	-0.195922
-0.643893	-0.279897	0.651092	-0.28834	-0.687698	-0.239328	0.603167	-0.32555	-0.835029	0.414183	0.304271	-0.196466	-0.380628	0.466614	0.00122432	-0.798368	-0.731946	-0.472227	-0.0279358	-0.490384	-0.894668	-0.200419	-0.385846	-0.102585	-0.654379	0.171311	0.727879	0.112398	-0.475246	-0.398388	0.684606	-0.383069	-0.636247	-0.525654	0.40262	-0.395947	-0.739322	-0.127966	0.634282	-0.186318
-0.650545	-0.273232	0.654906	-0.270617	-0.693718	-0.232321	0.602906	-0.318256	-0.837146	0.418935	0.297074	-0.18822	-0.3937	0.464695	-0.0113611	-0.793051	-0.737819	-0.472614	-0.0253998	-0.481263	-0.89508	-0.202779	-0.38655	-0.0910592	-0.652945	0.174423	0.72581	0.128218	-0.474766	-0.392415	0.693714	-0.373321	-0.630607	-0.522574	0.418402	-0.392672	-0.749131	-0.125783	0.624306	-0.182274
-0.651343	-0.27287	0.656182	-0.265931	-0.69655	-0.229476	0.602569	-0.314755	-0.838008	0.421017	0.294223	-0.184171	-0.40169	0.463735	-0.0184894	-0.789464	-0.740357	-0.473017	-0.0243847	-0.477003	-0.895327	-0.204069	-0.386563	-0.0855214	-0.652349	0.173848	0.725267	0.134928	-0.474673	-0.389798	0.69787	-0.368403	-0.62464	-0.521815	0.430728	-0.389881	-0.754585	-0.128458	0.618122	-0.178954
-0.653001	-0.271872	0.658913	-0.255948	-0.700111	-0.226138	0.603472	-0.307454	-0.839695	0.423262	0.290681	-0.176821	-0.408658	0.463456	-0.0225297	-0.785939	-0.74672	-0.474507	-0.0203289	-0.465659	-0.895448	-0.206873	-0.386848	-0.0756616	-0.651452	0.171282	0.724345	0.146961	-0.473492	-0.386131	0.705556	-0.359024	-0.619644	-0.520943	0.441816	-0.3866	-0.752491	-0.128993	0.623117	-0.169834
-0.655488	-0.267492	0.663623	-0.241636	-0.702765	-0.223516	0.605044	-0.300141	-0.841579	0.423504	0.288206	-0.17125	-0.415103	0.462831	-0.0247562	-0.782856	-0.749446	-0.476436	-0.017195	-0.459395	-0.89524	-0.210449	-0.38702	-0.06687	-0.650753	0.167331	0.724107	0.155531	-0.469744	-0.383132	0.714806	-0.348716	-0.612067	-0.513981	0.464492	-0.381373	-0.748144	-0.125466	0.63234	-0.157114
-0.653432	-0.264973	0.669701	-0.233059	-0.704532	-0.221539	0.607217	-0.292989	-0.843186	0.421812	0.289699	-0.164883	-0.420143	0.463895	-0.022245	-0.779607	-0.749361	-0.480812	-0.011476	-0.455134	-0.894274	-0.217486	-0.386496	-0.0599563	-0.65105	0.159557	0.724743	0.159447	-0.464071	-0.381823	0.723947	-0.338747	-0.611123	-0.518489	0.461567	-0.380335	-0.742701	-0.130998	0.639135	-0.150805
-0.652792	-0.264022	0.671484	-0.23079	-0.703706	-0.222496	0.609534	-0.289417	-0.844295	0.41898	0.292303	-0.161801	-0.422442	0.464811	-0.0181331	-0.777923	-0.749239	-0.482953	-0.00711272	-0.453152	-0.893547	-0.221688	-0.386106	-0.0578889	-0.651666	0.156194	0.724612	0.160846	-0.460326	-0.382616	0.727983	-0.334285	-0.611886	-0.512959	0.47155	-0.374311	-0.737884	-0.125439	0.648382	-0.139257
-0.653113	-0.259682	0.675604	-0.22264	-0.700919	-0.225631	0.614491	-0.283203	-0.847144	0.411393	0.297203	-0.157397	-0.427775	0.465438	-0.00943619	-0.774782	-0.748458	-0.486966	0.000552349	-0.450194	-0.892269	-0.230486	-0.384168	-0.0560961	-0.653572	0.154606	0.721621	0.167939	-0.45585	-0.378313	0.739915	-0.318757	-0.608858	-0.50692	0.485355	-0.369805	-0.727795	-0.133083	0.659822	-0.131297
-0.65376	-0.255033	0.679642	-0.213643	-0.700496	-0.227401	0.61658	-0.278252	-0.850299	0.40621	0.29607	-0.155972	-0.43378	0.462536	-0.0066438	-0.773208	-0.748134	-0.489339	0.00431309	-0.448135	-0.891758	-0.235602	-0.38252	-0.0542044	-0.656518	0.156325	0.716017	0.178511	-0.453211	-0.376348	0.745715	-0.311241	-0.605081	-0.510788	0.485293	-0.37076	-0.720726	-0.138961	0.667932	-0.122925
-0.65231	-0.254668	0.683207	-0.207037	-0.70112	-0.228155	0.61765	-0.273652	-0.852679	0.404447	0.292995	-0.153349	-0.437694	0.459284	-0.0072598	-0.772936	-0.748714	-0.490702	0.00723841	-0.44563	-0.891288	-0.239025	-0.381904	-0.0512034	-0.659422	0.155615	0.71169	0.185589	-0.442607	-0.373702	0.761142	-0.291734	-0.592176	-0.506711	0.504569	-0.37146	-0.714867	-0.14111	0.675711	-0.111657
-0.651726	-0.25513	0.686005	-0.198894	-0.700999	-0.228883	0.619297	-0.269601	-0.853742	0.403419	0.293301	-0.149507	-0.440903	0.459322	-0.00617137	-0.771096	-0.749168	-0.492506	0.0110903	-0.44279	-0.890635	-0.24326	-0.381101	-0.0485382	-0.6645	0.166589	0.701511	0.196393	-0.433359	-0.366803	0.776531	-0.27323	-0.580318	-0.510696	0.511967	-0.374582	-0.709226	-0.142828	0.682964	-0.100789
-0.651934	-0.253999	0.687992	-0.192703	-0.699709	-0.228021	0.622707	-0.265802	-0.854033	0.402803	0.294322	-0.147484	-0.442859	0.460325	-0.005309	-0.769382	-0.749345	-0.493319	0.013719	-0.441509	-0.890392	-0.245946	-0.38011	-0.0472146	-0.668832	0.179047	0.692487	0.202654	-0.413487	-0.355264	0.798428	-0.255597	-0.575351	-0.512374	0.51504	-0.375737	-0.70657	-0.143211	0.686423	-0.0952498
-0.655337	-0.24672	0.691072	-0.179114	-0.698935	-0.227104	0.624911	-0.263439	-0.854328	0.401744	0.296645	-0.143968	-0.446637	0.462562	-0.00440659	-0.765854	-0.751443	-0.492525	0.0188161	-0.438633	-0.890771	-0.24998	-0.376965	-0.0439806	-0.68014	0.207906	0.672069	0.206173	-0.399467	-0.345424	0.813441	-0.243767	-0.572567	-0.503673	0.529855	-0.371126	-0.701684	-0.141899	0.693377	-0.0820518
-0.655826	-0.241531	0.693868	-0.1735	-0.697727	-0.226057	0.628762	-0.258329	-0.854298	0.400913	0.299536	-0.140433	-0.449597	0.465324	-0.00349295	-0.762446	-0.75347	-0.491582	0.0221465	-0.43605	-0.891666	-0.252431	-0.373601	-0.0404093	-0.689247	0.236382	0.654049	0.203181	-0.38667	-0.310635	0.844633	-0.201462	-0.570082	-0.496152	0.542257	-0.367147	-0.697179	-0.142059	0.699046	-0.0713773
-0.655019	-0.240741	0.69494	-0.173358	-0.696837	-0.224596	0.632716	-0.252278	-0.855152	0.398351	0.302759	-0.13553	-0.452561	0.467167	0.00055743	-0.759568	-0.753745	-0.492524	0.0278722	-0.43418	-0.891364	-0.257331	-0.371277	-0.0374745	-0.692047	0.265073	0.64012	0.202618	-0.40009	-0.270445	0.856522	-0.182092	-0.563626	-0.496464	0.547406	-0.369046	-0.693327	-0.148707	0.701691	-0.0693754
-0.657441	-0.238471	0.693801	-0.171881	-0.696693	-0.222168	0.635841	-0.246914	-0.856865	0.39664	0.302519	-0.130155	-0.457112	0.466693	0.00270893	-0.757126	-0.752851	-0.495478	0.0345952	-0.431879	-0.890167	-0.264343	-0.369536	-0.0341817	-0.693352	0.280209	0.634385	0.19571	-0.442274	-0.221376	0.853858	-0.162211	-0.556027	-0.496239	0.553339	-0.372017	-0.690882	-0.159608	0.701149	-0.0748185
-0.658986	-0.235116	0.694283	-0.168611	-0.696817	-0.219879	0.638254	-0.242345	-0.858098	0.397056	0.300021	-0.1265	-0.461765	0.465694	0.000442594	-0.754919	-0.753281	-0.496795	0.0411498	-0.429032	-0.889727	-0.27006	-0.366837	-0.0297256	-0.690333	0.295154	0.631812	0.192712	-0.484946	-0.201495	0.827051	-0.200533	-0.549961	-0.495582	0.558162	-0.374695	-0.688121	-0.167289	0.701704	-0.0782005
-0.661637	-0.227695	0.694965	-0.165575	-0.697081	-0.217893	0.639926	-0.238946	-0.857794	0.398892	0.298744	-0.125802	-0.46386	0.466298	-0.00377157	-0.753251	-0.754191	-0.496571	0.046604	-0.427131	-0.890161	-0.274116	-0.363058	-0.0257599	-0.680007	0.311909	0.635061	0.192358	-0.534717	-0.161955	0.808006	-0.187016	-0.548959	-0.491312	0.563134	-0.37435	-0.68439	-0.171207	0.704434	-0.0779208
-0.661637	-0.227695	0.694965	-0.165575	-0.697285	-0.216666	0.640739	-0.237282	-0.857229	0.39992	0.298605	-0.126721	-0.46386	0.466298	-0.00377157	-0.753251	-0.754191	-0.496571	0.046604	-0.427131	-0.890413	-0.27566	-0.361372	-0.0242141	-0.680007	0.311909	0.635061	0.192358	-0.552974	-0.149373	0.797595	-0.189077	-0.548959	-0.491312	0.563134	-0.37435	-0.68439	-0.171207	0.704434	-0.0779208
-0.665722	-0.216501	0.694363	-0.166739	-0.697679	-0.215271	0.641346	-0.235749	-0.856575	0.400804	0.298753	-0.127994	-0.46312	0.467712	-0.00807735	-0.752795	-0.753211	-0.497017	0.0503948	-0.427911	-0.890412	-0.2774	-0.360115	-0.0230788	-0.672485	0.322646	0.638554	0.189503	-0.568456	-0.141057	0.787814	-0.190551	-0.547894	-0.485838	0.569964	-0.372714	-0.679997	-0.172543	0.708823	-0.073504
-0.668278	-0.210027	0.693605	-0.167945	-0.69798	-0.214172	0.641841	-0.23451	-0.855858	0.401661	0.299217	-0.129011	-0.46196	0.468549	-0.0096819	-0.752968	-0.751696	-0.498298	0.0520752	-0.428883	-0.889627	-0.281563	-0.358897	-0.0219052	-0.668873	0.32801	0.639422	0.190151	-0.59256	-0.137159	0.768707	-0.197862	-0.547659	-0.483609	0.572089	-0.3727	-0.676564	-0.173979	0.712007	-0.0709892
-0.674172	-0.196614	0.69103	-0.171207	-0.698543	-0.212973	0.642038	-0.23338	-0.855185	0.402137	0.300117	-0.129903	-0.459712	0.470329	-0.0109971	-0.753216	-0.747267	-0.502049	0.0548231	-0.431895	-0.889032	-0.2838	-0.358638	-0.0214086	-0.660768	0.337641	0.640842	0.196735	-0.59256	-0.137159	0.768707	-0.197862	-0.549888	-0.480947	0.57234	-0.372479	-0.665957	-0.178554	0.721002	-0.0691121
-0.681184	-0.186941	0.686116	-0.17403	-0.699558	-0.210533	0.642788	-0.230474	-0.853956	0.401139	0.303716	-0.132673	-0.458444	0.471747	-0.00939882	-0.753124	-0.741859	-0.507034	0.0584445	-0.43491	-0.887155	-0.289988	-0.358304	-0.0219546	-0.65065	0.34905	0.64111	0.209276	-0.60335	-0.137971	0.759595	-0.199871	-0.555895	-0.484638	0.565362	-0.369421	-0.647397	-0.1797	0.737701	-0.0662052
-0.686637	-0.186053	0.67986	-0.178058	-0.700889	-0.207055	0.642486	-0.230423	-0.853885	0.400437	0.304787	-0.132795	-0.458028	0.471917	-0.00691435	-0.753297	-0.738006	-0.510569	0.0632402	-0.436655	-0.885625	-0.296047	-0.357021	-0.0237038	-0.647671	0.344523	0.646223	0.210289	-0.611123	-0.135608	0.755099	-0.194843	-0.579133	-0.487833	0.549117	-0.353686	-0.633408	-0.17671	0.751042	-0.0591958
-0.691642	-0.191362	0.672125	-0.182371	-0.701764	-0.205673	0.641057	-0.232963	-0.853913	0.403015	0.300946	-0.133576	-0.457825	0.469825	-0.0102475	-0.754689	-0.738699	-0.509918	0.0642963	-0.436089	-0.886024	-0.296811	-0.35554	-0.0213441	-0.639649	0.337157	0.653968	0.222485	-0.615532	-0.135418	0.751278	-0.195867	-0.610528	-0.490042	0.524821	-0.334182	-0.587054	-0.151406	0.795192	-0.01066
-0.684953	-0.19199	0.679632	-0.179107	-0.700914	-0.203422	0.642271	-0.234152	-0.852403	0.405482	0.302073	-0.133214	-0.457165	0.470127	-0.0116651	-0.75488	-0.740077	-0.508369	0.0644948	-0.435532	-0.88746	-0.29474	-0.353803	-0.0191324	-0.638108	0.330674	0.659542	0.220175	-0.617098	-0.139509	0.748103	-0.200173	-0.620963	-0.499484	0.505665	-0.33049	-0.565833	-0.140629	0.812399	0.00802553
-0.685437	-0.186277	0.680889	-0.178514	-0.699848	-0.199591	0.644127	-0.235535	-0.849828	0.407754	0.306775	-0.131979	-0.455044	0.477205	-0.0110323	-0.751724	-0.743995	-0.502879	0.0627001	-0.435492	-0.889459	-0.290988	-0.351941	-0.0180504	-0.633763	0.331513	0.660751	0.22771	-0.61944	-0.13734	0.747429	-0.19693	-0.650687	-0.504746	0.468277	-0.320242	-0.571824	-0.144219	0.807509	-0.0121754
-0.685657	-0.17947	0.682418	-0.178805	-0.699999	-0.195657	0.644888	-0.236303	-0.848445	0.408832	0.309359	-0.131509	-0.454501	0.48013	-0.0108118	-0.750191	-0.747364	-0.498737	0.0584971	-0.435071	-0.891349	-0.285088	-0.352031	-0.0171966	-0.631675	0.326152	0.665542	0.227299	-0.619846	-0.139818	0.746429	-0.1977	-0.667622	-0.494413	0.461239	-0.311602	-0.59976	-0.142744	0.786511	-0.0362271
-0.685495	-0.178229	0.682479	-0.180426	-0.700391	-0.194254	0.644959	-0.236106	-0.848403	0.4098	0.308356	-0.131122	-0.454956	0.479912	-0.0121513	-0.750034	-0.749352	-0.496943	0.0557735	-0.434061	-0.892064	-0.281778	-0.352907	-0.0167213	-0.631226	0.322159	0.668235	0.22634	-0.619299	-0.142638	0.745788	-0.199809	-0.676983	-0.488292	0.457073	-0.307162	-0.617768	-0.136379	0.773275	-0.0425391
-0.685321	-0.177901	0.682205	-0.182435	-0.701297	-0.191704	0.645117	-0.235064	-0.848947	0.411995	0.304698	-0.12926	-0.456565	0.478276	-0.0155089	-0.75004	-0.753272	-0.49396	0.0508537	-0.431275	-0.892948	-0.275956	-0.35533	-0.015234	-0.629786	0.317679	0.670972	0.228574	-0.616989	-0.146042	0.746573	-0.201556	-0.694347	-0.474938	0.451383	-0.297606	-0.65622	-0.115622	0.743917	-0.050932
-0.685709	-0.177142	0.682368	-0.181099	-0.701706	-0.189771	0.645629	-0.234007	-0.8492	0.413184	0.303066	-0.12763	-0.457634	0.477747	-0.0170192	-0.749692	-0.755171	-0.492775	0.0492664	-0.429491	-0.893155	-0.274045	-0.356331	-0.0142105	-0.629091	0.316748	0.671317	0.230757	-0.612723	-0.148753	0.749491	-0.201758	-0.700283	-0.469785	0.448853	-0.295697	-0.674473	-0.104167	0.728782	-0.0557869
-0.687764	-0.175	0.681626	-0.178164	-0.702697	-0.18602	0.646363	-0.232009	-0.849304	0.415856	0.301034	-0.122981	-0.460492	0.478239	-0.0194783	-0.747566	-0.758463	-0.490888	0.0476127	-0.426023	-0.893696	-0.271333	-0.357139	-0.0116727	-0.62737	0.315565	0.671553	0.23631	-0.610226	-0.149415	0.751641	-0.200833	-0.702662	-0.467812	0.446771	-0.296333	-0.70612	-0.0932829	0.697666	-0.0771707
-0.689159	-0.174	0.680792	-0.176932	-0.703221	-0.184492	0.646636	-0.23088	-0.849318	0.416714	0.300654	-0.120895	-0.462197	0.478905	-0.0202687	-0.746065	-0.759964	-0.489806	0.0471863	-0.424639	-0.894046	-0.270385	-0.357034	-0.0100691	-0.626397	0.314712	0.671797	0.239316	-0.603876	-0.154717	0.755147	-0.202856	-0.703851	-0.466356	0.444431	-0.299312	-0.719286	-0.0913633	0.682909	-0.0889699
-0.692038	-0.171813	0.679404	-0.173132	-0.705146	-0.181602	0.646092	-0.228811	-0.849461	0.418669	0.299021	-0.117132	-0.465247	0.479511	-0.0223668	-0.743716	-0.761301	-0.488917	0.0466811	-0.423322	-0.894767	-0.268625	-0.356633	-0.00676327	-0.624133	0.312177	0.672937	0.245274	-0.600484	-0.156806	0.757435	-0.202788	-0.706972	-0.463503	0.439607	-0.303482	-0.739001	-0.0813678	0.661384	-0.0991394
-0.692038	-0.171813	0.679404	-0.173132	-0.705146	-0.181602	0.646092	-0.228811	-0.849461	0.418669	0.299021	-0.117132	-0.465247	0.479511	-0.0223668	-0.743716	-0.762449	-0.488186	0.0460463	-0.422169	-0.894767	-0.268625	-0.356633	-0.00676327	-0.624133	0.312177	0.672937	0.245274	-0.600484	-0.156806	0.757435	-0.202788	-0.706972	-0.463503	0.439607	-0.303482	-0.739001	-0.0813678	0.661384	-0.0991394
-0.694226	-0.170054	0.678946	-0.167824	-0.707132	-0.179622	0.645315	-0.226427	-0.849986	0.420116	0.296435	-0.114685	-0.467269	0.478508	-0.0247113	-0.74302	-0.764217	-0.487378	0.044502	-0.420066	-0.895262	-0.267039	-0.356624	-0.00398806	-0.621246	0.310786	0.672899	0.254307	-0.59323	-0.15935	0.763262	-0.200291	-0.71148	-0.453533	0.442243	-0.30418	-0.752296	-0.0767843	0.645581	-0.106676
-0.697298	-0.167975	0.677709	-0.162081	-0.709573	-0.178132	0.643813	-0.22423	-0.850865	0.4213	0.2928	-0.11315	-0.469143	0.476422	-0.0270699	-0.743098	-0.765409	-0.487132	0.0427532	-0.418357	-0.895475	-0.265786	-0.357045	-0.00125952	-0.6186	0.308585	0.672723	0.26373	-0.584412	-0.162428	0.770259	-0.196929	-0.708784	-0.447751	0.451776	-0.30503	-0.762259	-0.0720862	0.633838	-0.109613
-0.698098	-0.168088	0.677398	-0.159808	-0.711121	-0.17716	0.642686	-0.223329	-0.851336	0.421983	0.29068	-0.112525	-0.470156	0.475201	-0.0286241	-0.743181	-0.765773	-0.487403	0.0418403	-0.417468	-0.895413	-0.265264	-0.357591	-8.20E-05	-0.617642	0.305709	0.673492	0.267335	-0.579679	-0.164273	0.773948	-0.194915	-0.706573	-0.447021	0.455099	-0.306288	-0.765635	-0.0714559	0.629727	-0.110188
-0.698722	-0.169619	0.677431	-0.155259	-0.714288	-0.175205	0.640204	-0.221888	-0.852021	0.42378	0.286527	-0.111236	-0.472154	0.473256	-0.0320998	-0.743013	-0.766762	-0.488337	0.0397847	-0.414753	-0.895017	-0.264763	-0.358942	0.00243331	-0.615801	0.296625	0.676175	0.274936	-0.569289	-0.165797	0.783239	-0.186969	-0.694371	-0.451069	0.465928	-0.311924	-0.766245	-0.0776006	0.628102	-0.111063
-0.697943	-0.16942	0.67989	-0.148062	-0.718178	-0.172466	0.637077	-0.220475	-0.852211	0.426868	0.28141	-0.11103	-0.474043	0.471304	-0.0377026	-0.742788	-0.767611	-0.48853	0.0386256	-0.413062	-0.89458	-0.264496	-0.36017	0.00678955	-0.616015	0.28381	0.679766	0.279097	-0.55624	-0.163863	0.796083	-0.173199	-0.684152	-0.452474	0.47625	-0.316842	-0.767842	-0.0814113	0.626452	-0.106537
-0.69115	-0.169501	0.687309	-0.14556	-0.719675	-0.170447	0.636092	-0.220005	-0.851289	0.429487	0.280779	-0.109592	-0.474268	0.472211	-0.0393133	-0.741985	-0.767059	-0.491234	0.0388731	-0.41085	-0.893936	-0.266906	-0.359962	0.00813619	-0.61851	0.277598	0.681087	0.276596	-0.547301	-0.161293	0.804595	-0.16454	-0.662447	-0.475299	0.471965	-0.335416	-0.764623	-0.0842813	0.630506	-0.103489
-0.69115	-0.169501	0.687309	-0.14556	-0.719675	-0.170447	0.636092	-0.220005	-0.851289	0.429487	0.280779	-0.109592	-0.474268	0.472211	-0.0393133	-0.741985	-0.767059	-0.491234	0.0388731	-0.41085	-0.893936	-0.266906	-0.359962	0.00813619	-0.61851	0.277598	0.681087	0.276596	-0.547301	-0.161293	0.804595	-0.16454	-0.662447	-0.475299	0.471965	-0.335416	-0.764623	-0.0842813	0.630506	-0.103489
-0.686026	-0.17203	0.691629	-0.146363	-0.719387	-0.168748	0.63677	-0.220296	-0.849845	0.42947	0.285565	-0.108495	-0.473342	0.476123	-0.0366807	-0.740209	-0.767269	-0.491444	0.0427274	-0.409824	-0.894004	-0.270861	-0.35687	0.00589808	-0.622377	0.272079	0.677466	0.282242	-0.533928	-0.153825	0.818469	-0.146177	-0.666206	-0.475554	0.465147	-0.337129	-0.755033	-0.0992044	0.640441	-0.0995931
-0.685609	-0.171837	0.69242	-0.144801	-0.718034	-0.170827	0.637544	-0.220866	-0.849199	0.429026	0.287971	-0.108952	-0.472784	0.477806	-0.0346827	-0.739576	-0.769876	-0.489588	0.0462303	-0.406764	-0.894526	-0.271807	-0.35487	0.00347683	-0.622223	0.27261	0.673371	0.29171	-0.531978	-0.146146	0.823764	-0.130589	-0.651961	-0.48696	0.469142	-0.343108	-0.748956	-0.101925	0.647635	-0.096148
-0.679609	-0.16675	0.702252	-0.131026	-0.717579	-0.171365	0.638022	-0.22055	-0.849813	0.42483	0.292078	-0.109675	-0.473481	0.478839	-0.0293473	-0.738693	-0.767345	-0.490254	0.0493391	-0.410364	-0.89465	-0.276406	-0.351	-0.000985799	-0.62025	0.271483	0.665515	0.314129	-0.530552	-0.137665	0.829814	-0.104748	-0.655563	-0.466541	0.491043	-0.333846	-0.736801	-0.108981	0.661075	-0.0907026
-0.674472	-0.16935	0.706254	-0.132715	-0.718649	-0.174244	0.63686	-0.218156	-0.85201	0.423738	0.287041	-0.110148	-0.474563	0.476919	-0.0303064	-0.739202	-0.76812	-0.48882	0.0484089	-0.410734	-0.89497	-0.272522	-0.353214	-0.000503064	-0.619041	0.26495	0.666865	0.319189	-0.531228	-0.140641	0.829693	-0.0981153	-0.652281	-0.465536	0.496147	-0.334131	-0.734751	-0.111201	0.663017	-0.0904705
-0.6717	-0.172239	0.707839	-0.134596	-0.718099	-0.176782	0.637056	-0.217349	-0.853256	0.423302	0.28403	-0.109984	-0.477061	0.471513	-0.0339399	-0.740903	-0.769789	-0.488509	0.0449808	-0.408365	-0.894496	-0.270978	-0.355594	-0.000649868	-0.618634	0.262027	0.667844	0.320341	-0.531137	-0.143013	0.829421	-0.0974788	-0.647499	-0.470026	0.497014	-0.335854	-0.731146	-0.116018	0.66615	-0.0906102
-0.6717	-0.172239	0.707839	-0.134596	-0.718099	-0.176782	0.637056	-0.217349	-0.853256	0.423302	0.28403	-0.109984	-0.477061	0.471513	-0.0339399	-0.740903	-0.769789	-0.488509	0.0449808	-0.408365	-0.894496	-0.270978	-0.355594	-0.000649868	-0.618634	0.262027	0.667844	0.320341	-0.531137	-0.143013	0.829421	-0.0974788	-0.647499	-0.470026	0.497014	-0.335854	-0.731146	-0.116018	0.66615	-0.0906102
-0.667136	-0.175476	0.710923	-0.13684	-0.717097	-0.179753	0.637538	-0.216806	-0.854705	0.421922	0.281429	-0.110722	-0.478114	0.468707	-0.0350017	-0.741954	-0.771465	-0.488424	0.0427759	-0.405529	-0.893231	-0.267982	-0.360999	-0.00192223	-0.618007	0.255184	0.67217	0.318018	-0.530451	-0.148222	0.828708	-0.0994702	-0.644924	-0.469021	0.500986	-0.336311	-0.729887	-0.119233	0.66685	-0.0914332
-0.6637	-0.179026	0.712303	-0.141691	-0.715941	-0.181393	0.638223	-0.217249	-0.854846	0.420514	0.282531	-0.112173	-0.476836	0.468718	-0.0334062	-0.742842	-0.770667	-0.489476	0.0393718	-0.406123	-0.89252	-0.265622	-0.364481	-0.00272727	-0.616733	0.249415	0.676676	0.315501	-0.530314	-0.152906	0.827436	-0.103613	-0.642149	-0.469761	0.502929	-0.337685	-0.729973	-0.121832	0.666053	-0.0931156
-0.661224	-0.181002	0.713531	-0.144552	-0.713784	-0.184306	0.639322	-0.218657	-0.854698	0.418919	0.284569	-0.114098	-0.475661	0.468935	-0.032169	-0.743513	-0.771004	-0.488484	0.0375666	-0.406848	-0.892451	-0.262672	-0.366776	-0.00329652	-0.615775	0.245337	0.680054	0.313302	-0.530352	-0.157817	0.825771	-0.109197	-0.643785	-0.468696	0.502334	-0.336936	-0.728827	-0.123936	0.666728	-0.0944708
-0.660684	-0.18158	0.713665	-0.145627	-0.712694	-0.185334	0.639976	-0.219429	-0.854698	0.418919	0.284569	-0.114098	-0.473831	0.469212	-0.0304013	-0.744581	-0.771306	-0.487727	0.0366132	-0.40727	-0.892644	-0.261045	-0.367462	-0.00377388	-0.615157	0.244092	0.681403	0.312556	-0.530296	-0.160318	0.824894	-0.112397	-0.645166	-0.467387	0.502212	-0.336294	-0.728163	-0.123977	0.667439	-0.0945124
-0.660684	-0.18158	0.713665	-0.145627	-0.711838	-0.185771	0.640568	-0.220108	-0.854359	0.418058	0.286052	-0.116072	-0.473831	0.469212	-0.0304013	-0.744581	-0.771306	-0.487727	0.0366132	-0.40727	-0.892934	-0.259872	-0.367586	-0.00405636	-0.614659	0.243169	0.682552	0.311748	-0.530308	-0.161992	0.824205	-0.11497	-0.645166	-0.467387	0.502212	-0.336294	-0.728163	-0.123977	0.667439	-0.0945124
-0.660717	-0.181912	0.713327	-0.146719	-0.711255	-0.18574	0.641084	-0.22052	-0.854091	0.417954	0.286775	-0.116628	-0.473224	0.469676	-0.0298966	-0.744694	-0.771579	-0.486392	0.0347609	-0.40851	-0.893353	-0.258515	-0.367522	-0.00430398	-0.614471	0.242519	0.683272	0.311045	-0.53046	-0.162701	0.823739	-0.116599	-0.647046	-0.465958	0.502029	-0.334936	-0.727374	-0.121917	0.668861	-0.0932124
-0.66141	-0.181844	0.712277	-0.148768	-0.71053	-0.185282	0.641971	-0.220661	-0.853515	0.418485	0.287522	-0.11711	-0.472008	0.470644	-0.0294223	-0.744874	-0.771888	-0.485353	0.0341383	-0.409213	-0.894128	-0.256196	-0.367258	-0.00461993	-0.6139	0.242278	0.683974	0.310818	-0.530931	-0.163518	0.822935	-0.118963	-0.647613	-0.465987	0.501601	-0.334439	-0.727142	-0.120629	0.669436	-0.0925685
-0.662074	-0.181594	0.711539	-0.149647	-0.71053	-0.185282	0.641971	-0.220661	-0.853515	0.418485	0.287522	-0.11711	-0.472008	0.470644	-0.0294223	-0.744874	-0.772167	-0.484459	0.0336983	-0.409782	-0.894128	-0.256196	-0.367258	-0.00461993	-0.6139	0.242278	0.683974	0.310818	-0.530931	-0.163518	0.822935	-0.118963	-0.647897	-0.465892	0.501579	-0.334055	-0.726937	-0.119442	0.669921	-0.0922102
-0.663366	-0.180605	0.710305	-0.150978	-0.710718	-0.184343	0.642097	-0.220474	-0.853246	0.419641	0.286673	-0.11701	-0.471077	0.470875	-0.0309165	-0.745257	-0.772384	-0.483883	0.0332098	-0.410095	-0.894619	-0.255132	-0.366798	-0.00483311	-0.613235	0.241778	0.685174	0.309875	-0.531387	-0.163815	0.82234	-0.120619	-0.648333	-0.465513	0.502031	-0.333058	-0.726728	-0.11975	0.669855	-0.093923
-0.664353	-0.179726	0.709345	-0.152196	-0.710995	-0.183573	0.642068	-0.220307	-0.853018	0.421411	0.284973	-0.116462	-0.471349	0.470551	-0.0332958	-0.745187	-0.773072	-0.482817	0.033112	-0.410061	-0.894812	-0.254576	-0.366714	-0.00481201	-0.61287	0.242009	0.68539	0.309939	-0.531952	-0.163378	0.822	-0.121043	-0.649047	-0.464165	0.502345	-0.333075	-0.726713	-0.121226	0.669274	-0.0962522
-0.665134	-0.179207	0.70862	-0.15277	-0.711546	-0.18199	0.642188	-0.219492	-0.852746	0.423349	0.28339	-0.115283	-0.471751	0.470592	-0.0346683	-0.744844	-0.77348	-0.482558	0.0331514	-0.409594	-0.894968	-0.254418	-0.366452	-0.00399254	-0.612352	0.242259	0.685867	0.309712	-0.532396	-0.163234	0.821641	-0.121721	-0.649216	-0.463809	0.502322	-0.333275	-0.726772	-0.121392	0.669085	-0.0969103
-0.66845	-0.176447	0.706022	-0.153537	-0.712942	-0.180203	0.641554	-0.218285	-0.852483	0.425247	0.281841	-0.114033	-0.473265	0.470801	-0.0387493	-0.743549	-0.774377	-0.482008	0.0335493	-0.408514	-0.895102	-0.254269	-0.366242	-0.00250163	-0.611901	0.243137	0.685561	0.310592	-0.532971	-0.162474	0.82147	-0.121367	-0.650721	-0.461266	0.502828	-0.333107	-0.726721	-0.12308	0.668386	-0.0999385
-0.668753	-0.175844	0.705829	-0.153799	-0.713488	-0.179521	0.641295	-0.217827	-0.852379	0.426166	0.281	-0.113452	-0.473877	0.470786	-0.0401648	-0.743094	-0.775387	-0.481653	0.0336909	-0.407002	-0.895153	-0.254181	-0.366184	-0.00181748	-0.61157	0.243592	0.685362	0.311327	-0.533494	-0.161641	0.821438	-0.120403	-0.651693	-0.459276	0.503697	-0.332642	-0.726764	-0.123313	0.668191	-0.100646
-0.669203	-0.174145	0.706032	-0.152841	-0.7148	-0.177715	0.640748	-0.216614	-0.852377	0.427827	0.279019	-0.1121	-0.475103	0.470453	-0.0428469	-0.742371	-0.77633	-0.481477	0.0340034	-0.405383	-0.895135	-0.254331	-0.366127	-0.000250202	-0.611109	0.244674	0.684503	0.313268	-0.534332	-0.160079	0.821473	-0.118514	-0.652535	-0.456695	0.50579	-0.331366	-0.726706	-0.123068	0.66816	-0.101562
-0.669515	-0.172825	0.706348	-0.151505	-0.71498	-0.176222	0.641602	-0.214699	-0.852538	0.429068	0.277065	-0.11097	-0.476123	0.469694	-0.0452256	-0.742058	-0.777264	-0.481164	0.0349223	-0.403884	-0.894972	-0.254608	-0.366331	0.00134915	-0.610729	0.245555	0.684191	0.314001	-0.534572	-0.158724	0.821767	-0.11721	-0.65314	-0.455026	0.506237	-0.331788	-0.726776	-0.121988	0.66827	-0.10164
-0.670044	-0.171995	0.706241	-0.150608	-0.714603	-0.175348	0.642937	-0.212666	-0.852943	0.429506	0.275511	-0.110031	-0.476695	0.469334	-0.0460757	-0.741866	-0.777895	-0.481049	0.0360977	-0.402701	-0.894856	-0.255498	-0.365989	0.00227763	-0.610395	0.246237	0.683949	0.314642	-0.534665	-0.158156	0.821878	-0.11678	-0.65315	-0.454507	0.506575	-0.331964	-0.726594	-0.120784	0.668733	-0.101333
-0.669654	-0.17157	0.707	-0.149258	-0.714465	-0.174841	0.643742	-0.211107	-0.853332	0.429628	0.274282	-0.109608	-0.478352	0.468072	-0.0478969	-0.741481	-0.778018	-0.481186	0.0377247	-0.40215	-0.894762	-0.256937	-0.365207	0.00290602	-0.610145	0.246941	0.683473	0.315609	-0.53494	-0.157215	0.822021	-0.115776	-0.65272	-0.453775	0.507825	-0.331901	-0.726832	-0.11903	0.668909	-0.100538
-0.669195	-0.171383	0.707709	-0.148168	-0.714472	-0.174338	0.644431	-0.209391	-0.853701	0.429491	0.273399	-0.109476	-0.478758	0.467711	-0.0483347	-0.741418	-0.777716	-0.481722	0.0393161	-0.401941	-0.894603	-0.258838	-0.364248	0.00334711	-0.609662	0.247083	0.683665	0.316015	-0.535282	-0.1566	0.821985	-0.115279	-0.653107	-0.452222	0.509018	-0.331432	-0.726981	-0.117944	0.668997	-0.100156
-0.668906	-0.171185	0.708166	-0.147519	-0.714311	-0.174528	0.644735	-0.208844	-0.853893	0.429258	0.273177	-0.109446	-0.479078	0.466964	-0.0486911	-0.741659	-0.777527	-0.481989	0.0401133	-0.401907	-0.894519	-0.259662	-0.363866	0.00355894	-0.609552	0.247083	0.683648	0.316261	-0.535381	-0.156406	0.821992	-0.115033	-0.653262	-0.451584	0.509626	-0.331062	-0.726977	-0.117613	0.669084	-0.0999912
-0.668906	-0.171185	0.708166	-0.147519	-0.714311	-0.174528	0.644735	-0.208844	-0.853893	0.429258	0.273177	-0.109446	-0.479078	0.466964	-0.0486911	-0.741659	-0.777527	-0.481989	0.0401133	-0.401907	-0.894436	-0.260375	-0.36356	0.00368161	-0.609552	0.247083	0.683648	0.316261	-0.535457	-0.156226	0.822018	-0.114746	-0.653262	-0.451584	0.509626	-0.331062	-0.726977	-0.117613	0.669084	-0.0999912
-0.668468	-0.170851	0.70881	-0.146798	-0.714311	-0.174928	0.644961	-0.20781	-0.854259	0.428667	0.272936	-0.10951	-0.479271	0.466715	-0.0487077	-0.74169	-0.77713	-0.482544	0.0412719	-0.401891	-0.89431	-0.261014	-0.36341	0.003678	-0.609285	0.247206	0.683625	0.31673	-0.535552	-0.156113	0.822007	-0.114531	-0.653355	-0.450647	0.510622	-0.330621	-0.727113	-0.115684	0.669499	-0.0984615
-0.667817	-0.171132	0.709381	-0.146671	-0.714434	-0.175326	0.644929	-0.20715	-0.854592	0.428011	0.272956	-0.109426	-0.479996	0.466376	-0.0485272	-0.741446	-0.776438	-0.483653	0.0421221	-0.401809	-0.893773	-0.262408	-0.363732	0.00323211	-0.608965	0.24701	0.683723	0.317286	-0.535915	-0.155876	0.821887	-0.114017	-0.653183	-0.450084	0.511987	-0.329614	-0.727168	-0.115341	0.669539	-0.0981919
-0.6678	-0.171005	0.709562	-0.146021	-0.714513	-0.175595	0.644931	-0.206643	-0.854686	0.427798	0.273043	-0.109306	-0.480316	0.46637	-0.0482985	-0.741257	-0.775841	-0.484483	0.0427255	-0.401896	-0.893312	-0.263388	-0.364159	0.00290764	-0.609028	0.246925	0.683646	0.317398	-0.53601	-0.155584	0.82195	-0.11351	-0.652831	-0.449631	0.512813	-0.329645	-0.727183	-0.116425	0.669187	-0.0991956
-0.667776	-0.17111	0.709572	-0.145957	-0.714721	-0.175538	0.644799	-0.206384	-0.854744	0.427821	0.27284	-0.109269	-0.480512	0.466327	-0.0483787	-0.741152	-0.77563	-0.484842	0.0426888	-0.401875	-0.893168	-0.263731	-0.364265	0.00291004	-0.608996	0.246767	0.683724	0.317412	-0.536065	-0.155573	0.821935	-0.113375	-0.652292	-0.449789	0.513318	-0.329712	-0.727115	-0.117685	0.668878	-0.100281
-0.667918	-0.171038	0.709552	-0.14549	-0.71536	-0.175801	0.64403	-0.206348	-0.854893	0.427905	0.272229	-0.109299	-0.480593	0.46588	-0.0487459	-0.741357	-0.775462	-0.48524	0.0423986	-0.401752	-0.892941	-0.263893	-0.364701	0.0032247	-0.608987	0.246643	0.683714	0.31755	-0.536094	-0.155666	0.821909	-0.113297	-0.651725	-0.449695	0.513906	-0.330046	-0.726776	-0.122396	0.667748	-0.104539
-0.668269	-0.171135	0.709282	-0.14508	-0.715959	-0.176016	0.64335	-0.206209	-0.855072	0.427941	0.271558	-0.109433	-0.480649	0.465305	-0.0491463	-0.741655	-0.775278	-0.485699	0.041823	-0.40161	-0.892652	-0.263647	-0.36558	0.00383393	-0.608951	0.246763	0.683495	0.317994	-0.536066	-0.155518	0.82203	-0.112759	-0.65096	-0.449678	0.514154	-0.331189	-0.726349	-0.129813	0.665711	-0.111334
-0.668517	-0.171077	0.709103	-0.144879	-0.71649	-0.175884	0.642832	-0.206093	-0.855214	0.427955	0.271055	-0.109517	-0.480879	0.464917	-0.0493448	-0.741736	-0.775169	-0.485924	0.0414974	-0.401583	-0.892511	-0.26352	-0.366011	0.00422573	-0.609012	0.246765	0.683342	0.318207	-0.535991	-0.155389	0.822159	-0.112351	-0.650235	-0.449689	0.514734	-0.331696	-0.726438	-0.131913	0.664866	-0.113312
-0.668835	-0.171442	0.708698	-0.144968	-0.717753	-0.175505	0.641557	-0.205994	-0.855551	0.428264	0.269495	-0.109525	-0.481271	0.463956	-0.0502808	-0.742021	-0.775054	-0.486487	0.0406517	-0.401209	-0.892167	-0.263329	-0.366976	0.00495675	-0.609239	0.246472	0.683134	0.318445	-0.535856	-0.155322	0.822369	-0.111547	-0.649289	-0.450169	0.515613	-0.331533	-0.726201	-0.131154	0.665488	-0.112052
