FULLBODY	1																																						
Frames:	116																																						
-0.402657	-0.605253	0.392731	-0.563293	-0.403744	-0.559887	0.358643	-0.628404	-0.696656	-0.2201	0.58776	-0.347512	-0.667031	-0.11901	0.661719	-0.320989	-0.0907564	-0.654197	0.00357867	-0.75085	-0.157537	-0.650369	-0.0357539	-0.742243	-0.6704	-0.196916	0.679627	-0.223373	-0.421598	-0.593614	0.482751	-0.486651	-0.126735	-0.737373	0.187824	-0.63635	-0.392056	-0.617903	0.467257	-0.496144
-0.393902	-0.616976	0.395528	-0.554742	-0.392146	-0.576148	0.359264	-0.620648	-0.693	-0.242197	0.580901	-0.351634	-0.663968	-0.140023	0.659008	-0.324421	-0.0750818	-0.656908	0.00976343	-0.750159	-0.152935	-0.653753	-0.0449146	-0.73973	-0.678064	-0.193717	0.673499	-0.221587	-0.4405	-0.585633	0.477734	-0.484525	-0.125125	-0.73688	0.164564	-0.643639	-0.393898	-0.621619	0.454308	-0.502035
-0.395921	-0.615205	0.396851	-0.554328	-0.393241	-0.575503	0.360138	-0.620048	-0.694513	-0.239771	0.581348	-0.349566	-0.665375	-0.137339	0.659029	-0.322637	-0.0768245	-0.657716	0.0115243	-0.74925	-0.153903	-0.654336	-0.0442805	-0.739052	-0.67864	-0.191922	0.67375	-0.220624	-0.440991	-0.585458	0.478279	-0.483752	-0.125599	-0.737394	0.166194	-0.642537	-0.392693	-0.623153	0.453838	-0.501501
-0.397657	-0.613691	0.397913	-0.554002	-0.395364	-0.574375	0.361821	-0.618762	-0.695682	-0.237499	0.582539	-0.346799	-0.666284	-0.134806	0.659957	-0.319921	-0.078752	-0.658322	0.0141147	-0.748473	-0.154429	-0.65547	-0.041088	-0.738121	-0.679247	-0.190702	0.673706	-0.219948	-0.441998	-0.584956	0.479413	-0.482314	-0.125066	-0.738072	0.166655	-0.641743	-0.392142	-0.623989	0.45383	-0.500899
-0.399309	-0.612586	0.398898	-0.553328	-0.397318	-0.573324	0.363217	-0.617666	-0.696283	-0.236236	0.584027	-0.343942	-0.666557	-0.133088	0.661454	-0.316966	-0.0800956	-0.65842	0.0165291	-0.748194	-0.152178	-0.656563	-0.035454	-0.737909	-0.679753	-0.188959	0.674133	-0.218575	-0.442594	-0.584703	0.480151	-0.48134	-0.126031	-0.738506	0.168792	-0.640496	-0.391523	-0.624693	0.453855	-0.500484
-0.400819	-0.6118	0.399797	-0.552456	-0.398773	-0.572804	0.364273	-0.616588	-0.696607	-0.235665	0.58545	-0.341245	-0.666564	-0.132264	0.662911	-0.314242	-0.0803517	-0.658129	0.0179246	-0.74839	-0.150958	-0.656614	-0.0338221	-0.738191	-0.680094	-0.18803	0.674307	-0.217779	-0.44279	-0.584566	0.480356	-0.481122	-0.126906	-0.738373	0.170051	-0.640142	-0.391156	-0.625118	0.45424	-0.499891
-0.402143	-0.610985	0.400307	-0.552026	-0.399808	-0.572475	0.365003	-0.615791	-0.696775	-0.235593	0.586483	-0.339174	-0.666489	-0.131937	0.664092	-0.312038	-0.0802359	-0.6576	0.0188592	-0.748845	-0.148443	-0.656492	-0.0309352	-0.738936	-0.680574	-0.186952	0.674478	-0.216674	-0.443143	-0.584308	0.480727	-0.48074	-0.127986	-0.738104	0.171688	-0.639801	-0.390997	-0.625264	0.454744	-0.499373
-0.403313	-0.610308	0.400787	-0.551572	-0.40066	-0.572	0.365548	-0.615356	-0.696959	-0.235433	0.586974	-0.338055	-0.666773	-0.131718	0.664524	-0.310601	-0.0800787	-0.657046	0.0193136	-0.749337	-0.146149	-0.656395	-0.0286127	-0.739573	-0.680601	-0.186356	0.674791	-0.216125	-0.443342	-0.584144	0.481082	-0.480399	-0.128157	-0.737972	0.172661	-0.639657	-0.390399	-0.625605	0.454815	-0.49935
-0.404456	-0.609472	0.401105	-0.551428	-0.401571	-0.571538	0.366194	-0.614807	-0.697479	-0.234708	0.586833	-0.33773	-0.667176	-0.130819	0.664652	-0.30984	-0.0803752	-0.656692	0.0195026	-0.74961	-0.14491	-0.65633	-0.0267699	-0.739943	-0.680787	-0.185909	0.674879	-0.215652	-0.443515	-0.583998	0.481288	-0.48021	-0.128488	-0.73792	0.173259	-0.639489	-0.390091	-0.625787	0.455276	-0.498942
-0.404456	-0.609472	0.401105	-0.551428	-0.402137	-0.571084	0.366396	-0.614739	-0.697479	-0.234708	0.586833	-0.33773	-0.667176	-0.130819	0.664652	-0.30984	-0.0814406	-0.656501	0.020071	-0.749647	-0.1467	-0.658088	-0.0248091	-0.738095	-0.680787	-0.185909	0.674879	-0.215652	-0.443728	-0.583846	0.481544	-0.479943	-0.128424	-0.7378	0.173455	-0.639587	-0.390091	-0.625787	0.455276	-0.498942
-0.40617	-0.608303	0.401825	-0.550935	-0.403237	-0.570323	0.366885	-0.614432	-0.700424	-0.232801	0.583859	-0.338111	-0.665577	-0.117156	0.668466	-0.310541	-0.0854865	-0.655552	0.0229001	-0.749946	-0.148093	-0.657945	-0.0263619	-0.73789	-0.680989	-0.185031	0.675227	-0.214677	-0.443819	-0.583778	0.481688	-0.479797	-0.128288	-0.737916	0.173465	-0.639477	-0.389029	-0.626361	0.455641	-0.498718
-0.406686	-0.607959	0.401942	-0.550849	-0.4043	-0.569429	0.367253	-0.614343	-0.703621	-0.229314	0.582545	-0.336116	-0.664394	-0.103524	0.670925	-0.312605	-0.0876569	-0.655417	0.0236592	-0.74979	-0.148741	-0.655826	-0.033255	-0.739367	-0.681061	-0.184768	0.6753	-0.214447	-0.443966	-0.583676	0.481865	-0.479607	-0.128727	-0.737842	0.173765	-0.639393	-0.389312	-0.626161	0.456337	-0.498111
-0.407238	-0.607651	0.402114	-0.550657	-0.405503	-0.568208	0.367763	-0.614375	-0.707824	-0.223311	0.581991	-0.33227	-0.662381	-0.0846917	0.673595	-0.316778	-0.0882278	-0.653961	0.0207618	-0.75108	-0.151874	-0.651835	-0.0428685	-0.74176	-0.68119	-0.18444	0.675315	-0.214272	-0.444122	-0.583582	0.481953	-0.479488	-0.129009	-0.737976	0.173869	-0.639154	-0.389909	-0.625769	0.457193	-0.497351
-0.409114	-0.60645	0.402806	-0.550083	-0.40772	-0.565836	0.368193	-0.614841	-0.716678	-0.20932	0.577828	-0.329656	-0.654411	-0.0427344	0.673561	-0.340935	-0.0940314	-0.645908	0.013212	-0.757487	-0.169921	-0.636477	-0.0653501	-0.749502	-0.681513	-0.183432	0.675486	-0.213569	-0.444391	-0.583396	0.482024	-0.479394	-0.129672	-0.73791	0.175003	-0.638787	-0.390176	-0.625543	0.457578	-0.497072
-0.409892	-0.605659	0.402792	-0.550385	-0.409266	-0.564264	0.36858	-0.615025	-0.721354	-0.199903	0.574946	-0.330339	-0.648216	-0.0189295	0.670882	-0.359688	-0.0993926	-0.640358	0.00761163	-0.76158	-0.183665	-0.625502	-0.0778197	-0.754294	-0.681582	-0.183031	0.675607	-0.213311	-0.444637	-0.583187	0.482136	-0.479308	-0.129855	-0.737982	0.1754	-0.638557	-0.390612	-0.62523	0.457928	-0.496801
-0.411323	-0.604085	0.402579	-0.551203	-0.411769	-0.56122	0.368576	-0.616142	-0.73168	-0.172771	0.569521	-0.332325	-0.630484	0.0346374	0.660639	-0.406013	-0.116529	-0.625638	-0.00546624	-0.771342	-0.218425	-0.597037	-0.102982	-0.765005	-0.681584	-0.182365	0.675772	-0.213351	-0.444932	-0.582914	0.482246	-0.479256	-0.13126	-0.73783	0.176654	-0.638099	-0.391315	-0.624814	0.458364	-0.49637
-0.413037	-0.602404	0.40229	-0.551972	-0.41389	-0.558713	0.368297	-0.617165	-0.740081	-0.141669	0.563035	-0.339415	-0.604913	0.0935144	0.642433	-0.461102	-0.134456	-0.609323	-0.0267916	-0.780979	-0.256442	-0.561874	-0.135243	-0.774754	-0.681732	-0.181118	0.675971	-0.213311	-0.445154	-0.582689	0.482423	-0.479144	-0.131817	-0.737674	0.176654	-0.638165	-0.391684	-0.624667	0.4586	-0.496045
-0.415615	-0.599895	0.401581	-0.553284	-0.415702	-0.556258	0.367171	-0.618833	-0.742488	-0.111139	0.558305	-0.353067	-0.570665	0.153884	0.618176	-0.518189	-0.154004	-0.591743	-0.0511156	-0.789627	-0.319286	-0.499008	-0.186828	-0.783673	-0.681887	-0.180037	0.67607	-0.213414	-0.445425	-0.582318	0.482519	-0.479247	-0.132515	-0.737721	0.176943	-0.637886	-0.391983	-0.624483	0.458865	-0.495795
-0.416183	-0.599372	0.401292	-0.553634	-0.415993	-0.555745	0.366476	-0.61951	-0.743614	-0.0777159	0.552801	-0.367981	-0.529144	0.211723	0.588116	-0.573847	-0.168277	-0.57619	-0.0835109	-0.795433	-0.340292	-0.476931	-0.205991	-0.783777	-0.681891	-0.179376	0.676238	-0.213427	-0.445411	-0.582264	0.482426	-0.479418	-0.133424	-0.737616	0.177264	-0.637728	-0.392008	-0.624432	0.458965	-0.495747
-0.4172	-0.598621	0.401016	-0.55388	-0.416817	-0.554569	0.365811	-0.620403	-0.742058	-0.0435233	0.54596	-0.386501	-0.506945	0.237935	0.569874	-0.601363	-0.176308	-0.569172	-0.097948	-0.797098	-0.383338	-0.430424	-0.243895	-0.779938	-0.681784	-0.179234	0.676316	-0.213641	-0.445438	-0.582152	0.482263	-0.479695	-0.133296	-0.737532	0.176729	-0.638001	-0.39206	-0.624278	0.458885	-0.495975
-0.4172	-0.598621	0.401016	-0.55388	-0.416817	-0.554569	0.365811	-0.620403	-0.742058	-0.0435233	0.54596	-0.386501	-0.483237	0.262425	0.551336	-0.627411	-0.185394	-0.561671	-0.11046	-0.79872	-0.383338	-0.430424	-0.243895	-0.779938	-0.681784	-0.179234	0.676316	-0.213641	-0.445438	-0.582152	0.482263	-0.479695	-0.133022	-0.737624	0.176459	-0.638027	-0.39206	-0.624278	0.458885	-0.495975
-0.417672	-0.59832	0.400949	-0.553898	-0.417284	-0.554029	0.365694	-0.62064	-0.740304	-0.0271518	0.54192	-0.396907	-0.483237	0.262425	0.551336	-0.627411	-0.196302	-0.55384	-0.119648	-0.800257	-0.404822	-0.40653	-0.262535	-0.77584	-0.681784	-0.179234	0.676316	-0.213641	-0.445481	-0.58207	0.482214	-0.479803	-0.133022	-0.737624	0.176459	-0.638027	-0.391957	-0.624221	0.458678	-0.496319
-0.418447	-0.597925	0.40131	-0.553477	-0.418424	-0.552818	0.365592	-0.621013	-0.734486	0.00227415	0.533561	-0.41933	-0.407669	0.321907	0.490379	-0.699793	-0.219944	-0.539349	-0.133384	-0.801833	-0.448448	-0.358044	-0.29631	-0.763478	-0.681963	-0.17864	0.676447	-0.213152	-0.445786	-0.581753	0.482198	-0.479919	-0.132945	-0.737598	0.177065	-0.637905	-0.392237	-0.623856	0.458837	-0.496409
-0.419001	-0.597523	0.402105	-0.552915	-0.419644	-0.552041	0.365901	-0.620698	-0.72672	0.0498061	0.519934	-0.446168	-0.353036	0.353414	0.449539	-0.740526	-0.228923	-0.531573	-0.142567	-0.802931	-0.509818	-0.287006	-0.340813	-0.735907	-0.682284	-0.177755	0.676717	-0.212002	-0.446167	-0.581488	0.482076	-0.480009	-0.133225	-0.737538	0.177759	-0.637723	-0.392322	-0.623663	0.458975	-0.496457
-0.419525	-0.597145	0.403002	-0.552273	-0.421055	-0.550682	0.366579	-0.620549	-0.720294	0.0765093	0.50876	-0.46528	-0.277259	0.386684	0.384081	-0.791255	-0.25922	-0.503883	-0.182517	-0.803489	-0.546465	-0.239553	-0.363643	-0.715371	-0.682537	-0.177538	0.67677	-0.2112	-0.446631	-0.581238	0.482064	-0.479893	-0.132852	-0.737707	0.179111	-0.637226	-0.392312	-0.623746	0.459253	-0.496104
-0.420053	-0.596882	0.403945	-0.551467	-0.422483	-0.549228	0.367425	-0.620367	-0.713638	0.104872	0.497811	-0.481567	-0.229876	0.403776	0.344279	-0.815839	-0.276129	-0.489978	-0.19754	-0.802903	-0.578629	-0.1956	-0.381586	-0.693773	-0.683027	-0.17677	0.676791	-0.210189	-0.44686	-0.581148	0.482267	-0.479586	-0.133223	-0.73775	0.180355	-0.636749	-0.392339	-0.623911	0.459811	-0.495357
-0.420053	-0.596882	0.403945	-0.551467	-0.422483	-0.549228	0.367425	-0.620367	-0.713638	0.104872	0.497811	-0.481567	-0.229876	0.403776	0.344279	-0.815839	-0.276129	-0.489978	-0.19754	-0.802903	-0.578629	-0.1956	-0.381586	-0.693773	-0.683027	-0.17677	0.676791	-0.210189	-0.44686	-0.581148	0.482267	-0.479586	-0.133223	-0.73775	0.180355	-0.636749	-0.392339	-0.623911	0.459811	-0.495357
-0.420572	-0.596519	0.404771	-0.550858	-0.424033	-0.547548	0.368911	-0.619912	-0.707008	0.132688	0.488124	-0.494235	-0.187949	0.415815	0.309552	-0.834237	-0.292114	-0.476509	-0.210456	-0.80207	-0.607001	-0.156018	-0.395501	-0.671407	-0.683422	-0.176164	0.676801	-0.209383	-0.446788	-0.581344	0.482339	-0.479342	-0.133321	-0.737844	0.180849	-0.636479	-0.392034	-0.62444	0.460267	-0.494508
-0.42204	-0.595714	0.406463	-0.549359	-0.425979	-0.54468	0.370409	-0.620212	-0.70006	0.155617	0.479643	-0.50561	-0.151482	0.424285	0.279425	-0.847913	-0.308809	-0.463679	-0.221647	-0.800319	-0.631881	-0.120201	-0.405478	-0.649512	-0.683842	-0.175291	0.676852	-0.208577	-0.446787	-0.58148	0.482704	-0.47881	-0.133688	-0.737805	0.182178	-0.636068	-0.391696	-0.62496	0.460579	-0.493828
-0.42271	-0.595376	0.407288	-0.548598	-0.428339	-0.541738	0.371347	-0.620602	-0.695908	0.165353	0.47603	-0.511631	-0.135587	0.427173	0.267323	-0.85304	-0.324563	-0.451357	-0.230772	-0.798549	-0.643339	-0.103579	-0.409803	-0.638316	-0.68401	-0.174846	0.676946	-0.208096	-0.446688	-0.581752	0.482995	-0.478279	-0.134697	-0.737698	0.184338	-0.635357	-0.391725	-0.625073	0.460884	-0.493377
-0.424542	-0.593867	0.408779	-0.547709	-0.430853	-0.538418	0.372301	-0.62118	-0.685095	0.190937	0.466439	-0.525949	-0.105482	0.430128	0.248018	-0.861598	-0.332122	-0.445895	-0.235365	-0.797167	-0.674659	-0.0580715	-0.420944	-0.603548	-0.684555	-0.173735	0.677162	-0.206524	-0.4468	-0.58185	0.483456	-0.477588	-0.135077	-0.737695	0.185546	-0.634928	-0.391861	-0.625249	0.461459	-0.492508
-0.425168	-0.593396	0.409351	-0.547307	-0.432095	-0.536747	0.372688	-0.621531	-0.681987	0.197251	0.463271	-0.530439	-0.080298	0.429871	0.231702	-0.868952	-0.346155	-0.435282	-0.243551	-0.7946	-0.684129	-0.0430265	-0.422905	-0.592679	-0.684789	-0.17327	0.677209	-0.205985	-0.446912	-0.581863	0.483723	-0.477197	-0.135174	-0.738021	0.187382	-0.633988	-0.39197	-0.625442	0.461791	-0.491864
-0.425588	-0.593185	0.410162	-0.546602	-0.434399	-0.533733	0.373404	-0.62209	-0.679028	0.20325	0.46061	-0.534273	-0.0689706	0.428643	0.225647	-0.872119	-0.352755	-0.430382	-0.247775	-0.793059	-0.700196	-0.0187904	-0.428042	-0.571098	-0.685103	-0.172737	0.677222	-0.205342	-0.446914	-0.582096	0.483956	-0.476674	-0.135625	-0.738071	0.188681	-0.633448	-0.392118	-0.625448	0.462076	-0.491471
-0.425995	-0.593286	0.411892	-0.544871	-0.43549	-0.532289	0.373988	-0.622214	-0.673888	0.214537	0.454391	-0.541643	-0.0473215	0.424257	0.214165	-0.878578	-0.365952	-0.42293	-0.253772	-0.789182	-0.706683	-0.00740335	-0.431398	-0.56075	-0.685451	-0.172116	0.67731	-0.204409	-0.446931	-0.582212	0.484044	-0.476427	-0.136422	-0.73829	0.191116	-0.632291	-0.392485	-0.625475	0.462613	-0.490638
-0.42605	-0.593419	0.412744	-0.544038	-0.437632	-0.529611	0.375292	-0.622211	-0.67014	0.225616	0.447917	-0.547156	-0.0473215	0.424257	0.214165	-0.878578	-0.365952	-0.42293	-0.253772	-0.789182	-0.720173	0.0144289	-0.437421	-0.538336	-0.68565	-0.171809	0.677305	-0.204018	-0.446777	-0.582638	0.483971	-0.476126	-0.136422	-0.73829	0.191116	-0.632291	-0.392485	-0.625475	0.462613	-0.490638
-0.425795	-0.593959	0.414593	-0.54224	-0.438636	-0.528469	0.375735	-0.622207	-0.668728	0.230697	0.44535	-0.548858	-0.018462	0.416494	0.196014	-0.887564	-0.376757	-0.413023	-0.260602	-0.787117	-0.72706	0.0261148	-0.440032	-0.526377	-0.686082	-0.171041	0.677424	-0.202813	-0.446789	-0.582747	0.483936	-0.476016	-0.137356	-0.738712	0.194751	-0.630484	-0.393231	-0.625353	0.463197	-0.489644
-0.426085	-0.594095	0.416898	-0.540092	-0.440359	-0.526588	0.376282	-0.622255	-0.665969	0.237767	0.441091	-0.552622	-0.0060303	0.412848	0.188393	-0.891083	-0.379591	-0.409685	-0.265156	-0.785978	-0.737229	0.0473368	-0.445069	-0.506129	-0.686492	-0.170545	0.677433	-0.20181	-0.446932	-0.582922	0.483965	-0.475638	-0.138091	-0.738615	0.197083	-0.629711	-0.393506	-0.625358	0.463551	-0.489081
-0.426722	-0.593821	0.419047	-0.538223	-0.441947	-0.524428	0.376755	-0.622667	-0.662906	0.241723	0.43964	-0.555736	-0.000717201	0.411826	0.184458	-0.892398	-0.383075	-0.408575	-0.267429	-0.784093	-0.743591	0.0619521	-0.449347	-0.491246	-0.686644	-0.170013	0.677517	-0.20146	-0.446359	-0.583482	0.484446	-0.474999	-0.137882	-0.738887	0.198018	-0.629145	-0.393205	-0.625708	0.463615	-0.488817
-0.426826	-0.593556	0.419472	-0.538103	-0.442289	-0.524011	0.37728	-0.622457	-0.662306	0.242114	0.440069	-0.555941	0.00180026	0.412179	0.183961	-0.892336	-0.385806	-0.409305	-0.267872	-0.78222	-0.743485	0.0638743	-0.450682	-0.489934	-0.686746	-0.169692	0.677406	-0.201755	-0.445768	-0.583943	0.484404	-0.47503	-0.138495	-0.738922	0.198873	-0.628699	-0.393473	-0.625733	0.464511	-0.487716
-0.426878	-0.593457	0.41969	-0.538	-0.44316	-0.523336	0.378402	-0.621724	-0.661755	0.24241	0.441297	-0.555496	0.00231612	0.41284	0.183963	-0.892029	-0.385365	-0.410126	-0.269318	-0.78151	-0.74316	0.0642362	-0.453082	-0.488163	-0.68681	-0.169398	0.677419	-0.201743	-0.444734	-0.584721	0.484383	-0.475064	-0.138784	-0.73896	0.199182	-0.628493	-0.39363	-0.62574	0.464956	-0.487156
-0.427243	-0.593305	0.420839	-0.53698	-0.443555	-0.523136	0.378926	-0.621291	-0.661953	0.242685	0.441704	-0.554815	0.00185324	0.414207	0.184085	-0.891371	-0.383322	-0.411058	-0.270249	-0.781704	-0.742799	0.064033	-0.453508	-0.488343	-0.686914	-0.168851	0.67736	-0.202045	-0.444344	-0.584997	0.484441	-0.475029	-0.139379	-0.739062	0.199718	-0.628071	-0.394487	-0.625296	0.466316	-0.485731
-0.428	-0.593721	0.423295	-0.533978	-0.444639	-0.523441	0.38067	-0.61919	-0.663374	0.241987	0.441939	-0.553234	-0.00106651	0.414617	0.184517	-0.891092	-0.381831	-0.41236	-0.268862	-0.782226	-0.741864	0.0599167	-0.453621	-0.490179	-0.687425	-0.166923	0.677507	-0.201416	-0.443482	-0.585424	0.484699	-0.475046	-0.141667	-0.738691	0.202102	-0.627233	-0.395862	-0.624458	0.468419	-0.483662
-0.428399	-0.593772	0.424136	-0.532933	-0.445274	-0.523939	0.381725	-0.617661	-0.664131	0.241504	0.441762	-0.552678	-0.00202238	0.414246	0.184874	-0.891189	-0.382017	-0.413105	-0.267911	-0.782068	-0.741813	0.0565594	-0.453036	-0.491195	-0.687516	-0.166372	0.677547	-0.201424	-0.442342	-0.586035	0.484711	-0.475344	-0.142078	-0.738547	0.202411	-0.62721	-0.396122	-0.624276	0.468919	-0.4832
-0.429142	-0.593758	0.425525	-0.531241	-0.445897	-0.523909	0.382325	-0.616865	-0.66607	0.240395	0.441132	-0.551329	-0.00473557	0.413416	0.185835	-0.891364	-0.382887	-0.414465	-0.265995	-0.781577	-0.74234	0.0546244	-0.452922	-0.490723	-0.687702	-0.165182	0.677591	-0.201624	-0.441854	-0.58626	0.484842	-0.475387	-0.142517	-0.738365	0.203239	-0.627056	-0.396164	-0.624148	0.469303	-0.482958
-0.429467	-0.593849	0.426482	-0.530108	-0.446693	-0.523746	0.38297	-0.616027	-0.667269	0.240077	0.440872	-0.550225	-0.0065104	0.41325	0.186166	-0.891361	-0.382887	-0.414465	-0.265995	-0.781577	-0.742998	0.0531098	-0.452643	-0.490151	-0.687877	-0.164411	0.677641	-0.201487	-0.441497	-0.586386	0.485032	-0.475369	-0.142517	-0.738365	0.203239	-0.627056	-0.396159	-0.624094	0.469455	-0.482883
-0.429927	-0.593877	0.427649	-0.528762	-0.447559	-0.523509	0.383811	-0.615075	-0.667269	0.240077	0.440872	-0.550225	-0.0083433	0.413325	0.18628	-0.891287	-0.384832	-0.415528	-0.264471	-0.780574	-0.743917	0.052022	-0.452325	-0.489166	-0.688048	-0.163661	0.67769	-0.201348	-0.440979	-0.586642	0.485048	-0.475517	-0.14305	-0.737879	0.203959	-0.627273	-0.395969	-0.62418	0.469463	-0.48292
-0.430622	-0.5937	0.429147	-0.527178	-0.448536	-0.523139	0.384905	-0.613995	-0.669862	0.240724	0.440379	-0.547177	-0.0103942	0.413621	0.185907	-0.891206	-0.386511	-0.415812	-0.263199	-0.780023	-0.745132	0.0508595	-0.451826	-0.487899	-0.688172	-0.162868	0.677799	-0.2012	-0.440456	-0.586892	0.485101	-0.475639	-0.143138	-0.737775	0.204126	-0.627321	-0.395792	-0.624266	0.469447	-0.482969
-0.433172	-0.592422	0.434435	-0.522172	-0.452806	-0.520458	0.389957	-0.609937	-0.674733	0.244085	0.4395	-0.540369	-0.0149571	0.414774	0.18462	-0.890873	-0.390525	-0.416873	-0.260519	-0.778355	-0.748739	0.0481652	-0.451945	-0.48251	-0.688793	-0.158313	0.678531	-0.200242	-0.438669	-0.587461	0.486224	-0.475443	-0.143655	-0.737375	0.205292	-0.627293	-0.395814	-0.624201	0.470232	-0.482272
-0.434277	-0.591711	0.436632	-0.520226	-0.454597	-0.519158	0.392047	-0.608372	-0.676636	0.245622	0.439039	-0.53766	-0.0215679	0.416721	0.182582	-0.890248	-0.395463	-0.417646	-0.258333	-0.776174	-0.750184	0.0470589	-0.451992	-0.480325	-0.689333	-0.155711	0.678818	-0.199448	-0.437886	-0.587697	0.486791	-0.475292	-0.145691	-0.736606	0.207936	-0.626855	-0.396091	-0.623943	0.470738	-0.481885
-0.436826	-0.589637	0.44146	-0.516357	-0.458589	-0.516054	0.396684	-0.605001	-0.681033	0.248839	0.437525	-0.531832	-0.0285161	0.418318	0.17986	-0.889858	-0.401976	-0.418256	-0.254546	-0.773747	-0.753761	0.0449073	-0.45182	-0.475064	-0.690452	-0.150486	0.679284	-0.198	-0.436602	-0.587892	0.48798	-0.475013	-0.147792	-0.735704	0.211615	-0.626191	-0.39635	-0.623532	0.471293	-0.481661
-0.438819	-0.587393	0.445563	-0.513694	-0.463301	-0.51231	0.401749	-0.601238	-0.685542	0.252366	0.436493	-0.525182	-0.0362907	0.420587	0.17704	-0.88907	-0.408119	-0.419037	-0.251471	-0.771109	-0.757969	0.0420816	-0.451171	-0.469208	-0.69106	-0.146015	0.68013	-0.196313	-0.435356	-0.588139	0.488559	-0.475255	-0.149559	-0.73456	0.213925	-0.62633	-0.397056	-0.622789	0.473048	-0.480318
-0.440316	-0.585467	0.449741	-0.510963	-0.46694	-0.509806	0.407034	-0.596983	-0.690224	0.254872	0.435151	-0.518917	-0.0441998	0.421978	0.174799	-0.888497	-0.414686	-0.420158	-0.246563	-0.768576	-0.76235	0.0381609	-0.450171	-0.463371	-0.690767	-0.142958	0.68132	-0.195464	-0.434651	-0.587781	0.489181	-0.475704	-0.151823	-0.732684	0.2152	-0.627545	-0.396694	-0.622533	0.474914	-0.479106
-0.443201	-0.582682	0.454116	-0.507773	-0.47025	-0.507444	0.412695	-0.592494	-0.69491	0.257143	0.433642	-0.512769	-0.0522219	0.423366	0.172827	-0.887787	-0.41756	-0.421065	-0.244342	-0.767232	-0.766678	0.0331271	-0.449412	-0.457313	-0.690641	-0.13883	0.682762	-0.19385	-0.434397	-0.58669	0.490057	-0.47638	-0.153239	-0.730983	0.21676	-0.628647	-0.395753	-0.622091	0.476391	-0.478992
-0.444573	-0.581071	0.45565	-0.507046	-0.472055	-0.506074	0.4156	-0.590194	-0.697232	0.258226	0.432995	-0.50961	-0.0565066	0.424138	0.171827	-0.88735	-0.423179	-0.423021	-0.239641	-0.764555	-0.768816	0.0305304	-0.449053	-0.454249	-0.690689	-0.137052	0.68335	-0.192869	-0.434531	-0.58545	0.490686	-0.477135	-0.154384	-0.729754	0.217513	-0.629534	-0.394844	-0.621966	0.476755	-0.479543
-0.447761	-0.577544	0.459433	-0.504851	-0.476233	-0.502951	0.421171	-0.585539	-0.70227	0.26091	0.431876	-0.502221	-0.0657628	0.426135	0.169961	-0.886114	-0.429707	-0.425171	-0.234382	-0.761345	-0.773196	0.0248692	-0.448294	-0.447863	-0.690019	-0.134105	0.684996	-0.191494	-0.434707	-0.584661	0.491162	-0.477453	-0.157492	-0.727664	0.221317	-0.629857	-0.393219	-0.621425	0.477287	-0.481047
-0.451195	-0.573693	0.464542	-0.501498	-0.481637	-0.498156	0.427414	-0.580675	-0.708203	0.265024	0.430926	-0.492456	-0.0771292	0.429394	0.166789	-0.884225	-0.437542	-0.428089	-0.228827	-0.756925	-0.777605	0.0188572	-0.44851	-0.440243	-0.689776	-0.12985	0.68667	-0.189293	-0.435752	-0.582741	0.492207	-0.477771	-0.160173	-0.725124	0.224313	-0.631049	-0.392361	-0.620417	0.478672	-0.481673
-0.456558	-0.568009	0.472757	-0.4954	-0.488749	-0.491448	0.435825	-0.57416	-0.715582	0.269749	0.430528	-0.4794	-0.0924477	0.434132	0.163476	-0.881055	-0.447007	-0.431025	-0.221979	-0.75175	-0.783568	0.0118193	-0.448119	-0.430198	-0.690178	-0.122106	0.68889	-0.184864	-0.436805	-0.580661	0.493548	-0.477959	-0.162894	-0.723193	0.230042	-0.630507	-0.391579	-0.619445	0.479392	-0.482842
-0.463258	-0.561023	0.482392	-0.487794	-0.497374	-0.483395	0.446713	-0.565151	-0.724977	0.275529	0.429538	-0.46259	-0.111447	0.439728	0.159115	-0.87687	-0.452708	-0.432474	-0.217777	-0.748729	-0.791563	0.0032043	-0.446773	-0.416907	-0.690755	-0.113858	0.690673	-0.181286	-0.437746	-0.578796	0.494491	-0.478385	-0.165458	-0.721606	0.233688	-0.630316	-0.391892	-0.617932	0.481224	-0.482706
-0.466987	-0.557113	0.487746	-0.483375	-0.502104	-0.479002	0.452719	-0.559905	-0.730406	0.278632	0.428339	-0.453208	-0.122414	0.442466	0.156414	-0.874513	-0.466435	-0.435574	-0.207287	-0.741448	-0.796139	-0.00220322	-0.445613	-0.409374	-0.690701	-0.109672	0.691888	-0.17943	-0.438228	-0.578033	0.494774	-0.478574	-0.172023	-0.718224	0.243634	-0.628654	-0.392201	-0.617106	0.482114	-0.482623
-0.479628	-0.54381	0.505605	-0.467537	-0.518409	-0.463823	0.472738	-0.540962	-0.74825	0.289953	0.423005	-0.420852	-0.158809	0.450653	0.146563	-0.866147	-0.491989	-0.441414	-0.186841	-0.726767	-0.811455	-0.0226688	-0.441049	-0.382756	-0.692511	-0.0890773	0.69549	-0.169667	-0.440511	-0.574639	0.49761	-0.477623	-0.181307	-0.711466	0.257349	-0.628264	-0.394226	-0.613859	0.485471	-0.481748
-0.484342	-0.538803	0.512521	-0.460898	-0.52435	-0.458244	0.47989	-0.533643	-0.754512	0.294261	0.420463	-0.409063	-0.171767	0.453318	0.142478	-0.86296	-0.501307	-0.443777	-0.17905	-0.720898	-0.816835	-0.0305008	-0.439391	-0.37254	-0.693215	-0.0801742	0.696805	-0.165796	-0.440918	-0.573751	0.499032	-0.476832	-0.183991	-0.709176	0.262526	-0.62793	-0.394643	-0.612955	0.486183	-0.481839
-0.48922	-0.533497	0.519678	-0.453849	-0.530306	-0.45267	0.487207	-0.525828	-0.760799	0.298722	0.417638	-0.396898	-0.184876	0.455776	0.138242	-0.859639	-0.501307	-0.443777	-0.17905	-0.720898	-0.822177	-0.0386628	-0.437701	-0.361869	-0.693497	-0.0702996	0.698382	-0.162426	-0.440781	-0.572946	0.50114	-0.475714	-0.183991	-0.709176	0.262526	-0.62793	-0.394061	-0.612789	0.485783	-0.482929
-0.494146	-0.527976	0.526995	-0.446473	-0.536386	-0.446958	0.49446	-0.517714	-0.766943	0.303293	0.414733	-0.384458	-0.198133	0.458235	0.13395	-0.85605	-0.520445	-0.448894	-0.162314	-0.708015	-0.82739	-0.0471885	-0.435946	-0.350926	-0.694185	-0.0593622	0.699312	-0.159832	-0.439566	-0.572501	0.503778	-0.474587	-0.187074	-0.705681	0.270696	-0.627488	-0.393824	-0.612301	0.486226	-0.483296
-0.503957	-0.516193	0.541935	-0.431136	-0.548555	-0.435227	0.508464	-0.501128	-0.778523	0.311308	0.40885	-0.360321	-0.224497	0.462542	0.125445	-0.848481	-0.5301	-0.451386	-0.153973	-0.701097	-0.836817	-0.0638029	-0.432646	-0.32937	-0.697344	-0.0352063	0.69874	-0.155675	-0.436233	-0.569265	0.512249	-0.472481	-0.189707	-0.703532	0.274501	-0.627458	-0.392638	-0.611714	0.489949	-0.481238
-0.513988	-0.503406	0.554356	-0.418435	-0.55921	-0.42397	0.521831	-0.485001	-0.788768	0.318096	0.40288	-0.338154	-0.248071	0.465507	0.11801	-0.841331	-0.556481	-0.458958	-0.130313	-0.680225	-0.844623	-0.0799733	-0.429799	-0.309011	-0.698444	-0.00871307	0.700755	-0.14506	-0.445915	-0.546793	0.538603	-0.460525	-0.204139	-0.693824	0.292738	-0.625492	-0.388418	-0.612292	0.49475	-0.479011
-0.524719	-0.488502	0.565612	-0.407576	-0.569476	-0.411561	0.532984	-0.471426	-0.797225	0.325189	0.396471	-0.318582	-0.268822	0.467931	0.109762	-0.834702	-0.571786	-0.462663	-0.117314	-0.667264	-0.851665	-0.0935579	-0.426608	-0.289687	-0.699323	0.0206977	0.703235	-0.126414	-0.462768	-0.506447	0.579081	-0.44048	-0.212521	-0.686229	0.303747	-0.62583	-0.381522	-0.613415	0.501276	-0.476325
-0.534623	-0.472822	0.576961	-0.397158	-0.579435	-0.39852	0.542109	-0.459951	-0.803427	0.332258	0.390758	-0.302354	-0.277825	0.469001	0.105446	-0.831704	-0.578626	-0.463752	-0.112185	-0.661469	-0.858178	-0.102857	-0.423406	-0.271438	-0.696164	0.0495219	0.708469	-0.104762	-0.473693	-0.471642	0.609524	-0.426204	-0.219097	-0.680631	0.310177	-0.62652	-0.370185	-0.615927	0.511566	-0.471059
-0.538977	-0.465341	0.581562	-0.39338	-0.584069	-0.39207	0.546223	-0.454736	-0.805736	0.335951	0.38838	-0.295107	-0.293313	0.471757	0.0973635	-0.825793	-0.590444	-0.465303	-0.103737	-0.651235	-0.86098	-0.10665	-0.422001	-0.263162	-0.693963	0.0577469	0.711008	-0.0977145	-0.472872	-0.468784	0.612718	-0.425688	-0.237924	-0.665915	0.322703	-0.629136	-0.363162	-0.617523	0.5187	-0.466614
-0.546311	-0.452094	0.587742	-0.389504	-0.596864	-0.3733	0.556083	-0.441782	-0.809386	0.342999	0.38501	-0.281093	-0.311937	0.477405	0.0879526	-0.816728	-0.604921	-0.468666	-0.0939648	-0.636862	-0.867267	-0.118115	-0.418358	-0.242639	-0.689016	0.0541061	0.716398	-0.0954062	-0.464338	-0.474576	0.606649	-0.437202	-0.27249	-0.640355	0.316762	-0.644482	-0.338397	-0.622165	0.552963	-0.438897
-0.549256	-0.443266	0.591131	-0.39038	-0.600118	-0.368639	0.558205	-0.438601	-0.812117	0.347728	0.384266	-0.268124	-0.317011	0.47946	0.0866873	-0.8137	-0.608889	-0.469969	-0.0904403	-0.632616	-0.868853	-0.122012	-0.417287	-0.236812	-0.680339	0.0514155	0.726037	-0.0858237	-0.463565	-0.473115	0.606458	-0.439861	-0.28754	-0.631575	0.301013	-0.654083	-0.331062	-0.62167	0.570466	-0.422483
-0.549236	-0.437845	0.591146	-0.396456	-0.604312	-0.361574	0.562442	-0.433278	-0.814293	0.351104	0.383759	-0.257645	-0.325501	0.482707	0.0841433	-0.80868	-0.615247	-0.471731	-0.0835113	-0.626073	-0.872064	-0.128557	-0.414656	-0.225915	-0.676189	0.0486407	0.731235	-0.0754849	-0.463798	-0.469213	0.606554	-0.443648	-0.321043	-0.619919	0.2751	-0.661023	-0.318678	-0.615705	0.610622	-0.382743
-0.549236	-0.437845	0.591146	-0.396456	-0.606386	-0.356552	0.566266	-0.429545	-0.815526	0.354045	0.382933	-0.250862	-0.325501	0.482707	0.0841433	-0.80868	-0.618452	-0.471694	-0.0802658	-0.623361	-0.875321	-0.133417	-0.411233	-0.216565	-0.672138	0.0468026	0.735957	-0.0663922	-0.46311	-0.467104	0.606537	-0.446606	-0.321043	-0.619919	0.2751	-0.661023	-0.318678	-0.615705	0.610622	-0.382743
-0.555254	-0.420357	0.599177	-0.394943	-0.607536	-0.351569	0.570406	-0.426541	-0.815303	0.355842	0.385001	-0.245827	-0.334464	0.488358	0.0814205	-0.80188	-0.623752	-0.471606	-0.0722527	-0.619113	-0.877605	-0.137751	-0.40768	-0.211261	-0.670863	0.0483656	0.737951	-0.0550577	-0.464313	-0.46261	0.610639	-0.444438	-0.38892	-0.620511	0.241938	-0.636532	-0.369629	-0.549338	0.691027	-0.289972
-0.559866	-0.410476	0.602714	-0.39344	-0.60709	-0.348246	0.574027	-0.42504	-0.81478	0.356831	0.386951	-0.243051	-0.335799	0.490632	0.0815306	-0.79992	-0.625291	-0.470133	-0.0695155	-0.618993	-0.879445	-0.139863	-0.404184	-0.208924	-0.671685	0.055451	0.737747	-0.0386377	-0.468362	-0.454613	0.619457	-0.436163	-0.438863	-0.612355	0.255555	-0.605898	-0.400452	-0.512842	0.703437	-0.28602
-0.563065	-0.40522	0.605004	-0.3908	-0.607881	-0.343917	0.57703	-0.423365	-0.813887	0.358062	0.388279	-0.242115	-0.336146	0.491565	0.0811361	-0.799242	-0.62596	-0.468698	-0.0686349	-0.619504	-0.881012	-0.139698	-0.401404	-0.20779	-0.671857	0.0685978	0.737302	-0.0169877	-0.471213	-0.447322	0.628179	-0.42808	-0.465631	-0.605742	0.261978	-0.589603	-0.424167	-0.490465	0.707193	-0.281788
-0.569359	-0.394672	0.609928	-0.384776	-0.608748	-0.341794	0.578146	-0.422316	-0.813426	0.358582	0.389113	-0.241553	-0.336998	0.49354	0.080154	-0.797763	-0.626645	-0.466845	-0.0691184	-0.620157	-0.88149	-0.139452	-0.400601	-0.207478	-0.671033	0.0747621	0.737611	-0.00743366	-0.469905	-0.446488	0.630202	-0.427415	-0.510633	-0.594844	0.274012	-0.557074	-0.478506	-0.440409	0.70849	-0.274067
-0.577086	-0.383055	0.61308	-0.379965	-0.611483	-0.337016	0.580049	-0.419586	-0.813023	0.358969	0.390586	-0.239953	-0.337865	0.495113	0.080417	-0.796394	-0.626975	-0.466605	-0.0704893	-0.619849	-0.881831	-0.139466	-0.400304	-0.20659	-0.668353	0.0827494	0.739197	0.00668723	-0.463666	-0.448824	0.631243	-0.430236	-0.541574	-0.590497	0.278777	-0.529428	-0.527968	-0.39564	0.698572	-0.276977
-0.585281	-0.37187	0.615597	-0.374432	-0.615715	-0.332005	0.580921	-0.41617	-0.813399	0.35995	0.390358	-0.237566	-0.339628	0.495446	0.0795341	-0.795525	-0.627545	-0.467319	-0.0718429	-0.618578	-0.882021	-0.139885	-0.400984	-0.204163	-0.665275	0.0874366	0.741286	0.0161122	-0.455279	-0.452915	0.631687	-0.434235	-0.570412	-0.584683	0.282481	-0.502972	-0.575691	-0.350996	0.684731	-0.276632
-0.595867	-0.360303	0.617676	-0.365515	-0.619845	-0.327527	0.5821	-0.411921	-0.81453	0.360956	0.388512	-0.235181	-0.342883	0.494747	0.0776127	-0.794753	-0.628752	-0.469102	-0.0721684	-0.615959	-0.882128	-0.142067	-0.401927	-0.200303	-0.664702	0.0984118	0.739907	0.0320141	-0.452772	-0.449315	0.640353	-0.427857	-0.594223	-0.576448	0.292234	-0.478754	-0.622534	-0.299181	0.672452	-0.26599
-0.608282	-0.346114	0.621461	-0.352115	-0.624607	-0.321609	0.584309	-0.406223	-0.816311	0.363077	0.385184	-0.231183	-0.34765	0.493644	0.0738342	-0.793727	-0.63163	-0.47042	-0.0707552	-0.612161	-0.882959	-0.144835	-0.402168	-0.194082	-0.664321	0.112297	0.737352	0.0487733	-0.452786	-0.441053	0.653782	-0.415964	-0.613435	-0.564515	0.309415	-0.457474	-0.662926	-0.247707	0.659382	-0.253742
-0.614258	-0.33907	0.622477	-0.346758	-0.626941	-0.318872	0.585915	-0.402455	-0.817405	0.363757	0.38363	-0.228818	-0.350543	0.493104	0.0720122	-0.792958	-0.633574	-0.470826	-0.0695739	-0.609972	-0.88355	-0.145978	-0.402171	-0.190495	-0.66402	0.118974	0.735984	0.0570107	-0.452815	-0.436551	0.660686	-0.409726	-0.621524	-0.558491	0.318831	-0.447373	-0.678852	-0.224942	0.652802	-0.24982
-0.631949	-0.319592	0.624028	-0.330288	-0.633193	-0.310814	0.591859	-0.390081	-0.820914	0.364675	0.379627	-0.22135	-0.359121	0.491506	0.0684986	-0.790418	-0.639114	-0.473472	-0.0645102	-0.602658	-0.884878	-0.15228	-0.401825	-0.179828	-0.664477	0.135862	0.730404	0.0807576	-0.455627	-0.418667	0.683987	-0.386373	-0.633876	-0.544993	0.351141	-0.421764	-0.713502	-0.168571	0.640336	-0.229058
-0.638127	-0.313193	0.623785	-0.324957	-0.637026	-0.305899	0.594493	-0.383669	-0.822584	0.365415	0.377994	-0.216676	-0.361682	0.491189	0.0675958	-0.789526	-0.641002	-0.475047	-0.0618473	-0.599685	-0.885265	-0.159028	-0.401136	-0.173512	-0.664066	0.139996	0.729121	0.0883169	-0.456741	-0.40343	0.700845	-0.37074	-0.635095	-0.541541	0.359114	-0.417642	-0.719984	-0.167171	0.634006	-0.227403
-0.64767	-0.306485	0.620303	-0.319084	-0.638128	-0.304927	0.595101	-0.381664	-0.823082	0.365687	0.37739	-0.215375	-0.36416	0.490724	0.0665011	-0.788768	-0.645788	-0.47726	-0.0560626	-0.593327	-0.885522	-0.161595	-0.400708	-0.170794	-0.660642	0.145842	0.729261	0.102279	-0.461458	-0.386036	0.714461	-0.357181	-0.628785	-0.542322	0.372834	-0.414139	-0.72746	-0.171304	0.62546	-0.22418
-0.64834	-0.30532	0.621583	-0.316338	-0.639206	-0.30397	0.59543	-0.380108	-0.823173	0.367727	0.374791	-0.216087	-0.364356	0.490159	0.0650098	-0.789153	-0.647999	-0.477924	-0.0546399	-0.590509	-0.886535	-0.163589	-0.399978	-0.165265	-0.657258	0.149496	0.730336	0.110783	-0.471386	-0.350492	0.739618	-0.328505	-0.619636	-0.549904	0.375607	-0.415422	-0.729157	-0.174151	0.623821	-0.221019
-0.64676	-0.301444	0.628567	-0.309413	-0.640178	-0.302318	0.595713	-0.379345	-0.822987	0.368617	0.373208	-0.218011	-0.363558	0.4886	0.0609173	-0.790813	-0.651597	-0.476643	-0.0548121	-0.587562	-0.887404	-0.16243	-0.399717	-0.162344	-0.651104	0.152704	0.732348	0.128108	-0.477248	-0.333668	0.750284	-0.313006	-0.601913	-0.553626	0.394059	-0.419423	-0.726278	-0.188126	0.624582	-0.216857
-0.645803	-0.30001	0.632668	-0.304408	-0.640918	-0.300989	0.596195	-0.378394	-0.822783	0.369497	0.37131	-0.220521	-0.362871	0.48734	0.0582909	-0.792103	-0.65256	-0.475858	-0.0560122	-0.587016	-0.888874	-0.160115	-0.399607	-0.156781	-0.648098	0.152348	0.733533	0.136708	-0.48456	-0.310042	0.766654	-0.285162	-0.592397	-0.549018	0.410199	-0.423536	-0.722918	-0.20018	0.623745	-0.219681
-0.631794	-0.297406	0.65464	-0.289539	-0.642491	-0.296826	0.600049	-0.372882	-0.822133	0.369484	0.37167	-0.222353	-0.362085	0.487303	0.057118	-0.792571	-0.654756	-0.477436	-0.0536964	-0.583495	-0.888572	-0.163546	-0.400019	-0.153873	-0.646296	0.141091	0.736124	0.143236	-0.479501	-0.308587	0.774572	-0.273663	-0.575973	-0.548647	0.429054	-0.427965	-0.715641	-0.205431	0.636105	-0.20255
-0.629159	-0.299519	0.655973	-0.290081	-0.641064	-0.297655	0.602976	-0.369944	-0.822077	0.366748	0.374653	-0.222081	-0.361983	0.488277	0.0606164	-0.791757	-0.6555	-0.479336	-0.0495887	-0.581461	-0.888002	-0.167432	-0.399881	-0.153341	-0.646487	0.133846	0.737431	0.142605	-0.477887	-0.310872	0.776121	-0.269478	-0.571695	-0.552276	0.430277	-0.427806	-0.712288	-0.208205	0.640258	-0.19841
-0.626912	-0.302087	0.65791	-0.287888	-0.639016	-0.298291	0.607603	-0.365378	-0.822709	0.363096	0.378444	-0.219298	-0.364665	0.49	0.0662169	-0.789009	-0.657828	-0.483711	-0.0383873	-0.576032	-0.887369	-0.184169	-0.395605	-0.148843	-0.646884	0.124122	0.737542	0.148888	-0.47417	-0.318673	0.777959	-0.261515	-0.564817	-0.555081	0.436937	-0.426559	-0.708324	-0.210374	0.646171	-0.191004
-0.623279	-0.301434	0.666011	-0.277652	-0.6412	-0.294697	0.60981	-0.36076	-0.824301	0.363109	0.377778	-0.214391	-0.370428	0.490818	0.0659245	-0.785833	-0.662749	-0.483749	-0.0295258	-0.570858	-0.888656	-0.186912	-0.39277	-0.145208	-0.647898	0.120008	0.736096	0.154883	-0.473615	-0.318555	0.779862	-0.256956	-0.559484	-0.552609	0.447844	-0.425484	-0.706496	-0.209195	0.650284	-0.185017
-0.621228	-0.301475	0.669387	-0.274062	-0.642764	-0.293672	0.610473	-0.357678	-0.825346	0.364583	0.375292	-0.212226	-0.375729	0.488923	0.059464	-0.785014	-0.670267	-0.480292	-0.0259253	-0.565146	-0.891655	-0.187226	-0.389148	-0.135872	-0.648711	0.117667	0.733966	0.163165	-0.473604	-0.317868	0.78185	-0.251735	-0.556715	-0.549164	0.457721	-0.423059	-0.70474	-0.206743	0.655143	-0.177165
-0.618348	-0.301766	0.673032	-0.271313	-0.64766	-0.291071	0.611704	-0.348759	-0.828808	0.369726	0.366175	-0.205658	-0.380318	0.486771	0.0535087	-0.78457	-0.676747	-0.479897	-0.0246174	-0.557769	-0.892211	-0.187053	-0.390407	-0.128659	-0.649107	0.115611	0.732454	0.169719	-0.473461	-0.317807	0.785555	-0.240286	-0.554996	-0.548057	0.462258	-0.421818	-0.701534	-0.202597	0.662483	-0.167093
-0.617489	-0.301557	0.674446	-0.269988	-0.650436	-0.28901	0.612297	-0.344236	-0.82978	0.3705	0.364256	-0.203746	-0.382419	0.485999	0.0518163	-0.78414	-0.680374	-0.482701	-0.0239718	-0.550923	-0.891057	-0.188488	-0.39406	-0.123317	-0.649082	0.113784	0.732298	0.171715	-0.474652	-0.316111	0.787587	-0.23342	-0.553983	-0.547047	0.466965	-0.419269	-0.7002	-0.201164	0.665306	-0.163159
-0.616527	-0.301361	0.675901	-0.268764	-0.653054	-0.286755	0.612429	-0.340915	-0.832049	0.371266	0.361467	-0.197983	-0.388258	0.485441	0.0505324	-0.781696	-0.682632	-0.485512	-0.0225221	-0.545696	-0.889779	-0.190646	-0.39722	-0.119011	-0.649484	0.111736	0.730516	0.178975	-0.474919	-0.315649	0.78888	-0.229099	-0.551898	-0.546549	0.47045	-0.418772	-0.697365	-0.201477	0.669448	-0.157889
-0.615389	-0.301471	0.676837	-0.268892	-0.65494	-0.28565	0.611767	-0.33941	-0.833167	0.372688	0.358842	-0.195367	-0.391126	0.48482	0.048308	-0.780792	-0.684153	-0.48692	-0.0222666	-0.542538	-0.889463	-0.191535	-0.398599	-0.115276	-0.65004	0.108263	0.730258	0.18014	-0.474441	-0.318133	0.78857	-0.227716	-0.549238	-0.548303	0.471421	-0.418883	-0.695881	-0.201973	0.671554	-0.154829
-0.61513	-0.30185	0.676875	-0.268963	-0.656365	-0.28477	0.610929	-0.338906	-0.83356	0.374968	0.356281	-0.194012	-0.392518	0.484339	0.0451679	-0.78058	-0.684655	-0.486999	-0.0221576	-0.541838	-0.889748	-0.191694	-0.398494	-0.113158	-0.649419	0.105672	0.731022	0.180819	-0.473761	-0.321389	0.787348	-0.228784	-0.549248	-0.549307	0.470876	-0.418167	-0.693979	-0.202341	0.674005	-0.152216
-0.615563	-0.301367	0.676901	-0.268451	-0.656723	-0.284345	0.610757	-0.338878	-0.833493	0.376102	0.355337	-0.193834	-0.392639	0.484308	0.0435089	-0.780633	-0.684833	-0.486722	-0.0222542	-0.541858	-0.889934	-0.191629	-0.398196	-0.112849	-0.64935	0.1047	0.731154	0.181099	-0.47429	-0.322166	0.786745	-0.228669	-0.549599	-0.549294	0.470793	-0.417816	-0.693054	-0.202742	0.674991	-0.151522
-0.617069	-0.300049	0.676352	-0.267851	-0.657074	-0.284192	0.610503	-0.338784	-0.83309	0.377926	0.354422	-0.193696	-0.39264	0.484848	0.0411254	-0.780426	-0.684833	-0.486722	-0.0222542	-0.541858	-0.890271	-0.191502	-0.397429	-0.113117	-0.648893	0.103325	0.731521	0.182041	-0.474796	-0.322459	0.786364	-0.228518	-0.549955	-0.549415	0.470861	-0.417111	-0.691649	-0.203051	0.676614	-0.150289
-0.618051	-0.299423	0.675714	-0.267899	-0.657277	-0.284104	0.61042	-0.338615	-0.833036	0.378314	0.354252	-0.193481	-0.392785	0.485017	0.0407208	-0.78027	-0.684219	-0.486032	-0.022852	-0.543226	-0.890385	-0.191525	-0.397081	-0.113395	-0.648693	0.102839	0.731648	0.182518	-0.476062	-0.322449	0.785872	-0.227587	-0.55058	-0.549045	0.47134	-0.416232	-0.691135	-0.202328	0.677643	-0.148979
-0.61942	-0.298527	0.67492	-0.267738	-0.658057	-0.283718	0.610029	-0.338126	-0.833332	0.378376	0.353845	-0.192829	-0.393199	0.484802	0.0407272	-0.780194	-0.683837	-0.486355	-0.0229997	-0.543412	-0.890339	-0.191657	-0.397002	-0.113812	-0.648401	0.102842	0.731585	0.183803	-0.476537	-0.322311	0.785681	-0.227449	-0.551961	-0.548899	0.470605	-0.415427	-0.690016	-0.201988	0.679163	-0.147703
-0.620613	-0.297619	0.67457	-0.266865	-0.658586	-0.283398	0.610281	-0.336907	-0.833984	0.378517	0.352652	-0.191919	-0.394208	0.484087	0.0402976	-0.780151	-0.683974	-0.486521	-0.022739	-0.543102	-0.890317	-0.191979	-0.397006	-0.113425	-0.648014	0.103433	0.731778	0.184067	-0.476572	-0.322723	0.785286	-0.228155	-0.553249	-0.548556	0.469996	-0.414856	-0.688705	-0.203903	0.679616	-0.149101
-0.621183	-0.297471	0.674276	-0.266448	-0.659168	-0.282768	0.61096	-0.335065	-0.834714	0.378754	0.35109	-0.191142	-0.395426	0.483138	0.0393087	-0.780173	-0.684408	-0.486865	-0.0220859	-0.542274	-0.890239	-0.192572	-0.397212	-0.112308	-0.647697	0.103004	0.732344	0.183169	-0.476517	-0.323356	0.784598	-0.229734	-0.555429	-0.547976	0.468455	-0.414451	-0.685689	-0.211295	0.678899	-0.155826
-0.621275	-0.297554	0.674462	-0.26567	-0.659685	-0.282438	0.611562	-0.33322	-0.835311	0.379379	0.349505	-0.190192	-0.396319	0.482408	0.0378783	-0.780243	-0.684855	-0.487545	-0.0209744	-0.541142	-0.890057	-0.193702	-0.397469	-0.110888	-0.647533	0.103632	0.732263	0.183717	-0.4769	-0.323295	0.784256	-0.230194	-0.557065	-0.548768	0.465489	-0.414551	-0.683631	-0.212577	0.680468	-0.156279
-0.622188	-0.296727	0.674678	-0.263902	-0.660761	-0.281136	0.612131	-0.331139	-0.835541	0.38055	0.348169	-0.18929	-0.397402	0.482218	0.0361503	-0.779892	-0.685114	-0.488263	-0.0197971	-0.54021	-0.89005	-0.19516	-0.397245	-0.10918	-0.64769	0.104636	0.7318	0.184438	-0.477717	-0.322458	0.784306	-0.229503	-0.559625	-0.547493	0.465777	-0.41246	-0.68241	-0.211249	0.682506	-0.15452
-0.623642	-0.295747	0.674312	-0.262503	-0.661791	-0.280407	0.612327	-0.329334	-0.835934	0.381153	0.347384	-0.187779	-0.398753	0.482254	0.0351924	-0.779223	-0.685797	-0.488966	-0.0186358	-0.538746	-0.889992	-0.19684	-0.39694	-0.107735	-0.647555	0.10662	0.731307	0.18573	-0.478305	-0.321242	0.784626	-0.228888	-0.562837	-0.545219	0.465329	-0.411605	-0.681071	-0.211953	0.683484	-0.155138
-0.624969	-0.294734	0.673956	-0.261398	-0.662982	-0.279584	0.612394	-0.327506	-0.836546	0.381834	0.345852	-0.186492	-0.39954	0.482053	0.0347144	-0.778966	-0.686115	-0.489266	-0.0181621	-0.538085	-0.889953	-0.198053	-0.396845	-0.106174	-0.647565	0.1072	0.731238	0.185631	-0.478547	-0.320692	0.784614	-0.229197	-0.563096	-0.544893	0.465523	-0.411463	-0.680363	-0.213283	0.683455	-0.156542
-0.624969	-0.294734	0.673956	-0.261398	-0.662982	-0.279584	0.612394	-0.327506	-0.836546	0.381834	0.345852	-0.186492	-0.400302	0.481682	0.0339657	-0.778837	-0.686358	-0.489548	-0.0178955	-0.537527	-0.889953	-0.198053	-0.396845	-0.106174	-0.647565	0.1072	0.731238	0.185631	-0.478547	-0.320692	0.784614	-0.229197	-0.563185	-0.544833	0.465611	-0.411323	-0.679571	-0.214736	0.683437	-0.158069
-0.62533	-0.294503	0.673922	-0.260882	-0.663579	-0.279153	0.612369	-0.326712	-0.836913	0.382243	0.344811	-0.185938	-0.400896	0.481133	0.033123	-0.778908	-0.686629	-0.489771	-0.0176378	-0.536986	-0.889918	-0.198381	-0.396966	-0.105403	-0.647567	0.107626	0.731063	0.186065	-0.478782	-0.320457	0.78455	-0.229253	-0.563829	-0.544434	0.465646	-0.410927	-0.678825	-0.215717	0.683632	-0.159091
-0.626026	-0.293875	0.67411	-0.259431	-0.664476	-0.278579	0.612324	-0.325461	-0.837548	0.383031	0.343008	-0.184788	-0.401984	0.480228	0.0316428	-0.778967	-0.687148	-0.490414	-0.0170052	-0.535754	-0.889702	-0.199159	-0.397384	-0.104173	-0.647419	0.108477	0.730822	0.187027	-0.479268	-0.320101	0.784454	-0.229061	-0.56635	-0.542734	0.46658	-0.408645	-0.678078	-0.214742	0.684958	-0.157888
-0.626806	-0.292129	0.675037	-0.2571	-0.665843	-0.27683	0.612779	-0.323295	-0.83806	0.383579	0.341952	-0.18328	-0.403282	0.480056	0.0307042	-0.778439	-0.687403	-0.491052	-0.016401	-0.53486	-0.889388	-0.200292	-0.397964	-0.10245	-0.647163	0.110001	0.730436	0.18853	-0.48012	-0.318569	0.784941	-0.227743	-0.568075	-0.541076	0.467811	-0.407038	-0.677651	-0.212657	0.68664	-0.155211
-0.626924	-0.291788	0.675154	-0.256891	-0.666127	-0.276678	0.612842	-0.322721	-0.838247	0.383539	0.341903	-0.182597	-0.404355	0.480138	0.0307859	-0.777828	-0.68779	-0.491781	-0.0158331	-0.53371	-0.889233	-0.20081	-0.398179	-0.101947	-0.647043	0.110442	0.730306	0.189187	-0.480528	-0.317959	0.785114	-0.227136	-0.568644	-0.540215	0.468541	-0.406548	-0.678002	-0.209904	0.687796	-0.152283
-0.62687	-0.291408	0.675551	-0.25641	-0.666658	-0.276462	0.612831	-0.321829	-0.838827	0.383242	0.341459	-0.181384	-0.404917	0.47999	0.031025	-0.777618	-0.688002	-0.492285	-0.0155065	-0.53298	-0.88886	-0.201807	-0.398783	-0.100867	-0.646902	0.110614	0.73036	0.189357	-0.480625	-0.317695	0.785185	-0.227056	-0.568994	-0.539735	0.469082	-0.406072	-0.678106	-0.208927	0.68822	-0.151248
-0.626853	-0.291142	0.675789	-0.256126	-0.666762	-0.276325	0.613038	-0.321336	-0.839098	0.383224	0.341073	-0.180897	-0.406291	0.47954	0.030827	-0.777187	-0.688373	-0.493047	-0.0148239	-0.531816	-0.888801	-0.202139	-0.398923	-0.100164	-0.646827	0.110413	0.730582	0.188877	-0.480411	-0.317831	0.785117	-0.227553	-0.569682	-0.53927	0.468763	-0.406094	-0.678004	-0.208501	0.688587	-0.150618
-0.626585	-0.290996	0.676038	-0.256292	-0.666607	-0.276261	0.613719	-0.320413	-0.839219	0.383509	0.340873	-0.180104	-0.406763	0.479617	0.030539	-0.776903	-0.688383	-0.493117	-0.0139045	-0.531762	-0.88882	-0.202565	-0.398847	-0.0994367	-0.646626	0.109866	0.730945	0.188479	-0.480411	-0.31822	0.784758	-0.228245	-0.569743	-0.539218	0.468436	-0.406455	-0.678057	-0.208378	0.688625	-0.150377
-0.625852	-0.290776	0.676839	-0.256219	-0.666269	-0.275983	0.614282	-0.320277	-0.839053	0.383586	0.341502	-0.179523	-0.406678	0.480123	0.0309156	-0.77662	-0.687888	-0.493076	-0.0130345	-0.532462	-0.888934	-0.203449	-0.398027	-0.099896	-0.646108	0.109815	0.731165	0.189427	-0.481349	-0.318141	0.784206	-0.228277	-0.569625	-0.53889	0.468988	-0.406417	-0.679014	-0.206511	0.688585	-0.148807
-0.625385	-0.290145	0.677725	-0.25573	-0.665566	-0.275731	0.615213	-0.320168	-0.838828	0.383427	0.342426	-0.179155	-0.406711	0.480847	0.0317251	-0.776122	-0.687494	-0.492587	-0.0123426	-0.533439	-0.889202	-0.203871	-0.397014	-0.100681	-0.645395	0.109946	0.731459	0.190644	-0.482704	-0.317837	0.78348	-0.228331	-0.570316	-0.537771	0.470047	-0.405706	-0.680151	-0.204259	0.688488	-0.147166
