FULLBODY	1																																						
Frames:	132																																						
-0.401453	-0.620699	0.397809	-0.54343	-0.404484	-0.558439	0.376513	-0.61869	-0.71976	-0.179385	0.593239	-0.312785	-0.680015	-0.0691188	0.668343	-0.293461	-0.0651513	-0.649341	-0.0361876	-0.756837	-0.14799	-0.64161	-0.0529543	-0.750754	-0.685734	-0.179824	0.673161	-0.210443	-0.442666	-0.580055	0.479381	-0.487623	-0.122135	-0.747294	0.17756	-0.628576	-0.378892	-0.628942	0.43988	-0.517087
-0.40909	-0.610177	0.400118	-0.547936	-0.402125	-0.562842	0.386106	-0.610268	-0.718942	-0.190409	0.595716	-0.303297	-0.681562	-0.0809777	0.670835	-0.280885	-0.0528876	-0.650597	-0.024244	-0.757191	-0.140779	-0.651166	-0.0434072	-0.7445	-0.689634	-0.175277	0.669844	-0.212113	-0.443024	-0.586248	0.48445	-0.474711	-0.127082	-0.755137	0.187594	-0.615164	-0.38477	-0.628014	0.446376	-0.508231
-0.409309	-0.610207	0.400066	-0.547778	-0.402031	-0.563175	0.38693	-0.6095	-0.718318	-0.190783	0.596447	-0.303106	-0.679994	-0.0807496	0.672058	-0.281826	-0.0521412	-0.650626	-0.0231329	-0.757253	-0.140187	-0.651695	-0.0422474	-0.744215	-0.689179	-0.175366	0.670282	-0.212135	-0.443003	-0.58596	0.484577	-0.474958	-0.12707	-0.754612	0.187554	-0.615822	-0.384557	-0.627687	0.446542	-0.50865
-0.409167	-0.610565	0.400303	-0.547311	-0.401787	-0.563814	0.387829	-0.608498	-0.717793	-0.191297	0.596907	-0.303118	-0.678495	-0.0810584	0.672942	-0.283237	-0.0516849	-0.650761	-0.0224881	-0.757187	-0.139567	-0.652756	-0.0411121	-0.743466	-0.688842	-0.175693	0.670535	-0.212159	-0.443011	-0.585637	0.484508	-0.475419	-0.12707	-0.754612	0.187554	-0.615822	-0.385629	-0.626822	0.448136	-0.507502
-0.408979	-0.610887	0.400481	-0.546963	-0.401621	-0.564136	0.388153	-0.608102	-0.717553	-0.191691	0.597108	-0.303041	-0.677811	-0.0812146	0.673399	-0.283745	-0.0508173	-0.651394	-0.0211405	-0.756741	-0.139099	-0.653392	-0.0405812	-0.743023	-0.688743	-0.175935	0.670509	-0.212361	-0.442857	-0.585591	0.48424	-0.475892	-0.125426	-0.75379	0.185024	-0.617929	-0.387124	-0.625994	0.450357	-0.505416
-0.408979	-0.610887	0.400481	-0.546963	-0.401621	-0.564136	0.388153	-0.608102	-0.717553	-0.191691	0.597108	-0.303041	-0.677811	-0.0812146	0.673399	-0.283745	-0.0508173	-0.651394	-0.0211405	-0.756741	-0.139099	-0.653392	-0.0405812	-0.743023	-0.688743	-0.175935	0.670509	-0.212361	-0.442857	-0.585591	0.48424	-0.475892	-0.125426	-0.75379	0.185024	-0.617929	-0.387124	-0.625994	0.450357	-0.505416
-0.408268	-0.611775	0.400574	-0.546433	-0.401043	-0.56497	0.388753	-0.607325	-0.717266	-0.192557	0.597307	-0.30278	-0.676747	-0.081813	0.674096	-0.284454	-0.0503795	-0.651745	-0.0205736	-0.756484	-0.13837	-0.654551	-0.0396745	-0.742188	-0.688568	-0.176174	0.670814	-0.211768	-0.443072	-0.585137	0.483902	-0.476593	-0.124888	-0.753437	0.183935	-0.618792	-0.38978	-0.624532	0.454451	-0.501503
-0.408268	-0.611775	0.400574	-0.546433	-0.401043	-0.56497	0.388753	-0.607325	-0.717266	-0.192557	0.597307	-0.30278	-0.676747	-0.081813	0.674096	-0.284454	-0.0499253	-0.652108	-0.0200522	-0.756214	-0.13837	-0.654551	-0.0396745	-0.742188	-0.688568	-0.176174	0.670814	-0.211768	-0.443072	-0.585137	0.483902	-0.476593	-0.124742	-0.752883	0.183067	-0.619753	-0.38978	-0.624532	0.454451	-0.501503
-0.408047	-0.611962	0.400759	-0.546252	-0.400767	-0.565365	0.388987	-0.60699	-0.717056	-0.193328	0.597253	-0.302894	-0.676409	-0.0824647	0.674187	-0.284855	-0.0494002	-0.652327	-0.0196215	-0.756071	-0.138123	-0.655002	-0.0395489	-0.741842	-0.688562	-0.176417	0.670839	-0.211504	-0.443312	-0.584849	0.483795	-0.476832	-0.124168	-0.7528	0.182297	-0.620195	-0.390269	-0.624228	0.45551	-0.500541
-0.407932	-0.612081	0.401183	-0.545894	-0.400263	-0.566121	0.38951	-0.606282	-0.716597	-0.194891	0.596957	-0.303561	-0.676119	-0.0841854	0.674032	-0.285406	-0.0484418	-0.652772	-0.0192358	-0.755759	-0.137496	-0.655685	-0.0396601	-0.741349	-0.688519	-0.176609	0.670914	-0.211249	-0.443363	-0.584583	0.483453	-0.477457	-0.12361	-0.75241	0.182535	-0.62071	-0.389139	-0.624673	0.454902	-0.501416
-0.408047	-0.611949	0.401289	-0.545879	-0.400154	-0.566299	0.389686	-0.606075	-0.716418	-0.195535	0.596763	-0.303949	-0.676212	-0.084978	0.673802	-0.285495	-0.0482074	-0.652903	-0.0191337	-0.755664	-0.137259	-0.655829	-0.0396245	-0.741268	-0.688484	-0.176564	0.671052	-0.210962	-0.443393	-0.584455	0.483436	-0.477602	-0.123603	-0.752203	0.183075	-0.620803	-0.387539	-0.625473	0.453327	-0.503082
-0.407837	-0.611867	0.401335	-0.546093	-0.400113	-0.566237	0.390186	-0.605839	-0.716664	-0.196024	0.596329	-0.303908	-0.676805	-0.0856214	0.673248	-0.285206	-0.0478949	-0.65279	-0.0187263	-0.755792	-0.137229	-0.655777	-0.0394906	-0.741326	-0.688414	-0.176991	0.671109	-0.210648	-0.443146	-0.584318	0.483433	-0.478003	-0.121647	-0.751894	0.182352	-0.621776	-0.380003	-0.629226	0.444472	-0.511973
-0.407837	-0.611867	0.401335	-0.546093	-0.399963	-0.566379	0.390304	-0.605728	-0.717006	-0.195839	0.596239	-0.303395	-0.676805	-0.0856214	0.673248	-0.285206	-0.0478949	-0.65279	-0.0187263	-0.755792	-0.137554	-0.655569	-0.0392114	-0.741465	-0.688414	-0.176991	0.671109	-0.210648	-0.44275	-0.584536	0.483277	-0.478261	-0.121647	-0.751894	0.182352	-0.621776	-0.380003	-0.629226	0.444472	-0.511973
-0.407202	-0.612361	0.400803	-0.546405	-0.399812	-0.566579	0.390378	-0.605593	-0.717277	-0.195821	0.596092	-0.303055	-0.677019	-0.085288	0.673217	-0.284869	-0.0480222	-0.652663	-0.0184837	-0.755899	-0.137855	-0.655316	-0.0390965	-0.741639	-0.687993	-0.178188	0.670966	-0.211469	-0.442288	-0.584789	0.483108	-0.47855	-0.121443	-0.751661	0.181865	-0.62224	-0.378335	-0.629895	0.442676	-0.513939
-0.407202	-0.612361	0.400803	-0.546405	-0.399812	-0.566579	0.390378	-0.605593	-0.717277	-0.195821	0.596092	-0.303055	-0.677247	-0.085208	0.673127	-0.284564	-0.048169	-0.652507	-0.018379	-0.756027	-0.137855	-0.655316	-0.0390965	-0.741639	-0.687993	-0.178188	0.670966	-0.211469	-0.442288	-0.584789	0.483108	-0.47855	-0.121276	-0.751337	0.181701	-0.622712	-0.378335	-0.629895	0.442676	-0.513939
-0.407364	-0.612412	0.400878	-0.546171	-0.399558	-0.566966	0.391179	-0.604882	-0.716998	-0.197071	0.595695	-0.303686	-0.67774	-0.0861603	0.67263	-0.284279	-0.0481905	-0.652254	-0.0187688	-0.756234	-0.138087	-0.654572	-0.0393166	-0.742241	-0.687677	-0.178761	0.671129	-0.211494	-0.441875	-0.584783	0.483146	-0.4789	-0.120217	-0.751191	0.180832	-0.623345	-0.375774	-0.630895	0.440675	-0.516306
-0.407364	-0.612412	0.400878	-0.546171	-0.39958	-0.566989	0.391451	-0.60467	-0.716998	-0.197071	0.595695	-0.303686	-0.677974	-0.0869115	0.672403	-0.284027	-0.0487673	-0.652012	-0.018946	-0.756401	-0.138087	-0.654572	-0.0393166	-0.742241	-0.687677	-0.178761	0.671129	-0.211494	-0.441813	-0.58471	0.483199	-0.478992	-0.119471	-0.750767	0.180072	-0.624219	-0.375241	-0.631125	0.440504	-0.516557
-0.407872	-0.611965	0.401409	-0.545903	-0.40021	-0.56657	0.392344	-0.604067	-0.716336	-0.197468	0.595343	-0.305674	-0.677871	-0.0871093	0.672371	-0.284289	-0.0496757	-0.651869	-0.0186727	-0.756472	-0.139271	-0.654049	-0.0374583	-0.742577	-0.687715	-0.178528	0.67134	-0.210899	-0.441817	-0.584495	0.483366	-0.479083	-0.11937	-0.75068	0.179606	-0.624478	-0.375148	-0.631181	0.44081	-0.516295
-0.408299	-0.611638	0.40186	-0.545619	-0.400806	-0.566058	0.39292	-0.603778	-0.716321	-0.197067	0.595091	-0.306457	-0.67648	-0.0855769	0.673302	-0.28586	-0.053762	-0.651403	-0.0174157	-0.756624	-0.140926	-0.653827	-0.0355961	-0.742552	-0.687759	-0.178192	0.671491	-0.210558	-0.441793	-0.584443	0.483441	-0.479094	-0.120126	-0.750614	0.181083	-0.623986	-0.375231	-0.631132	0.441149	-0.516005
-0.409043	-0.610926	0.402498	-0.545388	-0.401996	-0.565209	0.394166	-0.602969	-0.717291	-0.193805	0.59477	-0.30689	-0.675324	-0.0826909	0.674376	-0.286908	-0.0575163	-0.650524	-0.015824	-0.757139	-0.149464	-0.652089	-0.0286551	-0.742711	-0.687652	-0.177836	0.671783	-0.210279	-0.44174	-0.584335	0.483608	-0.479105	-0.12058	-0.750372	0.182102	-0.623892	-0.37531	-0.631213	0.441843	-0.515255
-0.409043	-0.610926	0.402498	-0.545388	-0.401996	-0.565209	0.394166	-0.602969	-0.717291	-0.193805	0.59477	-0.30689	-0.673902	-0.079225	0.675113	-0.289486	-0.0623255	-0.649165	-0.0135041	-0.757969	-0.149464	-0.652089	-0.0286551	-0.742711	-0.687652	-0.177836	0.671783	-0.210279	-0.44174	-0.584335	0.483608	-0.479105	-0.120834	-0.750232	0.182563	-0.623877	-0.37531	-0.631213	0.441843	-0.515255
-0.409451	-0.610477	0.402663	-0.545464	-0.402972	-0.564467	0.394944	-0.602503	-0.717699	-0.192317	0.594047	-0.30827	-0.671879	-0.0749172	0.675771	-0.293769	-0.067961	-0.647588	-0.0110171	-0.758874	-0.15502	-0.65057	-0.0253841	-0.743023	-0.687704	-0.177489	0.671905	-0.210012	-0.441689	-0.584304	0.483687	-0.47911	-0.120931	-0.750214	0.182483	-0.623903	-0.375507	-0.631158	0.442246	-0.514832
-0.41003	-0.609962	0.402956	-0.545388	-0.404127	-0.563509	0.395926	-0.601981	-0.718398	-0.190545	0.592809	-0.310119	-0.669225	-0.0688067	0.67666	-0.299222	-0.0745093	-0.645643	-0.00880875	-0.759945	-0.161034	-0.648496	-0.0227561	-0.743642	-0.687778	-0.177034	0.672005	-0.209832	-0.441519	-0.584389	0.483693	-0.479157	-0.121175	-0.750179	0.182962	-0.623757	-0.375551	-0.631147	0.442447	-0.514641
-0.411444	-0.608858	0.403391	-0.545235	-0.406207	-0.561761	0.398047	-0.600815	-0.720701	-0.18426	0.590073	-0.313771	-0.662719	-0.0518742	0.677893	-0.313964	-0.0896908	-0.639966	-0.00741008	-0.763115	-0.175402	-0.640923	-0.0197864	-0.747035	-0.687808	-0.17615	0.672179	-0.20992	-0.441374	-0.584338	0.483905	-0.479138	-0.122267	-0.749922	0.184019	-0.623542	-0.375959	-0.630924	0.443185	-0.513982
-0.412762	-0.607663	0.403724	-0.545326	-0.408356	-0.560058	0.400628	-0.59923	-0.722825	-0.177141	0.586098	-0.320365	-0.658655	-0.0411864	0.677952	-0.323818	-0.0987652	-0.6362	-0.00751542	-0.765139	-0.193616	-0.628844	-0.0215707	-0.752731	-0.687872	-0.175187	0.672338	-0.21001	-0.441574	-0.584058	0.484098	-0.479101	-0.12298	-0.749703	0.184298	-0.623583	-0.376294	-0.630815	0.44348	-0.513615
-0.413353	-0.607177	0.403911	-0.54528	-0.409115	-0.55958	0.401942	-0.598279	-0.724205	-0.17247	0.583697	-0.324159	-0.647719	-0.0135505	0.677094	-0.349029	-0.119395	-0.626261	-0.0102657	-0.770349	-0.204132	-0.620545	-0.0249646	-0.756724	-0.687973	-0.174373	0.67247	-0.20993	-0.441672	-0.583916	0.48415	-0.479132	-0.123957	-0.749483	0.184523	-0.623587	-0.376308	-0.630825	0.443364	-0.513693
-0.413999	-0.606733	0.40411	-0.545137	-0.41034	-0.558515	0.404075	-0.596997	-0.72908	-0.156861	0.57858	-0.330276	-0.640436	0.00239065	0.675402	-0.365606	-0.129414	-0.6204	-0.0146969	-0.773395	-0.226556	-0.600319	-0.0411185	-0.765897	-0.688064	-0.173428	0.672344	-0.210818	-0.441732	-0.583638	0.484025	-0.47954	-0.124484	-0.749317	0.184122	-0.623801	-0.376533	-0.630693	0.443486	-0.513586
-0.41439	-0.606538	0.404452	-0.544804	-0.411072	-0.557595	0.404726	-0.596913	-0.731257	-0.148205	0.57593	-0.334069	-0.62229	0.0400726	0.669353	-0.403876	-0.148483	-0.607125	-0.0292879	-0.780061	-0.239524	-0.588559	-0.0523404	-0.770381	-0.68817	-0.172752	0.672355	-0.210992	-0.441924	-0.583413	0.483902	-0.479762	-0.125709	-0.748909	0.18333	-0.624278	-0.37726	-0.630205	0.443687	-0.513476
-0.414942	-0.60632	0.405196	-0.544073	-0.412148	-0.555928	0.405568	-0.597154	-0.733855	-0.130677	0.570825	-0.344295	-0.611255	0.0607615	0.664192	-0.426057	-0.158228	-0.599778	-0.0387172	-0.78341	-0.268943	-0.560209	-0.0787019	-0.779514	-0.688489	-0.171309	0.672432	-0.210883	-0.442646	-0.582767	0.483612	-0.480173	-0.126045	-0.748898	0.183048	-0.624306	-0.377648	-0.629921	0.443586	-0.513627
-0.415174	-0.606042	0.405204	-0.544199	-0.412891	-0.555071	0.405875	-0.597229	-0.735323	-0.120068	0.568194	-0.349341	-0.58492	0.10465	0.649769	-0.474043	-0.181215	-0.584062	-0.0556714	-0.789261	-0.285658	-0.544316	-0.0933753	-0.783199	-0.688523	-0.170925	0.672392	-0.211209	-0.443044	-0.582425	0.483463	-0.480372	-0.127203	-0.748743	0.183194	-0.624214	-0.378401	-0.629323	0.443278	-0.514071
-0.415591	-0.605546	0.405375	-0.544307	-0.413401	-0.554074	0.405448	-0.598092	-0.736247	-0.109424	0.565787	-0.354755	-0.551352	0.151787	0.631644	-0.523448	-0.195356	-0.570095	-0.0861892	-0.793347	-0.301888	-0.528372	-0.109571	-0.785927	-0.688615	-0.170361	0.672387	-0.211381	-0.443845	-0.581798	0.483225	-0.480631	-0.127982	-0.748769	0.18279	-0.624142	-0.379116	-0.62886	0.443041	-0.514316
-0.415624	-0.605073	0.405442	-0.544757	-0.414711	-0.552227	0.406124	-0.598434	-0.734327	-0.079158	0.558764	-0.377202	-0.512593	0.196985	0.607942	-0.573456	-0.213444	-0.555134	-0.109736	-0.796383	-0.354784	-0.47536	-0.161787	-0.788661	-0.688977	-0.168327	0.672412	-0.211751	-0.444391	-0.581378	0.48303	-0.48083	-0.128796	-0.748901	0.182426	-0.623922	-0.37961	-0.628573	0.44277	-0.514535
-0.416209	-0.604324	0.405482	-0.545111	-0.41569	-0.550905	0.406992	-0.598383	-0.733769	-0.0537906	0.553547	-0.390224	-0.469112	0.239956	0.580151	-0.621112	-0.232226	-0.539669	-0.129416	-0.798799	-0.395833	-0.435985	-0.192465	-0.784978	-0.689157	-0.167161	0.672348	-0.212293	-0.444719	-0.581111	0.482958	-0.480922	-0.12954	-0.74884	0.18187	-0.624004	-0.380267	-0.628211	0.442846	-0.514427
-0.416323	-0.604222	0.405783	-0.544914	-0.416195	-0.550175	0.407162	-0.598588	-0.733149	-0.0402722	0.550477	-0.397297	-0.446193	0.26019	0.564596	-0.643774	-0.24186	-0.532107	-0.137393	-0.79968	-0.416734	-0.415295	-0.207212	-0.781618	-0.689329	-0.166401	0.672375	-0.212244	-0.444929	-0.58093	0.482983	-0.480922	-0.129967	-0.748944	0.181955	-0.623766	-0.380623	-0.628007	0.442891	-0.514374
-0.416346	-0.604476	0.406907	-0.543776	-0.417259	-0.548708	0.40773	-0.598808	-0.729777	-0.0146149	0.545356	-0.412067	-0.398219	0.296952	0.532122	-0.685629	-0.259484	-0.517028	-0.153318	-0.801152	-0.458192	-0.373443	-0.235619	-0.771417	-0.689687	-0.165155	0.67234	-0.212167	-0.445464	-0.580533	0.482959	-0.48093	-0.130736	-0.748915	0.18238	-0.623516	-0.381204	-0.62772	0.442981	-0.514217
-0.41639	-0.604587	0.407476	-0.543192	-0.418077	-0.547603	0.407871	-0.599152	-0.725235	0.00889877	0.53924	-0.427991	-0.374419	0.312696	0.51438	-0.705297	-0.269027	-0.508758	-0.160483	-0.801895	-0.497563	-0.331324	-0.260443	-0.758173	-0.689826	-0.16461	0.672401	-0.211946	-0.446066	-0.580108	0.482935	-0.480909	-0.131094	-0.748878	0.182493	-0.623452	-0.381623	-0.627507	0.443214	-0.513966
-0.416907	-0.604257	0.408103	-0.542692	-0.418419	-0.547199	0.407952	-0.599228	-0.722622	0.0201134	0.535616	-0.436496	-0.326603	0.34087	0.47832	-0.740505	-0.288694	-0.492646	-0.171558	-0.802822	-0.516784	-0.309975	-0.272006	-0.750241	-0.690075	-0.163776	0.672387	-0.211825	-0.446165	-0.58006	0.482858	-0.480953	-0.13165	-0.748842	0.182925	-0.623252	-0.382035	-0.627324	0.443268	-0.513836
-0.417269	-0.603927	0.408337	-0.542605	-0.419187	-0.546232	0.40874	-0.599036	-0.717246	0.0419386	0.52761	-0.45324	-0.303666	0.352662	0.459501	-0.756489	-0.298163	-0.484846	-0.176873	-0.802956	-0.552254	-0.268662	-0.294531	-0.73218	-0.690219	-0.163304	0.672354	-0.211823	-0.446601	-0.579789	0.482956	-0.480776	-0.131804	-0.748853	0.18307	-0.623163	-0.382115	-0.627331	0.443277	-0.51376
-0.418183	-0.603199	0.409117	-0.542123	-0.419516	-0.545783	0.409101	-0.598969	-0.714981	0.054181	0.523425	-0.460317	-0.259394	0.372453	0.420855	-0.785413	-0.316958	-0.468666	-0.186748	-0.803128	-0.569083	-0.247988	-0.30485	-0.722297	-0.690627	-0.161998	0.672432	-0.21125	-0.446964	-0.579541	0.483145	-0.480547	-0.132213	-0.748839	0.183432	-0.622988	-0.382186	-0.627433	0.443211	-0.51364
-0.418602	-0.602919	0.40944	-0.541866	-0.420522	-0.544335	0.409408	-0.599371	-0.709113	0.0794559	0.514968	-0.47503	-0.237671	0.380706	0.403259	-0.79747	-0.325141	-0.460806	-0.192604	-0.803022	-0.600536	-0.208894	-0.32304	-0.700974	-0.690832	-0.161445	0.672441	-0.210974	-0.447274	-0.579417	0.483156	-0.480399	-0.132209	-0.748896	0.183516	-0.622894	-0.382179	-0.627537	0.443186	-0.513539
-0.418947	-0.602731	0.410348	-0.541123	-0.421358	-0.543174	0.409645	-0.599674	-0.705963	0.0912819	0.510307	-0.482567	-0.196834	0.393318	0.367889	-0.819277	-0.340585	-0.446039	-0.204462	-0.802026	-0.614961	-0.190345	-0.331452	-0.689733	-0.691172	-0.160642	0.672381	-0.210666	-0.44736	-0.579419	0.483129	-0.480343	-0.132406	-0.74892	0.183696	-0.62277	-0.382428	-0.627558	0.443355	-0.513183
-0.419088	-0.602623	0.410859	-0.540746	-0.423239	-0.540754	0.410275	-0.600107	-0.703094	0.103383	0.505824	-0.488992	-0.196834	0.393318	0.367889	-0.819277	-0.348318	-0.438999	-0.209521	-0.801283	-0.640881	-0.154612	-0.34583	-0.667659	-0.691274	-0.160389	0.672395	-0.210477	-0.447931	-0.579154	0.483322	-0.479935	-0.132255	-0.74905	0.183881	-0.622591	-0.382428	-0.627558	0.443355	-0.513183
-0.419992	-0.602064	0.412793	-0.539192	-0.424989	-0.538444	0.411273	-0.600264	-0.693108	0.13966	0.492586	-0.507401	-0.124909	0.410636	0.307979	-0.849073	-0.369299	-0.419443	-0.224033	-0.798433	-0.663941	-0.121828	-0.358103	-0.64506	-0.691895	-0.159116	0.67235	-0.209543	-0.448129	-0.579198	0.483308	-0.479711	-0.132918	-0.748963	0.184996	-0.622225	-0.382816	-0.627711	0.443942	-0.512198
-0.420702	-0.601335	0.414202	-0.538371	-0.426957	-0.53538	0.412339	-0.600877	-0.685262	0.162358	0.484607	-0.518856	-0.0936929	0.415373	0.284707	-0.858853	-0.382283	-0.407582	-0.231254	-0.796403	-0.683861	-0.0913737	-0.369007	-0.622751	-0.692349	-0.158204	0.672403	-0.208563	-0.448816	-0.578894	0.483574	-0.479168	-0.133026	-0.749133	0.186026	-0.621689	-0.382855	-0.627943	0.444055	-0.511786
-0.421109	-0.600837	0.414843	-0.538115	-0.429337	-0.532018	0.4125	-0.602056	-0.681335	0.172347	0.48061	-0.524494	-0.0795045	0.416683	0.274211	-0.863054	-0.388762	-0.402517	-0.235322	-0.79465	-0.700399	-0.0640571	-0.380206	-0.600651	-0.69261	-0.157773	0.672426	-0.207948	-0.449447	-0.578712	0.483733	-0.478636	-0.133042	-0.749179	0.186371	-0.621527	-0.382949	-0.628017	0.444297	-0.511414
-0.42167	-0.600099	0.416359	-0.537328	-0.430687	-0.530378	0.412486	-0.602547	-0.6725	0.191524	0.474383	-0.534811	-0.0560053	0.418259	0.256509	-0.869555	-0.402002	-0.393343	-0.242892	-0.790366	-0.708014	-0.05022	-0.385774	-0.589383	-0.693043	-0.157228	0.672352	-0.207158	-0.449527	-0.578818	0.483696	-0.47847	-0.133672	-0.749297	0.187701	-0.620849	-0.383596	-0.627963	0.445135	-0.510267
-0.422148	-0.599219	0.417866	-0.536764	-0.433182	-0.527261	0.413095	-0.603077	-0.664287	0.209631	0.470966	-0.541265	-0.0331551	0.417289	0.246474	-0.874083	-0.412286	-0.386804	-0.249154	-0.786337	-0.723212	-0.0238566	-0.399295	-0.562991	-0.693422	-0.156661	0.672372	-0.206252	-0.45004	-0.578916	0.483871	-0.477692	-0.13376	-0.749621	0.189073	-0.620023	-0.384308	-0.627883	0.445965	-0.509103
-0.422264	-0.599142	0.419675	-0.535346	-0.435268	-0.524922	0.414316	-0.602778	-0.658396	0.222782	0.468997	-0.544908	-0.00581519	0.413229	0.239575	-0.878528	-0.418605	-0.38121	-0.253484	-0.784344	-0.738403	0.00350357	-0.411266	-0.534424	-0.693884	-0.155985	0.672447	-0.204962	-0.450169	-0.579154	0.483939	-0.477212	-0.134501	-0.749699	0.190371	-0.61937	-0.385256	-0.62771	0.447284	-0.50744
-0.423155	-0.598707	0.421705	-0.533531	-0.43732	-0.522516	0.415975	-0.60224	-0.654312	0.233407	0.467751	-0.546448	0.0165307	0.408983	0.235787	-0.881399	-0.422696	-0.379015	-0.256425	-0.782254	-0.750297	0.0231791	-0.42038	-0.509704	-0.694246	-0.155492	0.672474	-0.204018	-0.450304	-0.579201	0.484056	-0.47691	-0.13466	-0.749866	0.192118	-0.618594	-0.385738	-0.627771	0.448149	-0.506233
-0.425232	-0.597254	0.423331	-0.532218	-0.439601	-0.519915	0.417542	-0.601745	-0.65106	0.239304	0.466922	-0.548487	0.0267003	0.407551	0.231818	-0.882865	-0.428701	-0.379464	-0.258124	-0.778199	-0.755315	0.0331737	-0.42546	-0.497375	-0.694601	-0.154455	0.672722	-0.202775	-0.450405	-0.57937	0.484361	-0.476299	-0.136078	-0.749667	0.194477	-0.617788	-0.386518	-0.627701	0.449549	-0.50448
-0.427608	-0.595428	0.424444	-0.531474	-0.442082	-0.517524	0.418449	-0.60136	-0.649399	0.242482	0.465527	-0.550243	0.0284436	0.407645	0.227649	-0.883851	-0.4351	-0.380376	-0.258797	-0.773968	-0.756821	0.0313404	-0.42762	-0.493337	-0.695012	-0.153207	0.672813	-0.202012	-0.450156	-0.57981	0.484509	-0.475848	-0.136813	-0.749641	0.196535	-0.617005	-0.386636	-0.628042	0.450285	-0.503308
-0.427608	-0.595428	0.424444	-0.531474	-0.442082	-0.517524	0.418449	-0.60136	-0.649399	0.242482	0.465527	-0.550243	0.0284436	0.407645	0.227649	-0.883851	-0.4351	-0.380376	-0.258797	-0.773968	-0.756821	0.0313404	-0.42762	-0.493337	-0.695012	-0.153207	0.672813	-0.202012	-0.450091	-0.579915	0.484706	-0.47558	-0.136813	-0.749641	0.196535	-0.617005	-0.386636	-0.628042	0.450285	-0.503308
-0.429983	-0.593646	0.425963	-0.530334	-0.444646	-0.515492	0.419504	-0.600477	-0.649572	0.244039	0.463188	-0.551324	0.0280111	0.40698	0.223812	-0.88515	-0.437454	-0.380281	-0.258689	-0.772722	-0.75752	0.0283621	-0.427214	-0.492795	-0.695304	-0.151411	0.673175	-0.201154	-0.449868	-0.580134	0.484756	-0.475473	-0.137527	-0.749446	0.19771	-0.616707	-0.386777	-0.628337	0.451083	-0.502116
-0.429983	-0.593646	0.425963	-0.530334	-0.444646	-0.515492	0.419504	-0.600477	-0.649572	0.244039	0.463188	-0.551324	0.0280111	0.40698	0.223812	-0.88515	-0.439279	-0.380424	-0.258553	-0.771662	-0.75752	0.0283621	-0.427214	-0.492795	-0.695304	-0.151411	0.673175	-0.201154	-0.449868	-0.580134	0.484756	-0.475473	-0.137527	-0.749446	0.19771	-0.616707	-0.386777	-0.628337	0.451083	-0.502116
-0.431717	-0.592621	0.42793	-0.528485	-0.447243	-0.513638	0.420576	-0.599387	-0.650624	0.24597	0.461582	-0.550572	0.0269351	0.406553	0.221252	-0.886023	-0.441416	-0.380633	-0.257042	-0.770844	-0.758794	0.0263293	-0.426598	-0.49148	-0.695668	-0.149461	0.673471	-0.200359	-0.449369	-0.580524	0.484813	-0.475411	-0.138852	-0.748911	0.199392	-0.616519	-0.387403	-0.628233	0.452423	-0.500555
-0.432635	-0.592136	0.429268	-0.527191	-0.448192	-0.513107	0.421348	-0.598591	-0.651223	0.246093	0.461196	-0.550132	0.0258988	0.406677	0.220422	-0.886204	-0.442205	-0.380904	-0.255968	-0.770615	-0.759694	0.0254626	-0.426455	-0.490258	-0.695802	-0.148458	0.673644	-0.200057	-0.449011	-0.580726	0.484754	-0.475563	-0.139476	-0.748674	0.200593	-0.616276	-0.387611	-0.628204	0.45296	-0.499945
-0.433571	-0.591708	0.430675	-0.525753	-0.448901	-0.512869	0.422201	-0.597662	-0.651223	0.246093	0.461196	-0.550132	0.0247102	0.40685	0.220271	-0.886196	-0.442875	-0.381364	-0.254984	-0.770329	-0.759694	0.0254626	-0.426455	-0.490258	-0.695907	-0.147336	0.673891	-0.199691	-0.449011	-0.580726	0.484754	-0.475563	-0.140315	-0.748189	0.201717	-0.616308	-0.387749	-0.62821	0.453551	-0.499294
-0.435057	-0.590918	0.433225	-0.523314	-0.449855	-0.512458	0.424448	-0.595703	-0.652591	0.245335	0.461728	-0.5484	0.0231684	0.407493	0.220536	-0.885876	-0.443651	-0.381929	-0.254164	-0.769873	-0.762277	0.022149	-0.425312	-0.487394	-0.695918	-0.145129	0.674453	-0.199372	-0.447537	-0.58115	0.485133	-0.476048	-0.141064	-0.747581	0.202346	-0.616669	-0.387432	-0.62849	0.454427	-0.49839
-0.436539	-0.589912	0.436134	-0.520792	-0.450045	-0.5124	0.427386	-0.593504	-0.652861	0.244359	0.462243	-0.548081	0.0225448	0.407536	0.222729	-0.885323	-0.446146	-0.382887	-0.25103	-0.768983	-0.763488	0.0201605	-0.424814	-0.486017	-0.695952	-0.141755	0.675245	-0.198998	-0.44493	-0.581988	0.485681	-0.476908	-0.141169	-0.745587	0.201156	-0.619442	-0.385956	-0.629087	0.454877	-0.498372
-0.43732	-0.588953	0.43933	-0.518531	-0.449492	-0.512072	0.430777	-0.591752	-0.653453	0.239428	0.46543	-0.546853	0.0223473	0.407517	0.22651	-0.884377	-0.447407	-0.382843	-0.248865	-0.768976	-0.764408	0.0180769	-0.423663	-0.485658	-0.69599	-0.136813	0.676688	-0.197416	-0.441595	-0.582737	0.486764	-0.477987	-0.141391	-0.744555	0.200575	-0.620818	-0.384084	-0.629355	0.455622	-0.498799
-0.437105	-0.588366	0.441531	-0.517509	-0.448234	-0.511941	0.434241	-0.590286	-0.653839	0.235682	0.468159	-0.545688	0.0218709	0.407543	0.228693	-0.883816	-0.447917	-0.382727	-0.247863	-0.769061	-0.765009	0.0174295	-0.422913	-0.485389	-0.694464	-0.134328	0.678682	-0.197653	-0.437474	-0.583489	0.487404	-0.480203	-0.142722	-0.741816	0.199806	-0.624033	-0.38104	-0.629798	0.456406	-0.499856
-0.436786	-0.588164	0.44254	-0.517146	-0.447376	-0.512001	0.435814	-0.589725	-0.653999	0.234192	0.469382	-0.545087	0.0208657	0.407919	0.232553	-0.882658	-0.448633	-0.382376	-0.246046	-0.769401	-0.765147	0.0171375	-0.422858	-0.485229	-0.693051	-0.135496	0.679112	-0.200321	-0.434461	-0.584354	0.487254	-0.482035	-0.143217	-0.738903	0.196667	-0.628358	-0.37917	-0.63001	0.456955	-0.500509
-0.43579	-0.587997	0.444183	-0.516767	-0.445342	-0.512516	0.438637	-0.588724	-0.654211	0.231765	0.471432	-0.5441	0.0201674	0.408547	0.235633	-0.881566	-0.448662	-0.3822	-0.244746	-0.769886	-0.765244	0.0166879	-0.422482	-0.48542	-0.688814	-0.135904	0.682242	-0.203987	-0.427789	-0.585835	0.487465	-0.485974	-0.143674	-0.735175	0.192099	-0.634014	-0.375089	-0.630088	0.458686	-0.501901
-0.435012	-0.587927	0.444967	-0.516827	-0.44408	-0.513066	0.440049	-0.588144	-0.654161	0.230536	0.472382	-0.543859	0.0202218	0.408941	0.236818	-0.881065	-0.448219	-0.38216	-0.243909	-0.770429	-0.7651	0.0164846	-0.422366	-0.485754	-0.686733	-0.134776	0.684157	-0.205335	-0.424023	-0.586435	0.48804	-0.487971	-0.143918	-0.733193	0.189793	-0.636941	-0.372561	-0.630173	0.459209	-0.503197
-0.434121	-0.587938	0.445744	-0.516895	-0.442922	-0.513537	0.441342	-0.587637	-0.653914	0.22934	0.473367	-0.543804	0.0205954	0.409229	0.237849	-0.880645	-0.447594	-0.381778	-0.243056	-0.771251	-0.764984	0.0163561	-0.421831	-0.486406	-0.684948	-0.132503	0.686117	-0.206234	-0.419949	-0.587058	0.488629	-0.490151	-0.144376	-0.730881	0.187802	-0.640077	-0.370212	-0.629967	0.460041	-0.504428
-0.43134	-0.588586	0.447859	-0.516657	-0.440381	-0.514812	0.443173	-0.587053	-0.652944	0.226542	0.475031	-0.544691	0.0219499	0.409547	0.239554	-0.880002	-0.445815	-0.381043	-0.242466	-0.772829	-0.764171	0.0167013	-0.420536	-0.488788	-0.680989	-0.127382	0.690487	-0.207978	-0.410285	-0.588749	0.48859	-0.496307	-0.146339	-0.725733	0.183563	-0.646684	-0.365558	-0.628873	0.461835	-0.507538
-0.425825	-0.5905	0.449803	-0.517359	-0.436605	-0.517595	0.445336	-0.585788	-0.651618	0.222807	0.476417	-0.546606	0.0241771	0.4087	0.241793	-0.879725	-0.443539	-0.379413	-0.242455	-0.774942	-0.762614	0.0191324	-0.419425	-0.492073	-0.676278	-0.122039	0.695586	-0.209558	-0.402048	-0.588256	0.489848	-0.502357	-0.149444	-0.71999	0.180355	-0.653264	-0.361295	-0.626959	0.463226	-0.511673
-0.406383	-0.597966	0.451881	-0.522584	-0.427807	-0.524948	0.447663	-0.58396	-0.649186	0.215583	0.47885	-0.550258	0.0273452	0.407286	0.245453	-0.879274	-0.440162	-0.376373	-0.242847	-0.77822	-0.760405	0.0256528	-0.415225	-0.498712	-0.66984	-0.118731	0.701197	-0.213401	-0.394242	-0.584498	0.489832	-0.512836	-0.153405	-0.71266	0.17412	-0.662016	-0.356965	-0.622029	0.46163	-0.522067
-0.397542	-0.601313	0.452554	-0.524955	-0.424421	-0.52746	0.449	-0.583139	-0.648525	0.212799	0.479817	-0.551278	0.0301015	0.405456	0.250075	-0.878727	-0.436233	-0.37233	-0.241519	-0.782777	-0.760298	0.0275799	-0.412669	-0.500891	-0.667857	-0.120343	0.702466	-0.214534	-0.392603	-0.583007	0.488105	-0.517417	-0.14917	-0.70822	0.166898	-0.669565	-0.359048	-0.617713	0.460083	-0.527104
-0.378022	-0.609235	0.453321	-0.529558	-0.419709	-0.529173	0.452061	-0.582633	-0.647352	0.208842	0.482036	-0.552233	0.0320298	0.404995	0.254307	-0.877656	-0.436145	-0.368245	-0.235765	-0.786504	-0.76084	0.028986	-0.406655	-0.50489	-0.661749	-0.131535	0.70368	-0.222756	-0.392967	-0.578241	0.483579	-0.526656	-0.136725	-0.71656	0.144697	-0.668514	-0.36791	-0.605283	0.45714	-0.537864
-0.368404	-0.613059	0.453199	-0.532023	-0.417921	-0.528911	0.453887	-0.582737	-0.646917	0.20852	0.482952	-0.552065	0.0322855	0.405681	0.255055	-0.877113	-0.437703	-0.366413	-0.232629	-0.787427	-0.761517	0.028732	-0.403673	-0.506274	-0.659062	-0.138825	0.703419	-0.227085	-0.394174	-0.575649	0.48052	-0.531372	-0.136875	-0.718171	0.128864	-0.669993	-0.36641	-0.606167	0.45425	-0.540335
-0.356785	-0.617228	0.457302	-0.53161	-0.412643	-0.529713	0.459423	-0.581429	-0.645812	0.208643	0.48714	-0.549626	0.0326915	0.40953	0.257168	-0.874689	-0.442186	-0.364899	-0.225351	-0.787742	-0.763115	0.0256879	-0.398743	-0.507936	-0.6549	-0.149021	0.703295	-0.232968	-0.397113	-0.571047	0.473627	-0.540263	-0.125485	-0.721106	0.153908	-0.663756	-0.361721	-0.615821	0.45956	-0.527947
-0.355958	-0.616422	0.461003	-0.529901	-0.4106	-0.529291	0.463472	-0.580045	-0.644983	0.208727	0.490147	-0.547893	0.0322907	0.412644	0.258377	-0.872882	-0.444849	-0.364378	-0.220765	-0.787783	-0.764364	0.0233199	-0.396306	-0.50808	-0.653555	-0.150118	0.704336	-0.232896	-0.399242	-0.56853	0.470702	-0.543893	-0.116914	-0.721034	0.168139	-0.661944	-0.35628	-0.624794	0.465223	-0.516008
-0.355637	-0.615011	0.46443	-0.528761	-0.410093	-0.527257	0.467189	-0.579274	-0.644196	0.209435	0.493114	-0.545882	0.0314455	0.416035	0.259314	-0.871023	-0.447558	-0.363663	-0.216798	-0.78768	-0.765993	0.0212288	-0.393791	-0.507674	-0.653098	-0.149331	0.705702	-0.23054	-0.4016	-0.56609	0.468087	-0.54695	-0.108237	-0.724966	0.170937	-0.658399	-0.350021	-0.634159	0.472746	-0.501835
-0.353979	-0.614081	0.467025	-0.528669	-0.410627	-0.524403	0.469977	-0.579232	-0.643707	0.210634	0.495784	-0.543574	0.0303422	0.41957	0.259743	-0.869238	-0.449797	-0.363031	-0.214192	-0.787409	-0.767816	0.019663	-0.391816	-0.50651	-0.653322	-0.147378	0.706931	-0.227372	-0.403602	-0.564108	0.465701	-0.549554	-0.0982778	-0.72884	0.178724	-0.653599	-0.344201	-0.642515	0.481955	-0.486229
-0.350635	-0.612729	0.47067	-0.529234	-0.413278	-0.519008	0.474156	-0.5788	-0.644408	0.214163	0.499008	-0.53839	0.0273971	0.42523	0.259046	-0.866789	-0.454469	-0.362296	-0.20976	-0.786257	-0.77174	0.0172874	-0.389191	-0.502642	-0.653236	-0.144565	0.707603	-0.227336	-0.402957	-0.563721	0.45925	-0.555818	-0.0794734	-0.733138	0.1988	-0.645501	-0.329334	-0.659773	0.498202	-0.456107
-0.350255	-0.612277	0.472365	-0.528498	-0.415339	-0.516398	0.475931	-0.578201	-0.645563	0.216417	0.499371	-0.535761	0.0253904	0.427152	0.257796	-0.866278	-0.457139	-0.362259	-0.207751	-0.785259	-0.773459	0.0164337	-0.388785	-0.500338	-0.651991	-0.144633	0.707466	-0.231262	-0.401562	-0.564267	0.456055	-0.558896	-0.0724376	-0.733714	0.211363	-0.641671	-0.318871	-0.669786	0.504864	-0.441385
-0.35059	-0.612029	0.473792	-0.527284	-0.417424	-0.514172	0.477213	-0.577626	-0.64715	0.218611	0.499003	-0.533294	0.022861	0.428499	0.256285	-0.866132	-0.459592	-0.362735	-0.206393	-0.783964	-0.774974	0.0153493	-0.388849	-0.497972	-0.650361	-0.145358	0.707209	-0.236128	-0.399987	-0.564969	0.452418	-0.562263	-0.0642998	-0.734659	0.223174	-0.637444	-0.307513	-0.679744	0.511459	-0.426373
-0.351342	-0.611662	0.474254	-0.526794	-0.421155	-0.51067	0.478359	-0.577076	-0.650481	0.222203	0.496881	-0.529727	0.019812	0.42938	0.254472	-0.866305	-0.462061	-0.363841	-0.205557	-0.782218	-0.776775	0.012896	-0.390594	-0.493853	-0.64903	-0.146013	0.706068	-0.242711	-0.398814	-0.565109	0.445179	-0.568695	-0.054942	-0.735858	0.229083	-0.634835	-0.295589	-0.689601	0.516817	-0.412284
-0.351476	-0.612068	0.474129	-0.526345	-0.422909	-0.509281	0.477951	-0.577359	-0.651883	0.223993	0.495791	-0.528267	0.014561	0.430515	0.251231	-0.866792	-0.466063	-0.366291	-0.204394	-0.778999	-0.777464	0.0117448	-0.391449	-0.492117	-0.648813	-0.145589	0.705482	-0.245236	-0.398597	-0.565032	0.440973	-0.572191	-0.0393419	-0.736389	0.241136	-0.630901	-0.271802	-0.707721	0.523039	-0.389468
-0.351476	-0.612068	0.474129	-0.526345	-0.422909	-0.509281	0.477951	-0.577359	-0.651883	0.223993	0.495791	-0.528267	0.014561	0.430515	0.251231	-0.866792	-0.466063	-0.366291	-0.204394	-0.778999	-0.777464	0.0117448	-0.391449	-0.492117	-0.648813	-0.145589	0.705482	-0.245236	-0.398597	-0.565032	0.440973	-0.572191	-0.0393419	-0.736389	0.241136	-0.630901	-0.271802	-0.707721	0.523039	-0.389468
-0.352221	-0.612513	0.473623	-0.525785	-0.425898	-0.507373	0.476972	-0.577652	-0.653388	0.226642	0.494271	-0.526701	0.013029	0.430771	0.250082	-0.867021	-0.467414	-0.367415	-0.204271	-0.777691	-0.77868	0.0099175	-0.392813	-0.489139	-0.647462	-0.146651	0.703348	-0.254141	-0.399957	-0.563048	0.434229	-0.578322	-0.032749	-0.736511	0.248297	-0.628353	-0.261103	-0.715006	0.524456	-0.381493
-0.354346	-0.614331	0.47119	-0.52442	-0.427277	-0.506914	0.476003	-0.577836	-0.653589	0.227848	0.493741	-0.526428	0.0115652	0.431562	0.247486	-0.867393	-0.469623	-0.368571	-0.203876	-0.775915	-0.779127	0.00960531	-0.3931	-0.488201	-0.646781	-0.147779	0.701353	-0.260653	-0.399519	-0.56288	0.429162	-0.582555	-0.0208824	-0.738052	0.258882	-0.622755	-0.24818	-0.723307	0.526467	-0.371572
-0.355611	-0.615863	0.469576	-0.523213	-0.428733	-0.508052	0.474139	-0.577289	-0.653292	0.229088	0.492782	-0.527157	0.0116204	0.431702	0.246574	-0.867583	-0.469902	-0.369131	-0.204219	-0.77539	-0.779618	0.00914772	-0.394087	-0.486628	-0.645056	-0.150066	0.699307	-0.268984	-0.40016	-0.561205	0.419863	-0.590454	-0.0151664	-0.739265	0.261321	-0.620458	-0.245346	-0.725038	0.525604	-0.371303
-0.358869	-0.619538	0.465027	-0.520706	-0.429396	-0.509035	0.47325	-0.57666	-0.653226	0.228973	0.492125	-0.527902	0.0126498	0.430492	0.245353	-0.868515	-0.469978	-0.369935	-0.204236	-0.774956	-0.77951	0.00926891	-0.394622	-0.486365	-0.642385	-0.15252	0.694613	-0.285643	-0.401228	-0.559859	0.415109	-0.594355	-0.00651427	-0.742233	0.261536	-0.616966	-0.241663	-0.726179	0.516289	-0.384329
-0.361045	-0.621686	0.462755	-0.518662	-0.429806	-0.513416	0.470895	-0.574394	-0.65357	0.226976	0.490744	-0.529622	0.0129373	0.429353	0.245498	-0.869033	-0.469574	-0.370322	-0.204646	-0.774907	-0.778412	0.00932815	-0.396008	-0.486996	-0.641045	-0.152981	0.692143	-0.294272	-0.405207	-0.555771	0.40554	-0.602049	-0.00421645	-0.744157	0.259358	-0.615586	-0.242695	-0.725524	0.509808	-0.393459
-0.363558	-0.623674	0.459923	-0.517037	-0.429806	-0.513416	0.470895	-0.574394	-0.65357	0.226976	0.490744	-0.529622	0.0130995	0.427914	0.245983	-0.869604	-0.468786	-0.370803	-0.20536	-0.774966	-0.778412	0.00932815	-0.396008	-0.486996	-0.640057	-0.152926	0.689551	-0.302423	-0.405207	-0.555771	0.40554	-0.602049	-0.00237971	-0.746796	0.255445	-0.614035	-0.249792	-0.722872	0.504848	-0.400235
-0.37165	-0.625739	0.45441	-0.513652	-0.429654	-0.518359	0.468531	-0.571996	-0.654252	0.224127	0.489206	-0.531412	0.0134405	0.424648	0.247663	-0.870722	-0.465437	-0.372527	-0.207733	-0.775525	-0.775745	0.00924913	-0.398701	-0.489052	-0.638714	-0.150446	0.684595	-0.317394	-0.413097	-0.549155	0.397634	-0.608002	-0.00190003	-0.75261	0.257875	-0.605867	-0.25981	-0.720668	0.494939	-0.410088
-0.38117	-0.62579	0.450882	-0.509708	-0.430218	-0.521015	0.467886	-0.569683	-0.654531	0.222632	0.488524	-0.532324	0.0137826	0.421752	0.24889	-0.871773	-0.460999	-0.374435	-0.210822	-0.776423	-0.772926	0.00901889	-0.401856	-0.490933	-0.638043	-0.145486	0.679974	-0.330712	-0.4223	-0.542109	0.389532	-0.613226	-7.82E-05	-0.759261	0.260318	-0.596453	-0.271317	-0.716769	0.484259	-0.422046
-0.382394	-0.627425	0.449225	-0.508241	-0.431475	-0.522916	0.466069	-0.568478	-0.656396	0.219753	0.487081	-0.532545	0.0137826	0.421752	0.24889	-0.871773	-0.460999	-0.374435	-0.210822	-0.776423	-0.770294	0.0104328	-0.404598	-0.492787	-0.637775	-0.144769	0.675922	-0.339727	-0.433861	-0.533946	0.38274	-0.616585	-7.82E-05	-0.759261	0.260318	-0.596453	-0.271317	-0.716769	0.484259	-0.422046
-0.385156	-0.628393	0.444559	-0.509063	-0.43147	-0.524205	0.465861	-0.567465	-0.65694	0.218752	0.487151	-0.532223	0.0127691	0.418956	0.25183	-0.872293	-0.457524	-0.375972	-0.21464	-0.77669	-0.768954	0.0111205	-0.406092	-0.493635	-0.636784	-0.143728	0.667806	-0.357609	-0.442175	-0.527823	0.382465	-0.616121	-0.0062937	-0.768403	0.257309	-0.585926	-0.294464	-0.710878	0.474604	-0.427429
-0.387898	-0.627057	0.442333	-0.510565	-0.431307	-0.524985	0.466113	-0.56666	-0.657287	0.217439	0.487291	-0.532204	0.0126691	0.418226	0.253135	-0.872267	-0.456731	-0.376566	-0.215458	-0.776642	-0.766798	0.011483	-0.408173	-0.49526	-0.636646	-0.142268	0.664199	-0.365079	-0.459377	-0.515336	0.383076	-0.613722	-0.0106001	-0.771322	0.256617	-0.582321	-0.303284	-0.708756	0.472752	-0.426836
-0.392632	-0.623363	0.43841	-0.514835	-0.431763	-0.5243	0.466003	-0.567037	-0.657403	0.216412	0.487611	-0.532187	0.0123467	0.417902	0.255278	-0.871802	-0.454902	-0.377127	-0.218385	-0.776626	-0.76614	0.0113102	-0.408645	-0.495894	-0.638927	-0.133033	0.658974	-0.373935	-0.466756	-0.509982	0.382055	-0.613263	-0.0232154	-0.777029	0.257196	-0.574053	-0.323567	-0.703824	0.472003	-0.42089
-0.397369	-0.618369	0.43516	-0.519955	-0.433238	-0.521807	0.465058	-0.568984	-0.656887	0.21751	0.488184	-0.53185	0.0123944	0.418632	0.254629	-0.871641	-0.453667	-0.375743	-0.221205	-0.77722	-0.765772	0.0126938	-0.408463	-0.496578	-0.641981	-0.122346	0.655413	-0.378585	-0.484796	-0.494721	0.386099	-0.609222	-0.0356953	-0.781928	0.260138	-0.565369	-0.339831	-0.700101	0.470031	-0.416467
-0.399887	-0.615517	0.434107	-0.522284	-0.435696	-0.517873	0.464814	-0.570898	-0.657298	0.22091	0.487798	-0.530294	0.0127241	0.419316	0.253397	-0.871666	-0.453254	-0.374768	-0.222871	-0.777456	-0.766775	0.0149911	-0.408125	-0.495243	-0.643614	-0.11652	0.653703	-0.380601	-0.497572	-0.483978	0.386003	-0.60761	-0.0408576	-0.783892	0.259246	-0.562703	-0.346097	-0.698825	0.468602	-0.415058
-0.407151	-0.605432	0.429884	-0.531865	-0.438422	-0.515592	0.462787	-0.57252	-0.658628	0.224351	0.486155	-0.528705	0.0104192	0.420686	0.249437	-0.872179	-0.454097	-0.372308	-0.226817	-0.777005	-0.767497	0.0178948	-0.408737	-0.493519	-0.646389	-0.10173	0.650245	-0.386022	-0.508151	-0.474169	0.38577	-0.606736	-0.0577934	-0.787873	0.259201	-0.555635	-0.365381	-0.693373	0.46898	-0.407171
-0.410689	-0.600656	0.428683	-0.535517	-0.439411	-0.514854	0.461828	-0.5732	-0.659277	0.225939	0.485141	-0.528151	0.00964676	0.420718	0.247985	-0.872586	-0.453938	-0.372466	-0.229042	-0.776369	-0.767116	0.0188078	-0.41085	-0.492322	-0.647103	-0.0966853	0.650642	-0.385452	-0.518687	-0.463718	0.38592	-0.605801	-0.0615002	-0.788674	0.256756	-0.555236	-0.370263	-0.69187	0.468877	-0.405433
-0.413647	-0.593982	0.423275	-0.544903	-0.442867	-0.511079	0.457962	-0.577007	-0.659616	0.229061	0.483077	-0.528275	0.00952201	0.420619	0.245052	-0.873464	-0.453147	-0.373596	-0.233586	-0.774933	-0.766701	0.019336	-0.411837	-0.492124	-0.648535	-0.089095	0.65166	-0.38315	-0.523722	-0.45857	0.386187	-0.605218	-0.0689013	-0.789613	0.252526	-0.554973	-0.378199	-0.689975	0.470301	-0.399645
-0.412959	-0.593047	0.420083	-0.5489	-0.445063	-0.508462	0.455001	-0.579965	-0.659151	0.231564	0.481242	-0.529437	0.0102238	0.420314	0.242235	-0.874388	-0.453757	-0.372967	-0.236376	-0.774033	-0.766302	0.0204924	-0.412428	-0.492203	-0.649542	-0.0866889	0.650759	-0.383527	-0.528883	-0.454272	0.38217	-0.606519	-0.0730278	-0.790758	0.249789	-0.554052	-0.381671	-0.689177	0.470962	-0.396935
-0.416599	-0.588283	0.418725	-0.552303	-0.448032	-0.504756	0.4512	-0.583873	-0.657171	0.237338	0.477361	-0.532845	0.013425	0.420004	0.23486	-0.876503	-0.454545	-0.371459	-0.24207	-0.772534	-0.765238	0.0242114	-0.41394	-0.492421	-0.650283	-0.0825655	0.649371	-0.385529	-0.530906	-0.452232	0.381248	-0.606856	-0.0767811	-0.791133	0.247142	-0.554197	-0.384383	-0.688557	0.47004	-0.396487
-0.418785	-0.584027	0.416074	-0.557148	-0.451426	-0.500779	0.447164	-0.587775	-0.654909	0.240962	0.47553	-0.535633	0.0170041	0.419695	0.230991	-0.877616	-0.454778	-0.370433	-0.24713	-0.771287	-0.763845	0.0273611	-0.416114	-0.492586	-0.651169	-0.0783655	0.650151	-0.38359	-0.534715	-0.448143	0.380476	-0.60703	-0.0798668	-0.791507	0.245101	-0.554133	-0.386399	-0.687931	0.470614	-0.394929
-0.420664	-0.580928	0.414532	-0.560114	-0.454536	-0.49737	0.443244	-0.591232	-0.653137	0.243959	0.472863	-0.538792	0.0204162	0.418349	0.227071	-0.879208	-0.454582	-0.369628	-0.253139	-0.769838	-0.762292	0.0300179	-0.417399	-0.493749	-0.652206	-0.075985	0.650115	-0.382366	-0.536521	-0.446684	0.378799	-0.607561	-0.0819899	-0.791352	0.244994	-0.554092	-0.385883	-0.688297	0.470237	-0.395245
-0.422781	-0.579104	0.41431	-0.560572	-0.456033	-0.495549	0.441897	-0.592615	-0.652427	0.245864	0.471348	-0.540111	0.0215484	0.417926	0.224744	-0.879979	-0.454792	-0.369275	-0.255304	-0.769168	-0.761683	0.0302626	-0.417975	-0.494186	-0.652599	-0.0744439	0.65004	-0.382126	-0.536999	-0.446077	0.378507	-0.607766	-0.0831631	-0.791093	0.245794	-0.553933	-0.385451	-0.688594	0.470318	-0.395053
-0.424297	-0.577889	0.414086	-0.560847	-0.457566	-0.493722	0.440712	-0.593839	-0.651868	0.247893	0.470061	-0.54098	0.0222945	0.417788	0.222511	-0.880593	-0.454792	-0.369275	-0.255304	-0.769168	-0.761131	0.0305859	-0.41823	-0.494801	-0.65315	-0.0734943	0.649782	-0.381807	-0.537184	-0.445854	0.37813	-0.608001	-0.0840494	-0.791084	0.244908	-0.554204	-0.384078	-0.689464	0.470084	-0.395151
-0.425471	-0.577062	0.413915	-0.560935	-0.45881	-0.492268	0.439765	-0.594787	-0.651496	0.249785	0.469041	-0.541443	0.0227409	0.417964	0.220296	-0.881056	-0.45628	-0.36789	-0.25776	-0.768131	-0.760902	0.0311007	-0.418075	-0.495252	-0.653581	-0.0726222	0.649793	-0.381219	-0.537519	-0.445363	0.378222	-0.608008	-0.0850325	-0.790989	0.245186	-0.554067	-0.38256	-0.690429	0.469727	-0.395363
-0.42888	-0.574464	0.414337	-0.560694	-0.460841	-0.49011	0.439255	-0.595376	-0.65111	0.25315	0.467792	-0.541426	0.0227977	0.418895	0.216848	-0.881467	-0.457172	-0.367164	-0.2588	-0.767598	-0.761204	0.0320017	-0.417709	-0.495039	-0.654193	-0.0700146	0.650689	-0.379121	-0.537821	-0.444433	0.379126	-0.607858	-0.0852562	-0.790565	0.24641	-0.554094	-0.379975	-0.691681	0.468647	-0.396946
-0.430022	-0.57358	0.414733	-0.560431	-0.461896	-0.488919	0.438702	-0.595945	-0.651105	0.254422	0.467396	-0.541177	0.0223958	0.419426	0.215612	-0.881528	-0.458844	-0.36597	-0.259445	-0.766953	-0.761761	0.0323588	-0.417599	-0.494252	-0.654285	-0.0696543	0.650886	-0.378692	-0.536706	-0.445562	0.377944	-0.608753	-0.0848469	-0.790542	0.246704	-0.554059	-0.379231	-0.691951	0.468332	-0.397558
-0.430384	-0.573555	0.415459	-0.559641	-0.463538	-0.487031	0.438	-0.596733	-0.651696	0.256386	0.466723	-0.540119	0.0214387	0.420013	0.21402	-0.88166	-0.45945	-0.36572	-0.259782	-0.766595	-0.763359	0.0330193	-0.417132	-0.492131	-0.654518	-0.0706206	0.650582	-0.378632	-0.536742	-0.445486	0.378031	-0.608722	-0.0840457	-0.790606	0.24676	-0.554065	-0.377278	-0.692838	0.467573	-0.398764
-0.431278	-0.573159	0.416187	-0.558817	-0.464021	-0.486697	0.438129	-0.596535	-0.652009	0.256871	0.466515	-0.53969	0.0208742	0.420215	0.213519	-0.881699	-0.461214	-0.365251	-0.259101	-0.76599	-0.764136	0.0334455	-0.417015	-0.490995	-0.654632	-0.0710425	0.650386	-0.378694	-0.536063	-0.446325	0.377229	-0.609203	-0.083637	-0.790602	0.246709	-0.554155	-0.376404	-0.69329	0.467365	-0.399048
-0.433147	-0.572342	0.417096	-0.557529	-0.464808	-0.486652	0.438866	-0.595415	-0.65245	0.257481	0.466225	-0.539116	0.0195603	0.420661	0.212918	-0.881662	-0.462139	-0.36526	-0.258569	-0.765607	-0.765396	0.0336344	-0.417381	-0.488704	-0.65472	-0.0699404	0.651075	-0.37756	-0.535546	-0.446695	0.37694	-0.609566	-0.0837685	-0.790415	0.247336	-0.554122	-0.375365	-0.693887	0.467642	-0.398664
-0.433735	-0.572036	0.417487	-0.557094	-0.465165	-0.486653	0.439385	-0.594753	-0.652634	0.257551	0.466106	-0.538962	0.0190647	0.420756	0.212779	-0.881661	-0.463593	-0.366005	-0.257977	-0.764572	-0.765748	0.0334809	-0.417876	-0.487738	-0.654755	-0.0692321	0.651453	-0.376979	-0.53548	-0.446494	0.377271	-0.609565	-0.0839153	-0.790233	0.247653	-0.554218	-0.37472	-0.694318	0.467794	-0.398341
-0.435102	-0.571069	0.418855	-0.555992	-0.465548	-0.487141	0.440986	-0.592866	-0.653354	0.25709	0.465659	-0.538697	0.0183129	0.420193	0.212784	-0.881944	-0.464288	-0.367127	-0.257321	-0.763833	-0.766131	0.0327628	-0.418984	-0.486233	-0.655059	-0.0674831	0.652471	-0.374999	-0.535839	-0.445819	0.378023	-0.609279	-0.0847175	-0.78989	0.248618	-0.554154	-0.373549	-0.695225	0.468038	-0.397572
-0.435809	-0.570498	0.419532	-0.555513	-0.465707	-0.487308	0.441935	-0.591897	-0.653795	0.256917	0.465355	-0.538508	0.0178269	0.419891	0.212903	-0.882069	-0.464369	-0.367553	-0.256752	-0.76377	-0.766274	0.0321929	-0.419211	-0.485849	-0.655148	-0.0667759	0.652988	-0.374071	-0.535874	-0.445704	0.378209	-0.609216	-0.0849533	-0.789843	0.249454	-0.553808	-0.373552	-0.695289	0.468334	-0.397109
-0.436496	-0.569843	0.420755	-0.554721	-0.466074	-0.487287	0.443187	-0.590687	-0.654801	0.256755	0.465104	-0.537579	0.0172384	0.419697	0.212995	-0.882151	-0.464288	-0.367979	-0.256272	-0.763775	-0.766793	0.0302911	-0.418758	-0.485543	-0.655277	-0.0659214	0.653907	-0.372388	-0.536073	-0.445492	0.378431	-0.609058	-0.0849877	-0.78982	0.250191	-0.553503	-0.373345	-0.695446	0.468361	-0.396996
-0.436559	-0.569822	0.421046	-0.554472	-0.466211	-0.487201	0.443687	-0.590275	-0.655358	0.256647	0.465199	-0.536869	0.0159817	0.419689	0.213552	-0.882044	-0.463996	-0.368786	-0.254969	-0.764	-0.766997	0.0291807	-0.418153	-0.48581	-0.655355	-0.0659408	0.653959	-0.372155	-0.536111	-0.445657	0.378372	-0.608941	-0.0844978	-0.790044	0.250499	-0.553119	-0.373339	-0.69548	0.468406	-0.39689
-0.436559	-0.569822	0.421046	-0.554472	-0.466211	-0.487201	0.443687	-0.590275	-0.655358	0.256647	0.465199	-0.536869	0.0159817	0.419689	0.213552	-0.882044	-0.463996	-0.368786	-0.254969	-0.764	-0.766997	0.0291807	-0.418153	-0.48581	-0.655355	-0.0659408	0.653959	-0.372155	-0.536111	-0.445657	0.378372	-0.608941	-0.0844978	-0.790044	0.250499	-0.553119	-0.373339	-0.69548	0.468406	-0.39689
-0.436726	-0.56982	0.421434	-0.554048	-0.465974	-0.487474	0.444201	-0.589849	-0.65632	0.257043	0.465529	-0.535215	0.0151115	0.419989	0.213773	-0.881863	-0.463988	-0.369155	-0.254191	-0.764085	-0.767298	0.0272772	-0.417119	-0.486335	-0.655424	-0.0658861	0.653962	-0.372039	-0.535758	-0.446606	0.377954	-0.608817	-0.0844844	-0.790167	0.250586	-0.552906	-0.373307	-0.695554	0.468424	-0.396767
-0.436726	-0.56982	0.421434	-0.554048	-0.465974	-0.487474	0.444201	-0.589849	-0.65632	0.257043	0.465529	-0.535215	0.0151115	0.419989	0.213773	-0.881863	-0.464096	-0.36933	-0.253476	-0.764173	-0.767298	0.0272772	-0.417119	-0.486335	-0.655424	-0.0658861	0.653962	-0.372039	-0.535758	-0.446606	0.377954	-0.608817	-0.084211	-0.790389	0.250365	-0.552731	-0.373307	-0.695554	0.468424	-0.396767
-0.437657	-0.56901	0.420848	-0.554591	-0.465773	-0.487578	0.443771	-0.590246	-0.65632	0.257043	0.465529	-0.535215	0.0136944	0.421092	0.213566	-0.88141	-0.464096	-0.36933	-0.253476	-0.764173	-0.767457	0.0265608	-0.416778	-0.486415	-0.655487	-0.066676	0.653585	-0.372448	-0.53551	-0.447186	0.377592	-0.608833	-0.0839397	-0.79053	0.250225	-0.552634	-0.373039	-0.695848	0.468146	-0.396834
-0.438222	-0.568725	0.421007	-0.554317	-0.465596	-0.487066	0.443112	-0.591303	-0.656054	0.257676	0.46646	-0.534426	0.0140071	0.421825	0.213536	-0.881062	-0.464118	-0.369642	-0.252891	-0.764203	-0.767562	0.0260869	-0.416579	-0.486446	-0.655453	-0.0664848	0.654048	-0.371729	-0.535655	-0.447226	0.377661	-0.608634	-0.0841438	-0.790656	0.250823	-0.552151	-0.37333	-0.69578	0.46837	-0.396414
-0.438296	-0.568395	0.421162	-0.554478	-0.465292	-0.486508	0.443288	-0.591869	-0.655264	0.256869	0.467742	-0.534664	0.015125	0.422094	0.214911	-0.88058	-0.463187	-0.369542	-0.252306	-0.765009	-0.767536	0.0260628	-0.416315	-0.486714	-0.655529	-0.0664077	0.654213	-0.371319	-0.535729	-0.447468	0.377379	-0.608565	-0.0846695	-0.790614	0.25192	-0.551631	-0.373711	-0.69565	0.468515	-0.396113
-0.437728	-0.568605	0.420769	-0.55501	-0.464149	-0.487214	0.443796	-0.591805	-0.654836	0.255901	0.468668	-0.53484	0.0158683	0.422059	0.21633	-0.880236	-0.462272	-0.369222	-0.251749	-0.7659	-0.767444	0.0256131	-0.415559	-0.48753	-0.655774	-0.0662344	0.654188	-0.370961	-0.535826	-0.44769	0.377158	-0.608453	-0.0841776	-0.790921	0.251684	-0.551374	-0.373766	-0.695733	0.468218	-0.396266
-0.43684	-0.569203	0.420248	-0.555491	-0.462938	-0.487912	0.444186	-0.591886	-0.654618	0.256031	0.469224	-0.534558	0.0160701	0.422191	0.216631	-0.880096	-0.461936	-0.369146	-0.251337	-0.766274	-0.767024	0.0247803	-0.414877	-0.488813	-0.655763	-0.0672638	0.653846	-0.371397	-0.535909	-0.447885	0.376961	-0.608359	-0.0838746	-0.791046	0.251497	-0.551326	-0.373932	-0.695677	0.468198	-0.39623
-0.436357	-0.569516	0.420144	-0.555629	-0.462389	-0.48827	0.444275	-0.591953	-0.654433	0.256285	0.469342	-0.534559	0.016125	0.422707	0.216529	-0.879871	-0.461538	-0.369021	-0.251009	-0.766682	-0.766898	0.0245538	-0.414465	-0.48937	-0.655804	-0.0674303	0.653813	-0.371352	-0.535999	-0.44793	0.376887	-0.608293	-0.0831533	-0.791272	0.251092	-0.551296	-0.373924	-0.695725	0.4679	-0.396507
-0.435148	-0.570555	0.420168	-0.555493	-0.461837	-0.48846	0.444448	-0.592097	-0.653743	0.257523	0.469642	-0.534545	0.0163341	0.423233	0.21596	-0.879755	-0.461518	-0.368718	-0.250788	-0.766912	-0.766927	0.0247667	-0.413902	-0.48979	-0.655939	-0.067767	0.653733	-0.371194	-0.53622	-0.447978	0.376648	-0.608211	-0.0832975	-0.791307	0.250911	-0.551307	-0.374148	-0.695662	0.468002	-0.396285
-0.434913	-0.570651	0.42032	-0.555462	-0.461644	-0.488391	0.444705	-0.592112	-0.65335	0.258087	0.469839	-0.53458	0.0170532	0.42429	0.214974	-0.879473	-0.461424	-0.368085	-0.250539	-0.767353	-0.766997	0.0251369	-0.413733	-0.489806	-0.655861	-0.0678397	0.653976	-0.37089	-0.536212	-0.448106	0.37646	-0.60824	-0.083012	-0.791565	0.250911	-0.550978	-0.374375	-0.695597	0.468046	-0.396133
-0.434373	-0.570786	0.420652	-0.555496	-0.461347	-0.488138	0.445363	-0.592058	-0.652846	0.258435	0.470375	-0.534557	0.0173791	0.424966	0.214837	-0.879174	-0.461438	-0.367453	-0.250134	-0.76778	-0.767266	0.0258803	-0.413601	-0.489456	-0.655642	-0.0678215	0.654306	-0.370699	-0.53666	-0.447528	0.377027	-0.607919	-0.083555	-0.791431	0.251816	-0.550676	-0.374835	-0.695348	0.468428	-0.395683
-0.434225	-0.570818	0.420705	-0.555538	-0.461129	-0.488043	0.445744	-0.592019	-0.652817	0.258428	0.470595	-0.534401	0.0174252	0.425173	0.215016	-0.879029	-0.461625	-0.367146	-0.249822	-0.767916	-0.767378	0.0262765	-0.413403	-0.489426	-0.655705	-0.0677294	0.654277	-0.370655	-0.536865	-0.447446	0.377282	-0.60764	-0.0836882	-0.79144	0.252142	-0.550494	-0.374948	-0.695288	0.468538	-0.395551
-0.433651	-0.57121	0.420731	-0.555564	-0.460935	-0.487505	0.446352	-0.592155	-0.653087	0.259224	0.470855	-0.533456	0.0166828	0.42595	0.214754	-0.878732	-0.462392	-0.366506	-0.249361	-0.76791	-0.767826	0.0265405	-0.412811	-0.48921	-0.656079	-0.0676298	0.654045	-0.370421	-0.536908	-0.447533	0.377259	-0.607553	-0.0834747	-0.791607	0.252236	-0.550243	-0.374966	-0.695276	0.468417	-0.3957
-0.433155	-0.571409	0.42105	-0.555506	-0.460908	-0.486825	0.446648	-0.592512	-0.65333	0.260322	0.471421	-0.532123	0.0159388	0.427198	0.214469	-0.878209	-0.463228	-0.365993	-0.248784	-0.767838	-0.768059	0.026611	-0.412617	-0.489004	-0.656149	-0.0679737	0.654011	-0.370294	-0.537144	-0.447288	0.37752	-0.607361	-0.0831952	-0.791625	0.252389	-0.550189	-0.373877	-0.695818	0.467603	-0.396738
-0.432926	-0.571404	0.421146	-0.555616	-0.460975	-0.486533	0.446985	-0.592446	-0.653414	0.260824	0.471592	-0.531622	0.0157499	0.427588	0.214357	-0.87805	-0.463512	-0.365768	-0.248592	-0.767836	-0.768602	0.0267803	-0.412208	-0.488486	-0.656191	-0.0680331	0.653934	-0.370345	-0.537236	-0.447089	0.377719	-0.607304	-0.083288	-0.79153	0.252973	-0.550044	-0.373166	-0.69618	0.467117	-0.397345
-0.432547	-0.57146	0.421337	-0.555708	-0.461385	-0.485788	0.448035	-0.591944	-0.653696	0.262155	0.471575	-0.530635	0.0153233	0.428197	0.213753	-0.877908	-0.463859	-0.365392	-0.247811	-0.768058	-0.769266	0.0270104	-0.411757	-0.487807	-0.656323	-0.0676474	0.654313	-0.369512	-0.536735	-0.447572	0.377498	-0.607528	-0.0829261	-0.791319	0.253211	-0.550292	-0.370519	-0.697512	0.465483	-0.399397
-0.432229	-0.571418	0.421351	-0.555989	-0.46166	-0.485457	0.448162	-0.591906	-0.653892	0.262401	0.471537	-0.530305	0.0146518	0.428669	0.213335	-0.877791	-0.463587	-0.365383	-0.247454	-0.768341	-0.769297	0.0268395	-0.411633	-0.487873	-0.65618	-0.0675722	0.654549	-0.36936	-0.53671	-0.447472	0.377868	-0.607394	-0.0827739	-0.791174	0.253665	-0.550315	-0.369885	-0.697874	0.465496	-0.399338
