FULLBODY	1																																						
Frames:	116																																						
-0.453375	-0.575561	0.438346	-0.520609	-0.442701	-0.537098	0.428339	-0.576253	-0.724164	-0.156564	0.61066	-0.279586	-0.693677	-0.0419779	0.672439	-0.254707	-0.157199	-0.639961	0.0566472	-0.75002	-0.227244	-0.64208	0.0211898	-0.731877	-0.685572	-0.13328	0.69423	-0.173987	-0.454528	-0.560287	0.505095	-0.473668	-0.159111	-0.733092	0.227166	-0.621012	-0.396984	-0.617501	0.472838	-0.487361
-0.404714	-0.607042	0.393607	-0.559268	-0.388654	-0.576998	0.385588	-0.606089	-0.69766	-0.215928	0.595924	-0.333946	-0.666162	-0.106437	0.671295	-0.307023	-0.0686573	-0.650097	0.017899	-0.756532	-0.156048	-0.655969	-0.0258739	-0.738027	-0.673555	-0.179667	0.681338	-0.223208	-0.439568	-0.574582	0.483273	-0.493035	-0.136185	-0.737275	0.160189	-0.642042	-0.389178	-0.622885	0.448972	-0.508899
-0.404674	-0.607023	0.393208	-0.559597	-0.388654	-0.576998	0.385588	-0.606089	-0.69766	-0.215928	0.595924	-0.333946	-0.66557	-0.107043	0.671762	-0.307075	-0.0682295	-0.650101	0.0176607	-0.756572	-0.156048	-0.655969	-0.0258739	-0.738027	-0.673555	-0.179667	0.681338	-0.223208	-0.439568	-0.574582	0.483273	-0.493035	-0.136008	-0.737509	0.159815	-0.641905	-0.388837	-0.623112	0.44858	-0.509228
-0.405222	-0.606993	0.393254	-0.559201	-0.388661	-0.577374	0.385414	-0.605836	-0.697434	-0.216345	0.59613	-0.333781	-0.664633	-0.108249	0.672365	-0.307361	-0.0677254	-0.650349	0.0179045	-0.756399	-0.155225	-0.656312	-0.025801	-0.737898	-0.673586	-0.179672	0.681238	-0.223415	-0.438125	-0.57581	0.482165	-0.493969	-0.135991	-0.737275	0.159704	-0.642205	-0.388841	-0.623142	0.44886	-0.508941
-0.406423	-0.606505	0.393983	-0.558346	-0.389224	-0.578138	0.385989	-0.60438	-0.698107	-0.217382	0.595784	-0.332313	-0.663685	-0.110114	0.672748	-0.307907	-0.0669657	-0.650924	0.0190366	-0.755944	-0.153799	-0.657401	-0.0249827	-0.737256	-0.673979	-0.178016	0.681372	-0.223146	-0.435615	-0.577685	0.480787	-0.495342	-0.136584	-0.737024	0.161065	-0.642027	-0.388798	-0.623163	0.449128	-0.508712
-0.407192	-0.606215	0.394501	-0.557734	-0.390286	-0.578743	0.386976	-0.60248	-0.698855	-0.218507	0.595005	-0.3314	-0.663258	-0.111641	0.672721	-0.308338	-0.0670401	-0.651258	0.0199638	-0.755626	-0.152221	-0.6586	-0.0225514	-0.736591	-0.67417	-0.177525	0.68137	-0.222965	-0.433015	-0.579476	0.479349	-0.49692	-0.136872	-0.737168	0.162394	-0.641465	-0.38867	-0.623154	0.449239	-0.508722
-0.408753	-0.605667	0.395588	-0.556416	-0.39083	-0.579069	0.387432	-0.601521	-0.69961	-0.218665	0.594816	-0.330038	-0.66267	-0.113995	0.672832	-0.308498	-0.0666938	-0.652156	0.0216008	-0.754836	-0.151159	-0.659353	-0.0215547	-0.736166	-0.674508	-0.176304	0.681822	-0.22153	-0.432699	-0.579647	0.479416	-0.496933	-0.137592	-0.736832	0.164302	-0.641211	-0.388112	-0.623472	0.449421	-0.508599
-0.409875	-0.605303	0.396765	-0.555147	-0.392291	-0.579163	0.388171	-0.600001	-0.700877	-0.218704	0.595124	-0.326755	-0.662989	-0.11475	0.673616	-0.305809	-0.0669709	-0.653003	0.0233154	-0.754028	-0.149475	-0.660817	-0.019033	-0.735265	-0.675193	-0.174821	0.682225	-0.219366	-0.433022	-0.579344	0.480006	-0.496434	-0.137934	-0.736614	0.166129	-0.640918	-0.387817	-0.623499	0.449899	-0.508367
-0.410496	-0.605147	0.397642	-0.554231	-0.393143	-0.578969	0.388501	-0.599416	-0.70112	-0.219193	0.59521	-0.325745	-0.663356	-0.11522	0.673752	-0.304533	-0.0674506	-0.653356	0.0240162	-0.753657	-0.148927	-0.661351	-0.0177496	-0.734929	-0.675571	-0.173944	0.682603	-0.217716	-0.433643	-0.578835	0.480605	-0.495905	-0.137934	-0.736614	0.166129	-0.640918	-0.387729	-0.62341	0.450054	-0.508407
-0.411066	-0.604991	0.398411	-0.553425	-0.394978	-0.578349	0.38937	-0.598244	-0.702447	-0.218775	0.595147	-0.323274	-0.663475	-0.115326	0.674195	-0.303251	-0.0682051	-0.653741	0.0245281	-0.753239	-0.148219	-0.662078	-0.0153225	-0.734472	-0.675928	-0.173315	0.68288	-0.216236	-0.436271	-0.576718	0.482935	-0.493799	-0.138595	-0.736863	0.170257	-0.639404	-0.387617	-0.623358	0.450257	-0.508377
-0.412257	-0.60458	0.399879	-0.551928	-0.395875	-0.578002	0.390243	-0.597417	-0.703405	-0.218665	0.594655	-0.322167	-0.662387	-0.112201	0.677005	-0.300531	-0.0712498	-0.65431	0.0258369	-0.752419	-0.148636	-0.662029	-0.0141122	-0.734456	-0.676408	-0.172315	0.683389	-0.213913	-0.437183	-0.575994	0.483836	-0.492956	-0.139419	-0.737437	0.173095	-0.637799	-0.388649	-0.622776	0.451933	-0.506812
-0.414024	-0.603589	0.401476	-0.550529	-0.398036	-0.577206	0.392736	-0.595113	-0.70644	-0.215397	0.594565	-0.317866	-0.659896	-0.097248	0.680971	-0.302257	-0.0764023	-0.654096	0.0278141	-0.752029	-0.152142	-0.661526	-0.0111008	-0.734243	-0.676693	-0.171107	0.684103	-0.21169	-0.438273	-0.575031	0.485219	-0.491751	-0.140055	-0.738311	0.176676	-0.635663	-0.389769	-0.622149	0.453517	-0.505304
-0.415475	-0.602629	0.403131	-0.549276	-0.401	-0.575589	0.395205	-0.593051	-0.711503	-0.207957	0.593765	-0.312988	-0.653679	-0.0724748	0.684909	-0.313608	-0.086185	-0.652131	0.0313749	-0.752538	-0.160057	-0.659908	-0.00694388	-0.734067	-0.677222	-0.169686	0.684543	-0.20971	-0.439792	-0.573966	0.486971	-0.489903	-0.139965	-0.739303	0.179242	-0.633808	-0.389998	-0.622066	0.45449	-0.504355
-0.417009	-0.601529	0.404671	-0.548187	-0.404572	-0.573613	0.397966	-0.590689	-0.714306	-0.202849	0.593292	-0.310844	-0.642171	-0.0354874	0.688544	-0.335059	-0.100652	-0.647516	0.0340591	-0.754607	-0.170652	-0.654193	-0.00671544	-0.736793	-0.677429	-0.16902	0.68469	-0.209095	-0.440058	-0.573646	0.488257	-0.488758	-0.140696	-0.739692	0.181982	-0.63241	-0.390119	-0.622078	0.455179	-0.503625
-0.418584	-0.600545	0.405812	-0.54722	-0.40731	-0.572147	0.400088	-0.588791	-0.723537	-0.184666	0.588371	-0.310181	-0.623652	0.00664234	0.687649	-0.371688	-0.121723	-0.636737	0.0340037	-0.760654	-0.192349	-0.638913	-0.00854906	-0.744794	-0.678028	-0.16736	0.684896	-0.207814	-0.440267	-0.573369	0.488983	-0.488168	-0.140099	-0.740422	0.182879	-0.631429	-0.389833	-0.622194	0.455382	-0.503519
-0.419266	-0.600104	0.406003	-0.54704	-0.408279	-0.571765	0.400782	-0.588019	-0.726413	-0.177349	0.586048	-0.31212	-0.611531	0.0299846	0.684976	-0.39489	-0.132053	-0.629846	0.0305311	-0.764803	-0.205119	-0.628135	-0.0168006	-0.750393	-0.678096	-0.166843	0.68513	-0.207236	-0.440327	-0.57331	0.489192	-0.487975	-0.139904	-0.740627	0.182817	-0.63125	-0.389939	-0.622116	0.455655	-0.503287
-0.420346	-0.599551	0.405999	-0.54682	-0.409862	-0.570477	0.401923	-0.58739	-0.731955	-0.160099	0.579603	-0.320422	-0.580512	0.0807247	0.674625	-0.448743	-0.151846	-0.612333	0.0115348	-0.775795	-0.236244	-0.600016	-0.0422693	-0.76314	-0.678173	-0.16642	0.685114	-0.207374	-0.44	-0.573429	0.489313	-0.488009	-0.139733	-0.740951	0.182456	-0.631012	-0.389885	-0.622087	0.455646	-0.503374
-0.421357	-0.599178	0.405517	-0.546809	-0.410378	-0.569482	0.400727	-0.588811	-0.735681	-0.138525	0.572433	-0.334522	-0.540298	0.136257	0.655907	-0.509213	-0.174631	-0.592898	-0.0183441	-0.7859	-0.295721	-0.540458	-0.10131	-0.781147	-0.678269	-0.16601	0.685022	-0.207693	-0.438905	-0.574083	0.488909	-0.48863	-0.139521	-0.741049	0.181824	-0.631127	-0.389915	-0.621965	0.455315	-0.5038
-0.421151	-0.599454	0.403293	-0.548308	-0.411193	-0.56839	0.398793	-0.590608	-0.736429	-0.0953845	0.562294	-0.363867	-0.463155	0.220288	0.610064	-0.603973	-0.215927	-0.561317	-0.0768408	-0.795233	-0.343291	-0.489733	-0.14656	-0.78793	-0.678246	-0.166448	0.68462	-0.20874	-0.438049	-0.574641	0.488349	-0.489302	-0.138954	-0.741396	0.179893	-0.631397	-0.390899	-0.621352	0.455479	-0.503645
-0.421252	-0.599413	0.402617	-0.548771	-0.411954	-0.567387	0.39796	-0.591603	-0.735455	-0.0772088	0.558145	-0.376323	-0.433839	0.246824	0.589855	-0.63477	-0.231564	-0.550362	-0.0956941	-0.796444	-0.368626	-0.462279	-0.169946	-0.788372	-0.678181	-0.166594	0.684554	-0.209054	-0.437717	-0.574915	0.488057	-0.489568	-0.138424	-0.74165	0.179047	-0.631456	-0.391197	-0.621156	0.455465	-0.503668
-0.421841	-0.598994	0.401945	-0.54927	-0.414273	-0.564685	0.39692	-0.593265	-0.731004	-0.0391865	0.548656	-0.403825	-0.371669	0.294574	0.542353	-0.693499	-0.26439	-0.529197	-0.129547	-0.79578	-0.421889	-0.404565	-0.212536	-0.783049	-0.678843	-0.165355	0.684502	-0.208054	-0.438352	-0.574535	0.488073	-0.489429	-0.138357	-0.741866	0.178664	-0.631325	-0.391989	-0.620652	0.455817	-0.503354
-0.42247	-0.598648	0.402178	-0.548992	-0.416155	-0.562571	0.397046	-0.593871	-0.72741	-0.0213801	0.5423	-0.419914	-0.33968	0.315122	0.51536	-0.720916	-0.281341	-0.518383	-0.142556	-0.794861	-0.448469	-0.374767	-0.233889	-0.776995	-0.679203	-0.164284	0.684708	-0.207048	-0.438352	-0.574535	0.488073	-0.489429	-0.139026	-0.741769	0.179493	-0.631057	-0.392582	-0.62032	0.456297	-0.502867
-0.424707	-0.597323	0.403918	-0.54743	-0.420169	-0.558295	0.397674	-0.594659	-0.720215	0.0187353	0.529207	-0.448195	-0.275367	0.350517	0.458912	-0.768577	-0.314493	-0.496157	-0.163053	-0.792677	-0.500619	-0.315832	-0.272973	-0.758364	-0.680386	-0.161032	0.685205	-0.204055	-0.439833	-0.573499	0.4887	-0.48869	-0.140826	-0.741391	0.182574	-0.630217	-0.393846	-0.619594	0.457518	-0.501663
-0.42779	-0.595144	0.40586	-0.545964	-0.424077	-0.553455	0.398793	-0.59566	-0.716636	0.0394127	0.522132	-0.460713	-0.214465	0.377566	0.401862	-0.806198	-0.33088	-0.485086	-0.169589	-0.791485	-0.525617	-0.286613	-0.289401	-0.746878	-0.680907	-0.159427	0.685508	-0.202553	-0.440662	-0.572931	0.489065	-0.488244	-0.142584	-0.74094	0.185876	-0.629387	-0.394445	-0.619375	0.458361	-0.500693
-0.42917	-0.594159	0.406827	-0.545234	-0.426106	-0.551016	0.399676	-0.595881	-0.70847	0.0812202	0.508349	-0.482758	-0.185827	0.387777	0.376078	-0.82077	-0.35966	-0.464685	-0.181855	-0.788443	-0.57195	-0.230821	-0.319923	-0.719197	-0.681693	-0.156858	0.68606	-0.200031	-0.442171	-0.571943	0.489788	-0.487313	-0.143422	-0.740836	0.187454	-0.628851	-0.394662	-0.619323	0.458819	-0.500166
-0.432264	-0.592042	0.408522	-0.543823	-0.429523	-0.54663	0.401852	-0.596003	-0.700467	0.116151	0.493964	-0.501851	-0.132386	0.403146	0.327208	-0.844323	-0.382385	-0.446804	-0.197128	-0.784403	-0.612372	-0.180446	-0.346648	-0.687222	-0.682402	-0.15481	0.686392	-0.198057	-0.443496	-0.571133	0.490626	-0.486214	-0.145106	-0.740516	0.190573	-0.627903	-0.394896	-0.6194	0.459495	-0.499264
-0.434038	-0.590638	0.409772	-0.542995	-0.433228	-0.542109	0.403597	-0.596272	-0.691625	0.147176	0.481335	-0.517987	-0.0857394	0.409601	0.290407	-0.860546	-0.401865	-0.430186	-0.210265	-0.780534	-0.64794	-0.134532	-0.368294	-0.653019	-0.682761	-0.153731	0.6866	-0.196939	-0.444278	-0.570851	0.491127	-0.485325	-0.145899	-0.740661	0.192451	-0.626975	-0.394999	-0.619646	0.459943	-0.498464
-0.435457	-0.58939	0.410931	-0.54234	-0.437108	-0.537061	0.406031	-0.596357	-0.682683	0.173839	0.469934	-0.53187	-0.04584	0.408689	0.264248	-0.872379	-0.419907	-0.415713	-0.21976	-0.776251	-0.67802	-0.092799	-0.387541	-0.617648	-0.683038	-0.153307	0.68657	-0.196413	-0.444814	-0.570774	0.491564	-0.484481	-0.146781	-0.740625	0.194502	-0.626178	-0.395176	-0.619843	0.46013	-0.497907
-0.43632	-0.588688	0.41189	-0.541681	-0.440717	-0.532342	0.408044	-0.596558	-0.676162	0.193403	0.459464	-0.542488	-0.0117563	0.403129	0.246964	-0.881111	-0.427251	-0.409005	-0.224694	-0.774392	-0.70376	-0.0559853	-0.402112	-0.583004	-0.683389	-0.15311	0.686364	-0.196067	-0.445452	-0.570566	0.492003	-0.483695	-0.146776	-0.741005	0.195253	-0.625495	-0.395254	-0.620163	0.460147	-0.49743
-0.437022	-0.588275	0.412747	-0.540911	-0.442274	-0.529964	0.409247	-0.596698	-0.676162	0.193403	0.459464	-0.542488	0.00235173	0.400097	0.239907	-0.884512	-0.442093	-0.397008	-0.232001	-0.770139	-0.714375	-0.0396691	-0.408123	-0.567036	-0.683389	-0.15311	0.686364	-0.196067	-0.445805	-0.570464	0.492143	-0.483347	-0.147072	-0.740989	0.195769	-0.625284	-0.395357	-0.620296	0.46029	-0.49705
-0.438379	-0.58755	0.41472	-0.539089	-0.444763	-0.526043	0.411764	-0.596586	-0.669477	0.215265	0.449379	-0.550927	0.0268078	0.394419	0.229557	-0.889392	-0.456377	-0.386729	-0.233672	-0.766523	-0.729901	-0.00927814	-0.414341	-0.54358	-0.683831	-0.152155	0.686421	-0.195063	-0.446602	-0.570159	0.492464	-0.482644	-0.147898	-0.741062	0.197114	-0.62458	-0.395652	-0.620479	0.460681	-0.496223
-0.440659	-0.585627	0.416609	-0.537864	-0.447827	-0.52082	0.416074	-0.595886	-0.663742	0.229513	0.446293	-0.55461	0.0512009	0.38964	0.220994	-0.892592	-0.462546	-0.382799	-0.232792	-0.765065	-0.737456	0.00938093	-0.418317	-0.530172	-0.684555	-0.150463	0.686389	-0.193948	-0.447692	-0.569647	0.492876	-0.481818	-0.148565	-0.740959	0.197906	-0.624292	-0.396494	-0.620449	0.461639	-0.494697
-0.442726	-0.583817	0.418277	-0.536839	-0.44976	-0.517866	0.418792	-0.5951	-0.660995	0.23506	0.446175	-0.555662	0.0567049	0.389887	0.217448	-0.893022	-0.477654	-0.378727	-0.23832	-0.756053	-0.73621	0.00746313	-0.419761	-0.530791	-0.685124	-0.148625	0.686586	-0.192653	-0.448712	-0.569104	0.493226	-0.481151	-0.151072	-0.740802	0.201292	-0.622794	-0.397193	-0.620332	0.462159	-0.493796
-0.444776	-0.581992	0.420095	-0.535705	-0.452013	-0.515769	0.421148	-0.59355	-0.66037	0.238039	0.445163	-0.555949	0.0562583	0.390657	0.214046	-0.893536	-0.479924	-0.379716	-0.238531	-0.75405	-0.736337	0.00290355	-0.419169	-0.531127	-0.68558	-0.146713	0.686775	-0.19182	-0.449499	-0.568692	0.493555	-0.480565	-0.15241	-0.740548	0.202987	-0.622218	-0.398085	-0.620159	0.462602	-0.492881
-0.4455	-0.581346	0.421069	-0.53504	-0.453014	-0.515306	0.422217	-0.592428	-0.660736	0.239317	0.444664	-0.555364	0.0555379	0.39097	0.212746	-0.893755	-0.480158	-0.379956	-0.237137	-0.75422	-0.737218	0.00157417	-0.418908	-0.530116	-0.68558	-0.146713	0.686775	-0.19182	-0.44987	-0.568503	0.493784	-0.480207	-0.153015	-0.740456	0.204062	-0.621828	-0.398717	-0.619926	0.462915	-0.492368
-0.44659	-0.580557	0.423151	-0.533343	-0.454411	-0.515161	0.423975	-0.590225	-0.662357	0.240393	0.444007	-0.553491	0.0532106	0.391049	0.212505	-0.893919	-0.48002	-0.381459	-0.235001	-0.754218	-0.739542	0.000618819	-0.41852	-0.52718	-0.686276	-0.143796	0.686884	-0.19115	-0.450265	-0.56826	0.494246	-0.479649	-0.153876	-0.74017	0.205609	-0.621446	-0.399581	-0.619772	0.463123	-0.491665
-0.447211	-0.580484	0.424966	-0.531455	-0.454594	-0.515841	0.425393	-0.588466	-0.663885	0.239543	0.444266	-0.551819	0.0518538	0.391041	0.212954	-0.893895	-0.480106	-0.38216	-0.234137	-0.754077	-0.741882	-0.00111803	-0.418169	-0.524161	-0.686083	-0.14313	0.686878	-0.192359	-0.449568	-0.568618	0.494959	-0.479143	-0.154118	-0.739797	0.205821	-0.62176	-0.400158	-0.619543	0.46367	-0.490968
-0.447384	-0.580406	0.42592	-0.53063	-0.4542	-0.516284	0.426211	-0.58779	-0.664159	0.238337	0.444853	-0.551539	0.050058	0.391027	0.215051	-0.893502	-0.480897	-0.383118	-0.231678	-0.753846	-0.742546	-0.00196996	-0.417689	-0.5236	-0.686091	-0.142271	0.68673	-0.193493	-0.447461	-0.570157	0.494645	-0.47961	-0.154381	-0.738696	0.20385	-0.62365	-0.400487	-0.619663	0.464262	-0.489988
-0.446165	-0.581411	0.428511	-0.528466	-0.45106	-0.518652	0.427379	-0.587275	-0.663055	0.233281	0.447162	-0.553159	0.0513817	0.389834	0.219542	-0.892855	-0.480785	-0.383773	-0.230639	-0.753903	-0.74282	-0.00552236	-0.41574	-0.524736	-0.684835	-0.139879	0.686112	-0.201706	-0.438825	-0.574927	0.496277	-0.48021	-0.152268	-0.737152	0.197545	-0.628011	-0.399161	-0.62005	0.464396	-0.490453
-0.445362	-0.581702	0.42924	-0.528232	-0.449275	-0.51974	0.427677	-0.587465	-0.662121	0.231243	0.448193	-0.554297	0.052823	0.389049	0.221347	-0.892668	-0.480124	-0.38386	-0.230284	-0.754388	-0.742573	-0.00649786	-0.415019	-0.525645	-0.684498	-0.138126	0.68607	-0.204186	-0.434686	-0.577157	0.49671	-0.48085	-0.151936	-0.73631	0.195911	-0.629589	-0.398221	-0.62015	0.464126	-0.491346
-0.443976	-0.582207	0.428948	-0.529078	-0.447248	-0.520947	0.427906	-0.587775	-0.660969	0.228795	0.449303	-0.555788	0.052823	0.389049	0.221347	-0.892668	-0.480124	-0.38386	-0.230284	-0.754388	-0.742144	-0.00740629	-0.414214	-0.526872	-0.684063	-0.136003	0.686271	-0.20638	-0.430015	-0.579534	0.496728	-0.482171	-0.151936	-0.73631	0.195911	-0.629589	-0.398221	-0.62015	0.464126	-0.491346
-0.441709	-0.583176	0.428017	-0.53066	-0.44479	-0.522687	0.427762	-0.588201	-0.659618	0.226207	0.450593	-0.557404	0.0564321	0.387554	0.225792	-0.891984	-0.477701	-0.383853	-0.228832	-0.756369	-0.741699	-0.00789938	-0.413605	-0.527968	-0.682866	-0.134792	0.687	-0.208701	-0.426118	-0.581025	0.497561	-0.482977	-0.14966	-0.734655	0.189341	-0.634061	-0.39549	-0.620344	0.463912	-0.493504
-0.435803	-0.585541	0.425512	-0.534936	-0.438713	-0.527031	0.426397	-0.589878	-0.656221	0.220396	0.453626	-0.561268	0.0589464	0.386839	0.228307	-0.891491	-0.475889	-0.383746	-0.22822	-0.757749	-0.739931	-0.00806501	-0.412933	-0.530965	-0.679736	-0.134381	0.687969	-0.215867	-0.416675	-0.584625	0.498738	-0.48565	-0.148127	-0.73354	0.184467	-0.637141	-0.393069	-0.620908	0.463312	-0.49529
-0.427676	-0.58934	0.422598	-0.539612	-0.430598	-0.532544	0.424431	-0.592318	-0.651566	0.212654	0.457025	-0.566893	0.0684355	0.383697	0.237499	-0.889768	-0.468009	-0.382473	-0.227496	-0.763497	-0.737136	-0.00743891	-0.411074	-0.536277	-0.676724	-0.13307	0.689	-0.222746	-0.405753	-0.588288	0.498553	-0.490638	-0.144738	-0.731321	0.172817	-0.643704	-0.38589	-0.621449	0.463643	-0.499926
-0.422229	-0.59195	0.420341	-0.5428	-0.425628	-0.53599	0.423426	-0.593519	-0.648674	0.207824	0.459366	-0.5701	0.0725485	0.382367	0.241627	-0.888903	-0.464388	-0.381619	-0.227047	-0.766264	-0.73525	-0.00697913	-0.410026	-0.539665	-0.674507	-0.133413	0.689504	-0.227652	-0.400542	-0.589241	0.499214	-0.493099	-0.143642	-0.727845	0.160171	-0.651117	-0.383491	-0.621428	0.464377	-0.501115
-0.408895	-0.597712	0.41566	-0.550247	-0.413441	-0.544697	0.420937	-0.595973	-0.642232	0.196892	0.464642	-0.576957	0.0824689	0.378922	0.251679	-0.886721	-0.455767	-0.379432	-0.226625	-0.772624	-0.730469	-0.00528269	-0.406685	-0.54863	-0.670076	-0.132952	0.691363	-0.235245	-0.390144	-0.590549	0.50049	-0.498547	-0.145253	-0.722314	0.14608	-0.66017	-0.378622	-0.621036	0.464981	-0.50473
-0.387889	-0.60677	0.409652	-0.559962	-0.397528	-0.556804	0.417577	-0.597972	-0.635104	0.183664	0.469984	-0.584829	0.0939879	0.373863	0.263612	-0.884252	-0.44426	-0.377319	-0.226296	-0.780419	-0.724463	-0.00300095	-0.403483	-0.558879	-0.667325	-0.129732	0.693288	-0.23916	-0.384322	-0.587793	0.503044	-0.503729	-0.144427	-0.716896	0.131243	-0.66931	-0.375159	-0.619128	0.463987	-0.510541
-0.374493	-0.612008	0.406708	-0.5655	-0.388532	-0.563715	0.415407	-0.59892	-0.631666	0.177119	0.472663	-0.588401	0.0995052	0.371145	0.270086	-0.882838	-0.437599	-0.377119	-0.225977	-0.784362	-0.721014	-0.00215541	-0.402511	-0.56402	-0.665125	-0.13201	0.693085	-0.24457	-0.383444	-0.585484	0.504048	-0.506078	-0.141961	-0.715224	0.120274	-0.673673	-0.376796	-0.616179	0.464366	-0.512556
-0.344819	-0.624494	0.400765	-0.574887	-0.370656	-0.575995	0.411223	-0.601448	-0.625525	0.165076	0.47661	-0.59524	0.10859	0.365869	0.281485	-0.880406	-0.42492	-0.377539	-0.224255	-0.791591	-0.714767	-0.00189999	-0.400543	-0.573297	-0.66078	-0.139682	0.691543	-0.256177	-0.383202	-0.58107	0.502399	-0.512942	-0.134467	-0.715039	0.0963632	-0.679229	-0.382194	-0.607733	0.464166	-0.518786
-0.331475	-0.630329	0.399529	-0.577223	-0.354996	-0.585588	0.409186	-0.603019	-0.620217	0.158814	0.479649	-0.600038	0.112025	0.364262	0.284978	-0.879518	-0.42006	-0.377303	-0.222451	-0.794801	-0.70982	-0.00252457	-0.398143	-0.58106	-0.657524	-0.144863	0.690402	-0.264615	-0.386072	-0.575468	0.500728	-0.518707	-0.132013	-0.715025	0.089046	-0.680722	-0.378843	-0.609854	0.460185	-0.522289
-0.315572	-0.636701	0.402719	-0.576926	-0.34878	-0.588436	0.409797	-0.603458	-0.617775	0.156979	0.481777	-0.601334	0.116796	0.3643	0.289844	-0.877288	-0.412175	-0.378323	-0.219222	-0.799328	-0.70794	-0.0040402	-0.396967	-0.584143	-0.656388	-0.14578	0.690112	-0.267673	-0.388748	-0.572212	0.500794	-0.520244	-0.111994	-0.715926	0.0872713	-0.683587	-0.354464	-0.632316	0.440594	-0.529537
-0.315572	-0.636701	0.402719	-0.576926	-0.34878	-0.588436	0.409797	-0.603458	-0.617775	0.156979	0.481777	-0.601334	0.116796	0.3643	0.289844	-0.877288	-0.412175	-0.378323	-0.219222	-0.799328	-0.70794	-0.0040402	-0.396967	-0.584143	-0.656388	-0.14578	0.690112	-0.267673	-0.388748	-0.572212	0.500794	-0.520244	-0.111994	-0.715926	0.0872713	-0.683587	-0.354464	-0.632316	0.440594	-0.529537
-0.305107	-0.640375	0.403941	-0.577635	-0.34173	-0.590379	0.411286	-0.60458	-0.613629	0.15542	0.486077	-0.602523	0.119824	0.36749	0.291971	-0.874841	-0.40909	-0.377246	-0.215017	-0.802557	-0.706666	-0.00612112	-0.393186	-0.58821	-0.655958	-0.147273	0.689491	-0.269504	-0.39539	-0.564727	0.501873	-0.522372	-0.079273	-0.715293	0.0829952	-0.689335	-0.314895	-0.664431	0.424025	-0.528749
-0.289381	-0.645422	0.399568	-0.583125	-0.340111	-0.589517	0.411317	-0.60631	-0.611872	0.157286	0.488914	-0.601528	0.120876	0.370918	0.291663	-0.873351	-0.409832	-0.375378	-0.212993	-0.803594	-0.707297	-0.00626187	-0.390129	-0.589484	-0.655542	-0.152442	0.686826	-0.274401	-0.399498	-0.56028	0.499088	-0.526687	-0.044963	-0.713735	0.0799175	-0.694387	-0.275697	-0.691895	0.420417	-0.518192
-0.274697	-0.649707	0.394024	-0.589209	-0.33989	-0.588226	0.411034	-0.607878	-0.611872	0.157286	0.488914	-0.601528	0.121442	0.371503	0.290152	-0.873527	-0.413048	-0.374025	-0.210815	-0.803152	-0.709246	-0.00567477	-0.388449	-0.588256	-0.652126	-0.161578	0.682469	-0.287856	-0.398669	-0.560929	0.494294	-0.531126	-0.00703649	-0.707537	0.0790171	-0.702209	-0.229362	-0.717366	0.406873	-0.516947
-0.266829	-0.652223	0.390086	-0.592655	-0.34001	-0.587196	0.410668	-0.609054	-0.612107	0.160852	0.487788	-0.60126	0.121653	0.371474	0.289071	-0.873868	-0.414717	-0.373372	-0.209834	-0.802853	-0.710437	-0.00500713	-0.387855	-0.587216	-0.650161	-0.166727	0.679418	-0.296451	-0.397205	-0.562372	0.491024	-0.533724	0.0133173	-0.704187	0.0752944	-0.705885	-0.229362	-0.717366	0.406873	-0.516947
-0.248731	-0.659541	0.380632	-0.598547	-0.338248	-0.586261	0.408686	-0.61226	-0.61211	0.163604	0.486544	-0.601524	0.121784	0.371289	0.287345	-0.874498	-0.417399	-0.372789	-0.208689	-0.802032	-0.712776	-0.0043282	-0.386712	-0.585138	-0.64752	-0.178575	0.671216	-0.313525	-0.396544	-0.564475	0.484854	-0.537622	0.0351969	-0.70042	0.068334	-0.70958	-0.178051	-0.739074	0.38199	-0.525501
-0.238144	-0.663081	0.375532	-0.602152	-0.336338	-0.585842	0.407165	-0.614721	-0.611424	0.164589	0.486567	-0.601934	0.122864	0.371445	0.28697	-0.874403	-0.418157	-0.372344	-0.207728	-0.802094	-0.713552	-0.00416833	-0.385894	-0.584733	-0.6456	-0.186505	0.666036	-0.323748	-0.396111	-0.566278	0.480089	-0.540315	0.0751664	-0.692125	0.0499917	-0.71611	-0.12573	-0.753028	0.349952	-0.54284
-0.218772	-0.669427	0.363886	-0.609584	-0.330718	-0.586215	0.4041	-0.619419	-0.60809	0.166377	0.48877	-0.603034	0.127549	0.373092	0.287152	-0.87297	-0.418043	-0.371314	-0.206494	-0.802948	-0.71451	-0.00343821	-0.383776	-0.584961	-0.639658	-0.202452	0.656021	-0.345668	-0.395078	-0.570494	0.467426	-0.547689	0.107139	-0.682881	0.0328433	-0.721884	-0.0818677	-0.756547	0.319247	-0.564814
-0.210383	-0.672728	0.358321	-0.612194	-0.327001	-0.586942	0.402041	-0.62204	-0.605396	0.166474	0.490712	-0.604139	0.130645	0.374069	0.287794	-0.871882	-0.417183	-0.370417	-0.205761	-0.803997	-0.71454	-0.00259723	-0.382405	-0.585827	-0.6372	-0.21037	0.649799	-0.357045	-0.395694	-0.571808	0.460847	-0.551436	0.119676	-0.679514	0.0275679	-0.723311	-0.0645887	-0.755719	0.3054	-0.575715
-0.210383	-0.672728	0.358321	-0.612194	-0.327001	-0.586942	0.402041	-0.62204	-0.605396	0.166474	0.490712	-0.604139	0.130645	0.374069	0.287794	-0.871882	-0.417183	-0.370417	-0.205761	-0.803997	-0.714258	-0.00160327	-0.381088	-0.58703	-0.6372	-0.21037	0.649799	-0.357045	-0.396489	-0.572991	0.453685	-0.555561	0.119676	-0.679514	0.0275679	-0.723311	-0.0645887	-0.755719	0.3054	-0.575715
-0.195812	-0.679144	0.346879	-0.616519	-0.318994	-0.588901	0.397735	-0.627092	-0.59889	0.164908	0.495546	-0.6071	0.138442	0.375949	0.290938	-0.868822	-0.413842	-0.368153	-0.205195	-0.806903	-0.713767	-0.000281609	-0.379853	-0.588428	-0.633346	-0.221929	0.639107	-0.375716	-0.397374	-0.57413	0.445847	-0.56008	0.137881	-0.674435	0.0148944	-0.725193	-0.0372128	-0.75105	0.278504	-0.597473
-0.189901	-0.682015	0.341134	-0.618402	-0.314767	-0.590449	0.394956	-0.629524	-0.595251	0.163238	0.497964	-0.609149	0.142875	0.37627	0.293098	-0.867238	-0.411546	-0.366872	-0.205142	-0.808673	-0.711655	0.00369185	-0.377555	-0.59244	-0.63193	-0.226606	0.63398	-0.383904	-0.402597	-0.573509	0.43214	-0.567678	0.145111	-0.673537	0.0101764	-0.724698	-0.0258523	-0.748321	0.263908	-0.60803
-0.182491	-0.686585	0.329914	-0.621655	-0.306827	-0.594497	0.388518	-0.633628	-0.588075	0.15891	0.501923	-0.613994	0.151471	0.375438	0.297801	-0.864533	-0.405879	-0.364026	-0.2076	-0.812188	-0.710282	0.00568959	-0.376632	-0.594656	-0.632031	-0.231204	0.624187	-0.396828	-0.406778	-0.572015	0.42677	-0.570261	0.155933	-0.672454	-0.00169261	-0.723525	-0.0108341	-0.745303	0.23722	-0.623003
-0.181227	-0.688381	0.324746	-0.622759	-0.303858	-0.596103	0.385101	-0.635632	-0.584686	0.156528	0.502942	-0.617002	0.155698	0.374441	0.299804	-0.863522	-0.402927	-0.362554	-0.209127	-0.813923	-0.707279	0.0100449	-0.375433	-0.59892	-0.632823	-0.231529	0.620406	-0.401282	-0.414582	-0.569454	0.415279	-0.575663	0.159258	-0.672033	-0.00926122	-0.723134	-0.00767231	-0.745481	0.227646	-0.6264
-0.179369	-0.692793	0.311781	-0.625026	-0.300588	-0.598209	0.378031	-0.639442	-0.579633	0.154389	0.502524	-0.622623	0.162856	0.371266	0.300932	-0.86318	-0.398532	-0.35978	-0.212506	-0.816438	-0.705574	0.0121687	-0.375184	-0.601044	-0.63465	-0.233377	0.611052	-0.411545	-0.418134	-0.568746	0.409336	-0.578045	0.169142	-0.672497	-0.0275772	-0.719985	0.00211834	-0.745783	0.204397	-0.634055
-0.179235	-0.694802	0.303923	-0.626702	-0.299889	-0.598996	0.373889	-0.641465	-0.578106	0.154593	0.501334	-0.624947	0.165673	0.36955	0.300311	-0.863596	-0.397103	-0.358658	-0.21514	-0.816938	-0.702889	0.0156732	-0.375099	-0.604154	-0.635186	-0.235379	0.604949	-0.418536	-0.421968	-0.570633	0.395521	-0.582996	0.173049	-0.672569	-0.0371616	-0.718557	0.00618664	-0.745537	0.192042	-0.638166
-0.183233	-0.697147	0.288069	-0.630419	-0.298131	-0.601112	0.36471	-0.645576	-0.576172	0.157244	0.498252	-0.628526	0.170538	0.366777	0.296899	-0.86501	-0.39535	-0.35667	-0.218796	-0.817688	-0.70211	0.0173032	-0.375356	-0.604855	-0.636271	-0.238784	0.590121	-0.435774	-0.423108	-0.572886	0.387921	-0.585063	0.181305	-0.675403	-0.0563308	-0.712591	0.013455	-0.745193	0.163738	-0.646294
-0.183233	-0.697147	0.288069	-0.630419	-0.298131	-0.601112	0.36471	-0.645576	-0.576172	0.157244	0.498252	-0.628526	0.170538	0.366777	0.296899	-0.86501	-0.39535	-0.35667	-0.218796	-0.817688	-0.70211	0.0173032	-0.375356	-0.604855	-0.636271	-0.238784	0.590121	-0.435774	-0.423108	-0.572886	0.387921	-0.585063	0.181305	-0.675403	-0.0563308	-0.712591	0.013455	-0.745193	0.163738	-0.646294
-0.186104	-0.698363	0.280826	-0.631499	-0.296851	-0.602431	0.361167	-0.646927	-0.575498	0.158331	0.49736	-0.629577	0.172133	0.366019	0.295687	-0.86543	-0.394613	-0.356006	-0.219736	-0.818081	-0.701486	0.01944	-0.377	-0.604492	-0.637062	-0.239212	0.582727	-0.444251	-0.428734	-0.575412	0.375571	-0.586544	0.184758	-0.680285	-0.0598311	-0.706751	0.0193939	-0.745838	0.146812	-0.649458
-0.19045	-0.70162	0.269633	-0.631472	-0.293788	-0.605205	0.353701	-0.649855	-0.574461	0.155164	0.499524	-0.629599	0.17465	0.364129	0.300395	-0.864101	-0.391292	-0.356724	-0.222591	-0.818591	-0.701279	0.019724	-0.378156	-0.604	-0.637376	-0.241578	0.566627	-0.462953	-0.434018	-0.574858	0.372357	-0.58525	0.193082	-0.688748	-0.0800371	-0.694218	0.0283655	-0.747817	0.115146	-0.653228
-0.193378	-0.702017	0.258822	-0.634656	-0.291066	-0.608902	0.343894	-0.652883	-0.572262	0.145137	0.505146	-0.629507	0.177546	0.36105	0.312095	-0.860649	-0.385369	-0.359722	-0.226596	-0.81899	-0.700394	0.0194379	-0.380989	-0.603256	-0.634391	-0.245659	0.553247	-0.480747	-0.445491	-0.571379	0.366859	-0.583505	0.198537	-0.691784	-0.106656	-0.686034	0.0300478	-0.751984	0.0923008	-0.651996
-0.20051	-0.694165	0.250164	-0.644475	-0.289427	-0.611976	0.332983	-0.656383	-0.568628	0.131701	0.511379	-0.630721	0.182246	0.355814	0.326955	-0.85632	-0.375497	-0.364045	-0.235122	-0.819262	-0.697827	0.0189054	-0.384368	-0.604104	-0.633455	-0.250546	0.546517	-0.487114	-0.458168	-0.565343	0.359308	-0.584266	0.201439	-0.688757	-0.122698	-0.685552	0.0145845	-0.75838	0.095159	-0.644665
-0.20051	-0.694165	0.250164	-0.644475	-0.289427	-0.611976	0.332983	-0.656383	-0.568628	0.131701	0.511379	-0.630721	0.182246	0.355814	0.326955	-0.85632	-0.375497	-0.364045	-0.235122	-0.819262	-0.697827	0.0189054	-0.384368	-0.604104	-0.633455	-0.250546	0.546517	-0.487114	-0.46443	-0.562016	0.35508	-0.585117	0.201439	-0.688757	-0.122698	-0.685552	0.0145845	-0.75838	0.095159	-0.644665
-0.203054	-0.69119	0.24766	-0.647835	-0.294694	-0.608578	0.323644	-0.661848	-0.564239	0.122796	0.510911	-0.636808	0.184919	0.352465	0.332342	-0.855057	-0.370252	-0.365184	-0.240338	-0.819629	-0.696378	0.0200763	-0.384752	-0.605492	-0.636994	-0.248613	0.549718	-0.479834	-0.470722	-0.558448	0.351447	-0.585697	0.199989	-0.69457	-0.117927	-0.680933	0.00821253	-0.761614	0.0969711	-0.640682
-0.207154	-0.689357	0.246576	-0.648902	-0.294694	-0.608578	0.323644	-0.661848	-0.564239	0.122796	0.510911	-0.636808	0.188105	0.349021	0.333849	-0.855187	-0.367176	-0.364093	-0.244798	-0.820178	-0.696378	0.0200763	-0.384752	-0.605492	-0.636994	-0.248613	0.549718	-0.479834	-0.470722	-0.558448	0.351447	-0.585697	0.196862	-0.695971	-0.119142	-0.680202	0.00155745	-0.763963	0.0996166	-0.637522
-0.213131	-0.686032	0.246464	-0.650531	-0.298753	-0.606548	0.320675	-0.663335	-0.563219	0.123294	0.50781	-0.640088	0.190724	0.345633	0.331726	-0.856808	-0.366324	-0.361504	-0.249149	-0.820394	-0.696691	0.02232	-0.383726	-0.605705	-0.640684	-0.243868	0.554079	-0.472281	-0.48355	-0.550985	0.345767	-0.585696	0.192225	-0.696919	-0.120737	-0.680277	-0.00370057	-0.765323	0.101731	-0.635545
-0.224737	-0.678667	0.247499	-0.653948	-0.309984	-0.600219	0.316003	-0.666175	-0.565063	0.130808	0.4985	-0.644276	0.191759	0.340623	0.321618	-0.862419	-0.367341	-0.359284	-0.252894	-0.819769	-0.69898	0.0272137	-0.383478	-0.603018	-0.648986	-0.233185	0.560972	-0.457988	-0.492715	-0.543073	0.34917	-0.583424	0.189093	-0.704651	-0.108524	-0.675228	-0.0122344	-0.766764	0.107015	-0.632828
-0.229646	-0.67619	0.248354	-0.654485	-0.316951	-0.596722	0.314886	-0.666567	-0.567198	0.13659	0.492988	-0.645439	0.190509	0.33881	0.314752	-0.865936	-0.374545	-0.356295	-0.258151	-0.816167	-0.701042	0.0294333	-0.384138	-0.600094	-0.651751	-0.227946	0.564645	-0.452148	-0.502694	-0.53422	0.351821	-0.581489	0.183085	-0.707006	-0.108145	-0.674483	-0.0150396	-0.767966	0.10927	-0.630921
-0.240419	-0.67077	0.251903	-0.654837	-0.331594	-0.590074	0.315429	-0.665103	-0.57359	0.150966	0.482711	-0.644355	0.184461	0.338384	0.299459	-0.872808	-0.379979	-0.355794	-0.260629	-0.81308	-0.705225	0.0325508	-0.388115	-0.592422	-0.654935	-0.22168	0.568892	-0.445287	-0.506204	-0.531166	0.353198	-0.580406	0.176194	-0.711457	-0.100326	-0.672844	-0.0202954	-0.770571	0.114777	-0.626605
-0.240419	-0.67077	0.251903	-0.654837	-0.331594	-0.590074	0.315429	-0.665103	-0.57359	0.150966	0.482711	-0.644355	0.184461	0.338384	0.299459	-0.872808	-0.385963	-0.356677	-0.262583	-0.809237	-0.705225	0.0325508	-0.388115	-0.592422	-0.654935	-0.22168	0.568892	-0.445287	-0.506204	-0.531166	0.353198	-0.580406	0.176194	-0.711457	-0.100326	-0.672844	-0.0202954	-0.770571	0.114777	-0.626605
-0.245885	-0.667948	0.254044	-0.654864	-0.338309	-0.587089	0.316512	-0.663848	-0.576878	0.15788	0.47843	-0.642954	0.180438	0.339138	0.292489	-0.875715	-0.391918	-0.358352	-0.263719	-0.805256	-0.707481	0.0328552	-0.39075	-0.587967	-0.656799	-0.218283	0.570501	-0.44215	-0.508803	-0.529231	0.35378	-0.579545	0.173225	-0.712889	-0.0967457	-0.672624	-0.0221361	-0.771784	0.117466	-0.624549
-0.256339	-0.66307	0.259166	-0.653805	-0.351017	-0.581224	0.320487	-0.660495	-0.582655	0.170636	0.47189	-0.63931	0.17312	0.341943	0.279989	-0.880177	-0.403005	-0.362111	-0.263604	-0.798107	-0.71312	0.0307213	-0.395202	-0.578214	-0.660453	-0.210396	0.575648	-0.433781	-0.513559	-0.524776	0.356618	-0.577661	0.164148	-0.716028	-0.0859936	-0.673026	-0.0266213	-0.774075	0.124628	-0.620135
-0.264847	-0.658991	0.264588	-0.652365	-0.361496	-0.576065	0.325234	-0.657033	-0.587013	0.18041	0.467767	-0.635659	0.167333	0.344987	0.270833	-0.882968	-0.408021	-0.363945	-0.262704	-0.795016	-0.718918	0.0264137	-0.396959	-0.569985	-0.662423	-0.204506	0.580469	-0.427116	-0.515785	-0.522536	0.358198	-0.576729	0.158034	-0.718465	-0.0792872	-0.672716	-0.0296378	-0.775751	0.130421	-0.616703
-0.268446	-0.65721	0.267243	-0.651607	-0.365695	-0.573866	0.327951	-0.655281	-0.588575	0.183783	0.466207	-0.634393	0.167333	0.344987	0.270833	-0.882968	-0.412736	-0.365558	-0.26156	-0.792214	-0.721702	0.0235322	-0.397061	-0.566512	-0.66367	-0.201793	0.582076	-0.424275	-0.515838	-0.522632	0.357345	-0.577124	0.158034	-0.718465	-0.0792872	-0.672716	-0.0304433	-0.776438	0.13243	-0.61537
-0.272747	-0.655095	0.270242	-0.650714	-0.369125	-0.571903	0.330667	-0.653707	-0.588575	0.183783	0.466207	-0.634393	0.163511	0.347029	0.264923	-0.884676	-0.421126	-0.368613	-0.257524	-0.787692	-0.721702	0.0235322	-0.397061	-0.566512	-0.664587	-0.19939	0.583759	-0.421656	-0.515838	-0.522632	0.357345	-0.577124	0.149627	-0.720954	-0.0691804	-0.673091	-0.031854	-0.777286	0.134991	-0.613669
-0.278219	-0.651865	0.275041	-0.649629	-0.374252	-0.568663	0.336111	-0.650836	-0.591526	0.190128	0.464015	-0.631378	0.160689	0.348818	0.261557	-0.885491	-0.428452	-0.370375	-0.253264	-0.784289	-0.72913	0.0153895	-0.39468	-0.558891	-0.666255	-0.195117	0.587017	-0.416467	-0.516793	-0.521434	0.356505	-0.577872	0.14354	-0.722372	-0.0620208	-0.673594	-0.0344083	-0.778941	0.13978	-0.610351
-0.280729	-0.649911	0.279147	-0.648756	-0.377615	-0.566125	0.341636	-0.648224	-0.592027	0.191333	0.464149	-0.630445	0.158597	0.351414	0.260046	-0.885286	-0.43437	-0.371858	-0.248246	-0.781933	-0.732925	0.011113	-0.392573	-0.555503	-0.667356	-0.192918	0.587725	-0.414727	-0.517236	-0.521392	0.356093	-0.577768	0.139853	-0.724	-0.0574751	-0.673024	-0.0354651	-0.779593	0.142408	-0.608849
-0.281539	-0.648961	0.28234	-0.647973	-0.379594	-0.563844	0.346455	-0.646496	-0.594594	0.195191	0.465777	-0.625628	0.155086	0.354854	0.259169	-0.884793	-0.43949	-0.373322	-0.24403	-0.779698	-0.735636	0.00699554	-0.391191	-0.552956	-0.669492	-0.188878	0.589392	-0.410758	-0.518783	-0.519979	0.357377	-0.57686	0.137107	-0.725686	-0.053823	-0.672075	-0.0366185	-0.77973	0.144513	-0.608109
-0.280227	-0.648576	0.283507	-0.648418	-0.380832	-0.561698	0.350298	-0.645564	-0.596485	0.197793	0.467287	-0.621874	0.153096	0.356558	0.258732	-0.884582	-0.441218	-0.373714	-0.242387	-0.779046	-0.737931	0.00449083	-0.389593	-0.551049	-0.670255	-0.189109	0.588995	-0.409977	-0.519291	-0.520202	0.356864	-0.57652	0.137001	-0.726044	-0.0533625	-0.671747	-0.03574	-0.779751	0.144017	-0.608252
-0.279439	-0.648636	0.283945	-0.648506	-0.381076	-0.560852	0.352112	-0.645169	-0.597243	0.199524	0.46815	-0.619941	0.150153	0.360207	0.25747	-0.883976	-0.443567	-0.37392	-0.238826	-0.778713	-0.738965	0.00330487	-0.388785	-0.550241	-0.670269	-0.189482	0.589034	-0.409725	-0.519405	-0.520428	0.356587	-0.576385	0.138609	-0.726006	-0.0551731	-0.671311	-0.0345014	-0.779904	0.142926	-0.608385
-0.279065	-0.647665	0.284714	-0.6493	-0.380909	-0.559092	0.354848	-0.645296	-0.598464	0.202249	0.469897	-0.616549	0.147638	0.363748	0.256549	-0.883217	-0.445165	-0.373665	-0.236027	-0.778777	-0.74053	0.00157381	-0.38676	-0.549572	-0.670141	-0.189989	0.588964	-0.409801	-0.519085	-0.52128	0.355831	-0.57637	0.138198	-0.726915	-0.0542599	-0.670486	-0.0345194	-0.780299	0.14323	-0.607805
-0.279588	-0.646431	0.284918	-0.650215	-0.381034	-0.558182	0.355921	-0.645419	-0.598743	0.203546	0.470762	-0.61519	0.146581	0.365413	0.256065	-0.882846	-0.445778	-0.373045	-0.234905	-0.779063	-0.741338	0.00102108	-0.385416	-0.549429	-0.670385	-0.189766	0.589034	-0.409405	-0.518872	-0.521832	0.355186	-0.57646	0.137859	-0.727164	-0.0534914	-0.670347	-0.0345908	-0.780502	0.143438	-0.607491
-0.279588	-0.646431	0.284918	-0.650215	-0.381034	-0.558182	0.355921	-0.645419	-0.598743	0.203546	0.470762	-0.61519	0.146581	0.365413	0.256065	-0.882846	-0.445778	-0.373045	-0.234905	-0.779063	-0.741338	0.00102108	-0.385416	-0.549429	-0.670385	-0.189766	0.589034	-0.409405	-0.518872	-0.521832	0.355186	-0.57646	0.137859	-0.727164	-0.0534914	-0.670347	-0.0345908	-0.780502	0.143438	-0.607491
-0.280455	-0.644521	0.28524	-0.651595	-0.38148	-0.556296	0.357719	-0.64579	-0.599583	0.205913	0.472117	-0.61254	0.144488	0.368494	0.255079	-0.882196	-0.447134	-0.371931	-0.232853	-0.779435	-0.742936	0.000131449	-0.383101	-0.548889	-0.67087	-0.189428	0.589084	-0.408693	-0.518453	-0.52267	0.354085	-0.576755	0.137786	-0.727495	-0.0527179	-0.670065	-0.0351967	-0.780907	0.144134	-0.606771
-0.282616	-0.642616	0.28601	-0.652205	-0.382051	-0.554994	0.358936	-0.645897	-0.60083	0.208705	0.473054	-0.609644	0.141743	0.371558	0.253818	-0.88172	-0.44911	-0.371146	-0.231302	-0.779135	-0.744292	-0.000269447	-0.381702	-0.548027	-0.671002	-0.18906	0.58953	-0.408004	-0.51711	-0.524078	0.352425	-0.577699	0.136834	-0.72754	-0.0513677	-0.670316	-0.0363718	-0.781438	0.145377	-0.605721
-0.285183	-0.641382	0.287104	-0.651821	-0.383177	-0.554181	0.359959	-0.64536	-0.602134	0.211265	0.473735	-0.606941	0.140421	0.373053	0.253037	-0.881525	-0.450209	-0.37091	-0.230876	-0.778739	-0.745626	-0.000153949	-0.381963	-0.546027	-0.670953	-0.188591	0.590623	-0.406718	-0.516435	-0.524737	0.35155	-0.578237	0.136667	-0.727634	-0.0509122	-0.670283	-0.0365229	-0.78153	0.14561	-0.605537
-0.286243	-0.641289	0.287789	-0.651146	-0.38387	-0.553771	0.36019	-0.64517	-0.602875	0.212357	0.473774	-0.605792	0.137574	0.375292	0.251695	-0.881408	-0.452293	-0.371362	-0.230419	-0.77745	-0.746039	-9.48E-05	-0.382611	-0.545009	-0.670847	-0.188413	0.5912	-0.406138	-0.516277	-0.524701	0.351621	-0.578367	0.13545	-0.728242	-0.0491624	-0.669999	-0.0373105	-0.781371	0.146816	-0.605403
-0.287334	-0.640988	0.288193	-0.650783	-0.384549	-0.55343	0.360276	-0.645011	-0.603539	0.213013	0.473579	-0.605053	0.137574	0.375292	0.251695	-0.881408	-0.452293	-0.371362	-0.230419	-0.77745	-0.746471	-0.000179689	-0.383427	-0.543842	-0.670543	-0.188368	0.591785	-0.405808	-0.516024	-0.524743	0.35161	-0.578562	0.13545	-0.728242	-0.0491624	-0.669999	-0.0373105	-0.781371	0.146816	-0.605403
-0.288564	-0.640576	0.288491	-0.650513	-0.385298	-0.553233	0.360487	-0.644615	-0.604076	0.213474	0.473177	-0.604668	0.135972	0.37585	0.25069	-0.881705	-0.453654	-0.371936	-0.230691	-0.776301	-0.74691	5.58E-05	-0.384062	-0.542791	-0.670439	-0.18819	0.592136	-0.40555	-0.515755	-0.524845	0.351626	-0.5787	0.133617	-0.728543	-0.0472745	-0.670177	-0.0375823	-0.781284	0.147864	-0.605243
-0.291138	-0.639542	0.289135	-0.650097	-0.386782	-0.552786	0.360609	-0.644041	-0.605154	0.213735	0.472367	-0.604132	0.1347	0.375604	0.250256	-0.882128	-0.454183	-0.372186	-0.231295	-0.775692	-0.747466	0.000302727	-0.385007	-0.541354	-0.670493	-0.187713	0.592773	-0.404752	-0.515377	-0.524735	0.351991	-0.578915	0.132261	-0.728532	-0.0462179	-0.670531	-0.0377193	-0.781282	0.148905	-0.604981
-0.292059	-0.639206	0.289237	-0.649968	-0.387399	-0.552529	0.36055	-0.643923	-0.605529	0.21352	0.47202	-0.604104	0.13408	0.375314	0.250321	-0.882327	-0.454253	-0.372456	-0.231832	-0.775361	-0.747444	0.000277496	-0.385522	-0.541017	-0.670335	-0.187179	0.593562	-0.404103	-0.515086	-0.524729	0.352192	-0.579056	0.131319	-0.728445	-0.0454571	-0.670863	-0.0375512	-0.781337	0.14927	-0.604832
-0.293141	-0.638775	0.289402	-0.649831	-0.387979	-0.552357	0.36038	-0.643817	-0.605795	0.213383	0.471675	-0.604154	0.133716	0.375029	0.250173	-0.882545	-0.454198	-0.372704	-0.232418	-0.775099	-0.747283	0.000402887	-0.386073	-0.540848	-0.670184	-0.187047	0.593979	-0.403801	-0.514246	-0.525038	0.351995	-0.579643	0.130915	-0.728039	-0.0453171	-0.671392	-0.0373143	-0.781375	0.149561	-0.604725
-0.294165	-0.638335	0.289439	-0.649785	-0.38849	-0.552198	0.360221	-0.643734	-0.606051	0.213244	0.471294	-0.604245	0.13353	0.374717	0.250088	-0.882731	-0.454134	-0.372965	-0.233061	-0.774818	-0.746986	0.000556435	-0.386667	-0.540833	-0.670003	-0.187219	0.594258	-0.403611	-0.514246	-0.525038	0.351995	-0.579643	0.130472	-0.727883	-0.0451226	-0.67166	-0.0372899	-0.781307	0.149957	-0.604717
-0.295032	-0.637957	0.289465	-0.649752	-0.388967	-0.552039	0.360009	-0.643701	-0.606172	0.213154	0.471006	-0.604379	0.133465	0.374498	0.249912	-0.882883	-0.45395	-0.373341	-0.233862	-0.774502	-0.746551	0.000751236	-0.387432	-0.540886	-0.669913	-0.186958	0.594754	-0.403153	-0.513995	-0.525034	0.352038	-0.579842	0.129694	-0.727979	-0.044337	-0.67176	-0.0373495	-0.78115	0.150377	-0.604811
-0.295696	-0.637714	0.289496	-0.649674	-0.389675	-0.551812	0.359479	-0.643764	-0.606397	0.213297	0.470439	-0.604545	0.13347	0.374303	0.249644	-0.883041	-0.453701	-0.373775	-0.234702	-0.774185	-0.745719	0.000997974	-0.388997	-0.54091	-0.669815	-0.186604	0.59527	-0.402717	-0.513665	-0.524922	0.352188	-0.580145	0.128926	-0.728154	-0.0437493	-0.671756	-0.0374294	-0.781019	0.150781	-0.604875
-0.296694	-0.637383	0.289185	-0.649683	-0.389857	-0.551869	0.359275	-0.643719	-0.606483	0.213389	0.470162	-0.604641	0.133387	0.373975	0.249225	-0.883311	-0.453288	-0.374326	-0.235735	-0.773847	-0.745331	0.00133053	-0.389703	-0.540936	-0.669392	-0.186711	0.595786	-0.402608	-0.513232	-0.525185	0.351831	-0.580508	0.127697	-0.728259	-0.043283	-0.671907	-0.0373851	-0.780986	0.151227	-0.604808
-0.29704	-0.637198	0.28902	-0.64978	-0.390124	-0.551718	0.358892	-0.6439	-0.60651	0.213664	0.469971	-0.604666	0.133288	0.37392	0.248867	-0.883449	-0.453058	-0.374483	-0.236131	-0.773785	-0.744718	0.00179532	-0.390715	-0.541049	-0.669188	-0.186799	0.595962	-0.402645	-0.513203	-0.524877	0.352174	-0.580604	0.127413	-0.728353	-0.0434023	-0.671851	-0.0374964	-0.780983	0.151459	-0.604747
-0.297546	-0.636778	0.288645	-0.650126	-0.390026	-0.551686	0.358723	-0.644081	-0.606553	0.213894	0.46975	-0.604713	0.133383	0.373894	0.248509	-0.883547	-0.452478	-0.374418	-0.237157	-0.773842	-0.744552	0.00203986	-0.390887	-0.541153	-0.669357	-0.186248	0.59624	-0.402208	-0.513243	-0.524722	0.352348	-0.580602	0.126183	-0.728765	-0.0429529	-0.671665	-0.0380262	-0.780841	0.152179	-0.604718
-0.297799	-0.636554	0.288694	-0.650208	-0.38984	-0.551583	0.358662	-0.644316	-0.606445	0.213991	0.469762	-0.604778	0.133378	0.373916	0.248506	-0.883539	-0.452245	-0.374138	-0.237367	-0.774049	-0.744444	0.00274003	-0.390753	-0.541395	-0.669335	-0.186136	0.596307	-0.402196	-0.51334	-0.524529	0.352433	-0.58064	0.125248	-0.729125	-0.0423692	-0.671487	-0.0387699	-0.780676	0.152857	-0.604712
-0.297592	-0.636268	0.288299	-0.650758	-0.389596	-0.55152	0.358693	-0.6445	-0.606211	0.214166	0.469893	-0.604849	0.133681	0.374118	0.248376	-0.883444	-0.451834	-0.373545	-0.237639	-0.774492	-0.744421	0.0030703	-0.390571	-0.541555	-0.66893	-0.18652	0.596396	-0.40256	-0.51348	-0.524347	0.352517	-0.580629	0.124635	-0.729478	-0.0419987	-0.671241	-0.0391492	-0.780351	0.152894	-0.605097
-0.297592	-0.636268	0.288299	-0.650758	-0.389596	-0.55152	0.358693	-0.6445	-0.606211	0.214166	0.469893	-0.604849	0.133681	0.374118	0.248376	-0.883444	-0.451834	-0.373545	-0.237639	-0.774492	-0.744421	0.0030703	-0.390571	-0.541555	-0.66893	-0.18652	0.596396	-0.40256	-0.51348	-0.524347	0.352517	-0.580629	0.124635	-0.729478	-0.0419987	-0.671241	-0.0391492	-0.780351	0.152894	-0.605097
-0.297191	-0.636299	0.288024	-0.651033	-0.388937	-0.551501	0.358785	-0.644863	-0.606014	0.214271	0.470132	-0.604823	0.133965	0.374445	0.248316	-0.88328	-0.451649	-0.373098	-0.237508	-0.774855	-0.744371	0.00363932	-0.390013	-0.542023	-0.668887	-0.18669	0.596304	-0.402688	-0.513765	-0.524098	0.352453	-0.580641	0.124769	-0.729447	-0.0423918	-0.671225	-0.0391047	-0.780272	0.152605	-0.605276
-0.296386	-0.636175	0.287395	-0.651798	-0.388612	-0.551441	0.358805	-0.645099	-0.605555	0.214317	0.470917	-0.604656	0.134103	0.375239	0.248589	-0.882845	-0.451166	-0.372512	-0.237573	-0.775398	-0.744214	0.00391224	-0.389899	-0.542318	-0.66862	-0.187066	0.596176	-0.403146	-0.513819	-0.524079	0.352287	-0.580711	0.124778	-0.729388	-0.0429748	-0.67125	-0.0392986	-0.780221	0.152216	-0.605427
-0.296386	-0.636175	0.287395	-0.651798	-0.388612	-0.551441	0.358805	-0.645099	-0.605555	0.214317	0.470917	-0.604656	0.134103	0.375239	0.248589	-0.882845	-0.451166	-0.372512	-0.237573	-0.775398	-0.744214	0.00391224	-0.389899	-0.542318	-0.66862	-0.187066	0.596176	-0.403146	-0.513819	-0.524079	0.352287	-0.580711	0.124778	-0.729388	-0.0429748	-0.67125	-0.0392986	-0.780221	0.152216	-0.605427
-0.295524	-0.636103	0.28681	-0.652516	-0.387726	-0.55139	0.358674	-0.645748	-0.604968	0.214442	0.471562	-0.604696	0.134657	0.375831	0.248622	-0.8825	-0.450652	-0.371952	-0.237723	-0.77592	-0.744028	0.00415044	-0.389767	-0.542666	-0.668531	-0.187576	0.595819	-0.403585	-0.513918	-0.524028	0.352165	-0.580744	0.125001	-0.729248	-0.0438036	-0.671307	-0.0390147	-0.780248	0.151414	-0.605611
-0.294825	-0.635949	0.286362	-0.65318	-0.386845	-0.551419	0.358549	-0.64632	-0.604167	0.214505	0.472318	-0.604886	0.135051	0.376053	0.24881	-0.882292	-0.450356	-0.371574	-0.237716	-0.776275	-0.743607	0.00494079	-0.389041	-0.543757	-0.668443	-0.187914	0.595458	-0.404106	-0.514875	-0.523148	0.352788	-0.580311	0.125127	-0.729214	-0.04416	-0.671297	-0.0389374	-0.78035	0.15086	-0.605622
