FULLBODY	1																																						
Frames:	105																																						
-0.403135	-0.608851	0.399146	-0.554496	-0.403044	-0.566034	0.37168	-0.615642	-0.708217	-0.221096	0.589483	-0.31946	-0.671943	-0.106236	0.670003	-0.297159	-0.082816	-0.652917	0.00943017	-0.75283	-0.154834	-0.65467	-0.0296271	-0.739294	-0.670466	-0.173139	0.692331	-0.202918	-0.428695	-0.577288	0.490584	-0.492226	-0.133858	-0.742013	0.18048	-0.631605	-0.396161	-0.622981	0.455392	-0.497563
-0.404555	-0.607539	0.400005	-0.554282	-0.403641	-0.564516	0.372911	-0.615901	-0.709756	-0.222523	0.591117	-0.311948	-0.672866	-0.107248	0.671853	-0.290451	-0.0723737	-0.655099	0.0177591	-0.751859	-0.150377	-0.660976	-0.0239927	-0.734793	-0.670635	-0.173778	0.692675	-0.200627	-0.428686	-0.577677	0.490792	-0.491569	-0.1326	-0.741952	0.18226	-0.631432	-0.39587	-0.623478	0.45691	-0.495777
-0.404545	-0.607751	0.40009	-0.553994	-0.403126	-0.565342	0.37323	-0.615286	-0.709762	-0.223591	0.591074	-0.311249	-0.673047	-0.108738	0.671846	-0.289496	-0.0712938	-0.655369	0.0185983	-0.751707	-0.149109	-0.661884	-0.0229148	-0.734269	-0.670649	-0.173846	0.692658	-0.200581	-0.428683	-0.577686	0.490775	-0.491579	-0.132476	-0.741843	0.182087	-0.631636	-0.395799	-0.623554	0.456917	-0.495732
-0.404361	-0.608004	0.400323	-0.553682	-0.402886	-0.565915	0.373598	-0.614693	-0.709563	-0.224568	0.59112	-0.310912	-0.672894	-0.10988	0.672059	-0.288923	-0.0702176	-0.655594	0.0186872	-0.75161	-0.148044	-0.66238	-0.0218099	-0.734071	-0.670635	-0.174147	0.692601	-0.20056	-0.428644	-0.577776	0.490647	-0.491635	-0.132304	-0.741876	0.182252	-0.631585	-0.395752	-0.623583	0.456803	-0.495839
-0.403844	-0.608388	0.400609	-0.553431	-0.40287	-0.566033	0.373841	-0.614447	-0.709311	-0.224951	0.591468	-0.310548	-0.672502	-0.110066	0.672558	-0.288604	-0.0693017	-0.655901	0.0183886	-0.751434	-0.147031	-0.662638	-0.0214487	-0.734052	-0.670714	-0.174155	0.692587	-0.200339	-0.428674	-0.577744	0.490658	-0.491635	-0.132078	-0.741824	0.182231	-0.6317	-0.395754	-0.623576	0.456775	-0.495872
-0.403448	-0.608719	0.40093	-0.553124	-0.402872	-0.566068	0.374027	-0.614301	-0.708967	-0.224954	0.591778	-0.310741	-0.67198	-0.109724	0.672959	-0.289014	-0.0691055	-0.656146	0.0180216	-0.751247	-0.147066	-0.66243	-0.021372	-0.734235	-0.670833	-0.174363	0.69244	-0.200268	-0.428735	-0.577705	0.490661	-0.491625	-0.131912	-0.741745	0.182391	-0.631781	-0.395718	-0.623573	0.456796	-0.495884
-0.403502	-0.60869	0.401307	-0.552842	-0.403149	-0.565811	0.374177	-0.614264	-0.708724	-0.224203	0.591917	-0.311572	-0.670379	-0.107719	0.673886	-0.291318	-0.0702119	-0.656034	0.0175907	-0.751252	-0.148892	-0.661201	-0.0221345	-0.734952	-0.670931	-0.174571	0.692414	-0.199849	-0.428681	-0.577714	0.490638	-0.491685	-0.131333	-0.741625	0.18249	-0.632014	-0.395362	-0.623729	0.456678	-0.49608
-0.403507	-0.608652	0.401315	-0.552876	-0.403399	-0.565585	0.374205	-0.614291	-0.708744	-0.223768	0.591856	-0.311956	-0.669784	-0.106526	0.674076	-0.292683	-0.0718251	-0.655794	0.0166405	-0.751331	-0.149918	-0.660562	-0.0225453	-0.735305	-0.670931	-0.174571	0.692414	-0.199849	-0.428611	-0.577735	0.49076	-0.491599	-0.131297	-0.741567	0.182681	-0.632034	-0.395249	-0.623771	0.45666	-0.496135
-0.403718	-0.608365	0.40142	-0.552961	-0.404045	-0.564926	0.374386	-0.614363	-0.708968	-0.222976	0.591348	-0.312976	-0.667945	-0.102331	0.675002	-0.296225	-0.072853	-0.655625	0.0161753	-0.75139	-0.152529	-0.659184	-0.0232607	-0.735983	-0.670922	-0.174755	0.69244	-0.199628	-0.428586	-0.577698	0.490918	-0.491505	-0.131142	-0.741541	0.182856	-0.632046	-0.395074	-0.623873	0.456551	-0.496247
-0.404351	-0.60781	0.401966	-0.552712	-0.405452	-0.563453	0.375094	-0.614357	-0.710644	-0.220175	0.590551	-0.312663	-0.663046	-0.0880542	0.677943	-0.304974	-0.0774246	-0.65467	0.0150931	-0.751787	-0.157439	-0.656874	-0.0234699	-0.737007	-0.670857	-0.174651	0.692635	-0.199262	-0.428159	-0.577949	0.490979	-0.491523	-0.130894	-0.741321	0.18314	-0.632273	-0.394369	-0.624232	0.456673	-0.496244
-0.404607	-0.607553	0.402237	-0.55261	-0.4062	-0.562852	0.375557	-0.61413	-0.711636	-0.218589	0.590152	-0.312271	-0.660579	-0.0807585	0.678998	-0.309959	-0.0831691	-0.653601	0.0161274	-0.752083	-0.159741	-0.655803	-0.0234605	-0.737465	-0.670843	-0.17453	0.692705	-0.199169	-0.428104	-0.577953	0.491103	-0.491443	-0.130815	-0.741094	0.183547	-0.632438	-0.394094	-0.624385	0.456617	-0.496321
-0.405731	-0.60642	0.403163	-0.552356	-0.409197	-0.560647	0.377733	-0.612821	-0.716533	-0.209941	0.588955	-0.309253	-0.648769	-0.0437105	0.682558	-0.33362	-0.0956714	-0.648906	0.018462	-0.754604	-0.17129	-0.649325	-0.0272492	-0.740469	-0.670851	-0.173669	0.693023	-0.198789	-0.427895	-0.577951	0.491452	-0.491277	-0.130621	-0.740652	0.183412	-0.633035	-0.39314	-0.624856	0.456464	-0.496626
-0.406922	-0.605457	0.403949	-0.551962	-0.411066	-0.559147	0.380157	-0.611441	-0.720607	-0.200212	0.587779	-0.308474	-0.63699	-0.00759084	0.681596	-0.360017	-0.109095	-0.641495	0.0189171	-0.759095	-0.186003	-0.637387	-0.0352911	-0.746924	-0.670917	-0.172703	0.693251	-0.198615	-0.427822	-0.57776	0.491645	-0.491373	-0.130899	-0.740385	0.183815	-0.633173	-0.392747	-0.625004	0.456464	-0.49675
-0.408488	-0.604232	0.404755	-0.551557	-0.41346	-0.556334	0.38266	-0.610831	-0.725439	-0.186589	0.585359	-0.310286	-0.619874	0.0342336	0.675508	-0.397835	-0.124441	-0.630192	0.0133204	-0.766286	-0.207361	-0.618	-0.0527891	-0.756499	-0.671048	-0.171382	0.693522	-0.198367	-0.427983	-0.577346	0.491756	-0.491608	-0.131821	-0.73984	0.184062	-0.633547	-0.392939	-0.624912	0.456934	-0.49628
-0.409314	-0.603581	0.405225	-0.551312	-0.414212	-0.555303	0.383705	-0.610605	-0.728533	-0.177096	0.583731	-0.311665	-0.608589	0.0578667	0.670513	-0.420336	-0.133076	-0.622808	0.00757989	-0.770937	-0.220836	-0.605486	-0.0644278	-0.761884	-0.671126	-0.170601	0.693703	-0.198147	-0.428066	-0.577133	0.491716	-0.491825	-0.13234	-0.739625	0.184445	-0.633579	-0.392937	-0.62495	0.456907	-0.49626
-0.411859	-0.601098	0.406154	-0.551445	-0.416493	-0.55207	0.385393	-0.610921	-0.736307	-0.142535	0.577567	-0.322417	-0.595119	0.0834685	0.664229	-0.444597	-0.150291	-0.606596	-0.00999901	-0.780611	-0.273432	-0.557163	-0.10961	-0.776396	-0.67152	-0.168015	0.694138	-0.197495	-0.428834	-0.576155	0.491962	-0.492057	-0.133229	-0.739262	0.185124	-0.633617	-0.393095	-0.624821	0.456993	-0.496218
-0.412487	-0.600315	0.406195	-0.551799	-0.417092	-0.55132	0.38597	-0.610826	-0.738251	-0.128033	0.575089	-0.32843	-0.540711	0.165001	0.633225	-0.528614	-0.158697	-0.597665	-0.0216336	-0.785585	-0.294584	-0.537441	-0.127052	-0.779894	-0.671566	-0.167328	0.694267	-0.197469	-0.428957	-0.575974	0.491946	-0.492178	-0.134797	-0.738781	0.185751	-0.633663	-0.393622	-0.624476	0.457315	-0.495937
-0.413815	-0.598648	0.406197	-0.552613	-0.419073	-0.548783	0.386717	-0.611281	-0.741661	-0.0947289	0.566977	-0.345691	-0.518744	0.192294	0.617861	-0.558726	-0.183709	-0.570175	-0.0647685	-0.798096	-0.339953	-0.493545	-0.16538	-0.783259	-0.671498	-0.166235	0.694464	-0.197928	-0.42908	-0.575625	0.491996	-0.492429	-0.135325	-0.738676	0.185928	-0.633622	-0.393878	-0.624293	0.457279	-0.495999
-0.415384	-0.597073	0.4066	-0.552844	-0.421675	-0.545551	0.387696	-0.611765	-0.741034	-0.034671	0.55073	-0.382574	-0.439512	0.268988	0.559862	-0.648868	-0.20282	-0.552173	-0.0948933	-0.803097	-0.415077	-0.417399	-0.225044	-0.77643	-0.67166	-0.164644	0.694703	-0.197869	-0.429382	-0.575088	0.492203	-0.492586	-0.136724	-0.738327	0.186092	-0.633679	-0.394182	-0.624061	0.457379	-0.495957
-0.417184	-0.595228	0.407056	-0.553143	-0.422733	-0.544353	0.388043	-0.611882	-0.738248	-0.0152642	0.544459	-0.397896	-0.379228	0.312141	0.509858	-0.706257	-0.227883	-0.533563	-0.116846	-0.806056	-0.441474	-0.389821	-0.244214	-0.770389	-0.671761	-0.163072	0.695022	-0.197708	-0.429485	-0.574927	0.492232	-0.492656	-0.137585	-0.738183	0.186731	-0.633473	-0.394446	-0.623847	0.457475	-0.495927
-0.418881	-0.59367	0.407967	-0.552863	-0.424712	-0.542126	0.388592	-0.612139	-0.730607	0.0239104	0.530433	-0.429281	-0.315536	0.348079	0.453996	-0.757077	-0.255652	-0.514562	-0.133557	-0.807484	-0.493152	-0.332876	-0.282302	-0.752529	-0.67196	-0.161272	0.695428	-0.197081	-0.42991	-0.574379	0.492561	-0.492595	-0.139046	-0.737671	0.187639	-0.633481	-0.394684	-0.623649	0.457918	-0.495578
-0.420686	-0.592025	0.409065	-0.552444	-0.426906	-0.539829	0.389017	-0.612374	-0.720518	0.0633083	0.515165	-0.459837	-0.252325	0.375916	0.394981	-0.799381	-0.278788	-0.494938	-0.157199	-0.807838	-0.542749	-0.275733	-0.314277	-0.728441	-0.672118	-0.159759	0.695848	-0.196293	-0.43026	-0.573971	0.492741	-0.492584	-0.139839	-0.737381	0.18873	-0.633321	-0.394754	-0.623548	0.458131	-0.495452
-0.422242	-0.590736	0.410002	-0.551943	-0.429154	-0.537316	0.389332	-0.612812	-0.70823	0.100783	0.500427	-0.487675	-0.192625	0.394641	0.339464	-0.831816	-0.302066	-0.476984	-0.176322	-0.80632	-0.586194	-0.220599	-0.341419	-0.700818	-0.672209	-0.158525	0.696258	-0.195522	-0.430449	-0.573631	0.493029	-0.492528	-0.140695	-0.736971	0.189819	-0.633283	-0.394647	-0.623499	0.4584	-0.495351
-0.423244	-0.589984	0.410691	-0.551467	-0.431354	-0.535332	0.390089	-0.612522	-0.696567	0.133085	0.484845	-0.511868	-0.137391	0.40497	0.293338	-0.855029	-0.324392	-0.460225	-0.192081	-0.803783	-0.624785	-0.170784	-0.363243	-0.669724	-0.672163	-0.158082	0.696453	-0.195346	-0.430214	-0.573615	0.493161	-0.49262	-0.141153	-0.736875	0.190755	-0.633011	-0.39457	-0.623325	0.458664	-0.495387
-0.423708	-0.589661	0.41094	-0.551271	-0.432424	-0.534388	0.390286	-0.612468	-0.690176	0.148519	0.478569	-0.522083	-0.111325	0.407071	0.276254	-0.863472	-0.335046	-0.452317	-0.198715	-0.802288	-0.642431	-0.146926	-0.372445	-0.653437	-0.672067	-0.157959	0.696594	-0.195273	-0.430094	-0.573575	0.493255	-0.492677	-0.141108	-0.736882	0.191027	-0.632932	-0.394566	-0.623244	0.458762	-0.495401
-0.423933	-0.58964	0.411394	-0.550782	-0.434795	-0.532291	0.391219	-0.612019	-0.676894	0.174853	0.466613	-0.541769	-0.0659242	0.40703	0.247013	-0.876907	-0.353482	-0.437948	-0.210559	-0.799323	-0.674466	-0.104596	-0.388171	-0.619256	-0.67205	-0.157721	0.696696	-0.195158	-0.429621	-0.573746	0.493234	-0.492911	-0.141358	-0.73661	0.191356	-0.633093	-0.394835	-0.622919	0.459344	-0.495056
-0.423995	-0.589817	0.412565	-0.549668	-0.437044	-0.530099	0.391728	-0.611995	-0.66403	0.194794	0.456096	-0.559549	-0.0291568	0.404293	0.224196	-0.886246	-0.370085	-0.424892	-0.222211	-0.795692	-0.70054	-0.0667829	-0.399059	-0.587823	-0.672001	-0.157631	0.696784	-0.195089	-0.429425	-0.573722	0.493257	-0.493086	-0.141204	-0.736671	0.191684	-0.632957	-0.395408	-0.622485	0.460071	-0.494469
-0.424231	-0.589775	0.413789	-0.54861	-0.439063	-0.527837	0.392081	-0.612278	-0.658304	0.20388	0.451903	-0.566438	0.00151531	0.40067	0.206005	-0.892762	-0.386082	-0.413251	-0.231596	-0.791535	-0.720544	-0.0324501	-0.407726	-0.559931	-0.672116	-0.157059	0.696923	-0.194653	-0.429393	-0.573681	0.493279	-0.49314	-0.141505	-0.736431	0.192065	-0.633053	-0.39583	-0.622162	0.460667	-0.493983
-0.42398	-0.589845	0.414654	-0.548075	-0.440628	-0.525971	0.392366	-0.612576	-0.647969	0.21953	0.445489	-0.577479	0.0266783	0.397714	0.192302	-0.896734	-0.399647	-0.403224	-0.238945	-0.787781	-0.733219	-0.00264292	-0.414937	-0.538711	-0.672055	-0.156927	0.697011	-0.194656	-0.429269	-0.573619	0.493297	-0.493303	-0.142008	-0.736314	0.192688	-0.632888	-0.395847	-0.622091	0.4609	-0.49384
-0.423828	-0.589982	0.415233	-0.547606	-0.441178	-0.52515	0.392479	-0.612813	-0.639877	0.232895	0.443078	-0.583094	0.0372259	0.396496	0.187036	-0.89801	-0.405496	-0.398799	-0.240741	-0.786496	-0.736727	0.0101004	-0.416761	-0.532393	-0.672022	-0.15675	0.697073	-0.194692	-0.429128	-0.573709	0.49332	-0.493298	-0.141897	-0.736317	0.192534	-0.632956	-0.395715	-0.622136	0.460826	-0.49396
-0.423589	-0.590141	0.415836	-0.547163	-0.44165	-0.524115	0.392628	-0.613263	-0.637254	0.237657	0.442843	-0.584223	0.0453252	0.39585	0.183097	-0.898735	-0.410803	-0.394914	-0.242899	-0.785038	-0.738531	0.0180766	-0.418191	-0.528546	-0.671924	-0.156777	0.697108	-0.194884	-0.428804	-0.573938	0.493228	-0.493404	-0.141767	-0.736351	0.192273	-0.633025	-0.395452	-0.622261	0.460593	-0.49423
-0.423039	-0.590251	0.41663	-0.546864	-0.442334	-0.522054	0.393585	-0.613915	-0.634017	0.242943	0.444325	-0.584446	0.0538899	0.397155	0.179232	-0.898465	-0.419845	-0.391209	-0.247299	-0.780723	-0.738813	0.0213778	-0.419622	-0.526893	-0.671485	-0.157387	0.697138	-0.195795	-0.427921	-0.574567	0.493052	-0.493615	-0.140983	-0.736503	0.191338	-0.633306	-0.394594	-0.622642	0.459592	-0.495366
-0.422814	-0.590154	0.417811	-0.546242	-0.443133	-0.519775	0.396062	-0.613679	-0.632921	0.244831	0.445995	-0.583573	0.0555746	0.398522	0.179061	-0.897791	-0.422561	-0.389618	-0.248248	-0.779752	-0.737353	0.0203505	-0.419105	-0.529384	-0.670975	-0.157739	0.697076	-0.197474	-0.426126	-0.575793	0.4927	-0.49409	-0.140731	-0.736588	0.190994	-0.633367	-0.393837	-0.623023	0.458788	-0.496235
-0.42284	-0.590101	0.419503	-0.544981	-0.443767	-0.51863	0.398129	-0.612851	-0.633144	0.245377	0.446977	-0.582349	0.0544755	0.399711	0.179347	-0.897273	-0.427079	-0.387348	-0.248309	-0.778401	-0.738019	0.0194439	-0.417724	-0.529581	-0.670642	-0.156793	0.697163	-0.199046	-0.42354	-0.577286	0.492278	-0.494992	-0.140226	-0.736245	0.189533	-0.634316	-0.393463	-0.623223	0.458502	-0.496543
-0.42242	-0.590194	0.421053	-0.54401	-0.444628	-0.517955	0.399453	-0.611936	-0.633754	0.246027	0.447008	-0.581387	0.0530692	0.400323	0.179178	-0.897118	-0.428354	-0.387112	-0.247179	-0.778177	-0.739923	0.0194946	-0.417084	-0.527423	-0.670124	-0.155607	0.69762	-0.200115	-0.420997	-0.578551	0.491992	-0.495969	-0.140091	-0.735915	0.188644	-0.634994	-0.393016	-0.623347	0.458426	-0.496812
-0.422116	-0.590264	0.421826	-0.543571	-0.444923	-0.517853	0.399761	-0.611607	-0.633905	0.246386	0.446968	-0.581101	0.0525978	0.400539	0.178949	-0.897095	-0.428941	-0.38735	-0.246748	-0.777872	-0.741769	0.018718	-0.417075	-0.52486	-0.669782	-0.154844	0.697929	-0.200773	-0.416877	-0.580609	0.491898	-0.497134	-0.14053	-0.735367	0.188395	-0.635605	-0.392821	-0.623339	0.458711	-0.496715
-0.422048	-0.589673	0.424661	-0.542056	-0.445408	-0.518266	0.400566	-0.610376	-0.633603	0.24575	0.446135	-0.582338	0.052059	0.400065	0.178314	-0.897464	-0.430613	-0.388097	-0.245659	-0.77692	-0.742844	0.0183951	-0.417115	-0.523315	-0.668367	-0.150047	0.69938	-0.204058	-0.410677	-0.583624	0.491659	-0.498998	-0.142364	-0.732726	0.186371	-0.638836	-0.390646	-0.624212	0.459812	-0.496314
-0.421419	-0.589701	0.425241	-0.542059	-0.445402	-0.518431	0.400836	-0.610063	-0.63331	0.244617	0.446011	-0.583229	0.0519176	0.399452	0.178653	-0.897678	-0.430786	-0.388198	-0.245846	-0.776715	-0.743054	0.0183346	-0.417352	-0.52283	-0.667797	-0.148226	0.69986	-0.205602	-0.407496	-0.584989	0.491607	-0.500058	-0.142796	-0.731795	0.184249	-0.64042	-0.389353	-0.624808	0.460376	-0.496058
-0.418384	-0.590501	0.425736	-0.54315	-0.444614	-0.519306	0.400983	-0.609796	-0.632866	0.241451	0.445951	-0.585072	0.0528082	0.39767	0.180459	-0.898056	-0.430848	-0.387859	-0.246425	-0.776666	-0.742382	0.0198758	-0.41784	-0.523338	-0.666398	-0.1449	0.701265	-0.207713	-0.396487	-0.589877	0.488704	-0.505976	-0.144886	-0.729407	0.17927	-0.644077	-0.386603	-0.626149	0.462484	-0.494554
-0.411896	-0.59255	0.426547	-0.545237	-0.442925	-0.52035	0.400749	-0.61029	-0.631481	0.236792	0.447279	-0.587454	0.0553492	0.395412	0.184238	-0.898133	-0.429019	-0.386769	-0.248488	-0.777564	-0.741793	0.0210701	-0.418143	-0.523885	-0.664495	-0.144441	0.701771	-0.212367	-0.393202	-0.591155	0.487988	-0.507736	-0.148461	-0.726349	0.171825	-0.648732	-0.383124	-0.628881	0.466123	-0.49036
-0.411896	-0.59255	0.426547	-0.545237	-0.442925	-0.52035	0.400749	-0.61029	-0.631481	0.236792	0.447279	-0.587454	0.0553492	0.395412	0.184238	-0.898133	-0.429019	-0.386769	-0.248488	-0.777564	-0.741793	0.0210701	-0.418143	-0.523885	-0.664495	-0.144441	0.701771	-0.212367	-0.393202	-0.591155	0.487988	-0.507736	-0.148461	-0.726349	0.171825	-0.648732	-0.383124	-0.628881	0.466123	-0.49036
-0.400138	-0.595436	0.427521	-0.550065	-0.439885	-0.522448	0.400567	-0.610816	-0.629009	0.229926	0.448832	-0.591635	0.0602508	0.393827	0.19073	-0.897158	-0.425118	-0.38572	-0.251714	-0.779188	-0.739233	0.0251861	-0.420008	-0.525826	-0.665387	-0.144511	0.699033	-0.218473	-0.386412	-0.59455	0.484576	-0.512232	-0.159369	-0.719915	0.158811	-0.656584	-0.377739	-0.63694	0.471858	-0.478509
-0.39329	-0.597158	0.42835	-0.552486	-0.437732	-0.524301	0.400279	-0.610963	-0.627727	0.226995	0.449564	-0.593569	0.062723	0.392705	0.193028	-0.896989	-0.422552	-0.385665	-0.253587	-0.780004	-0.738015	0.027629	-0.420965	-0.526649	-0.665387	-0.144511	0.699033	-0.218473	-0.384686	-0.595286	0.483497	-0.513695	-0.162837	-0.71694	0.145315	-0.662091	-0.378085	-0.640417	0.478105	-0.467262
-0.386062	-0.599136	0.428575	-0.555262	-0.435193	-0.526647	0.399805	-0.61107	-0.626536	0.224286	0.450453	-0.595181	0.0649148	0.391583	0.195396	-0.896811	-0.420004	-0.385851	-0.254613	-0.780953	-0.736822	0.0295926	-0.422053	-0.527341	-0.666138	-0.149056	0.694791	-0.226512	-0.382739	-0.596462	0.481504	-0.515653	-0.162577	-0.713327	0.127751	-0.669637	-0.377794	-0.644509	0.48465	-0.454966
-0.374817	-0.602075	0.427026	-0.560952	-0.429894	-0.530397	0.399279	-0.611921	-0.624172	0.220012	0.45104	-0.598805	0.0679659	0.389748	0.198472	-0.896708	-0.417983	-0.386113	-0.254521	-0.781937	-0.734636	0.0319467	-0.423948	-0.528733	-0.665589	-0.156229	0.69078	-0.235386	-0.38123	-0.597984	0.476874	-0.519297	-0.162426	-0.69968	0.0889707	-0.690036	-0.369304	-0.655395	0.491243	-0.439035
-0.372073	-0.602236	0.427611	-0.562158	-0.4279	-0.53104	0.399258	-0.612774	-0.62287	0.219326	0.451536	-0.600037	0.0692362	0.389801	0.198901	-0.896493	-0.415081	-0.386307	-0.254643	-0.783346	-0.734124	0.0324604	-0.424094	-0.529295	-0.666499	-0.157475	0.689419	-0.23597	-0.381781	-0.598195	0.474899	-0.520459	-0.163192	-0.691978	0.083025	-0.698313	-0.357079	-0.661994	0.488019	-0.442828
-0.372073	-0.602236	0.427611	-0.562158	-0.4279	-0.53104	0.399258	-0.612774	-0.62287	0.219326	0.451536	-0.600037	0.0692362	0.389801	0.198901	-0.896493	-0.415081	-0.386307	-0.254643	-0.783346	-0.734124	0.0324604	-0.424094	-0.529295	-0.666499	-0.157475	0.689419	-0.23597	-0.383881	-0.597512	0.474013	-0.520505	-0.163192	-0.691978	0.083025	-0.698313	-0.357079	-0.661994	0.488019	-0.442828
-0.369251	-0.601842	0.429714	-0.562837	-0.425901	-0.530302	0.399696	-0.614518	-0.620542	0.21834	0.453814	-0.601089	0.0716062	0.391443	0.200284	-0.895283	-0.412367	-0.385295	-0.254591	-0.785293	-0.734327	0.0323807	-0.423026	-0.529871	-0.66846	-0.15846	0.688135	-0.233499	-0.386187	-0.597016	0.47275	-0.520517	-0.158954	-0.676083	0.0689818	-0.716161	-0.331315	-0.664299	0.48052	-0.466945
-0.364103	-0.601212	0.428717	-0.567605	-0.425358	-0.529123	0.399204	-0.616227	-0.618515	0.217865	0.45594	-0.601741	0.073526	0.392677	0.201797	-0.894247	-0.410878	-0.382599	-0.254533	-0.787407	-0.735621	0.0328854	-0.419831	-0.530586	-0.671169	-0.160523	0.686172	-0.230072	-0.392203	-0.596193	0.470302	-0.519179	-0.157357	-0.655256	0.0651085	-0.735961	-0.318277	-0.648749	0.481687	-0.495784
-0.357806	-0.6016	0.427618	-0.57201	-0.424509	-0.529051	0.39737	-0.618057	-0.617732	0.218502	0.455505	-0.602643	0.0752334	0.392521	0.200715	-0.894416	-0.410104	-0.379981	-0.255043	-0.788912	-0.736376	0.034875	-0.417622	-0.531156	-0.673062	-0.165871	0.682639	-0.231253	-0.396986	-0.597294	0.466908	-0.517338	-0.16424	-0.631898	0.0824515	-0.752949	-0.305439	-0.626307	0.482173	-0.530995
-0.352744	-0.602853	0.426777	-0.574457	-0.423491	-0.529573	0.39642	-0.618917	-0.617472	0.219286	0.454782	-0.603171	0.0755409	0.392179	0.199673	-0.894774	-0.409929	-0.379169	-0.255031	-0.789397	-0.736792	0.0367248	-0.416831	-0.531075	-0.674933	-0.170985	0.678821	-0.233307	-0.401292	-0.600161	0.462751	-0.514424	-0.162504	-0.61432	0.0966343	-0.766071	-0.296597	-0.596845	0.48351	-0.567472
-0.351194	-0.603254	0.426677	-0.57506	-0.422934	-0.529842	0.396084	-0.619284	-0.617472	0.219286	0.454782	-0.603171	0.075866	0.392098	0.199717	-0.894772	-0.408958	-0.378501	-0.255503	-0.790068	-0.7369	0.0375296	-0.416946	-0.530779	-0.674933	-0.170985	0.678821	-0.233307	-0.409396	-0.601915	0.461087	-0.507436	-0.158908	-0.60644	0.100286	-0.772607	-0.293936	-0.581081	0.484008	-0.584537
-0.348049	-0.604579	0.426361	-0.575814	-0.422001	-0.529948	0.395872	-0.619964	-0.616475	0.219093	0.455441	-0.603763	0.0762094	0.392285	0.199802	-0.894642	-0.408317	-0.378492	-0.255275	-0.790478	-0.737248	0.0389648	-0.4173	-0.529914	-0.681843	-0.175087	0.669812	-0.236191	-0.411673	-0.604612	0.457916	-0.505255	-0.157238	-0.599308	0.101912	-0.77828	-0.294694	-0.550254	0.48705	-0.610866
-0.345986	-0.606063	0.424509	-0.576865	-0.42128	-0.530453	0.395846	-0.62004	-0.616148	0.219136	0.456847	-0.603019	0.0767738	0.394151	0.201038	-0.893496	-0.406592	-0.378999	-0.254374	-0.791415	-0.738309	0.0391831	-0.416529	-0.529026	-0.687031	-0.182497	0.6604	-0.241984	-0.418227	-0.609542	0.451701	-0.499511	-0.158283	-0.587116	0.117711	-0.785102	-0.295278	-0.530628	0.481995	-0.631606
-0.345972	-0.606876	0.423092	-0.57706	-0.421137	-0.530711	0.395893	-0.619886	-0.616206	0.219336	0.457571	-0.602338	0.0761217	0.395144	0.201146	-0.893088	-0.406604	-0.379086	-0.253511	-0.791643	-0.739024	0.0388055	-0.416207	-0.528309	-0.690027	-0.186574	0.655058	-0.244852	-0.422853	-0.611655	0.44862	-0.495795	-0.159455	-0.584706	0.120535	-0.786234	-0.296271	-0.525443	0.478826	-0.637854
-0.346739	-0.607989	0.421847	-0.576339	-0.421238	-0.530774	0.39599	-0.619701	-0.616417	0.220169	0.458006	-0.601487	0.075316	0.39615	0.200951	-0.892755	-0.407206	-0.37921	-0.252408	-0.791627	-0.73993	0.0383263	-0.415603	-0.52755	-0.693714	-0.189962	0.649378	-0.246948	-0.426937	-0.614452	0.444463	-0.492571	-0.161168	-0.590729	0.121089	-0.781282	-0.301454	-0.521452	0.482851	-0.635663
-0.351228	-0.610938	0.420765	-0.571271	-0.422433	-0.530315	0.396013	-0.619265	-0.61681	0.22144	0.458137	-0.600516	0.0744986	0.39712	0.200121	-0.892579	-0.40839	-0.379188	-0.251247	-0.791397	-0.742125	0.0368964	-0.414332	-0.525565	-0.698768	-0.190786	0.643688	-0.246961	-0.438001	-0.61908	0.437476	-0.483229	-0.161384	-0.600465	0.120744	-0.773833	-0.316263	-0.523493	0.499875	-0.613236
-0.354702	-0.612831	0.420642	-0.567173	-0.42324	-0.530416	0.395919	-0.618688	-0.61681	0.22144	0.458137	-0.600516	0.0729437	0.399334	0.198448	-0.892093	-0.411276	-0.379187	-0.249273	-0.790527	-0.743302	0.0357745	-0.413717	-0.524463	-0.710164	-0.189861	0.632072	-0.245162	-0.443644	-0.621829	0.433726	-0.477902	-0.157874	-0.614421	0.130421	-0.761941	-0.316926	-0.533326	0.498087	-0.605831
-0.3641	-0.615393	0.421343	-0.557846	-0.425325	-0.530588	0.394684	-0.6179	-0.618111	0.224185	0.459877	-0.596819	0.0720887	0.400314	0.198399	-0.891734	-0.413178	-0.379916	-0.247975	-0.789592	-0.744943	0.0328032	-0.412941	-0.522938	-0.721297	-0.189802	0.619898	-0.243787	-0.452321	-0.629644	0.423682	-0.468453	-0.152873	-0.62622	0.134858	-0.752524	-0.319059	-0.543383	0.495747	-0.597638
-0.371779	-0.618239	0.421289	-0.549614	-0.425745	-0.532344	0.390396	-0.618823	-0.616983	0.224322	0.46133	-0.596814	0.0720887	0.400314	0.198399	-0.891734	-0.413699	-0.380342	-0.248945	-0.788809	-0.745721	0.0311197	-0.412154	-0.522552	-0.730589	-0.192317	0.606317	-0.248262	-0.46204	-0.636405	0.414325	-0.458087	-0.152873	-0.62622	0.134858	-0.752524	-0.328856	-0.570372	0.485277	-0.575357
-0.373256	-0.621564	0.419014	-0.546594	-0.424823	-0.534561	0.388376	-0.618817	-0.616486	0.223509	0.462157	-0.596992	0.0720887	0.400314	0.198399	-0.891734	-0.413699	-0.380342	-0.248945	-0.788809	-0.745713	0.0309626	-0.412263	-0.522486	-0.734371	-0.193911	0.599964	-0.251278	-0.466674	-0.639893	0.408243	-0.45397	-0.152873	-0.62622	0.134858	-0.752524	-0.328856	-0.570372	0.485277	-0.575357
-0.37538	-0.62446	0.416184	-0.543995	-0.423483	-0.53749	0.387084	-0.618007	-0.616313	0.221495	0.46327	-0.597059	0.0740791	0.400448	0.204398	-0.890155	-0.413587	-0.380648	-0.248466	-0.788871	-0.74561	0.0304114	-0.412465	-0.522507	-0.738852	-0.195682	0.592857	-0.253627	-0.472767	-0.642561	0.401698	-0.449717	-0.139353	-0.654981	0.100625	-0.735837	-0.337346	-0.584802	0.483203	-0.557422
-0.382057	-0.628713	0.410136	-0.539019	-0.420736	-0.543396	0.386107	-0.615324	-0.617437	0.214695	0.466632	-0.595762	0.073656	0.399722	0.207899	-0.889705	-0.413422	-0.381656	-0.247591	-0.788746	-0.745514	0.0259611	-0.413623	-0.521968	-0.750909	-0.190327	0.576956	-0.258907	-0.486998	-0.646504	0.385641	-0.442885	-0.138707	-0.661621	0.0964988	-0.730552	-0.341614	-0.591601	0.480124	-0.550263
-0.386649	-0.628926	0.407548	-0.537457	-0.420529	-0.545437	0.386361	-0.613498	-0.618672	0.210331	0.468335	-0.5947	0.0701548	0.397905	0.217335	-0.888547	-0.413863	-0.386715	-0.24259	-0.787604	-0.745417	0.0222528	-0.414629	-0.52148	-0.757201	-0.185753	0.568594	-0.262379	-0.498562	-0.644326	0.378611	-0.439243	-0.138572	-0.674414	0.0853859	-0.720189	-0.356871	-0.598185	0.479075	-0.534139
-0.3978	-0.626407	0.406164	-0.533293	-0.423352	-0.546245	0.386453	-0.610773	-0.621947	0.206266	0.46949	-0.59179	0.0676729	0.397501	0.220551	-0.888128	-0.415079	-0.388782	-0.240153	-0.786692	-0.746685	0.0155558	-0.41463	-0.519906	-0.769175	-0.169332	0.556751	-0.264053	-0.523777	-0.635591	0.365075	-0.434053	-0.141287	-0.682007	0.0910714	-0.711766	-0.367628	-0.597557	0.48004	-0.526628
-0.403857	-0.625662	0.408121	-0.528095	-0.425307	-0.545308	0.386592	-0.610164	-0.624225	0.20673	0.468647	-0.589894	0.0629706	0.396972	0.221681	-0.888429	-0.418291	-0.390242	-0.238813	-0.784673	-0.748243	0.0139313	-0.414115	-0.518118	-0.773772	-0.158642	0.554123	-0.262786	-0.53471	-0.628787	0.360493	-0.434461	-0.147707	-0.695348	0.107439	-0.695076	-0.388274	-0.595776	0.480105	-0.513608
-0.41337	-0.62326	0.409496	-0.52248	-0.429431	-0.544927	0.387258	-0.607187	-0.628848	0.208856	0.466491	-0.585931	0.0571919	0.397035	0.219469	-0.88934	-0.423246	-0.388286	-0.236678	-0.783633	-0.751771	0.0152585	-0.412992	-0.513853	-0.778598	-0.136256	0.554351	-0.260605	-0.544392	-0.616033	0.372257	-0.430773	-0.148259	-0.709063	0.112364	-0.680164	-0.408019	-0.592394	0.481209	-0.501027
-0.417381	-0.622627	0.40844	-0.52087	-0.434384	-0.545676	0.385806	-0.603906	-0.633162	0.207135	0.465083	-0.583009	0.0517134	0.395592	0.220977	-0.889945	-0.424491	-0.389135	-0.240257	-0.781446	-0.751956	0.0179613	-0.417976	-0.509446	-0.774359	-0.122467	0.565524	-0.256031	-0.546058	-0.592599	0.405967	-0.431089	-0.153578	-0.717243	0.127501	-0.667623	-0.423191	-0.589864	0.480696	-0.491834
-0.42136	-0.62115	0.40627	-0.521127	-0.436341	-0.54469	0.385629	-0.603497	-0.636717	0.207247	0.463424	-0.580413	0.0466687	0.394496	0.221073	-0.890686	-0.425025	-0.391605	-0.242917	-0.779096	-0.751668	0.0183459	-0.420036	-0.508162	-0.76651	-0.110083	0.583319	-0.245117	-0.54332	-0.584766	0.418128	-0.433614	-0.153175	-0.725344	0.134188	-0.657577	-0.432978	-0.588938	0.477277	-0.487737
-0.426628	-0.619609	0.406568	-0.518436	-0.439739	-0.542572	0.385675	-0.602909	-0.639611	0.209738	0.46099	-0.57827	0.0433854	0.394229	0.218442	-0.891619	-0.425845	-0.392297	-0.245395	-0.777522	-0.751973	0.0197378	-0.422224	-0.50584	-0.754535	-0.101512	0.6012	-0.242758	-0.523271	-0.581537	0.437892	-0.443004	-0.153733	-0.731176	0.138884	-0.649969	-0.440377	-0.588507	0.473727	-0.485088
-0.428024	-0.619052	0.406508	-0.517997	-0.440996	-0.542112	0.385899	-0.602262	-0.640854	0.210946	0.460077	-0.577181	0.0418411	0.394273	0.217139	-0.891991	-0.426662	-0.391945	-0.245529	-0.777209	-0.752355	0.0207512	-0.422714	-0.504821	-0.747522	-0.100639	0.608711	-0.246077	-0.508616	-0.583417	0.448058	-0.447413	-0.15576	-0.732985	0.143968	-0.646332	-0.441838	-0.589692	0.470247	-0.485705
-0.429532	-0.617793	0.407205	-0.517704	-0.443673	-0.540605	0.386435	-0.601307	-0.642693	0.212655	0.458583	-0.575696	0.0387333	0.394252	0.215296	-0.892588	-0.427201	-0.391188	-0.246563	-0.776967	-0.752918	0.0216494	-0.422976	-0.503723	-0.733548	-0.098809	0.622417	-0.254445	-0.480774	-0.583536	0.476004	-0.449179	-0.153261	-0.736804	0.145102	-0.642321	-0.441915	-0.593502	0.461339	-0.489523
-0.427514	-0.618157	0.407365	-0.518814	-0.445907	-0.539895	0.386514	-0.60024	-0.645224	0.21211	0.456244	-0.574923	0.0369096	0.392774	0.215068	-0.893371	-0.42714	-0.391669	-0.24732	-0.776518	-0.752229	0.0217832	-0.424445	-0.503511	-0.708167	-0.105466	0.643205	-0.27141	-0.420213	-0.602456	0.494404	-0.464793	-0.150516	-0.739693	0.143421	-0.640023	-0.437825	-0.600157	0.451226	-0.494486
-0.424112	-0.618114	0.406006	-0.522708	-0.446214	-0.539806	0.386068	-0.600378	-0.645352	0.211941	0.455381	-0.575526	0.0369197	0.390715	0.214933	-0.894306	-0.42643	-0.393036	-0.248463	-0.775852	-0.751764	0.021428	-0.425267	-0.503528	-0.698876	-0.108574	0.652792	-0.271378	-0.403691	-0.604153	0.489791	-0.481807	-0.146888	-0.742272	0.139409	-0.638766	-0.430395	-0.608672	0.440738	-0.500028
-0.419022	-0.614371	0.401632	-0.534472	-0.446629	-0.538693	0.382914	-0.603082	-0.643488	0.212507	0.452634	-0.579557	0.0409814	0.387389	0.213094	-0.896014	-0.424965	-0.394149	-0.251238	-0.775197	-0.750609	0.0213836	-0.426404	-0.50429	-0.679277	-0.14681	0.667005	-0.268578	-0.418496	-0.589791	0.477305	-0.499186	-0.131705	-0.74652	0.123756	-0.640348	-0.418808	-0.620521	0.428302	-0.506074
-0.419181	-0.611416	0.40108	-0.538138	-0.447807	-0.536604	0.379321	-0.606334	-0.642017	0.213081	0.45186	-0.581579	0.0433927	0.386569	0.212091	-0.896493	-0.424195	-0.393714	-0.253324	-0.775161	-0.750263	0.0228883	-0.426201	-0.504911	-0.675945	-0.153768	0.671411	-0.262033	-0.426561	-0.585164	0.462802	-0.511315	-0.129829	-0.747003	0.123971	-0.640127	-0.416467	-0.622882	0.426959	-0.50624
-0.416283	-0.609931	0.40155	-0.541711	-0.448208	-0.535881	0.378343	-0.607287	-0.638962	0.212106	0.452197	-0.585026	0.04887	0.38513	0.212512	-0.89673	-0.420897	-0.394112	-0.256733	-0.775635	-0.749906	0.0229687	-0.426544	-0.505148	-0.674325	-0.159084	0.674838	-0.25411	-0.429772	-0.583932	0.465688	-0.5074	-0.133861	-0.747536	0.132683	-0.636919	-0.414819	-0.624	0.429429	-0.504123
-0.414886	-0.610259	0.401088	-0.542754	-0.44937	-0.534592	0.37788	-0.607852	-0.638081	0.209953	0.45355	-0.585717	0.0506929	0.384476	0.214933	-0.896333	-0.419191	-0.395641	-0.257121	-0.775652	-0.748939	0.0201619	-0.427655	-0.505762	-0.675848	-0.16016	0.672692	-0.255076	-0.435033	-0.582586	0.467647	-0.502639	-0.135519	-0.747612	0.136079	-0.635763	-0.411862	-0.625598	0.428907	-0.50501
-0.420741	-0.604536	0.396899	-0.547708	-0.450686	-0.532923	0.377755	-0.608421	-0.636685	0.207889	0.454932	-0.5869	0.0526154	0.383831	0.217462	-0.895888	-0.41994	-0.397089	-0.256558	-0.774693	-0.749018	0.0188763	-0.427435	-0.505881	-0.679088	-0.157496	0.672925	-0.247399	-0.436081	-0.582664	0.467426	-0.501844	-0.131992	-0.748864	0.13431	-0.635407	-0.406002	-0.627799	0.426764	-0.508826
-0.420437	-0.602965	0.395861	-0.550418	-0.454115	-0.528453	0.375526	-0.611145	-0.634628	0.20819	0.455415	-0.588644	0.0570678	0.383352	0.217035	-0.895924	-0.423497	-0.396615	-0.258692	-0.772285	-0.750567	0.0174771	-0.426636	-0.504307	-0.675784	-0.163181	0.676015	-0.244318	-0.439065	-0.578836	0.471418	-0.499936	-0.130641	-0.74835	0.137016	-0.635714	-0.400226	-0.628696	0.425086	-0.513676
-0.418147	-0.60297	0.395138	-0.552672	-0.454763	-0.527651	0.374939	-0.611715	-0.634119	0.207982	0.455568	-0.589147	0.0582117	0.383056	0.217206	-0.895936	-0.424062	-0.396708	-0.25899	-0.771828	-0.750567	0.0174771	-0.426636	-0.504307	-0.675082	-0.165717	0.675527	-0.245899	-0.437358	-0.579897	0.470626	-0.500947	-0.130647	-0.748461	0.138957	-0.635161	-0.398855	-0.629003	0.424733	-0.514657
-0.416797	-0.602301	0.396311	-0.55358	-0.455552	-0.525738	0.375279	-0.612566	-0.633322	0.20873	0.455183	-0.590036	0.0591543	0.382942	0.21642	-0.896113	-0.42578	-0.39641	-0.258634	-0.771154	-0.752112	0.0183059	-0.426945	-0.501708	-0.675316	-0.164768	0.676615	-0.242882	-0.436891	-0.579867	0.471425	-0.500638	-0.131341	-0.747981	0.141587	-0.635002	-0.397611	-0.628813	0.424897	-0.515715
-0.417234	-0.600748	0.397922	-0.553783	-0.455912	-0.52425	0.376614	-0.612755	-0.632565	0.20968	0.455077	-0.590593	0.0604509	0.383305	0.215189	-0.896168	-0.427982	-0.395166	-0.257569	-0.77093	-0.754783	0.0194642	-0.425485	-0.498885	-0.674147	-0.166188	0.677363	-0.243079	-0.435589	-0.580421	0.470947	-0.501581	-0.131984	-0.747304	0.143145	-0.635316	-0.396065	-0.629017	0.425107	-0.516482
-0.415788	-0.600125	0.398696	-0.554988	-0.456086	-0.522494	0.378316	-0.613077	-0.631855	0.210885	0.456429	-0.589881	0.0609006	0.385033	0.214938	-0.895457	-0.429547	-0.394045	-0.255944	-0.771175	-0.755995	0.0196047	-0.424033	-0.49828	-0.673187	-0.168202	0.67776	-0.243249	-0.43579	-0.579804	0.471409	-0.501685	-0.132022	-0.746563	0.142681	-0.636283	-0.394592	-0.629427	0.425591	-0.516711
-0.416269	-0.598813	0.400438	-0.554791	-0.45567	-0.521534	0.380779	-0.612678	-0.631608	0.211625	0.458383	-0.588363	0.0602621	0.387302	0.215251	-0.894446	-0.430491	-0.393352	-0.253808	-0.771708	-0.756903	0.0186434	-0.422549	-0.4982	-0.673757	-0.166102	0.678586	-0.240798	-0.436207	-0.578977	0.472121	-0.501608	-0.132337	-0.745704	0.143318	-0.637081	-0.393364	-0.629662	0.425892	-0.517114
-0.416987	-0.59795	0.401444	-0.554455	-0.455647	-0.521028	0.382241	-0.612216	-0.631723	0.212162	0.459285	-0.587342	0.059614	0.388566	0.21531	-0.893926	-0.430766	-0.393162	-0.25257	-0.772057	-0.757709	0.0168845	-0.421059	-0.498298	-0.673469	-0.166327	0.67866	-0.241237	-0.43637	-0.578244	0.472878	-0.501599	-0.133456	-0.744946	0.144587	-0.637448	-0.39307	-0.629578	0.426328	-0.51708
-0.417381	-0.596864	0.403112	-0.554119	-0.455874	-0.51993	0.384606	-0.611498	-0.632512	0.213309	0.461123	-0.584631	0.0576214	0.391085	0.215568	-0.892896	-0.43126	-0.393512	-0.250574	-0.772254	-0.75794	0.0156479	-0.420488	-0.49847	-0.67365	-0.16488	0.679349	-0.23978	-0.436631	-0.577787	0.473265	-0.501533	-0.135214	-0.743712	0.146488	-0.638084	-0.392616	-0.62938	0.42726	-0.516897
-0.418178	-0.595423	0.403937	-0.554466	-0.456447	-0.519082	0.386618	-0.610522	-0.633757	0.214974	0.462267	-0.581762	0.0549014	0.39348	0.215119	-0.892123	-0.431623	-0.393965	-0.249765	-0.772082	-0.758319	0.0128906	-0.419813	-0.498541	-0.673976	-0.16376	0.679775	-0.238423	-0.437232	-0.576982	0.473796	-0.501436	-0.136097	-0.743025	0.14843	-0.638248	-0.392151	-0.629277	0.427541	-0.517143
-0.419971	-0.593453	0.404793	-0.5546	-0.457294	-0.518122	0.388422	-0.609557	-0.634929	0.217104	0.462389	-0.579593	0.0526756	0.395286	0.213499	-0.891848	-0.433357	-0.395661	-0.246903	-0.771163	-0.759518	0.00946284	-0.419139	-0.497358	-0.674114	-0.162707	0.680281	-0.237308	-0.438177	-0.575664	0.474981	-0.501004	-0.138031	-0.742064	0.151208	-0.638298	-0.392137	-0.628946	0.42817	-0.517036
-0.421523	-0.591838	0.405546	-0.554598	-0.458479	-0.517111	0.389811	-0.608638	-0.635959	0.219093	0.462184	-0.577875	0.0509096	0.396503	0.211894	-0.891793	-0.435275	-0.396096	-0.245432	-0.770329	-0.760168	0.00858292	-0.418662	-0.496783	-0.674282	-0.161238	0.680863	-0.236161	-0.438276	-0.575482	0.475178	-0.50094	-0.138992	-0.741451	0.152862	-0.638408	-0.392676	-0.628447	0.429112	-0.516453
-0.423088	-0.590102	0.406522	-0.554541	-0.459972	-0.515645	0.391259	-0.607826	-0.63686	0.220879	0.461685	-0.576601	0.0495306	0.397338	0.210223	-0.891894	-0.437858	-0.396424	-0.243476	-0.769317	-0.761586	0.00690703	-0.417632	-0.495501	-0.674083	-0.160672	0.681413	-0.235525	-0.438734	-0.574976	0.475509	-0.500804	-0.1392	-0.741403	0.1542	-0.638097	-0.392519	-0.628354	0.42907	-0.51672
-0.424099	-0.589238	0.407941	-0.553646	-0.461604	-0.514148	0.392432	-0.6071	-0.637897	0.222528	0.460743	-0.575573	0.0480286	0.397828	0.208457	-0.892172	-0.440934	-0.39634	-0.242264	-0.767985	-0.762972	0.00558248	-0.416543	-0.494302	-0.674219	-0.159136	0.682118	-0.234136	-0.438869	-0.574713	0.475646	-0.500859	-0.140152	-0.741053	0.156453	-0.637747	-0.393032	-0.627947	0.429539	-0.516435
-0.425439	-0.588273	0.409511	-0.552483	-0.463015	-0.513066	0.394401	-0.605664	-0.639084	0.224578	0.460022	-0.574034	0.046212	0.398534	0.206602	-0.892385	-0.44228	-0.396453	-0.241662	-0.767341	-0.764227	0.00434442	-0.416031	-0.492805	-0.674119	-0.158916	0.68216	-0.23445	-0.439137	-0.574298	0.475927	-0.500832	-0.14168	-0.740378	0.159115	-0.637534	-0.393518	-0.627545	0.430009	-0.516161
-0.426106	-0.587794	0.410186	-0.551978	-0.464361	-0.512243	0.396387	-0.604031	-0.639766	0.22533	0.459762	-0.573189	0.0450905	0.399005	0.205878	-0.892399	-0.444748	-0.396834	-0.240054	-0.766222	-0.765372	0.00271151	-0.41564	-0.491367	-0.674204	-0.158012	0.682565	-0.233638	-0.440191	-0.5734	0.476673	-0.500227	-0.142534	-0.740119	0.16051	-0.637295	-0.393684	-0.627384	0.430128	-0.516131
-0.427525	-0.586842	0.411818	-0.550676	-0.465059	-0.511789	0.397314	-0.603269	-0.64121	0.226783	0.459259	-0.571402	0.0425207	0.400102	0.204464	-0.892359	-0.446541	-0.397268	-0.238708	-0.765375	-0.765955	0.00188449	-0.415366	-0.490694	-0.674607	-0.156157	0.683118	-0.2321	-0.440417	-0.573182	0.476805	-0.500152	-0.142776	-0.740039	0.161741	-0.637022	-0.394001	-0.627074	0.4303	-0.516123
-0.429014	-0.585775	0.413808	-0.549161	-0.466907	-0.510827	0.399742	-0.601049	-0.643158	0.228856	0.458749	-0.568789	0.0391697	0.401341	0.202823	-0.892331	-0.447951	-0.398103	-0.237418	-0.764517	-0.76721	-0.000901097	-0.415174	-0.488895	-0.674617	-0.155164	0.683359	-0.232028	-0.440781	-0.572752	0.477316	-0.499837	-0.14325	-0.739749	0.163274	-0.636862	-0.394201	-0.626729	0.430086	-0.516568
-0.429711	-0.585321	0.414709	-0.548419	-0.467883	-0.510372	0.400961	-0.599864	-0.644103	0.229833	0.458315	-0.567676	0.037786	0.401675	0.202085	-0.892407	-0.449614	-0.399733	-0.235735	-0.76321	-0.767723	-0.002828	-0.415276	-0.487994	-0.674558	-0.15484	0.683458	-0.232121	-0.440762	-0.572713	0.477391	-0.499827	-0.144085	-0.739232	0.164291	-0.637012	-0.394243	-0.626547	0.430205	-0.516658
-0.430195	-0.584986	0.41548	-0.547813	-0.468475	-0.510232	0.401684	-0.599037	-0.644486	0.230379	0.458026	-0.567252	0.0371996	0.401813	0.20148	-0.892507	-0.450153	-0.400197	-0.23523	-0.762805	-0.768199	-0.00419751	-0.415292	-0.487223	-0.674305	-0.154239	0.68381	-0.232224	-0.440574	-0.5727	0.477511	-0.499892	-0.144276	-0.739045	0.164676	-0.637086	-0.394154	-0.626414	0.430177	-0.51691
-0.430318	-0.584899	0.416152	-0.5473	-0.468923	-0.510017	0.402134	-0.598567	-0.644484	0.230934	0.457865	-0.567159	0.0371672	0.402019	0.200924	-0.892541	-0.451368	-0.400883	-0.233909	-0.762133	-0.768699	-0.00502897	-0.4151	-0.486589	-0.674433	-0.15364	0.683941	-0.23186	-0.440471	-0.572557	0.477567	-0.500094	-0.144431	-0.738604	0.164908	-0.637502	-0.393945	-0.62629	0.430018	-0.517351
-0.430309	-0.58491	0.416348	-0.547146	-0.469143	-0.509858	0.402283	-0.59843	-0.644429	0.231109	0.457679	-0.567301	0.0373409	0.402024	0.200626	-0.892598	-0.451623	-0.400953	-0.233656	-0.762022	-0.768885	-0.00522017	-0.41498	-0.486395	-0.674292	-0.15388	0.683917	-0.232182	-0.440222	-0.572646	0.477295	-0.500471	-0.144573	-0.738421	0.164898	-0.637685	-0.393737	-0.626313	0.429975	-0.517518
-0.430488	-0.584719	0.416566	-0.547043	-0.469335	-0.509608	0.402399	-0.598414	-0.644352	0.231412	0.4576	-0.567328	0.0373893	0.402168	0.200254	-0.892615	-0.451773	-0.400992	-0.233535	-0.76195	-0.769046	-0.0053858	-0.414839	-0.486259	-0.674067	-0.153955	0.684111	-0.232216	-0.440192	-0.572557	0.477231	-0.500659	-0.144914	-0.738106	0.165223	-0.637888	-0.393529	-0.626302	0.429994	-0.517674
-0.430795	-0.584464	0.416834	-0.54687	-0.469408	-0.509454	0.402519	-0.598407	-0.644309	0.231806	0.457533	-0.56727	0.0372444	0.40232	0.199919	-0.892627	-0.451936	-0.400876	-0.233485	-0.76193	-0.769194	-0.00538899	-0.414722	-0.486125	-0.673923	-0.153778	0.684392	-0.231922	-0.440303	-0.572326	0.477321	-0.500741	-0.145	-0.737864	0.165115	-0.638176	-0.393288	-0.626289	0.430016	-0.517854
-0.431648	-0.583761	0.41727	-0.546615	-0.469699	-0.50891	0.403137	-0.598226	-0.644454	0.23293	0.457254	-0.56687	0.0368934	0.402695	0.199102	-0.892655	-0.452206	-0.400391	-0.23328	-0.762088	-0.769517	-0.00467792	-0.41453	-0.485785	-0.673806	-0.153356	0.684741	-0.231511	-0.44083	-0.571392	0.477797	-0.500889	-0.145244	-0.737517	0.165317	-0.63847	-0.393088	-0.626052	0.430428	-0.51795
-0.432585	-0.582799	0.417488	-0.546735	-0.469813	-0.50868	0.403349	-0.59819	-0.644551	0.233366	0.457228	-0.566601	0.0366504	0.403103	0.19846	-0.892624	-0.452383	-0.399951	-0.233533	-0.762136	-0.76959	-0.00441273	-0.414555	-0.48565	-0.673729	-0.153168	0.684955	-0.231227	-0.440925	-0.571212	0.477807	-0.501002	-0.145577	-0.737163	0.16514	-0.638848	-0.392744	-0.62597	0.430867	-0.517945
-0.433403	-0.581881	0.41763	-0.546957	-0.470129	-0.508067	0.403744	-0.598195	-0.644739	0.234338	0.457106	-0.566084	0.036166	0.40353	0.197592	-0.892644	-0.452511	-0.39975	-0.233572	-0.762153	-0.769715	-0.00381298	-0.414702	-0.485331	-0.673573	-0.152931	0.685293	-0.230835	-0.441018	-0.570906	0.477951	-0.501131	-0.145785	-0.736814	0.164914	-0.639262	-0.392458	-0.62595	0.431261	-0.517858
-0.434048	-0.580985	0.417713	-0.547335	-0.470393	-0.507473	0.404271	-0.598136	-0.645001	0.235259	0.456707	-0.565727	0.0358346	0.403736	0.196722	-0.892756	-0.453246	-0.399219	-0.233774	-0.761933	-0.770074	-0.00326721	-0.414749	-0.484725	-0.673272	-0.153597	0.685251	-0.231395	-0.440787	-0.570969	0.477664	-0.501536	-0.14631	-0.736481	0.165047	-0.639491	-0.392064	-0.626067	0.431533	-0.517789
