FULLBODY	1																																						
Frames:	154																																						
-0.417803	-0.601835	0.398643	-0.551651	-0.401773	-0.568877	0.396709	-0.597979	-0.702017	-0.207996	0.596383	-0.328994	-0.672945	-0.0978282	0.669464	-0.298987	-0.106543	-0.646335	0.0337526	-0.754825	-0.190425	-0.649519	-0.00823957	-0.736068	-0.669622	-0.177576	0.689215	-0.212263	-0.417084	-0.591055	0.47532	-0.500765	-0.142337	-0.738078	0.190412	-0.631446	-0.390715	-0.621512	0.46764	-0.492319
-0.419473	-0.599728	0.398639	-0.552681	-0.402315	-0.566161	0.395506	-0.600982	-0.701805	-0.209845	0.599124	-0.323242	-0.672149	-0.0985158	0.672616	-0.293425	-0.0968749	-0.648048	0.0377334	-0.75447	-0.182122	-0.654985	-0.00704402	-0.733332	-0.670095	-0.179029	0.689211	-0.209546	-0.416601	-0.592074	0.47631	-0.499019	-0.139808	-0.738598	0.191692	-0.631015	-0.388946	-0.62272	0.468106	-0.491748
-0.41953	-0.59965	0.398648	-0.552715	-0.401965	-0.566629	0.395694	-0.600651	-0.701527	-0.210652	0.599268	-0.323053	-0.671972	-0.0992588	0.672842	-0.29306	-0.0949264	-0.64855	0.0386011	-0.754243	-0.181191	-0.655561	-0.00686858	-0.73305	-0.67018	-0.178941	0.689138	-0.20959	-0.416648	-0.592047	0.476348	-0.498976	-0.13992	-0.738535	0.191552	-0.631107	-0.388971	-0.622728	0.468225	-0.491606
-0.419452	-0.599655	0.39876	-0.552689	-0.40123	-0.567618	0.395826	-0.600122	-0.701195	-0.212073	0.599402	-0.322594	-0.671571	-0.100812	0.673316	-0.292361	-0.0940902	-0.648771	0.0388273	-0.754145	-0.179331	-0.656513	-0.00648412	-0.732659	-0.670157	-0.17897	0.689185	-0.209487	-0.416748	-0.592011	0.47632	-0.498962	-0.139967	-0.738505	0.191501	-0.631147	-0.389012	-0.622738	0.468273	-0.491516
-0.419381	-0.599673	0.398844	-0.552662	-0.4009	-0.56799	0.395798	-0.600008	-0.701009	-0.212717	0.599525	-0.322347	-0.671421	-0.101351	0.673583	-0.291904	-0.0920487	-0.649373	0.0385638	-0.753893	-0.178165	-0.657034	-0.00666591	-0.732475	-0.670256	-0.179023	0.68907	-0.2095	-0.416888	-0.591929	0.476365	-0.4989	-0.13975	-0.738568	0.191458	-0.631135	-0.388963	-0.622761	0.468195	-0.491599
-0.41888	-0.599944	0.398804	-0.552776	-0.400343	-0.568486	0.395824	-0.599893	-0.700666	-0.213777	0.599573	-0.322303	-0.671257	-0.102382	0.673803	-0.291413	-0.0912426	-0.649667	0.0385834	-0.753737	-0.176414	-0.65768	-0.00668922	-0.732318	-0.670178	-0.179359	0.688989	-0.209729	-0.416866	-0.591987	0.47626	-0.49895	-0.139703	-0.738514	0.191284	-0.631261	-0.388837	-0.62283	0.468089	-0.491713
-0.418665	-0.600044	0.398807	-0.55283	-0.400069	-0.568667	0.395795	-0.599925	-0.700511	-0.214098	0.599524	-0.322517	-0.671255	-0.102673	0.673741	-0.291458	-0.0902797	-0.650012	0.0384782	-0.75356	-0.175866	-0.657721	-0.00662469	-0.732414	-0.670122	-0.179498	0.688978	-0.209824	-0.416795	-0.59206	0.476152	-0.499025	-0.139499	-0.738516	0.190798	-0.63145	-0.388675	-0.622916	0.467949	-0.491865
-0.418665	-0.600044	0.398807	-0.55283	-0.400069	-0.568667	0.395795	-0.599925	-0.700511	-0.214098	0.599524	-0.322517	-0.671255	-0.102673	0.673741	-0.291458	-0.0902797	-0.650012	0.0384782	-0.75356	-0.175866	-0.657721	-0.00662469	-0.732414	-0.670122	-0.179498	0.688978	-0.209824	-0.416795	-0.59206	0.476152	-0.499025	-0.139499	-0.738516	0.190798	-0.63145	-0.388675	-0.622916	0.467949	-0.491865
-0.418672	-0.599936	0.398766	-0.552971	-0.399765	-0.568778	0.395936	-0.599929	-0.700363	-0.214265	0.599456	-0.322855	-0.671161	-0.102652	0.67345	-0.292354	-0.0904342	-0.649933	0.0378704	-0.753641	-0.175621	-0.657492	-0.00658507	-0.732679	-0.670217	-0.17966	0.688838	-0.209842	-0.416726	-0.592127	0.476087	-0.499066	-0.139308	-0.73855	0.19045	-0.631558	-0.388382	-0.623097	0.46782	-0.49199
-0.418815	-0.59975	0.398792	-0.553045	-0.399752	-0.56877	0.395911	-0.599961	-0.700233	-0.214058	0.599058	-0.32401	-0.670866	-0.102166	0.673578	-0.292904	-0.0908616	-0.649756	0.0372235	-0.753775	-0.175735	-0.656334	-0.0070155	-0.733685	-0.670214	-0.1798	0.688807	-0.209833	-0.416756	-0.592143	0.476054	-0.499053	-0.139258	-0.738497	0.190415	-0.631641	-0.388256	-0.623185	0.46779	-0.492007
-0.418883	-0.599409	0.398413	-0.553637	-0.400204	-0.568154	0.396061	-0.600145	-0.700535	-0.213221	0.598224	-0.325447	-0.669727	-0.0986884	0.674465	-0.294658	-0.0933678	-0.648698	0.0358402	-0.754446	-0.177812	-0.654296	-0.00703762	-0.735004	-0.670215	-0.180011	0.688724	-0.209924	-0.416729	-0.592199	0.476108	-0.498957	-0.139137	-0.738563	0.190101	-0.631686	-0.387959	-0.623438	0.467816	-0.491895
-0.418883	-0.599409	0.398413	-0.553637	-0.400392	-0.567859	0.396216	-0.600196	-0.700535	-0.213221	0.598224	-0.325447	-0.669727	-0.0986884	0.674465	-0.294658	-0.0954718	-0.64782	0.0353081	-0.754962	-0.179522	-0.652835	-0.00695649	-0.735887	-0.670215	-0.180011	0.688724	-0.209924	-0.416628	-0.592305	0.476091	-0.498933	-0.139184	-0.738657	0.190089	-0.631569	-0.387959	-0.623438	0.467816	-0.491895
-0.419994	-0.598216	0.398068	-0.554333	-0.401124	-0.567123	0.39655	-0.600183	-0.704533	-0.208572	0.595429	-0.324955	-0.666949	-0.0891722	0.676338	-0.299656	-0.102611	-0.64453	0.0351948	-0.756844	-0.184954	-0.649452	-0.00714696	-0.737531	-0.670268	-0.179883	0.688682	-0.21	-0.416643	-0.592289	0.476327	-0.498712	-0.139087	-0.738791	0.189865	-0.631501	-0.387483	-0.62379	0.467769	-0.491869
-0.420195	-0.597943	0.397877	-0.554611	-0.401634	-0.566815	0.396743	-0.600005	-0.706573	-0.206148	0.594154	-0.324403	-0.662136	-0.0692726	0.679228	-0.308912	-0.107153	-0.641552	0.0347529	-0.758763	-0.189748	-0.646679	-0.00681651	-0.738752	-0.670317	-0.179785	0.688642	-0.210057	-0.416623	-0.592313	0.476344	-0.498685	-0.13918	-0.738782	0.189711	-0.631538	-0.387424	-0.62386	0.467852	-0.491747
-0.420695	-0.597291	0.397246	-0.555387	-0.402647	-0.566301	0.397828	-0.599092	-0.713617	-0.197647	0.590309	-0.321282	-0.652535	-0.0387901	0.681443	-0.329132	-0.123188	-0.632089	0.0360802	-0.76419	-0.205117	-0.634824	-0.00651876	-0.744904	-0.67036	-0.179885	0.688308	-0.210928	-0.416347	-0.592483	0.47616	-0.498889	-0.13924	-0.738832	0.188661	-0.63178	-0.38716	-0.624127	0.46778	-0.491686
-0.421057	-0.596889	0.396882	-0.555805	-0.403031	-0.566035	0.398476	-0.598655	-0.717529	-0.192019	0.588051	-0.320119	-0.645841	-0.0201281	0.680925	-0.34471	-0.131144	-0.625874	0.0341166	-0.768062	-0.213727	-0.626464	-0.0118829	-0.749481	-0.670266	-0.179849	0.688242	-0.211475	-0.416089	-0.592659	0.475933	-0.499112	-0.139266	-0.73887	0.187816	-0.631983	-0.387138	-0.624182	0.467759	-0.491652
-0.421836	-0.596117	0.396447	-0.556353	-0.404535	-0.564438	0.399969	-0.598153	-0.725173	-0.178208	0.582556	-0.320928	-0.628249	0.0247613	0.675865	-0.384574	-0.146532	-0.611203	0.0226842	-0.777461	-0.234411	-0.604246	-0.0307144	-0.760917	-0.670039	-0.179762	0.688125	-0.212645	-0.415753	-0.592862	0.475452	-0.499609	-0.139447	-0.738849	0.186234	-0.632435	-0.387311	-0.624164	0.467441	-0.491841
-0.422543	-0.59532	0.396198	-0.556847	-0.405405	-0.562771	0.40079	-0.598583	-0.733717	-0.156119	0.577693	-0.321802	-0.603003	0.0805541	0.663664	-0.435257	-0.162354	-0.594205	0.00035704	-0.787758	-0.260474	-0.574439	-0.0605615	-0.773631	-0.670336	-0.178613	0.687969	-0.213182	-0.415723	-0.592842	0.475056	-0.500034	-0.140095	-0.738798	0.185564	-0.632548	-0.387893	-0.623908	0.467155	-0.49198
-0.422543	-0.59532	0.396198	-0.556847	-0.405405	-0.562771	0.40079	-0.598583	-0.733717	-0.156119	0.577693	-0.321802	-0.603003	0.0805541	0.663664	-0.435257	-0.162354	-0.594205	0.00035704	-0.787758	-0.276064	-0.55713	-0.0793021	-0.77917	-0.670336	-0.178613	0.687969	-0.213182	-0.415778	-0.592815	0.474835	-0.500231	-0.140095	-0.738798	0.185564	-0.632548	-0.387893	-0.623908	0.467155	-0.49198
-0.423414	-0.594309	0.395926	-0.557459	-0.406237	-0.56123	0.400439	-0.5997	-0.739773	-0.13055	0.572463	-0.328602	-0.568241	0.143986	0.644751	-0.490577	-0.174083	-0.577187	-0.0352308	-0.797062	-0.293091	-0.538195	-0.10039	-0.783815	-0.670564	-0.177494	0.687833	-0.213835	-0.416024	-0.592661	0.474785	-0.500257	-0.141141	-0.738601	0.185039	-0.6327	-0.388654	-0.623594	0.467042	-0.491884
-0.423883	-0.593685	0.39575	-0.557892	-0.40866	-0.558313	0.400608	-0.600663	-0.74076	-0.10165	0.568523	-0.343108	-0.547939	0.174657	0.631465	-0.520105	-0.18236	-0.568788	-0.0514297	-0.800362	-0.333078	-0.494783	-0.143845	-0.789657	-0.670973	-0.175909	0.687735	-0.214176	-0.416518	-0.592433	0.474712	-0.500184	-0.14143	-0.738693	0.184584	-0.63266	-0.388932	-0.623531	0.466832	-0.491944
-0.425488	-0.592045	0.395846	-0.558345	-0.40988	-0.556699	0.400597	-0.601337	-0.741655	-0.084118	0.565746	-0.350435	-0.50297	0.233102	0.597936	-0.578928	-0.202451	-0.551644	-0.0817252	-0.804999	-0.355258	-0.47134	-0.165867	-0.790012	-0.671128	-0.175074	0.687778	-0.214237	-0.416782	-0.59226	0.474753	-0.500131	-0.142517	-0.738604	0.184362	-0.632584	-0.389426	-0.623471	0.466627	-0.491824
-0.427414	-0.590318	0.396037	-0.558567	-0.411852	-0.553879	0.400308	-0.602785	-0.741607	-0.046216	0.559436	-0.367308	-0.45133	0.286707	0.558262	-0.634385	-0.225132	-0.534956	-0.107574	-0.807196	-0.403465	-0.421665	-0.208928	-0.784707	-0.671701	-0.173124	0.687856	-0.213774	-0.417428	-0.591919	0.474852	-0.499902	-0.144253	-0.738258	0.185251	-0.632335	-0.390077	-0.623349	0.467084	-0.491028
-0.428397	-0.589466	0.396115	-0.558658	-0.413231	-0.552112	0.400325	-0.60345	-0.739668	-0.029684	0.555442	-0.378806	-0.424223	0.310087	0.5358	-0.660908	-0.23657	-0.526747	-0.119428	-0.807657	-0.428738	-0.396208	-0.229244	-0.778878	-0.672025	-0.172322	0.687792	-0.213614	-0.417787	-0.591735	0.474983	-0.499696	-0.144924	-0.738206	0.185636	-0.63213	-0.390252	-0.623397	0.46721	-0.490707
-0.430475	-0.587705	0.396536	-0.558619	-0.415828	-0.548946	0.400187	-0.604645	-0.735747	0.00394793	0.546211	-0.400393	-0.367601	0.350278	0.48826	-0.709772	-0.261941	-0.509414	-0.137515	-0.808068	-0.480227	-0.34241	-0.267574	-0.761933	-0.672447	-0.17101	0.687827	-0.213223	-0.418479	-0.591428	0.475316	-0.499162	-0.145453	-0.738257	0.185973	-0.63185	-0.390318	-0.623624	0.467218	-0.490359
-0.432215	-0.586164	0.39684	-0.558677	-0.419096	-0.545417	0.40002	-0.605691	-0.731704	0.0389697	0.535144	-0.42037	-0.311587	0.380183	0.43865	-0.752304	-0.287018	-0.492586	-0.154086	-0.806993	-0.530481	-0.287691	-0.302268	-0.737873	-0.672917	-0.169698	0.687857	-0.212695	-0.418959	-0.591229	0.475673	-0.498656	-0.146374	-0.738272	0.187	-0.631316	-0.390537	-0.623711	0.467454	-0.489849
-0.434325	-0.58457	0.397657	-0.55813	-0.422593	-0.541747	0.400419	-0.606292	-0.727553	0.0744857	0.522365	-0.438467	-0.258238	0.402009	0.389445	-0.787423	-0.309236	-0.475984	-0.172001	-0.805126	-0.576249	-0.233632	-0.33376	-0.708489	-0.673347	-0.168337	0.688029	-0.211856	-0.419522	-0.591027	0.476061	-0.49805	-0.147268	-0.738251	0.188674	-0.630634	-0.390658	-0.623859	0.467714	-0.489316
-0.436486	-0.582805	0.398766	-0.557498	-0.426935	-0.537442	0.402143	-0.60594	-0.722273	0.108348	0.508067	-0.456564	-0.208028	0.4147	0.344782	-0.816011	-0.327516	-0.461806	-0.188916	-0.802358	-0.616646	-0.182617	-0.36194	-0.674832	-0.673851	-0.166703	0.688289	-0.210695	-0.420367	-0.590613	0.476667	-0.497248	-0.148251	-0.738086	0.19018	-0.630145	-0.390791	-0.624061	0.468152	-0.488533
-0.437741	-0.581856	0.39967	-0.556858	-0.428948	-0.535515	0.402993	-0.60566	-0.720339	0.124232	0.50043	-0.463949	-0.184398	0.418544	0.324912	-0.827799	-0.336551	-0.455137	-0.196361	-0.800641	-0.634518	-0.158496	-0.37417	-0.657467	-0.674206	-0.165595	0.688461	-0.20987	-0.420727	-0.590451	0.4769	-0.496913	-0.148772	-0.737974	0.191092	-0.629878	-0.39094	-0.624072	0.468368	-0.488192
-0.438912	-0.581006	0.400481	-0.55624	-0.430708	-0.533865	0.403598	-0.605465	-0.717623	0.139538	0.493274	-0.471409	-0.161876	0.42041	0.308799	-0.837672	-0.345202	-0.449037	-0.204133	-0.798456	-0.650922	-0.135278	-0.384429	-0.64048	-0.674579	-0.164573	0.68855	-0.209182	-0.421117	-0.590275	0.477133	-0.496568	-0.149247	-0.737964	0.192439	-0.629366	-0.390972	-0.624155	0.468404	-0.488026
-0.439961	-0.580173	0.401058	-0.555865	-0.432625	-0.531986	0.404246	-0.605319	-0.714644	0.152517	0.486086	-0.479314	-0.141426	0.421057	0.293466	-0.846515	-0.354284	-0.44297	-0.210642	-0.796172	-0.666156	-0.113688	-0.393408	-0.623331	-0.674874	-0.163686	0.688691	-0.208461	-0.421542	-0.590066	0.477371	-0.496227	-0.149805	-0.737932	0.193716	-0.628879	-0.391049	-0.624189	0.468471	-0.487856
-0.441916	-0.578853	0.402803	-0.554427	-0.436698	-0.527839	0.406015	-0.604841	-0.706516	0.176769	0.473424	-0.495437	-0.104701	0.420027	0.26891	-0.860408	-0.37107	-0.430418	-0.222455	-0.792188	-0.693583	-0.0744118	-0.406878	-0.589793	-0.675343	-0.162104	0.689031	-0.207051	-0.422418	-0.589659	0.477699	-0.49565	-0.150732	-0.737716	0.195417	-0.628384	-0.391355	-0.624202	0.468764	-0.487312
-0.442557	-0.578509	0.403702	-0.55362	-0.438459	-0.525877	0.406724	-0.6048	-0.701952	0.187884	0.467749	-0.503163	-0.0876787	0.418973	0.258336	-0.866046	-0.379429	-0.424313	-0.227581	-0.790063	-0.705547	-0.0575676	-0.412464	-0.573379	-0.675602	-0.161528	0.689055	-0.206575	-0.422738	-0.589509	0.477734	-0.495523	-0.15098	-0.73771	0.196116	-0.628114	-0.391497	-0.624199	0.468773	-0.487194
-0.443709	-0.577964	0.405364	-0.55205	-0.441638	-0.522011	0.408552	-0.604604	-0.692104	0.20776	0.458416	-0.517381	-0.053703	0.414945	0.240211	-0.87592	-0.39658	-0.412404	-0.235735	-0.785542	-0.727766	-0.0272188	-0.418199	-0.542887	-0.676182	-0.160278	0.689075	-0.205582	-0.423462	-0.589188	0.47784	-0.495183	-0.151448	-0.737743	0.197535	-0.627518	-0.391659	-0.624277	0.468616	-0.487114
-0.44426	-0.578121	0.407336	-0.549988	-0.443981	-0.518927	0.410166	-0.604449	-0.681679	0.228327	0.452252	-0.527873	-0.0192126	0.409522	0.225497	-0.883784	-0.412548	-0.401211	-0.239087	-0.782094	-0.745	0.00222569	-0.420852	-0.517546	-0.676441	-0.159608	0.689126	-0.205079	-0.424085	-0.58895	0.477966	-0.494812	-0.151909	-0.737606	0.198115	-0.627385	-0.391925	-0.624397	0.468542	-0.486818
-0.444267	-0.578418	0.408108	-0.549097	-0.444706	-0.517916	0.4107	-0.604422	-0.676798	0.237248	0.450051	-0.532082	-0.00241728	0.406833	0.218717	-0.886929	-0.419606	-0.397163	-0.240117	-0.780087	-0.756463	0.023169	-0.422038	-0.49911	-0.676657	-0.159313	0.688968	-0.205128	-0.424133	-0.589132	0.477895	-0.494622	-0.151836	-0.737619	0.198184	-0.627365	-0.39209	-0.624454	0.468416	-0.486732
-0.444002	-0.579191	0.409573	-0.547403	-0.446566	-0.515699	0.411104	-0.604671	-0.665203	0.253757	0.44689	-0.541665	0.0312387	0.40022	0.208251	-0.891897	-0.436167	-0.391693	-0.242146	-0.773111	-0.761224	0.026442	-0.423411	-0.490472	-0.676857	-0.15876	0.688734	-0.205684	-0.423645	-0.589598	0.47797	-0.494413	-0.151422	-0.737774	0.197479	-0.627505	-0.392638	-0.624637	0.468354	-0.486116
-0.444329	-0.579209	0.411128	-0.545951	-0.447352	-0.514557	0.412293	-0.604253	-0.662092	0.255164	0.447083	-0.544649	0.0345041	0.399404	0.207388	-0.892343	-0.439671	-0.39174	-0.242361	-0.771032	-0.762098	0.0201022	-0.423238	-0.489563	-0.67685	-0.157999	0.688287	-0.207777	-0.421739	-0.590817	0.478369	-0.4942	-0.151304	-0.737691	0.196685	-0.627881	-0.392828	-0.624782	0.468483	-0.485651
-0.444175	-0.579413	0.411847	-0.545319	-0.447315	-0.514521	0.412954	-0.60386	-0.661799	0.254436	0.44696	-0.545446	0.0337994	0.398847	0.207417	-0.892613	-0.444773	-0.392869	-0.241479	-0.767802	-0.761945	0.0151672	-0.421723	-0.491283	-0.676925	-0.156798	0.688155	-0.208878	-0.418195	-0.592815	0.479746	-0.493484	-0.150694	-0.73763	0.194264	-0.628852	-0.39267	-0.624929	0.468319	-0.485748
-0.443085	-0.5803	0.413094	-0.544317	-0.446773	-0.515505	0.413988	-0.602713	-0.662017	0.253888	0.446787	-0.545578	0.033049	0.398639	0.207788	-0.892647	-0.445801	-0.39284	-0.239916	-0.76771	-0.762225	0.0134781	-0.421083	-0.491447	-0.67703	-0.15353	0.687557	-0.212897	-0.415703	-0.594094	0.481178	-0.492657	-0.150456	-0.737537	0.193129	-0.629368	-0.392491	-0.624978	0.468117	-0.486025
-0.442051	-0.580891	0.413835	-0.543965	-0.446174	-0.516215	0.414308	-0.602329	-0.662944	0.253521	0.446149	-0.545146	0.0322302	0.398017	0.208371	-0.892819	-0.445779	-0.392506	-0.238209	-0.768425	-0.762507	0.0126324	-0.419837	-0.492098	-0.677069	-0.151306	0.687063	-0.215935	-0.407814	-0.59803	0.484504	-0.491227	-0.149805	-0.736583	0.189636	-0.631698	-0.391754	-0.625077	0.467427	-0.487154
-0.437709	-0.582834	0.416366	-0.543466	-0.442218	-0.519568	0.414552	-0.602196	-0.663171	0.252696	0.445841	-0.545503	0.0321519	0.397582	0.208814	-0.892912	-0.444901	-0.391642	-0.237179	-0.769692	-0.761573	0.0126972	-0.417327	-0.495665	-0.676321	-0.141532	0.685939	-0.228136	-0.39762	-0.60304	0.48895	-0.489049	-0.14796	-0.735163	0.184019	-0.635437	-0.388915	-0.625536	0.465149	-0.491006
-0.435745	-0.583276	0.416885	-0.544172	-0.440364	-0.520842	0.414332	-0.602604	-0.662713	0.252131	0.445632	-0.546493	0.0334774	0.396488	0.209073	-0.893289	-0.444667	-0.389977	-0.237296	-0.770636	-0.760841	0.0131719	-0.416159	-0.497754	-0.67555	-0.137514	0.685907	-0.232927	-0.390938	-0.606404	0.490121	-0.489104	-0.145751	-0.733579	0.177331	-0.639666	-0.38774	-0.625547	0.464312	-0.49271
-0.432942	-0.584341	0.41711	-0.545092	-0.438227	-0.522349	0.414048	-0.603052	-0.662072	0.251234	0.445505	-0.547784	0.034652	0.395821	0.209129	-0.893527	-0.444235	-0.388384	-0.237672	-0.771573	-0.760157	0.014478	-0.414857	-0.499846	-0.674531	-0.133502	0.686206	-0.237289	-0.384548	-0.609169	0.491686	-0.489163	-0.144749	-0.732494	0.173827	-0.642094	-0.386659	-0.625317	0.463705	-0.49442
-0.420207	-0.59049	0.415516	-0.549631	-0.429392	-0.528164	0.413974	-0.604393	-0.659369	0.246293	0.444716	-0.553895	0.0400679	0.391473	0.210644	-0.894859	-0.443017	-0.385093	-0.238178	-0.773763	-0.756779	0.0190254	-0.412583	-0.506655	-0.66972	-0.126236	0.686722	-0.252887	-0.365301	-0.61643	0.495159	-0.491312	-0.141732	-0.729558	0.160672	-0.649493	-0.38239	-0.624376	0.462548	-0.499982
-0.414565	-0.593582	0.415038	-0.550944	-0.425374	-0.530742	0.41374	-0.605136	-0.657952	0.244006	0.444951	-0.556397	0.0426431	0.390241	0.211924	-0.894976	-0.440276	-0.381336	-0.238886	-0.776964	-0.755492	0.0210516	-0.410961	-0.509804	-0.668193	-0.125567	0.686235	-0.258519	-0.359692	-0.617881	0.495695	-0.493083	-0.140688	-0.728229	0.15497	-0.65259	-0.381174	-0.623676	0.462879	-0.501476
-0.399311	-0.601312	0.413179	-0.555209	-0.415651	-0.537151	0.413142	-0.606644	-0.654519	0.236477	0.446715	-0.562253	0.049444	0.386653	0.217419	-0.894865	-0.435178	-0.377655	-0.239108	-0.781552	-0.752095	0.0246243	-0.408462	-0.516628	-0.664371	-0.122645	0.689019	-0.26234	-0.353269	-0.617196	0.497428	-0.496826	-0.139576	-0.725551	0.143498	-0.658409	-0.379158	-0.621954	0.463142	-0.504888
-0.389766	-0.60598	0.411941	-0.557831	-0.409911	-0.540944	0.41288	-0.607358	-0.65235	0.231392	0.448507	-0.565454	0.0531695	0.384871	0.221536	-0.89441	-0.431121	-0.37604	-0.239195	-0.784547	-0.750017	0.0265896	-0.406968	-0.520715	-0.663299	-0.122615	0.689008	-0.26508	-0.350587	-0.613787	0.497302	-0.503035	-0.13837	-0.723806	0.136503	-0.662062	-0.377974	-0.62121	0.46178	-0.50793
-0.36637	-0.616558	0.409037	-0.564197	-0.396611	-0.550171	0.411854	-0.608595	-0.647637	0.22017	0.453072	-0.57168	0.061618	0.380754	0.232201	-0.892924	-0.422079	-0.373361	-0.238049	-0.791065	-0.745458	0.029593	-0.40314	-0.529995	-0.659927	-0.12913	0.687104	-0.275153	-0.350381	-0.611509	0.495485	-0.507724	-0.135378	-0.720756	0.123567	-0.668516	-0.377167	-0.617923	0.456587	-0.517149
-0.33849	-0.629047	0.403895	-0.571483	-0.383002	-0.559064	0.409842	-0.610563	-0.642774	0.209219	0.458652	-0.576808	0.0698375	0.377329	0.244044	-0.890611	-0.411896	-0.373478	-0.237063	-0.796654	-0.740109	0.0300077	-0.400505	-0.539383	-0.657531	-0.140029	0.685056	-0.280612	-0.356431	-0.60378	0.492256	-0.51584	-0.125146	-0.721939	0.106171	-0.672213	-0.384004	-0.607838	0.453495	-0.526703
-0.315449	-0.639341	0.398753	-0.576829	-0.370545	-0.566036	0.408117	-0.612976	-0.637534	0.201681	0.464838	-0.580346	0.0771726	0.376733	0.253208	-0.887695	-0.403705	-0.372219	-0.233673	-0.802416	-0.736133	0.0289384	-0.395757	-0.548313	-0.653035	-0.152225	0.683905	-0.287484	-0.362078	-0.597831	0.48575	-0.524924	-0.115641	-0.721033	0.0905508	-0.677155	-0.374358	-0.612271	0.440779	-0.539161
-0.308285	-0.64252	0.397908	-0.577752	-0.364792	-0.568987	0.408349	-0.61354	-0.634665	0.198881	0.468354	-0.581629	0.0808807	0.377468	0.257055	-0.885945	-0.400236	-0.370298	-0.230831	-0.805858	-0.73486	0.0291441	-0.392406	-0.552403	-0.651255	-0.157641	0.683335	-0.289948	-0.366635	-0.593885	0.483948	-0.527895	-0.104438	-0.719468	0.0886961	-0.680876	-0.356449	-0.625673	0.424725	-0.548712
-0.297522	-0.646813	0.395931	-0.579959	-0.354657	-0.573362	0.40983	-0.614422	-0.629143	0.19311	0.475243	-0.583979	0.0875619	0.379525	0.264288	-0.882296	-0.395085	-0.365077	-0.225799	-0.812183	-0.733164	0.0296001	-0.385618	-0.559369	-0.648615	-0.165237	0.684024	-0.290011	-0.376085	-0.58575	0.480418	-0.533531	-0.068471	-0.716816	0.0732492	-0.690015	-0.309325	-0.657795	0.389807	-0.565397
-0.290231	-0.649439	0.393119	-0.582625	-0.350753	-0.574199	0.409726	-0.615948	-0.626638	0.191246	0.478126	-0.584932	0.0905407	0.380382	0.267181	-0.880753	-0.393341	-0.361976	-0.223828	-0.814958	-0.732693	0.0308181	-0.381766	-0.562552	-0.647053	-0.169933	0.684245	-0.290266	-0.380311	-0.58229	0.478644	-0.535912	-0.0477457	-0.715177	0.0601684	-0.69471	-0.284683	-0.672227	0.376954	-0.570064
-0.270673	-0.656106	0.385162	-0.58984	-0.344231	-0.574831	0.408829	-0.619624	-0.622175	0.189036	0.481933	-0.587286	0.0961936	0.381465	0.270377	-0.878708	-0.390829	-0.355374	-0.221038	-0.81982	-0.732458	0.03454	-0.374456	-0.567534	-0.643579	-0.181318	0.683037	-0.293921	-0.388125	-0.575465	0.474284	-0.541528	-0.00843348	-0.710228	0.041613	-0.70269	-0.240971	-0.693841	0.360576	-0.574893
-0.25569	-0.661825	0.378556	-0.594395	-0.339078	-0.574152	0.40856	-0.623261	-0.618674	0.189493	0.483922	-0.589199	0.0986938	0.381864	0.270984	-0.87807	-0.389836	-0.352633	-0.219967	-0.821762	-0.732687	0.0381824	-0.369444	-0.570284	-0.638769	-0.194286	0.680054	-0.302908	-0.389215	-0.574726	0.464506	-0.549942	0.00912184	-0.706692	0.0405449	-0.7063	-0.218005	-0.702839	0.351201	-0.578921
-0.24874	-0.665008	0.375465	-0.59575	-0.336921	-0.573623	0.408538	-0.62493	-0.617372	0.190433	0.484502	-0.589783	0.102237	0.383084	0.270401	-0.877313	-0.388977	-0.348046	-0.217418	-0.824797	-0.733001	0.0399874	-0.367247	-0.571175	-0.636012	-0.201608	0.677176	-0.310283	-0.388259	-0.575717	0.459426	-0.553835	0.0446755	-0.698121	0.0334113	-0.713803	-0.168417	-0.717016	0.328968	-0.591019
-0.233766	-0.671804	0.369278	-0.598052	-0.332118	-0.573932	0.40819	-0.62744	-0.615906	0.19195	0.486018	-0.589577	0.103416	0.383953	0.270319	-0.87682	-0.38893	-0.345979	-0.215861	-0.826097	-0.733849	0.0428244	-0.363336	-0.57238	-0.633515	-0.209821	0.670515	-0.324104	-0.384915	-0.579265	0.450578	-0.559707	0.0615206	-0.693387	0.0295634	-0.717325	-0.144289	-0.721505	0.318441	-0.597667
-0.226957	-0.675035	0.366186	-0.598938	-0.32943	-0.574937	0.408418	-0.627789	-0.615583	0.192211	0.486983	-0.589033	0.104339	0.385706	0.271045	-0.875716	-0.38852	-0.342741	-0.212451	-0.82852	-0.734481	0.0439891	-0.361319	-0.572757	-0.632193	-0.212325	0.666924	-0.332359	-0.383088	-0.581042	0.447651	-0.561464	0.0912081	-0.681335	0.0208392	-0.725968	-0.10185	-0.725924	0.301919	-0.609513
-0.226957	-0.675035	0.366186	-0.598938	-0.32943	-0.574937	0.408418	-0.627789	-0.615583	0.192211	0.486983	-0.589033	0.104339	0.385706	0.271045	-0.875716	-0.38852	-0.342741	-0.212451	-0.82852	-0.734481	0.0439891	-0.361319	-0.572757	-0.632193	-0.212325	0.666924	-0.332359	-0.383088	-0.581042	0.447651	-0.561464	0.0912081	-0.681335	0.0208392	-0.725968	-0.10185	-0.725924	0.301919	-0.609513
-0.21574	-0.680581	0.358899	-0.601213	-0.323889	-0.579143	0.410164	-0.625663	-0.615688	0.192432	0.489022	-0.58716	0.104117	0.386702	0.271769	-0.875079	-0.388138	-0.341152	-0.209549	-0.830092	-0.73659	0.0452931	-0.35677	-0.5728	-0.631028	-0.216865	0.655126	-0.354377	-0.38107	-0.582842	0.445475	-0.562701	0.103491	-0.67534	0.0187497	-0.729969	-0.0814619	-0.726763	0.293188	-0.615808
-0.21574	-0.680581	0.358899	-0.601213	-0.323889	-0.579143	0.410164	-0.625663	-0.615688	0.192432	0.489022	-0.58716	0.103661	0.387612	0.272496	-0.874504	-0.387696	-0.339886	-0.206076	-0.831686	-0.73659	0.0452931	-0.35677	-0.5728	-0.631028	-0.216865	0.655126	-0.354377	-0.38107	-0.582842	0.445475	-0.562701	0.114541	-0.669313	0.0152478	-0.73394	-0.0619944	-0.726554	0.283777	-0.622692
-0.206977	-0.685287	0.352849	-0.602528	-0.318559	-0.584686	0.412154	-0.621926	-0.61606	0.192151	0.490082	-0.585976	0.102822	0.388615	0.275063	-0.873354	-0.385902	-0.338121	-0.199747	-0.834778	-0.737912	0.0451219	-0.352362	-0.573839	-0.631234	-0.216509	0.641842	-0.377765	-0.374977	-0.589742	0.439687	-0.564156	0.131842	-0.661103	0.0117466	-0.738528	-0.0360347	-0.723262	0.2713	-0.634027
-0.199731	-0.688886	0.347286	-0.604099	-0.313909	-0.589796	0.411637	-0.619804	-0.616617	0.190168	0.491756	-0.584633	0.102571	0.387833	0.278098	-0.872769	-0.382785	-0.338092	-0.196527	-0.836987	-0.738079	0.0442753	-0.350608	-0.574764	-0.630636	-0.216359	0.635532	-0.389342	-0.373729	-0.591878	0.437068	-0.564781	0.141482	-0.656955	0.00930087	-0.740477	-0.0197883	-0.717654	0.260326	-0.64561
-0.199731	-0.688886	0.347286	-0.604099	-0.313909	-0.589796	0.411637	-0.619804	-0.616617	0.190168	0.491756	-0.584633	0.102571	0.387833	0.278098	-0.872769	-0.382785	-0.338092	-0.196527	-0.836987	-0.738079	0.0442753	-0.350608	-0.574764	-0.630636	-0.216359	0.635532	-0.389342	-0.373729	-0.591878	0.437068	-0.564781	0.141482	-0.656955	0.00930087	-0.740477	-0.0197883	-0.717654	0.260326	-0.64561
-0.196171	-0.69055	0.344089	-0.605195	-0.311826	-0.591873	0.41074	-0.619471	-0.616682	0.187583	0.491944	-0.585241	0.102449	0.387118	0.279015	-0.872808	-0.381054	-0.338815	-0.195525	-0.837718	-0.737144	0.0433299	-0.348969	-0.577029	-0.632562	-0.21124	0.623526	-0.407993	-0.374168	-0.593969	0.433108	-0.565346	0.144586	-0.656666	0.0087386	-0.74014	-0.0138918	-0.714267	0.254237	-0.651915
-0.194043	-0.691907	0.341489	-0.605803	-0.309985	-0.593633	0.409616	-0.619454	-0.616395	0.186925	0.491444	-0.586173	0.102449	0.387118	0.279015	-0.872808	-0.381054	-0.338815	-0.195525	-0.837718	-0.735873	0.0430828	-0.349395	-0.57841	-0.634355	-0.207468	0.616911	-0.417099	-0.375822	-0.594078	0.431434	-0.565414	0.144586	-0.656666	0.0087386	-0.74014	-0.0138918	-0.714267	0.254237	-0.651915
-0.19241	-0.693482	0.338819	-0.606022	-0.308586	-0.595142	0.408491	-0.619448	-0.615979	0.186666	0.490765	-0.587261	0.102774	0.385761	0.278877	-0.873415	-0.378165	-0.340903	-0.195015	-0.838299	-0.734493	0.0426782	-0.350317	-0.579635	-0.636576	-0.203824	0.609716	-0.425997	-0.379001	-0.593161	0.430391	-0.56505	0.147549	-0.657084	0.00609264	-0.739211	-0.00801195	-0.709802	0.243459	-0.660942
-0.19067	-0.6967	0.332094	-0.606604	-0.306987	-0.597906	0.406032	-0.619198	-0.614943	0.187165	0.489559	-0.589191	0.10336	0.385215	0.27806	-0.873847	-0.377	-0.341993	-0.195586	-0.838247	-0.731992	0.0422928	-0.353016	-0.581188	-0.639211	-0.197174	0.596613	-0.443379	-0.384761	-0.592254	0.426837	-0.564804	0.147646	-0.659049	0.00423604	-0.737453	-0.00801195	-0.709802	0.243459	-0.660942
-0.191915	-0.697674	0.328737	-0.60692	-0.306978	-0.599006	0.404476	-0.619157	-0.614624	0.18772	0.489193	-0.589651	0.104697	0.384882	0.276565	-0.874309	-0.375828	-0.344095	-0.196827	-0.837622	-0.730999	0.042204	-0.354491	-0.581546	-0.640663	-0.193398	0.590197	-0.45146	-0.38751	-0.592616	0.423936	-0.56473	0.145322	-0.662844	-0.000768207	-0.73452	-0.0108752	-0.712734	0.231055	-0.662198
-0.198305	-0.698869	0.322923	-0.606611	-0.308192	-0.600463	0.400047	-0.620019	-0.61376	0.187513	0.488506	-0.591184	0.106638	0.383788	0.276542	-0.874562	-0.375499	-0.344797	-0.19838	-0.837115	-0.729465	0.0432046	-0.357389	-0.581625	-0.643457	-0.186079	0.578877	-0.465014	-0.39579	-0.5919	0.41893	-0.563473	0.143261	-0.670744	-0.000795064	-0.727721	-0.0123314	-0.719491	0.215168	-0.660215
-0.201613	-0.699005	0.320098	-0.606862	-0.309361	-0.600661	0.396939	-0.621242	-0.613355	0.186746	0.48831	-0.592009	0.107862	0.382683	0.277241	-0.874675	-0.374067	-0.34552	-0.203009	-0.836348	-0.728897	0.0444262	-0.358833	-0.581355	-0.645515	-0.182028	0.573393	-0.470528	-0.401307	-0.590817	0.416322	-0.56264	0.140771	-0.675227	-0.00241308	-0.724049	-0.0144592	-0.724258	0.207591	-0.657379
-0.205005	-0.69879	0.317007	-0.607596	-0.310475	-0.601058	0.393141	-0.622715	-0.612809	0.185134	0.488171	-0.593194	0.109542	0.380953	0.278567	-0.874801	-0.372539	-0.345587	-0.206282	-0.836201	-0.728175	0.046314	-0.360135	-0.581308	-0.647473	-0.179623	0.567804	-0.475513	-0.407755	-0.589154	0.413251	-0.562011	0.140612	-0.680474	-0.00220701	-0.719151	-0.0123167	-0.728987	0.197077	-0.655429
-0.211833	-0.697812	0.308641	-0.610676	-0.312567	-0.602	0.38285	-0.627155	-0.610359	0.180143	0.487292	-0.597961	0.114328	0.375567	0.282197	-0.875353	-0.367802	-0.345606	-0.216292	-0.835761	-0.725218	0.0509795	-0.363063	-0.582791	-0.650093	-0.181972	0.55336	-0.487912	-0.421587	-0.584979	0.40525	-0.561994	0.140706	-0.685668	-0.0171348	-0.713981	-0.0136649	-0.737781	0.18341	-0.649503
-0.214572	-0.697536	0.303564	-0.612577	-0.31394	-0.603351	0.366929	-0.634644	-0.606745	0.175414	0.484045	-0.605632	0.117393	0.372032	0.283381	-0.876074	-0.364874	-0.345455	-0.222868	-0.835379	-0.720592	0.0563201	-0.366166	-0.586086	-0.652855	-0.183707	0.543071	-0.495083	-0.439829	-0.575212	0.399313	-0.562345	0.138602	-0.686398	-0.0252084	-0.713451	-0.0178541	-0.743135	0.180448	-0.644104
-0.219174	-0.69558	0.289657	-0.619863	-0.314239	-0.604746	0.3569	-0.638873	-0.604684	0.17284	0.481053	-0.610796	0.125449	0.362681	0.284511	-0.878509	-0.358579	-0.344182	-0.238067	-0.834436	-0.718002	0.0594983	-0.367365	-0.588198	-0.654836	-0.184594	0.53881	-0.496789	-0.449867	-0.569246	0.395127	-0.56343	0.14055	-0.688439	-0.041391	-0.710341	-0.0219134	-0.752791	0.167899	-0.63611
-0.224307	-0.692923	0.283303	-0.623926	-0.314413	-0.608098	0.334345	-0.647745	-0.602796	0.16776	0.473858	-0.619639	0.129273	0.35708	0.284576	-0.880227	-0.354457	-0.343478	-0.246559	-0.834021	-0.713375	0.0648596	-0.369059	-0.592186	-0.658909	-0.18452	0.536079	-0.494378	-0.471277	-0.55801	0.38057	-0.567177	0.143366	-0.688447	-0.056427	-0.708733	-0.0270479	-0.756292	0.163173	-0.632981
-0.229606	-0.690784	0.27791	-0.626789	-0.314413	-0.608098	0.334345	-0.647745	-0.602796	0.16776	0.473858	-0.619639	0.131819	0.351476	0.285227	-0.881892	-0.349907	-0.342725	-0.254921	-0.833739	-0.713375	0.0648596	-0.369059	-0.592186	-0.658909	-0.18452	0.536079	-0.494378	-0.471277	-0.55801	0.38057	-0.567177	0.142158	-0.690183	-0.067105	-0.706353	-0.0370918	-0.758999	0.163149	-0.629227
-0.231461	-0.690027	0.271074	-0.629927	-0.315569	-0.60905	0.3231	-0.651982	-0.602796	0.16776	0.473858	-0.619639	0.133055	0.345997	0.28642	-0.883485	-0.345073	-0.341779	-0.262186	-0.833888	-0.711383	0.0666335	-0.369562	-0.594069	-0.661022	-0.182694	0.537902	-0.490239	-0.485725	-0.549215	0.372254	-0.569087	0.136825	-0.696324	-0.0694549	-0.701133	-0.052258	-0.761194	0.167834	-0.624247
-0.230136	-0.694386	0.254691	-0.632454	-0.316919	-0.610163	0.307208	-0.657941	-0.604133	0.16038	0.46421	-0.627544	0.132689	0.337757	0.287049	-0.88652	-0.335917	-0.342911	-0.271535	-0.834171	-0.70641	0.0671036	-0.372937	-0.59783	-0.663452	-0.183717	0.529463	-0.495731	-0.514981	-0.52894	0.349893	-0.576709	0.12986	-0.707574	-0.077163	-0.690305	-0.0822047	-0.762927	0.173122	-0.617425
-0.240434	-0.693323	0.242409	-0.634612	-0.315544	-0.610173	0.297253	-0.663145	-0.604798	0.16117	0.460463	-0.629458	0.132347	0.334711	0.284556	-0.888527	-0.333072	-0.345082	-0.273343	-0.833826	-0.702048	0.0644897	-0.378002	-0.60007	-0.663335	-0.186697	0.524041	-0.500512	-0.522967	-0.528224	0.309935	-0.592811	0.133009	-0.717114	-0.0933559	-0.677747	-0.101325	-0.761268	0.166146	-0.618547
-0.244069	-0.694741	0.230766	-0.636012	-0.316181	-0.610105	0.289013	-0.666538	-0.602737	0.164655	0.460912	-0.630203	0.137391	0.334914	0.282287	-0.888409	-0.332804	-0.341435	-0.276749	-0.834311	-0.700293	0.0644682	-0.378612	-0.601736	-0.656024	-0.193778	0.508055	-0.523415	-0.484993	-0.56748	0.316192	-0.585467	0.140409	-0.719486	-0.117168	-0.669998	-0.114893	-0.7601	0.156807	-0.620048
-0.246556	-0.6945	0.225833	-0.637087	-0.316933	-0.610436	0.282666	-0.668596	-0.600909	0.164054	0.46286	-0.630678	0.140152	0.335134	0.283731	-0.887434	-0.331168	-0.341111	-0.280215	-0.833937	-0.699629	0.0638887	-0.38002	-0.601683	-0.650072	-0.198227	0.504903	-0.532152	-0.427092	-0.617391	0.34793	-0.561574	0.140113	-0.723556	-0.119138	-0.665313	-0.120788	-0.759233	0.153421	-0.620836
-0.255874	-0.692268	0.218335	-0.638454	-0.318168	-0.609897	0.280999	-0.669205	-0.594711	0.162433	0.46682	-0.634046	0.145637	0.335845	0.286377	-0.88543	-0.331002	-0.343091	-0.281049	-0.832909	-0.700402	0.0622025	-0.380483	-0.600667	-0.635389	-0.195928	0.537148	-0.519004	-0.392981	-0.643194	0.356458	-0.552091	0.142066	-0.730489	-0.122164	-0.656718	-0.127748	-0.75649	0.145339	-0.624724
-0.259957	-0.691998	0.215561	-0.63804	-0.320024	-0.609374	0.28005	-0.669193	-0.591933	0.163031	0.468226	-0.635453	0.148721	0.33637	0.286365	-0.884722	-0.334293	-0.343489	-0.279052	-0.832102	-0.70434	0.0601284	-0.379142	-0.59711	-0.624464	-0.197717	0.556714	-0.510903	-0.297358	-0.703461	0.341923	-0.547548	0.14503	-0.731237	-0.129512	-0.653823	-0.130984	-0.754893	0.142081	-0.626731
-0.267053	-0.692261	0.212657	-0.635794	-0.325108	-0.609461	0.280588	-0.666433	-0.589929	0.162685	0.470012	-0.636086	0.152591	0.336103	0.287721	-0.883723	-0.345076	-0.343561	-0.274813	-0.829075	-0.707247	0.0590158	-0.378218	-0.594366	-0.592848	-0.218228	0.592746	-0.499559	-0.253534	-0.725172	0.333073	-0.546726	0.147134	-0.732114	-0.138457	-0.65053	-0.140378	-0.752047	0.13968	-0.628656
-0.267465	-0.693256	0.211674	-0.634864	-0.328473	-0.60944	0.282157	-0.664136	-0.590333	0.161579	0.470595	-0.635563	0.152582	0.33552	0.289234	-0.883453	-0.352372	-0.343825	-0.271791	-0.82689	-0.713676	0.0559813	-0.37734	-0.587492	-0.569134	-0.242504	0.603319	-0.503274	-0.189502	-0.746959	0.314552	-0.554254	0.146004	-0.733696	-0.138819	-0.648924	-0.144515	-0.751418	0.138252	-0.628786
-0.265339	-0.694608	0.210941	-0.634522	-0.332023	-0.608678	0.284219	-0.662186	-0.590994	0.161222	0.470631	-0.635012	0.152166	0.334786	0.290155	-0.883501	-0.359938	-0.34466	-0.268189	-0.824457	-0.713676	0.0559813	-0.37734	-0.587492	-0.548721	-0.270134	0.604195	-0.510766	-0.189502	-0.746959	0.314552	-0.554254	0.146334	-0.733881	-0.142479	-0.647847	-0.147647	-0.751481	0.135897	-0.628497
-0.263437	-0.695841	0.211747	-0.633696	-0.334957	-0.607882	0.286723	-0.660358	-0.592249	0.162292	0.470013	-0.634027	0.151296	0.334386	0.289927	-0.883876	-0.367816	-0.346481	-0.265045	-0.821227	-0.717101	0.0530632	-0.377414	-0.583531	-0.528789	-0.296126	0.60697	-0.51408	-0.16319	-0.750925	0.299472	-0.565506	0.147787	-0.733839	-0.146053	-0.646767	-0.147148	-0.75222	0.130709	-0.62883
-0.258434	-0.6954	0.215786	-0.634876	-0.338646	-0.60587	0.293901	-0.657163	-0.594291	0.167667	0.469283	-0.631252	0.149245	0.336554	0.286628	-0.884478	-0.384641	-0.349791	-0.256615	-0.814768	-0.723776	0.0456546	-0.376731	-0.576314	-0.503292	-0.331517	0.618577	-0.504139	-0.124968	-0.747973	0.267323	-0.594524	0.151719	-0.733345	-0.154759	-0.644388	-0.14338	-0.754364	0.118766	-0.629501
-0.256227	-0.694314	0.219185	-0.635794	-0.339728	-0.60464	0.29839	-0.655713	-0.594306	0.17059	0.469691	-0.630151	0.14929	0.338316	0.285008	-0.884322	-0.392382	-0.350009	-0.251831	-0.812472	-0.727258	0.0423703	-0.374385	-0.573704	-0.495465	-0.346655	0.620967	-0.498744	-0.119386	-0.742879	0.25673	-0.606603	0.150535	-0.733809	-0.15618	-0.643794	-0.143385	-0.756063	0.115606	-0.628049
-0.253703	-0.689046	0.228176	-0.639363	-0.339883	-0.603006	0.308814	-0.652302	-0.593281	0.174804	0.471931	-0.628285	0.150466	0.342222	0.2827	-0.88336	-0.40592	-0.348317	-0.24164	-0.809638	-0.734206	0.034693	-0.368003	-0.569484	-0.494069	-0.361784	0.628404	-0.479705	-0.133102	-0.727361	0.248535	-0.625667	0.141854	-0.737153	-0.148468	-0.64377	-0.143239	-0.758898	0.113182	-0.625097
-0.251726	-0.686003	0.232936	-0.641697	-0.339221	-0.602486	0.31457	-0.650373	-0.592707	0.174654	0.473888	-0.627395	0.151172	0.343751	0.283708	-0.882322	-0.410629	-0.347567	-0.23763	-0.808772	-0.737158	0.0316876	-0.364602	-0.568031	-0.50132	-0.359841	0.63627	-0.462984	-0.139154	-0.722189	0.240999	-0.633245	0.136778	-0.740432	-0.142242	-0.642511	-0.144628	-0.765203	0.111162	-0.617405
-0.248031	-0.686684	0.238866	-0.640225	-0.338168	-0.602426	0.320876	-0.647891	-0.592341	0.171571	0.476707	-0.626455	0.151251	0.344603	0.287501	-0.880747	-0.413308	-0.348617	-0.234122	-0.807979	-0.739434	0.0285887	-0.362181	-0.566785	-0.5087	-0.355977	0.63823	-0.455157	-0.137392	-0.722702	0.229378	-0.637346	0.127969	-0.745149	-0.133487	-0.640748	-0.146085	-0.767614	0.110619	-0.614159
-0.243478	-0.687011	0.243918	-0.639718	-0.337356	-0.602189	0.327213	-0.645361	-0.59238	0.167593	0.479904	-0.625052	0.150088	0.345632	0.292308	-0.878959	-0.415039	-0.351038	-0.229175	-0.807461	-0.739434	0.0285887	-0.362181	-0.566785	-0.504422	-0.361373	0.632927	-0.463001	-0.139974	-0.72166	0.225179	-0.63946	0.115706	-0.750039	-0.123979	-0.639283	-0.147396	-0.769833	0.10895	-0.61136
-0.240267	-0.686533	0.249531	-0.639279	-0.336161	-0.602185	0.332845	-0.643104	-0.592567	0.165009	0.482778	-0.623346	0.148213	0.347159	0.296041	-0.877424	-0.416973	-0.353764	-0.223474	-0.806873	-0.743063	0.0199171	-0.360865	-0.563239	-0.49692	-0.372388	0.624604	-0.47357	-0.141779	-0.719917	0.220873	-0.642522	0.108944	-0.753605	-0.113637	-0.638198	-0.151615	-0.77215	0.110746	-0.607069
-0.220997	-0.690608	0.253993	-0.640085	-0.331958	-0.602256	0.341522	-0.640667	-0.59345	0.16409	0.485952	-0.620276	0.144688	0.352103	0.298623	-0.875165	-0.420467	-0.358327	-0.214936	-0.805364	-0.744425	0.00883912	-0.358863	-0.563001	-0.499281	-0.387042	0.61459	-0.472438	-0.142271	-0.713927	0.203046	-0.654858	0.0964903	-0.74671	-0.116732	-0.647679	-0.173939	-0.784103	0.148677	-0.576908
-0.219703	-0.690437	0.25638	-0.639763	-0.330328	-0.602666	0.343312	-0.640167	-0.594491	0.165774	0.488295	-0.616982	0.143304	0.354121	0.298735	-0.87454	-0.421603	-0.361409	-0.209712	-0.80477	-0.744158	0.00631909	-0.357988	-0.563945	-0.500511	-0.388041	0.613215	-0.472103	-0.147011	-0.709293	0.198476	-0.660226	0.0947584	-0.750534	-0.0858345	-0.648346	-0.165306	-0.790451	0.153676	-0.569426
-0.220937	-0.689422	0.263947	-0.637351	-0.328669	-0.602274	0.347698	-0.639021	-0.595369	0.165175	0.491467	-0.613769	0.139864	0.357836	0.300625	-0.872935	-0.418351	-0.36297	-0.207799	-0.80626	-0.743711	0.00245342	-0.356188	-0.565701	-0.510299	-0.382938	0.616205	-0.461784	-0.151335	-0.706939	0.197969	-0.661924	0.114198	-0.739357	-0.0777975	-0.658983	-0.116892	-0.803951	0.141935	-0.565556
-0.219102	-0.689549	0.266371	-0.636838	-0.32888	-0.60136	0.34917	-0.638971	-0.595937	0.165065	0.492924	-0.612077	0.138748	0.359314	0.301551	-0.872186	-0.418351	-0.36297	-0.207799	-0.80626	-0.743462	0.0015833	-0.354912	-0.566832	-0.515626	-0.379754	0.617363	-0.456924	-0.1542	-0.705462	0.195709	-0.663509	0.114198	-0.739357	-0.0777975	-0.658983	-0.0973183	-0.80733	0.143147	-0.564142
-0.216487	-0.68977	0.268371	-0.636653	-0.329027	-0.600565	0.350036	-0.639169	-0.596563	0.165147	0.493916	-0.610645	0.138043	0.360433	0.301968	-0.871692	-0.415306	-0.361377	-0.206776	-0.808808	-0.742836	0.00166791	-0.353721	-0.568396	-0.51712	-0.380129	0.615912	-0.456882	-0.157068	-0.70429	0.194417	-0.66446	0.149521	-0.724676	-0.0855206	-0.667214	-0.0768055	-0.80958	0.145265	-0.563542
-0.212845	-0.690667	0.270177	-0.636145	-0.328643	-0.600047	0.350646	-0.639519	-0.597292	0.165305	0.494278	-0.609595	0.137067	0.361151	0.301919	-0.871566	-0.415306	-0.361377	-0.206776	-0.808808	-0.741666	0.00238788	-0.353008	-0.57036	-0.516403	-0.382486	0.612601	-0.460166	-0.159101	-0.703724	0.192732	-0.665066	0.163517	-0.716251	-0.0830174	-0.673316	-0.0579099	-0.81065	0.149663	-0.563111
-0.212845	-0.690667	0.270177	-0.636145	-0.328643	-0.600047	0.350646	-0.639519	-0.597292	0.165305	0.494278	-0.609595	0.137067	0.361151	0.301919	-0.871566	-0.414406	-0.360378	-0.207275	-0.809588	-0.741666	0.00238788	-0.353008	-0.57036	-0.516403	-0.382486	0.612601	-0.460166	-0.159101	-0.703724	0.192732	-0.665066	0.163517	-0.716251	-0.0830174	-0.673316	-0.0579099	-0.81065	0.149663	-0.563111
-0.203532	-0.693523	0.271445	-0.635545	-0.325842	-0.600668	0.351176	-0.640078	-0.598393	0.165076	0.494668	-0.608259	0.135055	0.361954	0.302244	-0.871435	-0.412181	-0.358929	-0.208117	-0.81115	-0.738076	0.00532176	-0.353391	-0.574744	-0.516849	-0.384685	0.606262	-0.466188	-0.165531	-0.703385	0.190844	-0.6644	0.180789	-0.702951	-0.068151	-0.684493	-0.02807	-0.807774	0.165879	-0.564975
-0.199202	-0.69454	0.270391	-0.636256	-0.323534	-0.601577	0.351052	-0.640463	-0.598463	0.16458	0.494999	-0.608056	0.135055	0.361954	0.302244	-0.871435	-0.412181	-0.358929	-0.208117	-0.81115	-0.73621	0.00646661	-0.354122	-0.576673	-0.517646	-0.384253	0.603973	-0.468625	-0.169661	-0.703382	0.190426	-0.663481	0.180789	-0.702951	-0.068151	-0.684493	-0.0180676	-0.803739	0.176557	-0.567895
-0.195168	-0.695795	0.268986	-0.636731	-0.320826	-0.602649	0.350869	-0.640919	-0.59825	0.164016	0.49553	-0.607985	0.13466	0.362596	0.303192	-0.870899	-0.408686	-0.358253	-0.208838	-0.81303	-0.734428	0.00725684	-0.354937	-0.578431	-0.518259	-0.383656	0.601069	-0.472156	-0.173991	-0.703388	0.189913	-0.662499	0.197363	-0.69272	-0.0551561	-0.69148	-0.00322619	-0.798034	0.181846	-0.574511
-0.186328	-0.699234	0.264219	-0.637607	-0.314401	-0.605846	0.350005	-0.64156	-0.596866	0.162281	0.497493	-0.608208	0.135891	0.363097	0.305345	-0.869746	-0.404176	-0.358148	-0.207995	-0.815543	-0.731411	0.00807099	-0.3556	-0.581826	-0.517374	-0.384912	0.592996	-0.482206	-0.178569	-0.70386	0.183314	-0.662639	0.207006	-0.687297	-0.05319	-0.694221	0.0298013	-0.781789	0.180403	-0.596131
-0.178632	-0.702974	0.257282	-0.638532	-0.308271	-0.609891	0.348525	-0.641508	-0.594875	0.160224	0.500489	-0.608246	0.137469	0.364133	0.308482	-0.867956	-0.399617	-0.358812	-0.206041	-0.81799	-0.728783	0.00721475	-0.355502	-0.585185	-0.51884	-0.384268	0.583328	-0.49282	-0.184482	-0.703312	0.176092	-0.663559	0.230937	-0.671577	-0.0593194	-0.701522	0.0490772	-0.768993	0.174633	-0.612981
-0.176781	-0.704313	0.253551	-0.639064	-0.30565	-0.611923	0.347399	-0.641437	-0.594119	0.159056	0.502064	-0.607993	0.137922	0.364758	0.31026	-0.866988	-0.397608	-0.359728	-0.205036	-0.818818	-0.727326	0.0057805	-0.35579	-0.586836	-0.519444	-0.383695	0.578402	-0.498405	-0.187639	-0.702915	0.171973	-0.664174	0.238351	-0.666547	-0.0667134	-0.703174	0.060643	-0.762326	0.166306	-0.622514
-0.176203	-0.704882	0.249804	-0.640072	-0.302822	-0.614727	0.344664	-0.641573	-0.593378	0.157732	0.503461	-0.607906	0.138574	0.365482	0.313323	-0.865476	-0.394045	-0.36255	-0.203937	-0.81957	-0.724267	0.00269193	-0.356709	-0.590075	-0.519919	-0.383151	0.572946	-0.504591	-0.194197	-0.702382	0.163023	-0.665109	0.248651	-0.662195	-0.0803126	-0.702297	0.0726319	-0.754624	0.154917	-0.633457
-0.176203	-0.704882	0.249804	-0.640072	-0.302822	-0.614727	0.344664	-0.641573	-0.593378	0.157732	0.503461	-0.607906	0.138574	0.365482	0.313323	-0.865476	-0.394045	-0.36255	-0.203937	-0.81957	-0.724267	0.00269193	-0.356709	-0.590075	-0.519919	-0.383151	0.572946	-0.504591	-0.194197	-0.702382	0.163023	-0.665109	0.248651	-0.662195	-0.0803126	-0.702297	0.0726319	-0.754624	0.154917	-0.633457
-0.177568	-0.706663	0.237794	-0.642301	-0.302894	-0.615775	0.342019	-0.64195	-0.592831	0.15603	0.503858	-0.60855	0.137765	0.365348	0.313609	-0.865559	-0.391794	-0.365824	-0.20458	-0.819035	-0.721712	-0.000346805	-0.358911	-0.591874	-0.522242	-0.378904	0.557252	-0.522652	-0.199969	-0.702831	0.151355	-0.665682	0.24602	-0.66414	-0.0910753	-0.70007	0.0695896	-0.741974	0.146031	-0.650621
-0.1834	-0.708782	0.230601	-0.640949	-0.304158	-0.615899	0.340725	-0.641921	-0.594362	0.159011	0.501144	-0.608526	0.136969	0.365221	0.31215	-0.866265	-0.392094	-0.366678	-0.204174	-0.81861	-0.721333	-0.00149573	-0.360572	-0.591325	-0.525686	-0.372623	0.547308	-0.534097	-0.203578	-0.704907	0.134375	-0.666037	0.242359	-0.671825	-0.0884911	-0.694322	0.0563478	-0.746469	0.137686	-0.648577
-0.190189	-0.708697	0.231088	-0.638885	-0.305423	-0.615888	0.341459	-0.640941	-0.595889	0.160336	0.500584	-0.607144	0.133789	0.36634	0.308351	-0.867649	-0.394171	-0.36745	-0.204422	-0.817203	-0.722078	-0.00127377	-0.361543	-0.589821	-0.529081	-0.365288	0.544801	-0.538358	-0.206982	-0.706065	0.12685	-0.665236	0.239441	-0.686978	-0.0858041	-0.680711	0.0641472	-0.748015	0.116237	-0.650267
-0.205816	-0.707	0.236639	-0.633871	-0.308684	-0.617026	0.342904	-0.637502	-0.600282	0.15623	0.50353	-0.601425	0.127639	0.366978	0.314365	-0.866147	-0.394394	-0.370682	-0.205074	-0.815471	-0.724124	-0.0031695	-0.366246	-0.584379	-0.5364	-0.348883	0.542293	-0.544494	-0.223424	-0.705599	0.120042	-0.661665	0.236099	-0.698958	-0.0912345	-0.668873	0.0605697	-0.753634	0.0958012	-0.647448
-0.216012	-0.703032	0.237865	-0.634433	-0.312013	-0.617525	0.340183	-0.636856	-0.603527	0.146536	0.507923	-0.596906	0.123695	0.365251	0.3253	-0.863407	-0.394435	-0.377136	-0.207275	-0.811927	-0.723959	-0.0076409	-0.372513	-0.580568	-0.541427	-0.335783	0.538196	-0.551771	-0.237121	-0.703734	0.111028	-0.660458	0.232396	-0.69741	-0.107652	-0.669344	0.0520016	-0.764238	0.0844529	-0.637263
-0.229993	-0.68972	0.240839	-0.642951	-0.316318	-0.617414	0.337402	-0.63632	-0.603666	0.135259	0.511996	-0.595947	0.12321	0.361779	0.336474	-0.860651	-0.390139	-0.385063	-0.215572	-0.808113	-0.72126	-0.012151	-0.37876	-0.579808	-0.551601	-0.325562	0.53884	-0.547171	-0.261639	-0.693028	0.115784	-0.661703	0.23483	-0.691861	-0.126339	-0.670986	0.0352804	-0.773244	0.0886507	-0.626889
-0.229993	-0.68972	0.240839	-0.642951	-0.316318	-0.617414	0.337402	-0.63632	-0.603666	0.135259	0.511996	-0.595947	0.12321	0.361779	0.336474	-0.860651	-0.390139	-0.385063	-0.215572	-0.808113	-0.72126	-0.012151	-0.37876	-0.579808	-0.551601	-0.325562	0.53884	-0.547171	-0.261639	-0.693028	0.115784	-0.661703	0.23483	-0.691861	-0.126339	-0.670986	0.0352804	-0.773244	0.0886507	-0.626889
-0.238901	-0.679069	0.24254	-0.650359	-0.325466	-0.609927	0.332393	-0.641542	-0.603053	0.129102	0.508064	-0.601274	0.123585	0.358405	0.339937	-0.860648	-0.388124	-0.388635	-0.219931	-0.806196	-0.719843	-0.0149708	-0.38278	-0.578862	-0.56573	-0.308426	0.547752	-0.533658	-0.284296	-0.680331	0.126098	-0.663645	0.223175	-0.700869	-0.113054	-0.667978	0.0256408	-0.777719	0.0942031	-0.620984
-0.246062	-0.673808	0.243933	-0.652636	-0.33131	-0.605419	0.330943	-0.643567	-0.603415	0.132862	0.50291	-0.604417	0.124742	0.351905	0.332282	-0.866136	-0.392567	-0.386475	-0.227655	-0.802933	-0.720469	-0.0121744	-0.383114	-0.577927	-0.569549	-0.301064	0.550133	-0.531346	-0.292151	-0.675772	0.129901	-0.664158	0.208925	-0.705876	-0.10832	-0.668099	0.00797851	-0.785822	0.104031	-0.609588
-0.246062	-0.673808	0.243933	-0.652636	-0.33131	-0.605419	0.330943	-0.643567	-0.603415	0.132862	0.50291	-0.604417	0.124742	0.351905	0.332282	-0.866136	-0.392567	-0.386475	-0.227655	-0.802933	-0.720469	-0.0121744	-0.383114	-0.577927	-0.569549	-0.301064	0.550133	-0.531346	-0.292151	-0.675772	0.129901	-0.664158	0.208925	-0.705876	-0.10832	-0.668099	0.00797851	-0.785822	0.104031	-0.609588
-0.259939	-0.659992	0.248373	-0.659661	-0.343661	-0.596708	0.327422	-0.647017	-0.606443	0.142247	0.491544	-0.608586	0.123896	0.349436	0.325407	-0.869859	-0.395342	-0.383709	-0.233252	-0.80129	-0.723287	-0.0026526	-0.386365	-0.572338	-0.576363	-0.291603	0.55476	-0.524418	-0.307625	-0.667781	0.136033	-0.664026	0.202949	-0.711893	-0.0985448	-0.665063	0.0026374	-0.788192	0.106758	-0.606093
-0.262057	-0.657588	0.248683	-0.661106	-0.350381	-0.591374	0.326206	-0.648921	-0.608279	0.147234	0.485682	-0.610272	0.120147	0.344994	0.312156	-0.876985	-0.401277	-0.379836	-0.243384	-0.797161	-0.724924	0.00215161	-0.389331	-0.568244	-0.581256	-0.287774	0.555906	-0.5199	-0.314266	-0.664409	0.137552	-0.663986	0.191513	-0.717461	-0.0925515	-0.66333	-0.00815315	-0.791707	0.114451	-0.600029
-0.268565	-0.652863	0.248379	-0.663288	-0.361852	-0.580852	0.322388	-0.654019	-0.611897	0.160017	0.476085	-0.610999	0.118155	0.343986	0.304904	-0.880197	-0.405034	-0.378284	-0.248775	-0.794329	-0.728056	0.0121023	-0.394818	-0.560274	-0.585716	-0.287614	0.555614	-0.515275	-0.320669	-0.661197	0.137267	-0.664189	0.188523	-0.719342	-0.0890764	-0.662625	-0.0107468	-0.793572	0.11674	-0.597076
-0.271157	-0.650327	0.247534	-0.665039	-0.36651	-0.576385	0.320222	-0.656437	-0.612959	0.165994	0.472597	-0.611048	0.115572	0.344272	0.291733	-0.88488	-0.412577	-0.3752	-0.258554	-0.788768	-0.729761	0.0165596	-0.396745	-0.556568	-0.586344	-0.288547	0.5554	-0.514268	-0.320669	-0.661197	0.137267	-0.664189	0.186951	-0.716327	-0.0938484	-0.665671	-0.0120353	-0.797713	0.119387	-0.590979
-0.272764	-0.648144	0.246311	-0.666964	-0.370393	-0.572802	0.318617	-0.658171	-0.613256	0.171375	0.470011	-0.611258	0.115007	0.345206	0.286157	-0.886409	-0.4164	-0.372885	-0.261602	-0.78685	-0.7314	0.0208293	-0.398061	-0.553324	-0.587045	-0.289424	0.554741	-0.513687	-0.322848	-0.660397	0.136221	-0.664145	0.186147	-0.71541	-0.0952648	-0.66668	-0.0118247	-0.799283	0.120333	-0.588666
-0.275097	-0.645852	0.245384	-0.668568	-0.373425	-0.569642	0.317132	-0.659916	-0.612771	0.176141	0.468053	-0.611893	0.115025	0.346491	0.281095	-0.887524	-0.419344	-0.370847	-0.264539	-0.785266	-0.73304	0.0244538	-0.398749	-0.550503	-0.58828	-0.289054	0.555092	-0.5121	-0.323773	-0.660121	0.136523	-0.663906	0.18398	-0.715807	-0.0937136	-0.667075	-0.0117241	-0.800438	0.121514	-0.586853
-0.277389	-0.643641	0.244155	-0.670202	-0.375611	-0.566467	0.31543	-0.66222	-0.611775	0.180654	0.466824	-0.612512	0.115592	0.348082	0.276642	-0.888227	-0.421647	-0.369123	-0.267256	-0.783924	-0.734479	0.0273994	-0.398935	-0.548308	-0.589947	-0.287804	0.556219	-0.509658	-0.324815	-0.659882	0.13737	-0.663461	0.181309	-0.716756	-0.0905033	-0.667231	-0.0119334	-0.8014	0.123029	-0.585218
-0.27918	-0.641967	0.243284	-0.671379	-0.377275	-0.563335	0.313861	-0.664686	-0.611775	0.180654	0.466824	-0.612512	0.116632	0.349739	0.272824	-0.88862	-0.42371	-0.367329	-0.269399	-0.78292	-0.734479	0.0273994	-0.398935	-0.548308	-0.589947	-0.287804	0.556219	-0.509658	-0.325357	-0.660072	0.137951	-0.662886	0.178557	-0.718109	-0.0870077	-0.666983	-0.0117359	-0.80226	0.124201	-0.583793
-0.282157	-0.639284	0.242292	-0.673051	-0.379687	-0.558354	0.311956	-0.668402	-0.607605	0.191158	0.465764	-0.614278	0.119335	0.352987	0.266768	-0.888816	-0.42705	-0.362749	-0.27186	-0.78239	-0.738421	0.0341923	-0.39629	-0.544536	-0.592657	-0.287976	0.556053	-0.506589	-0.324187	-0.661649	0.137011	-0.662082	0.176023	-0.720263	-0.0836713	-0.66576	-0.00818028	-0.803141	0.124192	-0.582643
-0.282157	-0.639284	0.242292	-0.673051	-0.380345	-0.556516	0.311298	-0.669866	-0.606359	0.193484	0.465929	-0.614657	0.120327	0.354449	0.264675	-0.888726	-0.42832	-0.360766	-0.272628	-0.782345	-0.739485	0.0359491	-0.395087	-0.543852	-0.592657	-0.287976	0.556053	-0.506589	-0.324994	-0.661622	0.138137	-0.661478	0.176023	-0.720263	-0.0836713	-0.66576	-0.00818028	-0.803141	0.124192	-0.582643
-0.282157	-0.639284	0.242292	-0.673051	-0.380739	-0.554779	0.310762	-0.671331	-0.605308	0.195653	0.466119	-0.614862	0.120327	0.354449	0.264675	-0.888726	-0.42832	-0.360766	-0.272628	-0.782345	-0.740233	0.037449	-0.393965	-0.543548	-0.592657	-0.287976	0.556053	-0.506589	-0.325101	-0.661994	0.138676	-0.66094	0.176023	-0.720263	-0.0836713	-0.66576	-0.00818028	-0.803141	0.124192	-0.582643
-0.286548	-0.635918	0.240509	-0.675021	-0.380936	-0.553236	0.310197	-0.672752	-0.604464	0.197801	0.466496	-0.614719	0.121635	0.35752	0.261317	-0.888312	-0.430647	-0.357664	-0.273332	-0.782246	-0.740796	0.0384538	-0.392871	-0.543503	-0.594553	-0.288913	0.556621	-0.5032	-0.324671	-0.662723	0.138973	-0.660358	0.172589	-0.7228	-0.0807897	-0.664264	-0.00511348	-0.804049	0.126849	-0.580852
-0.287694	-0.634662	0.239761	-0.675981	-0.381141	-0.551793	0.309788	-0.674009	-0.603638	0.199554	0.467041	-0.61455	0.122358	0.359018	0.260104	-0.887964	-0.431604	-0.356074	-0.273768	-0.782292	-0.741208	0.0393698	-0.391669	-0.543743	-0.59494	-0.28897	0.556737	-0.50258	-0.324179	-0.6635	0.139457	-0.659718	0.172589	-0.7228	-0.0807897	-0.664264	-0.00505736	-0.804428	0.128133	-0.580044
-0.287694	-0.634662	0.239761	-0.675981	-0.381446	-0.550221	0.309591	-0.675211	-0.602673	0.201213	0.467797	-0.614382	0.122358	0.359018	0.260104	-0.887964	-0.431604	-0.356074	-0.273768	-0.782292	-0.741593	0.0400204	-0.390454	-0.544044	-0.59494	-0.28897	0.556737	-0.50258	-0.323844	-0.664198	0.139834	-0.6591	0.172589	-0.7228	-0.0807897	-0.664264	-0.00505736	-0.804428	0.128133	-0.580044
-0.289324	-0.633495	0.239229	-0.676569	-0.381726	-0.548724	0.309309	-0.676399	-0.601713	0.203003	0.468592	-0.614128	0.12347	0.362323	0.257878	-0.887117	-0.432376	-0.354694	-0.274234	-0.782329	-0.7419	0.0405664	-0.389281	-0.544425	-0.596042	-0.288833	0.557092	-0.500957	-0.32389	-0.664696	0.140455	-0.658443	0.171634	-0.724161	-0.0783997	-0.663315	-0.00490666	-0.804695	0.130109	-0.579235
-0.289588	-0.633619	0.238747	-0.676509	-0.381802	-0.54766	0.309025	-0.677347	-0.601039	0.204634	0.469261	-0.613736	0.123997	0.363775	0.256928	-0.886724	-0.433661	-0.352322	-0.274454	-0.782612	-0.74217	0.0411279	-0.388267	-0.54474	-0.596564	-0.289138	0.557058	-0.500196	-0.324027	-0.665117	0.141057	-0.657821	0.17053	-0.726045	-0.075973	-0.66182	-0.00483884	-0.804814	0.130796	-0.578916
-0.29048	-0.633199	0.237825	-0.676845	-0.381671	-0.546338	0.308596	-0.678683	-0.600135	0.206544	0.469981	-0.613429	0.125036	0.365556	0.255516	-0.886254	-0.434356	-0.350921	-0.274756	-0.782751	-0.742593	0.0417731	-0.386925	-0.545069	-0.597499	-0.29012	0.556133	-0.499542	-0.324313	-0.665858	0.141944	-0.656739	0.170888	-0.727252	-0.0749029	-0.660523	-0.00470292	-0.805233	0.131759	-0.578115
-0.291039	-0.632833	0.23751	-0.677058	-0.381215	-0.545839	0.308716	-0.679286	-0.59972	0.207387	0.470152	-0.613419	0.125189	0.366215	0.254896	-0.886139	-0.43457	-0.350276	-0.274539	-0.782997	-0.742839	0.0422019	-0.386192	-0.545219	-0.598085	-0.290415	0.555604	-0.499258	-0.325194	-0.665987	0.142601	-0.65603	0.170573	-0.727849	-0.0738497	-0.660066	-0.00473284	-0.805547	0.132251	-0.577565
-0.292947	-0.632038	0.238055	-0.676786	-0.380938	-0.54589	0.30895	-0.679294	-0.599137	0.208051	0.470586	-0.613432	0.125468	0.366949	0.254347	-0.885954	-0.434649	-0.349162	-0.273807	-0.783707	-0.743305	0.0427036	-0.384893	-0.545465	-0.599826	-0.289638	0.555732	-0.497474	-0.326099	-0.665751	0.143266	-0.655675	0.169113	-0.729243	-0.0716409	-0.659145	-0.00506672	-0.806617	0.133138	-0.575863
-0.294004	-0.631456	0.238489	-0.676719	-0.380771	-0.54613	0.309962	-0.678734	-0.598821	0.207336	0.471111	-0.61358	0.125596	0.367025	0.25455	-0.885845	-0.43457	-0.348706	-0.273352	-0.784112	-0.743636	0.042601	-0.383822	-0.545776	-0.601436	-0.288419	0.556214	-0.495697	-0.327268	-0.665603	0.143653	-0.655158	0.168755	-0.729872	-0.0710267	-0.658607	-0.00542015	-0.807228	0.133641	-0.574885
-0.296613	-0.630409	0.240184	-0.675956	-0.380684	-0.546341	0.310721	-0.678265	-0.59885	0.207046	0.471475	-0.613369	0.125545	0.367327	0.255155	-0.885554	-0.434117	-0.348531	-0.27236	-0.784785	-0.743635	0.0421804	-0.383558	-0.545995	-0.602289	-0.287745	0.556227	-0.495037	-0.328156	-0.665339	0.144038	-0.654897	0.166255	-0.732154	-0.067787	-0.65705	-0.00638368	-0.808292	0.134649	-0.573144
-0.29793	-0.630055	0.241075	-0.67539	-0.38073	-0.54702	0.312489	-0.676878	-0.599089	0.206613	0.471856	-0.612989	0.125211	0.367445	0.255732	-0.885385	-0.434036	-0.34893	-0.271482	-0.784958	-0.743482	0.0403735	-0.383647	-0.546278	-0.603166	-0.286978	0.556484	-0.494125	-0.329593	-0.66494	0.144619	-0.654452	0.164973	-0.733341	-0.0660835	-0.656223	-0.00648233	-0.808787	0.134783	-0.572412
-0.298973	-0.629972	0.241825	-0.674738	-0.38073	-0.54702	0.312489	-0.676878	-0.599578	0.205982	0.472225	-0.612439	0.124518	0.367566	0.256522	-0.885205	-0.434112	-0.349563	-0.270631	-0.784928	-0.743482	0.0403735	-0.383647	-0.546278	-0.603994	-0.286211	0.556773	-0.493232	-0.329593	-0.66494	0.144619	-0.654452	0.163984	-0.733795	-0.0646584	-0.656105	-0.0064956	-0.809396	0.134827	-0.57154
-0.300717	-0.629861	0.243108	-0.673605	-0.381199	-0.547769	0.313565	-0.67551	-0.601123	0.205057	0.472804	-0.610786	0.122347	0.367916	0.257942	-0.884949	-0.434332	-0.351249	-0.269644	-0.784393	-0.743436	0.038206	-0.384088	-0.546186	-0.60521	-0.284806	0.55681	-0.492513	-0.329975	-0.665201	0.144576	-0.654005	0.161982	-0.734506	-0.0628555	-0.655981	-0.007022	-0.810635	0.13544	-0.569629
-0.301535	-0.629933	0.243746	-0.67294	-0.381488	-0.548242	0.314016	-0.674753	-0.601963	0.204565	0.472937	-0.61002	0.121211	0.367906	0.258596	-0.884919	-0.434382	-0.352297	-0.269183	-0.784054	-0.743556	0.036961	-0.384416	-0.545879	-0.605893	-0.284008	0.557006	-0.491913	-0.330242	-0.665212	0.144594	-0.653855	0.160784	-0.735134	-0.061289	-0.655722	-0.00669698	-0.81101	0.135141	-0.56917
-0.30284	-0.630189	0.244512	-0.671836	-0.382144	-0.549208	0.314472	-0.673383	-0.603737	0.203615	0.472827	-0.608668	0.119287	0.367418	0.259746	-0.885046	-0.434049	-0.354578	-0.268371	-0.783487	-0.743736	0.034774	-0.385407	-0.545078	-0.606954	-0.283526	0.557176	-0.490688	-0.32976	-0.665688	0.143825	-0.653783	0.159784	-0.736236	-0.0588475	-0.654952	-0.00585853	-0.811111	0.134469	-0.569195
-0.302921	-0.630727	0.244516	-0.671293	-0.38251	-0.549556	0.314417	-0.672917	-0.604528	0.203275	0.472499	-0.608251	0.118469	0.367021	0.260017	-0.885241	-0.43376	-0.355689	-0.268629	-0.783055	-0.743771	0.0337618	-0.385937	-0.544717	-0.60723	-0.283541	0.557011	-0.490525	-0.329094	-0.666133	0.143186	-0.653805	0.159857	-0.736702	-0.0582168	-0.654466	-0.0052061	-0.810907	0.133814	-0.569646
-0.302982	-0.631273	0.244443	-0.670778	-0.382872	-0.549866	0.314179	-0.672568	-0.605077	0.203157	0.47206	-0.608086	0.117813	0.366603	0.260021	-0.885501	-0.43376	-0.355689	-0.268629	-0.783055	-0.743737	0.0329886	-0.386469	-0.544434	-0.607284	-0.283818	0.556734	-0.490613	-0.327881	-0.666775	0.142007	-0.654018	0.160321	-0.737025	-0.0579796	-0.654011	-0.00480852	-0.810542	0.133261	-0.570298
-0.302859	-0.631876	0.244073	-0.670401	-0.38307	-0.550335	0.313817	-0.672241	-0.605431	0.202966	0.471581	-0.608169	0.117571	0.366115	0.259901	-0.88577	-0.433398	-0.357461	-0.268744	-0.782409	-0.743621	0.0324614	-0.3871	-0.544176	-0.607115	-0.284782	0.556246	-0.490816	-0.325814	-0.667596	0.140243	-0.654594	0.161189	-0.737332	-0.0577821	-0.653468	-0.00406574	-0.809967	0.132327	-0.571337
-0.302083	-0.633425	0.242877	-0.669723	-0.383055	-0.551398	0.312389	-0.672043	-0.605412	0.201865	0.470772	-0.60918	0.118029	0.364925	0.259981	-0.886176	-0.433034	-0.358114	-0.26902	-0.782218	-0.74298	0.0325613	-0.38849	-0.544056	-0.607024	-0.286694	0.55517	-0.491035	-0.324742	-0.668006	0.139322	-0.654905	0.162892	-0.738122	-0.0575144	-0.652177	-0.0027063	-0.808506	0.13069	-0.573786
-0.301682	-0.634251	0.242166	-0.66938	-0.382896	-0.551953	0.311702	-0.671998	-0.605054	0.201066	0.470568	-0.609957	0.118471	0.364246	0.260277	-0.88631	-0.431716	-0.358705	-0.270377	-0.782208	-0.742474	0.0331261	-0.389195	-0.544208	-0.606752	-0.287709	0.554553	-0.491474	-0.323675	-0.668399	0.138495	-0.655207	0.163776	-0.738374	-0.0575675	-0.651665	-0.00212439	-0.807782	0.13008	-0.574946
-0.300559	-0.635928	0.240263	-0.668979	-0.382084	-0.553387	0.310396	-0.671885	-0.605054	0.201066	0.470568	-0.609957	0.120129	0.362538	0.261817	-0.886334	-0.429589	-0.358359	-0.27141	-0.783179	-0.741094	0.0350689	-0.390666	-0.544913	-0.606163	-0.289464	0.553584	-0.492263	-0.322168	-0.668783	0.137786	-0.655707	0.165659	-0.738206	-0.0582489	-0.651319	-0.000797912	-0.806523	0.129023	-0.576952
-0.300559	-0.635928	0.240263	-0.668979	-0.382084	-0.553387	0.310396	-0.671885	-0.605054	0.201066	0.470568	-0.609957	0.120129	0.362538	0.261817	-0.886334	-0.429589	-0.358359	-0.27141	-0.783179	-0.741094	0.0350689	-0.390666	-0.544913	-0.606163	-0.289464	0.553584	-0.492263	-0.322168	-0.668783	0.137786	-0.655707	0.165659	-0.738206	-0.0582489	-0.651319	-0.000797912	-0.806523	0.129023	-0.576952
-0.299664	-0.637139	0.238709	-0.668785	-0.380484	-0.554717	0.309109	-0.672289	-0.602587	0.195902	0.471696	-0.6132	0.122143	0.361394	0.264543	-0.885716	-0.426262	-0.358184	-0.272766	-0.784604	-0.739117	0.0367505	-0.392177	-0.546399	-0.605585	-0.291192	0.552697	-0.492951	-0.320848	-0.669201	0.137234	-0.656044	0.168018	-0.737568	-0.05982	-0.651295	0.000806306	-0.805571	0.127766	-0.578559
