FULLBODY	1																																						
Frames:	141																																						
-0.422648	-0.591113	0.419049	-0.544383	-0.425169	-0.552819	0.381379	-0.606773	-0.714484	-0.186289	0.598732	-0.31037	-0.681302	-0.078146	0.67013	-0.283983	-0.100631	-0.651823	0.0117723	-0.751573	-0.183333	-0.651574	-0.0197725	-0.735832	-0.662052	-0.171844	0.697118	-0.214903	-0.417115	-0.578304	0.495364	-0.496179	-0.165446	-0.742122	0.219516	-0.611306	-0.433083	-0.598028	0.49116	-0.462129
-0.421855	-0.591502	0.41741	-0.545832	-0.423289	-0.55242	0.379116	-0.60986	-0.712481	-0.190294	0.599576	-0.310916	-0.679168	-0.082248	0.671642	-0.284365	-0.0901987	-0.653375	0.0120898	-0.751545	-0.176314	-0.65674	-0.0189172	-0.732972	-0.661687	-0.172704	0.697169	-0.215171	-0.416775	-0.578594	0.494983	-0.496507	-0.162371	-0.742238	0.216123	-0.613196	-0.430353	-0.600175	0.488205	-0.465018
-0.421618	-0.591599	0.417404	-0.545915	-0.423005	-0.55262	0.379083	-0.609897	-0.712214	-0.190654	0.599595	-0.31127	-0.678944	-0.0827477	0.671687	-0.284647	-0.0901987	-0.653375	0.0120898	-0.751545	-0.175684	-0.656869	-0.0191003	-0.733003	-0.661599	-0.172841	0.697194	-0.215251	-0.416749	-0.578611	0.494922	-0.49657	-0.162192	-0.742269	0.216051	-0.613231	-0.430224	-0.600252	0.487955	-0.4653
-0.42137	-0.591735	0.417395	-0.545965	-0.422713	-0.552814	0.378984	-0.609985	-0.711959	-0.191033	0.599635	-0.311542	-0.678693	-0.0831765	0.671794	-0.284869	-0.088976	-0.653568	0.0117215	-0.751529	-0.174956	-0.657021	-0.0193625	-0.733034	-0.66151	-0.173083	0.697158	-0.215446	-0.416762	-0.57856	0.49482	-0.496721	-0.162055	-0.742261	0.216099	-0.61326	-0.430046	-0.60034	0.487698	-0.465622
-0.420606	-0.592208	0.417197	-0.546192	-0.421819	-0.5535	0.378749	-0.610128	-0.711315	-0.192232	0.599601	-0.31234	-0.678047	-0.0843385	0.671985	-0.285614	-0.087353	-0.65384	0.0115088	-0.751485	-0.173248	-0.657501	-0.0201782	-0.732987	-0.661553	-0.173186	0.697076	-0.215499	-0.416717	-0.578543	0.494695	-0.496902	-0.161821	-0.742185	0.215148	-0.613748	-0.4298	-0.600432	0.487506	-0.465931
-0.420703	-0.592167	0.417309	-0.546077	-0.421286	-0.554022	0.378924	-0.609913	-0.710896	-0.193073	0.599405	-0.31315	-0.677921	-0.0848705	0.671872	-0.28602	-0.0869282	-0.653962	0.011465	-0.75143	-0.172449	-0.657737	-0.0204954	-0.732956	-0.661461	-0.173194	0.697144	-0.215554	-0.416767	-0.578401	0.494772	-0.496948	-0.161709	-0.742245	0.215081	-0.613728	-0.429591	-0.600482	0.487364	-0.466207
-0.420591	-0.592201	0.417142	-0.546255	-0.420914	-0.554432	0.379034	-0.609729	-0.710894	-0.193125	0.599344	-0.313241	-0.677732	-0.0852229	0.671765	-0.286614	-0.085773	-0.654233	0.0112891	-0.751328	-0.171758	-0.658088	-0.0209277	-0.73279	-0.661504	-0.173018	0.697175	-0.215463	-0.416595	-0.578403	0.494726	-0.497136	-0.161863	-0.742018	0.214706	-0.614094	-0.429539	-0.600445	0.487637	-0.466017
-0.421073	-0.591699	0.417086	-0.546469	-0.420796	-0.554574	0.379045	-0.609674	-0.710833	-0.193269	0.599244	-0.313479	-0.677791	-0.0854488	0.671618	-0.286753	-0.0854313	-0.654461	0.0112463	-0.751169	-0.171303	-0.658342	-0.0209538	-0.732668	-0.66143	-0.172837	0.697342	-0.215297	-0.41657	-0.57832	0.494849	-0.497132	-0.161921	-0.741971	0.214941	-0.614053	-0.429406	-0.600424	0.487762	-0.466036
-0.421284	-0.59149	0.417173	-0.546467	-0.420928	-0.554477	0.378964	-0.609722	-0.710868	-0.193168	0.599221	-0.313507	-0.677833	-0.0854011	0.671602	-0.286704	-0.0853347	-0.654555	0.0111416	-0.7511	-0.17109	-0.658479	-0.0209637	-0.732594	-0.661447	-0.172578	0.697451	-0.215095	-0.416604	-0.57824	0.494966	-0.497079	-0.161989	-0.741897	0.214987	-0.614108	-0.429356	-0.60041	0.487905	-0.46595
-0.421702	-0.591055	0.417126	-0.54665	-0.421377	-0.554188	0.378896	-0.609717	-0.711232	-0.19296	0.598846	-0.313527	-0.676825	-0.0845798	0.672972	-0.286118	-0.0858962	-0.654577	0.010922	-0.75102	-0.171289	-0.658323	-0.0207598	-0.732693	-0.661434	-0.172168	0.697725	-0.214578	-0.416509	-0.578261	0.494979	-0.497122	-0.162277	-0.741764	0.215242	-0.614104	-0.429377	-0.600329	0.488327	-0.465595
-0.422276	-0.59052	0.417275	-0.546673	-0.422174	-0.553322	0.379361	-0.609663	-0.712548	-0.192425	0.598195	-0.312107	-0.674788	-0.0798789	0.67513	-0.287193	-0.0875084	-0.65427	0.0104144	-0.751109	-0.172588	-0.65774	-0.0201784	-0.732929	-0.66138	-0.171952	0.69792	-0.21428	-0.416517	-0.57815	0.495153	-0.497072	-0.162571	-0.741711	0.215663	-0.613942	-0.429347	-0.600305	0.488604	-0.465361
-0.422765	-0.590069	0.417582	-0.546547	-0.423268	-0.552362	0.380459	-0.60909	-0.715825	-0.188889	0.597568	-0.307941	-0.671217	-0.0622445	0.679133	-0.290469	-0.0923824	-0.653378	0.0121332	-0.751276	-0.174883	-0.656868	-0.0204134	-0.73316	-0.661481	-0.171585	0.697898	-0.214334	-0.416504	-0.578052	0.495379	-0.49697	-0.16266	-0.741605	0.215615	-0.614064	-0.42929	-0.600312	0.488804	-0.465195
-0.423182	-0.589588	0.417548	-0.546769	-0.425155	-0.551061	0.382074	-0.607943	-0.720486	-0.181049	0.596662	-0.303506	-0.665222	-0.0348805	0.681749	-0.302457	-0.0973655	-0.65253	0.0105954	-0.751407	-0.173553	-0.65174	-0.0328126	-0.737589	-0.661305	-0.171494	0.69796	-0.214749	-0.416454	-0.578013	0.495383	-0.497054	-0.16302	-0.741386	0.215448	-0.614291	-0.429409	-0.600171	0.489006	-0.465054
-0.424068	-0.58891	0.418386	-0.546172	-0.427105	-0.549048	0.383138	-0.607727	-0.725198	-0.171263	0.59444	-0.30232	-0.661388	-0.0180482	0.681695	-0.312302	-0.101177	-0.650209	0.00786116	-0.752947	-0.183397	-0.640908	-0.0406957	-0.744276	-0.661464	-0.17006	0.698453	-0.213794	-0.417162	-0.577319	0.495442	-0.497208	-0.162952	-0.741275	0.215194	-0.614532	-0.429504	-0.600074	0.488993	-0.465106
-0.424599	-0.588459	0.41861	-0.546074	-0.428552	-0.547646	0.384334	-0.607219	-0.727966	-0.16529	0.592145	-0.303494	-0.64358	0.0367827	0.674977	-0.358969	-0.12551	-0.635444	0.00354259	-0.76187	-0.201758	-0.623737	-0.052963	-0.753287	-0.661654	-0.169287	0.698609	-0.213311	-0.417866	-0.57668	0.495444	-0.497356	-0.164005	-0.740487	0.215808	-0.614986	-0.429811	-0.599796	0.488897	-0.465282
-0.425818	-0.587195	0.418697	-0.546418	-0.429115	-0.546966	0.384874	-0.607091	-0.732309	-0.150866	0.587066	-0.310349	-0.635566	0.0575405	0.670413	-0.378538	-0.134522	-0.628709	-0.000889112	-0.765917	-0.21274	-0.613101	-0.0615799	-0.758325	-0.661701	-0.168537	0.698629	-0.213695	-0.418143	-0.576394	0.495452	-0.497447	-0.164447	-0.740234	0.215588	-0.61525	-0.430148	-0.599526	0.489053	-0.465154
-0.427627	-0.585329	0.418373	-0.547256	-0.42996	-0.545242	0.385482	-0.607659	-0.739917	-0.117914	0.578442	-0.322527	-0.615413	0.10088	0.657559	-0.422736	-0.150969	-0.6138	-0.0182261	-0.774677	-0.252113	-0.572824	-0.0982757	-0.773727	-0.661817	-0.166835	0.698893	-0.213806	-0.41913	-0.575523	0.495516	-0.497562	-0.164701	-0.740085	0.214144	-0.615866	-0.429965	-0.599686	0.488861	-0.465319
-0.428233	-0.584675	0.418209	-0.547607	-0.430227	-0.544649	0.385405	-0.608051	-0.741824	-0.105237	0.575481	-0.327786	-0.589112	0.148164	0.639173	-0.471649	-0.169616	-0.597633	-0.038452	-0.782679	-0.267388	-0.556561	-0.112385	-0.778532	-0.661954	-0.166463	0.698726	-0.214219	-0.419238	-0.575408	0.495435	-0.497684	-0.165188	-0.739916	0.213035	-0.616322	-0.429935	-0.59975	0.488601	-0.465536
-0.429112	-0.583511	0.417382	-0.548789	-0.430533	-0.543781	0.385118	-0.608792	-0.74248	-0.0798381	0.569889	-0.342895	-0.573594	0.172494	0.628234	-0.496546	-0.169616	-0.597633	-0.038452	-0.782679	-0.300816	-0.5221	-0.144219	-0.784934	-0.661946	-0.166021	0.698569	-0.215096	-0.419192	-0.575412	0.495124	-0.498028	-0.165472	-0.739883	0.212641	-0.616422	-0.430009	-0.599755	0.488454	-0.465617
-0.429376	-0.583058	0.416939	-0.5494	-0.430885	-0.54302	0.384752	-0.609453	-0.741546	-0.0671154	0.567344	-0.351747	-0.538821	0.219311	0.601494	-0.547521	-0.193507	-0.574087	-0.0803518	-0.791532	-0.318685	-0.503587	-0.160939	-0.786727	-0.661802	-0.16581	0.698673	-0.215362	-0.419125	-0.575468	0.4949	-0.498241	-0.165622	-0.739965	0.211304	-0.616743	-0.430104	-0.599836	0.488074	-0.465823
-0.430126	-0.582114	0.416301	-0.550298	-0.431967	-0.540874	0.384492	-0.610759	-0.741111	-0.0377283	0.55914	-0.369722	-0.4996	0.261893	0.570068	-0.597356	-0.212281	-0.558365	-0.1056	-0.794994	-0.357764	-0.463339	-0.194294	-0.787129	-0.661847	-0.165092	0.698723	-0.215615	-0.419059	-0.575561	0.494613	-0.498474	-0.165756	-0.740059	0.209882	-0.61708	-0.430285	-0.599866	0.487846	-0.465856
-0.431461	-0.580907	0.416327	-0.550509	-0.432802	-0.539077	0.38482	-0.611549	-0.739411	-0.00601302	0.550405	-0.387671	-0.457184	0.301062	0.533521	-0.644749	-0.231335	-0.542962	-0.125933	-0.797382	-0.400536	-0.420385	-0.228364	-0.781471	-0.662314	-0.164059	0.698383	-0.216071	-0.418834	-0.575755	0.494499	-0.498552	-0.1667	-0.74002	0.21026	-0.616743	-0.430603	-0.599865	0.487786	-0.465626
-0.432707	-0.579656	0.416522	-0.550703	-0.434133	-0.537156	0.385529	-0.611849	-0.735149	0.0215571	0.540924	-0.408035	-0.41124	0.335819	0.494014	-0.688518	-0.250221	-0.527464	-0.14254	-0.799283	-0.447264	-0.374503	-0.260407	-0.769344	-0.662609	-0.1629	0.698447	-0.215833	-0.419127	-0.575698	0.494628	-0.498244	-0.167656	-0.739963	0.21086	-0.616348	-0.431014	-0.599822	0.487927	-0.465153
-0.433929	-0.578395	0.416705	-0.550929	-0.435368	-0.535489	0.385857	-0.612226	-0.731081	0.049303	0.530384	-0.426359	-0.363323	0.366103	0.453274	-0.726986	-0.269948	-0.511276	-0.155335	-0.800997	-0.494209	-0.326765	-0.291972	-0.750822	-0.663285	-0.161244	0.698584	-0.214556	-0.419786	-0.575422	0.49484	-0.497797	-0.168376	-0.739989	0.211719	-0.615825	-0.431394	-0.599799	0.488144	-0.464603
-0.435219	-0.57736	0.41714	-0.550667	-0.436998	-0.533404	0.386149	-0.612701	-0.726284	0.0770015	0.519704	-0.443272	-0.317066	0.390605	0.411263	-0.760105	-0.289881	-0.495488	-0.16765	-0.80147	-0.539989	-0.27723	-0.320586	-0.727172	-0.663846	-0.16019	0.698498	-0.213889	-0.420312	-0.575212	0.495065	-0.497373	-0.169532	-0.739795	0.213155	-0.615245	-0.431825	-0.599706	0.488524	-0.463923
-0.436286	-0.576417	0.417454	-0.550572	-0.438879	-0.531131	0.386308	-0.613231	-0.720869	0.104002	0.509941	-0.457702	-0.272421	0.410918	0.372267	-0.786353	-0.305592	-0.48	-0.182821	-0.801742	-0.582085	-0.227865	-0.345467	-0.699934	-0.664186	-0.159166	0.69869	-0.212966	-0.420811	-0.575025	0.495424	-0.49681	-0.170339	-0.739814	0.21451	-0.614528	-0.431832	-0.599856	0.488561	-0.463684
-0.436565	-0.576116	0.417542	-0.5506	-0.439733	-0.529969	0.386338	-0.613605	-0.717302	0.116221	0.50531	-0.465437	-0.250918	0.418735	0.354	-0.797737	-0.313526	-0.472718	-0.189865	-0.801368	-0.601074	-0.204125	-0.357078	-0.685229	-0.664423	-0.158778	0.698613	-0.212771	-0.420973	-0.574934	0.495634	-0.496568	-0.170572	-0.739863	0.214927	-0.61426	-0.431822	-0.599909	0.488659	-0.463521
-0.436878	-0.575894	0.417853	-0.550348	-0.440587	-0.528712	0.386412	-0.61403	-0.71386	0.127453	0.500135	-0.473312	-0.231059	0.425266	0.334693	-0.808543	-0.320613	-0.465676	-0.197062	-0.800949	-0.61889	-0.180106	-0.36765	-0.670351	-0.664597	-0.158575	0.698504	-0.212736	-0.420998	-0.574932	0.495762	-0.496421	-0.170831	-0.739817	0.215185	-0.614153	-0.431857	-0.59992	0.488915	-0.463204
-0.437083	-0.575942	0.418616	-0.549555	-0.442053	-0.526018	0.386809	-0.615038	-0.707255	0.14977	0.49109	-0.485993	-0.191615	0.434862	0.302905	-0.826092	-0.334269	-0.453659	-0.211413	-0.7986	-0.649201	-0.13442	-0.387493	-0.640561	-0.664754	-0.158045	0.698644	-0.212181	-0.420997	-0.574981	0.495891	-0.496236	-0.171374	-0.739797	0.216066	-0.613716	-0.431693	-0.600059	0.48907	-0.463014
-0.436986	-0.576378	0.419798	-0.548271	-0.443212	-0.523847	0.386901	-0.616	-0.700532	0.169848	0.483075	-0.497036	-0.153536	0.439565	0.279227	-0.839787	-0.346705	-0.442305	-0.226472	-0.795532	-0.673647	-0.0936639	-0.40469	-0.611271	-0.664708	-0.158087	0.698661	-0.212238	-0.420862	-0.575054	0.495958	-0.4962	-0.171502	-0.739825	0.216138	-0.61362	-0.431204	-0.600413	0.488907	-0.463182
-0.436722	-0.576731	0.42035	-0.547687	-0.444229	-0.522198	0.387038	-0.61658	-0.69337	0.184812	0.474213	-0.510102	-0.136546	0.440722	0.266883	-0.846105	-0.352339	-0.436487	-0.23343	-0.794258	-0.692297	-0.0556952	-0.416636	-0.586547	-0.664666	-0.158231	0.6986	-0.212463	-0.420435	-0.575328	0.495843	-0.496359	-0.171224	-0.739925	0.21568	-0.613739	-0.431073	-0.600485	0.48894	-0.463176
-0.436129	-0.577253	0.421009	-0.547104	-0.444554	-0.521494	0.387016	-0.616955	-0.68953	0.191735	0.469932	-0.516672	-0.103759	0.440125	0.247161	-0.856992	-0.365481	-0.424695	-0.245904	-0.790942	-0.699715	-0.0384661	-0.420418	-0.576341	-0.664617	-0.158433	0.698502	-0.212785	-0.4202	-0.575476	0.495773	-0.496455	-0.170943	-0.740076	0.215296	-0.61377	-0.430585	-0.600774	0.488615	-0.463598
-0.435643	-0.577853	0.421586	-0.546412	-0.445156	-0.520201	0.387206	-0.617494	-0.682031	0.204239	0.461673	-0.529129	-0.0720031	0.436705	0.231106	-0.866426	-0.378414	-0.412197	-0.255972	-0.788274	-0.711947	-0.00760254	-0.425327	-0.558722	-0.664507	-0.158612	0.698423	-0.213255	-0.419805	-0.575693	0.495671	-0.496639	-0.170743	-0.740124	0.21439	-0.614085	-0.430263	-0.600927	0.488534	-0.463784
-0.435411	-0.578135	0.421886	-0.546067	-0.445523	-0.519401	0.387458	-0.617745	-0.678252	0.210303	0.457888	-0.534869	-0.0565165	0.434311	0.223811	-0.870683	-0.383432	-0.406122	-0.260405	-0.787549	-0.716972	0.00559901	-0.427257	-0.550791	-0.664385	-0.158566	0.698515	-0.213368	-0.419576	-0.575789	0.495667	-0.496726	-0.17086	-0.7401	0.214139	-0.614169	-0.430241	-0.600916	0.488645	-0.463702
-0.43514	-0.578427	0.422334	-0.545627	-0.446445	-0.517628	0.387812	-0.618344	-0.670518	0.221221	0.451591	-0.545466	-0.0411719	0.431313	0.217975	-0.874506	-0.388459	-0.400641	-0.264528	-0.786519	-0.72462	0.0263154	-0.430964	-0.537125	-0.664435	-0.158391	0.69852	-0.213327	-0.419609	-0.575739	0.49573	-0.496694	-0.170869	-0.740145	0.214084	-0.614131	-0.430282	-0.600865	0.488701	-0.463669
-0.434434	-0.579057	0.423952	-0.544265	-0.447031	-0.51658	0.388049	-0.618649	-0.666946	0.226506	0.44854	-0.550173	-0.0123919	0.423872	0.206999	-0.881663	-0.397607	-0.3924	-0.271094	-0.783862	-0.727355	0.03519	-0.432936	-0.531303	-0.664496	-0.158301	0.698414	-0.213552	-0.419645	-0.575677	0.495778	-0.496687	-0.171256	-0.740187	0.21429	-0.6139	-0.430355	-0.60078	0.488898	-0.463504
-0.434017	-0.579433	0.424879	-0.543475	-0.448525	-0.514481	0.388578	-0.618985	-0.661452	0.236246	0.442464	-0.55758	-0.00014759	0.420423	0.201313	-0.884713	-0.400702	-0.389378	-0.273415	-0.782986	-0.732592	0.0490065	-0.437025	-0.519535	-0.664492	-0.158042	0.698517	-0.213419	-0.419688	-0.575644	0.495894	-0.496573	-0.171565	-0.740128	0.214306	-0.61388	-0.430511	-0.60064	0.489161	-0.463264
-0.433568	-0.57981	0.426597	-0.542083	-0.449232	-0.513743	0.388723	-0.618994	-0.659254	0.24007	0.440166	-0.560362	0.0194635	0.414694	0.19209	-0.889242	-0.405998	-0.385234	-0.276899	-0.781081	-0.734901	0.0532643	-0.438393	-0.51468	-0.664613	-0.157597	0.698537	-0.213303	-0.419734	-0.575625	0.49598	-0.496471	-0.171917	-0.740122	0.214714	-0.613646	-0.430517	-0.600671	0.489306	-0.463064
-0.43332	-0.579726	0.427916	-0.541331	-0.452085	-0.511188	0.389393	-0.618611	-0.655518	0.245607	0.437316	-0.564561	0.037416	0.409917	0.183547	-0.89268	-0.413861	-0.383616	-0.277771	-0.777432	-0.738502	0.0573844	-0.439173	-0.50838	-0.664667	-0.157731	0.698305	-0.213797	-0.419397	-0.576063	0.496088	-0.49614	-0.17222	-0.740271	0.214201	-0.613562	-0.430568	-0.600813	0.489765	-0.462348
-0.433117	-0.579783	0.428423	-0.541031	-0.452972	-0.510502	0.39012	-0.61807	-0.65352	0.249144	0.435259	-0.566911	0.039487	0.409723	0.18112	-0.893176	-0.416016	-0.383675	-0.277424	-0.776376	-0.739533	0.0554176	-0.438659	-0.507541	-0.664732	-0.157614	0.698057	-0.214489	-0.419282	-0.57619	0.49621	-0.495967	-0.172325	-0.740368	0.214102	-0.613449	-0.430546	-0.600895	0.489836	-0.462185
-0.433338	-0.579171	0.429089	-0.540981	-0.454519	-0.509295	0.391873	-0.616821	-0.652878	0.251189	0.433892	-0.567795	0.0411075	0.409415	0.178086	-0.893854	-0.420661	-0.383997	-0.274206	-0.774856	-0.741144	0.0505956	-0.436508	-0.50755	-0.664883	-0.156756	0.698153	-0.214337	-0.419469	-0.576168	0.496649	-0.495395	-0.172751	-0.740487	0.214306	-0.613114	-0.430486	-0.601083	0.489827	-0.462007
-0.434105	-0.578246	0.43019	-0.540483	-0.456112	-0.507936	0.393657	-0.615627	-0.65331	0.253516	0.432897	-0.567023	0.0401491	0.410299	0.174959	-0.89411	-0.423863	-0.384632	-0.271237	-0.77384	-0.743561	0.0456999	-0.433502	-0.507055	-0.665422	-0.155107	0.698194	-0.213731	-0.41983	-0.576004	0.497235	-0.494691	-0.173772	-0.740216	0.21544	-0.612756	-0.430939	-0.60088	0.490289	-0.461359
-0.434787	-0.577558	0.432	-0.539224	-0.457675	-0.506805	0.395656	-0.614117	-0.654184	0.255387	0.432508	-0.565471	0.0382098	0.411487	0.173112	-0.894008	-0.426116	-0.385302	-0.268289	-0.773297	-0.745992	0.0431374	-0.431961	-0.505019	-0.665783	-0.153441	0.69843	-0.213038	-0.420229	-0.575775	0.4978	-0.494051	-0.174563	-0.74005	0.216861	-0.61223	-0.431286	-0.600738	0.490375	-0.461128
-0.435416	-0.577028	0.433922	-0.537738	-0.458778	-0.506055	0.397363	-0.612809	-0.655031	0.256559	0.432603	-0.563885	0.036542	0.412533	0.172396	-0.893734	-0.427636	-0.386252	-0.266222	-0.772699	-0.747819	0.041143	-0.431523	-0.502853	-0.665971	-0.152004	0.698562	-0.213044	-0.419815	-0.57608	0.498282	-0.49356	-0.175261	-0.73965	0.218288	-0.612006	-0.431564	-0.600664	0.490303	-0.461041
-0.435619	-0.576944	0.434864	-0.536903	-0.459165	-0.505755	0.398088	-0.612296	-0.655292	0.257128	0.432743	-0.563215	0.0361971	0.412933	0.172085	-0.893624	-0.428044	-0.386698	-0.265357	-0.772547	-0.748335	0.0403181	-0.431537	-0.50214	-0.665895	-0.151234	0.698694	-0.213398	-0.417817	-0.577313	0.498668	-0.493426	-0.175352	-0.739341	0.218766	-0.612183	-0.431675	-0.600595	0.490314	-0.461014
-0.435337	-0.577201	0.435866	-0.536043	-0.459292	-0.505455	0.399024	-0.611838	-0.655396	0.257401	0.432821	-0.562909	0.0361362	0.412785	0.172126	-0.893686	-0.428131	-0.387146	-0.264733	-0.772488	-0.748751	0.0387866	-0.431449	-0.501716	-0.665419	-0.150125	0.698836	-0.215195	-0.416215	-0.578273	0.499021	-0.493298	-0.174875	-0.73889	0.21834	-0.613016	-0.431372	-0.600718	0.490254	-0.461202
-0.43507	-0.577411	0.435875	-0.536026	-0.459001	-0.505739	0.399097	-0.611775	-0.655289	0.256997	0.432988	-0.563089	0.0368653	0.4123	0.172704	-0.893769	-0.427496	-0.387286	-0.264053	-0.773003	-0.748702	0.0380465	-0.430938	-0.502286	-0.664962	-0.149685	0.698946	-0.216552	-0.41202	-0.580664	0.499995	-0.493025	-0.174773	-0.73856	0.217508	-0.613738	-0.431304	-0.600617	0.490898	-0.460711
-0.434559	-0.577804	0.435654	-0.536196	-0.457451	-0.506905	0.398889	-0.612106	-0.654134	0.2551	0.433643	-0.56479	0.0384615	0.4112	0.174581	-0.893844	-0.424787	-0.386853	-0.263986	-0.774734	-0.747324	0.0381078	-0.430214	-0.504946	-0.664307	-0.149252	0.698476	-0.220344	-0.409306	-0.582136	0.500554	-0.492983	-0.174803	-0.737653	0.214107	-0.616011	-0.430841	-0.600654	0.493496	-0.458316
-0.428116	-0.580867	0.427477	-0.544585	-0.451455	-0.510716	0.396173	-0.615146	-0.649767	0.249722	0.436087	-0.570324	0.0462649	0.408109	0.180394	-0.893736	-0.419132	-0.386289	-0.264646	-0.777863	-0.741773	0.0400571	-0.429485	-0.513528	-0.660777	-0.154327	0.697484	-0.230379	-0.39878	-0.58796	0.501446	-0.493791	-0.172797	-0.736697	0.198908	-0.62278	-0.426991	-0.602629	0.498305	-0.454102
-0.424057	-0.582775	0.423238	-0.549017	-0.447893	-0.513036	0.393713	-0.617394	-0.646957	0.247399	0.437489	-0.573449	0.0508569	0.406852	0.182698	-0.893592	-0.411126	-0.384957	-0.267314	-0.781874	-0.738744	0.0413187	-0.429307	-0.517925	-0.658856	-0.157653	0.697189	-0.23448	-0.390799	-0.591807	0.501474	-0.495545	-0.17102	-0.736937	0.191782	-0.625217	-0.424293	-0.604145	0.498858	-0.454009
-0.415097	-0.586889	0.414231	-0.558273	-0.437949	-0.519071	0.387393	-0.623452	-0.638764	0.240882	0.441102	-0.582568	0.0636018	0.403906	0.188988	-0.892804	-0.399449	-0.381915	-0.270841	-0.78818	-0.731077	0.0457442	-0.428404	-0.52906	-0.654598	-0.164969	0.696828	-0.242315	-0.38675	-0.593494	0.501196	-0.496983	-0.165597	-0.737032	0.176917	-0.630921	-0.417939	-0.607305	0.498662	-0.455899
-0.410141	-0.589201	0.409176	-0.563207	-0.431771	-0.522475	0.383722	-0.627178	-0.633326	0.23671	0.443773	-0.588159	0.0719106	0.402228	0.193242	-0.892019	-0.391778	-0.379586	-0.273424	-0.792252	-0.726532	0.0490304	-0.427459	-0.535749	-0.652196	-0.168911	0.696855	-0.245971	-0.378986	-0.596261	0.500138	-0.500705	-0.162617	-0.736692	0.169121	-0.634223	-0.414545	-0.608745	0.498321	-0.457447
-0.399673	-0.594028	0.398991	-0.572886	-0.417354	-0.530465	0.374964	-0.635471	-0.620501	0.225636	0.450699	-0.600781	0.0906579	0.398497	0.204086	-0.889567	-0.372873	-0.373165	-0.280419	-0.801922	-0.715704	0.0579213	-0.424707	-0.551395	-0.646466	-0.177486	0.697791	-0.252327	-0.374927	-0.59749	0.499089	-0.503335	-0.155759	-0.735495	0.152225	-0.641571	-0.407212	-0.611665	0.497325	-0.461208
-0.385616	-0.600595	0.386581	-0.584072	-0.400655	-0.539745	0.36436	-0.64451	-0.605727	0.211197	0.45815	-0.615296	0.111872	0.393202	0.217748	-0.886263	-0.350269	-0.365236	-0.288964	-0.812659	-0.701788	0.0692084	-0.421796	-0.569905	-0.640951	-0.18732	0.698166	-0.258181	-0.367735	-0.598575	0.496806	-0.50957	-0.149493	-0.732393	0.130958	-0.651231	-0.398184	-0.616102	0.497411	-0.463087
-0.366361	-0.610903	0.372314	-0.594944	-0.381907	-0.550522	0.35214	-0.653506	-0.589762	0.195658	0.464662	-0.630863	0.135157	0.385683	0.231725	-0.882771	-0.324434	-0.356761	-0.29907	-0.823421	-0.684548	0.0818783	-0.419616	-0.590434	-0.638053	-0.194321	0.698287	-0.259853	-0.362856	-0.59774	0.495765	-0.515033	-0.147312	-0.724856	0.0970748	-0.665927	-0.386068	-0.626382	0.49918	-0.45762
-0.343413	-0.623694	0.356545	-0.604937	-0.360883	-0.562822	0.339194	-0.661772	-0.572888	0.179066	0.470606	-0.646734	0.159135	0.377382	0.246017	-0.878484	-0.297129	-0.348916	-0.307783	-0.833812	-0.665284	0.0937812	-0.417141	-0.612042	-0.633896	-0.204611	0.696706	-0.266292	-0.355707	-0.59913	0.492468	-0.521528	-0.147821	-0.711152	0.0465858	-0.685741	-0.377935	-0.640633	0.499897	-0.443686
-0.332564	-0.629444	0.348796	-0.609543	-0.349624	-0.569333	0.332651	-0.665558	-0.563985	0.170442	0.473528	-0.654708	0.171228	0.373228	0.253144	-0.875957	-0.28312	-0.345222	-0.311329	-0.838891	-0.655211	0.0990967	-0.41578	-0.622901	-0.631212	-0.210615	0.695558	-0.270946	-0.352365	-0.599987	0.490982	-0.524205	-0.148251	-0.703287	0.023485	-0.694879	-0.368967	-0.653557	0.489886	-0.443552
-0.306759	-0.640775	0.332385	-0.620344	-0.316604	-0.585717	0.312801	-0.677387	-0.534975	0.143853	0.48433	-0.67715	0.207582	0.361755	0.276116	-0.865912	-0.23942	-0.334773	-0.321897	-0.852636	-0.624052	0.111132	-0.410303	-0.655637	-0.625273	-0.223111	0.693319	-0.280294	-0.34634	-0.601774	0.489294	-0.527738	-0.128997	-0.682097	-0.0483584	-0.718168	-0.32372	-0.695458	0.414834	-0.489344
-0.287485	-0.646027	0.318752	-0.631189	-0.296524	-0.593452	0.299101	-0.685877	-0.51489	0.127197	0.490872	-0.691198	0.219779	0.357985	0.283585	-0.862046	-0.225091	-0.331033	-0.325727	-0.856536	-0.603293	0.118693	-0.406116	-0.676032	-0.62083	-0.233229	0.692305	-0.284409	-0.344748	-0.602378	0.487714	-0.529551	-0.118139	-0.675405	-0.0714165	-0.724411	-0.313496	-0.700827	0.386853	-0.51079
-0.277242	-0.648628	0.310694	-0.637094	-0.286985	-0.596817	0.291413	-0.69031	-0.505048	0.120402	0.493205	-0.697982	0.244198	0.350221	0.295252	-0.854716	-0.198331	-0.322074	-0.33383	-0.863418	-0.593457	0.123109	-0.403837	-0.68525	-0.617857	-0.24096	0.690723	-0.288257	-0.341924	-0.604273	0.48428	-0.532369	-0.10385	-0.658748	-0.107471	-0.737371	-0.302527	-0.697277	0.338712	-0.554578
-0.254377	-0.655359	0.290383	-0.649211	-0.260001	-0.605002	0.269557	-0.702646	-0.476491	0.102825	0.497909	-0.717265	0.27897	0.338293	0.307755	-0.844405	-0.162263	-0.306988	-0.345721	-0.871726	-0.565676	0.138666	-0.396449	-0.709656	-0.605589	-0.268639	0.683611	-0.306223	-0.33276	-0.610943	0.474466	-0.539352	-0.100254	-0.63526	-0.128363	-0.754929	-0.285617	-0.674205	0.281472	-0.620197
-0.24873	-0.656668	0.284138	-0.65283	-0.251974	-0.6072	0.263056	-0.70613	-0.467547	0.097445	0.49948	-0.722789	0.289346	0.334767	0.311736	-0.840851	-0.150799	-0.301652	-0.349467	-0.87415	-0.565676	0.138666	-0.396449	-0.709656	-0.602002	-0.276672	0.681346	-0.31115	-0.33276	-0.610943	0.474466	-0.539352	-0.097265	-0.629212	-0.133889	-0.759412	-0.276979	-0.665015	0.263193	-0.641691
-0.243758	-0.657902	0.278174	-0.656023	-0.244511	-0.609263	0.256767	-0.709284	-0.459123	0.091778	0.500951	-0.727895	0.289346	0.334767	0.311736	-0.840851	-0.150799	-0.301652	-0.349467	-0.87415	-0.549154	0.150089	-0.391188	-0.723101	-0.599034	-0.283211	0.679594	-0.314805	-0.327564	-0.615619	0.470107	-0.541031	-0.097265	-0.629212	-0.133889	-0.759412	-0.276979	-0.665015	0.263193	-0.641691
-0.23897	-0.658686	0.272009	-0.659573	-0.237731	-0.611164	0.250571	-0.712163	-0.451111	0.0858343	0.502192	-0.732758	0.308415	0.327332	0.32014	-0.833813	-0.129433	-0.291059	-0.357011	-0.878109	-0.541044	0.155722	-0.388845	-0.729261	-0.596899	-0.287691	0.678371	-0.317424	-0.325596	-0.617932	0.469757	-0.539884	-0.0858612	-0.6155	-0.152948	-0.768372	-0.254439	-0.647357	0.22555	-0.682141
-0.230721	-0.658443	0.259082	-0.667905	-0.225362	-0.614753	0.238203	-0.717322	-0.443521	0.0797782	0.503261	-0.737328	0.317256	0.323417	0.324501	-0.830331	-0.119456	-0.286269	-0.360991	-0.879469	-0.524675	0.166434	-0.385448	-0.740572	-0.594784	-0.291738	0.676878	-0.320869	-0.319519	-0.624483	0.469612	-0.536091	-0.0791933	-0.60892	-0.16379	-0.772087	-0.24535	-0.637696	0.211843	-0.698763
-0.230721	-0.658443	0.259082	-0.667905	-0.225362	-0.614753	0.238203	-0.717322	-0.443521	0.0797782	0.503261	-0.737328	0.325585	0.31941	0.328605	-0.827037	-0.110012	-0.281399	-0.365087	-0.880581	-0.524675	0.166434	-0.385448	-0.740572	-0.594784	-0.291738	0.676878	-0.320869	-0.319519	-0.624483	0.469612	-0.536091	-0.0742769	-0.601095	-0.17384	-0.776497	-0.237841	-0.627886	0.201723	-0.713091
-0.224632	-0.65699	0.246294	-0.676198	-0.213813	-0.618234	0.225512	-0.721952	-0.422356	0.062717	0.503718	-0.750966	0.341645	0.310271	0.335464	-0.821264	-0.0924352	-0.272649	-0.374216	-0.881522	-0.508624	0.176649	-0.383364	-0.750419	-0.588427	-0.305106	0.669568	-0.335175	-0.311992	-0.632827	0.469016	-0.531239	-0.0648938	-0.592111	-0.184961	-0.781654	-0.221881	-0.609579	0.181102	-0.739179
-0.21631	-0.656446	0.231702	-0.684545	-0.204294	-0.619473	0.213395	-0.72731	-0.409761	0.0543489	0.502583	-0.759311	0.356232	0.301905	0.339682	-0.816437	-0.08413	-0.268618	-0.37881	-0.881629	-0.493967	0.186495	-0.382232	-0.758363	-0.584099	-0.315702	0.663382	-0.345085	-0.304036	-0.642022	0.467819	-0.525846	-0.060797	-0.588364	-0.188285	-0.784016	-0.207442	-0.593236	0.161401	-0.760913
-0.207588	-0.656607	0.218288	-0.691465	-0.195482	-0.620845	0.201154	-0.732035	-0.398643	0.0481305	0.501662	-0.766226	0.363179	0.298252	0.341033	-0.814152	-0.0679597	-0.261391	-0.387575	-0.881386	-0.481273	0.195782	-0.380973	-0.764791	-0.582183	-0.323485	0.658087	-0.3512	-0.297941	-0.650908	0.467324	-0.518804	-0.0498946	-0.581966	-0.202921	-0.785906	-0.202042	-0.586414	0.153931	-0.769157
-0.204244	-0.656861	0.212573	-0.693997	-0.191424	-0.621487	0.195806	-0.73401	-0.393383	0.0451476	0.501353	-0.769322	0.375619	0.291977	0.343661	-0.809665	-0.0537232	-0.254961	-0.394737	-0.881074	-0.47544	0.199967	-0.380333	-0.76767	-0.582164	-0.326283	0.655552	-0.353378	-0.295803	-0.654938	0.467391	-0.514882	-0.0428053	-0.579329	-0.210516	-0.786275	-0.194972	-0.576641	0.14569	-0.779901
-0.200146	-0.655228	0.202512	-0.699719	-0.184345	-0.62189	0.187232	-0.737709	-0.383887	0.0396032	0.500889	-0.774708	0.380692	0.289575	0.344742	-0.807696	-0.0471944	-0.251973	-0.397953	-0.880861	-0.465205	0.207482	-0.379173	-0.772504	-0.58297	-0.331724	0.65091	-0.35556	-0.292917	-0.662688	0.467185	-0.506736	-0.0410577	-0.579277	-0.211453	-0.786155	-0.192371	-0.57301	0.14222	-0.783854
-0.199224	-0.654298	0.198753	-0.701927	-0.181869	-0.621554	0.183721	-0.739487	-0.38011	0.0368235	0.500778	-0.776776	0.389013	0.285026	0.347756	-0.804049	-0.035221	-0.246393	-0.404411	-0.880058	-0.461074	0.210944	-0.37842	-0.774411	-0.58422	-0.333693	0.64856	-0.355957	-0.291943	-0.666529	0.46737	-0.50207	-0.0377439	-0.582229	-0.211053	-0.784246	-0.189149	-0.567274	0.135163	-0.790034
-0.196285	-0.65494	0.189677	-0.704662	-0.17853	-0.620786	0.177418	-0.742479	-0.374286	0.0322692	0.500141	-0.78021	0.395379	0.280964	0.349944	-0.80142	-0.0266967	-0.241204	-0.409013	-0.879668	-0.454948	0.217324	-0.376469	-0.777215	-0.588102	-0.336938	0.643769	-0.355204	-0.292022	-0.673132	0.468631	-0.491937	-0.0334406	-0.58694	-0.211064	-0.78092	-0.189929	-0.566048	0.135343	-0.790696
-0.199099	-0.655573	0.184701	-0.704605	-0.17679	-0.621062	0.172332	-0.743861	-0.372044	0.0297198	0.499358	-0.781883	0.398152	0.278252	0.350909	-0.800571	-0.0219467	-0.23777	-0.412423	-0.879142	-0.45207	0.223005	-0.375293	-0.777854	-0.594998	-0.3382	0.638943	-0.351213	-0.293732	-0.679195	0.470273	-0.480895	-0.0293861	-0.594682	-0.206057	-0.776551	-0.1918	-0.571948	0.138856	-0.785371
-0.203951	-0.658538	0.184723	-0.700435	-0.177222	-0.622472	0.169344	-0.743265	-0.372379	0.0258458	0.498358	-0.7825	0.397754	0.275235	0.3532	-0.800804	-0.0196596	-0.237375	-0.413929	-0.878595	-0.451454	0.22644	-0.375608	-0.777067	-0.602466	-0.339643	0.633479	-0.346961	-0.29667	-0.68555	0.471189	-0.469029	-0.0269708	-0.610614	-0.195111	-0.767043	-0.202752	-0.587114	0.159542	-0.767291
-0.206998	-0.659635	0.186119	-0.698136	-0.178015	-0.624132	0.16841	-0.741895	-0.373332	0.0232623	0.497955	-0.782382	0.396858	0.273486	0.355072	-0.80102	-0.0189338	-0.238224	-0.414553	-0.878087	-0.451592	0.226996	-0.376377	-0.776452	-0.60492	-0.342534	0.630253	-0.345722	-0.298478	-0.688937	0.470658	-0.46342	-0.0266122	-0.620999	-0.184639	-0.761289	-0.208174	-0.59286	0.167691	-0.759645
-0.210732	-0.664923	0.191019	-0.690638	-0.180185	-0.628324	0.16653	-0.738249	-0.375563	0.0152766	0.495941	-0.782791	0.394729	0.267219	0.360741	-0.801654	-0.017972	-0.243359	-0.41542	-0.876287	-0.450873	0.224829	-0.380591	-0.775446	-0.608552	-0.350973	0.622768	-0.344445	-0.303428	-0.694901	0.468932	-0.452931	-0.0226687	-0.632135	-0.179113	-0.753532	-0.210787	-0.609308	0.171786	-0.744851
-0.210594	-0.668862	0.193853	-0.686072	-0.181077	-0.635568	0.163384	-0.73251	-0.376746	0.0101768	0.494344	-0.783315	0.394113	0.262737	0.364055	-0.80194	-0.0173647	-0.247356	-0.415422	-0.875179	-0.448148	0.219541	-0.386647	-0.775544	-0.610614	-0.354873	0.619117	-0.343379	-0.309928	-0.700208	0.466315	-0.442948	-0.0230725	-0.634847	-0.178194	-0.751454	-0.215516	-0.616902	0.179598	-0.735343
-0.208232	-0.677162	0.199421	-0.676995	-0.180495	-0.640839	0.161751	-0.728412	-0.378395	-0.00160007	0.489795	-0.785439	0.393853	0.251808	0.371111	-0.80234	-0.0148616	-0.256948	-0.413883	-0.873188	-0.446142	0.215825	-0.389943	-0.776094	-0.617203	-0.360555	0.609945	-0.342094	-0.313479	-0.703387	0.464131	-0.437676	-0.0211955	-0.645996	-0.17468	-0.742783	-0.223195	-0.632008	0.191027	-0.717118
-0.205895	-0.682551	0.198977	-0.672414	-0.177768	-0.650573	0.160051	-0.720789	-0.378569	-0.0123864	0.48565	-0.78783	0.39348	0.242317	0.377515	-0.802458	-0.0131755	-0.262546	-0.412516	-0.872196	-0.442427	0.205888	-0.396856	-0.777415	-0.626719	-0.362922	0.597044	-0.345036	-0.318333	-0.712195	0.457891	-0.426355	-0.0207131	-0.651486	-0.171016	-0.738844	-0.227652	-0.643403	0.192558	-0.705073
-0.205215	-0.685379	0.198621	-0.669845	-0.176208	-0.653455	0.159934	-0.718587	-0.378407	-0.0157866	0.484708	-0.788427	0.392884	0.239743	0.37966	-0.802511	-0.0101058	-0.273225	-0.408803	-0.870705	-0.441644	0.200848	-0.399328	-0.777913	-0.632001	-0.362894	0.590413	-0.346837	-0.321792	-0.716271	0.455514	-0.419419	-0.0128216	-0.665654	-0.164775	-0.727729	-0.230006	-0.647702	0.192719	-0.700313
-0.204064	-0.688813	0.198092	-0.666824	-0.173256	-0.656216	0.158893	-0.717019	-0.377998	-0.0175193	0.484789	-0.788537	0.392406	0.239199	0.380867	-0.802335	-0.00983159	-0.276942	-0.406184	-0.870759	-0.443676	0.192489	-0.400623	-0.778204	-0.636924	-0.362983	0.583894	-0.348768	-0.332881	-0.721857	0.45441	-0.402024	-0.00678488	-0.672409	-0.163388	-0.72189	-0.233019	-0.651529	0.193437	-0.695553
-0.202197	-0.694278	0.19701	-0.662029	-0.171713	-0.657173	0.158128	-0.716682	-0.375952	-0.0182355	0.487545	-0.787799	0.393314	0.241813	0.382204	-0.800469	-0.0118879	-0.280431	-0.400446	-0.872273	-0.445659	0.189565	-0.400078	-0.778068	-0.642233	-0.36437	0.570811	-0.359089	-0.33834	-0.724853	0.454685	-0.391632	0.011569	-0.690102	-0.16074	-0.705541	-0.240694	-0.658605	0.195584	-0.685604
-0.203693	-0.69763	0.19448	-0.658786	-0.168803	-0.658336	0.157028	-0.716549	-0.372393	-0.0184651	0.491984	-0.786724	0.394086	0.244197	0.3826	-0.799175	-0.0130687	-0.281422	-0.398226	-0.872953	-0.449605	0.185469	-0.398344	-0.777675	-0.647664	-0.35947	0.562231	-0.367708	-0.33744	-0.735986	0.448126	-0.379003	0.0183753	-0.696505	-0.161909	-0.698805	-0.250479	-0.665392	0.199891	-0.674209
-0.205779	-0.699538	0.194589	-0.656077	-0.166879	-0.658296	0.156272	-0.717201	-0.370556	-0.0195826	0.494355	-0.786078	0.395935	0.248298	0.38569	-0.795504	-0.0148685	-0.2818	-0.395211	-0.874171	-0.451051	0.18406	-0.397437	-0.777637	-0.64829	-0.355946	0.561299	-0.371437	-0.333943	-0.742182	0.446514	-0.371851	0.0323774	-0.709431	-0.16035	-0.685527	-0.25433	-0.668966	0.20167	-0.668677
-0.205579	-0.705081	0.193468	-0.650514	-0.163225	-0.660874	0.15446	-0.716063	-0.365576	-0.0279539	0.500237	-0.784434	0.396725	0.251026	0.39408	-0.790125	-0.0151631	-0.280301	-0.392289	-0.875963	-0.453153	0.183391	-0.394525	-0.778055	-0.630905	-0.356241	0.566853	-0.392083	-0.299469	-0.761574	0.43857	-0.371456	0.0378909	-0.723267	-0.148222	-0.673409	-0.271023	-0.67708	0.214795	-0.649594
-0.203156	-0.707123	0.190228	-0.650013	-0.161828	-0.663407	0.15379	-0.714179	-0.365112	-0.0322353	0.501475	-0.783695	0.395962	0.250405	0.398082	-0.788696	-0.0138814	-0.282065	-0.391762	-0.875654	-0.452307	0.182717	-0.395612	-0.778154	-0.62032	-0.357356	0.572474	-0.399716	-0.286223	-0.764887	0.434355	-0.379947	0.0401307	-0.726868	-0.148087	-0.66942	-0.273191	-0.679348	0.216399	-0.645774
-0.203532	-0.709868	0.18766	-0.647646	-0.159741	-0.666701	0.153951	-0.711542	-0.366318	-0.0381044	0.502207	-0.782399	0.393488	0.247612	0.403804	-0.787907	-0.0110203	-0.287185	-0.391268	-0.87425	-0.450971	0.181366	-0.397643	-0.778211	-0.595911	-0.356921	0.586965	-0.415896	-0.27443	-0.76664	0.430214	-0.389701	0.044645	-0.73252	-0.145735	-0.663463	-0.277541	-0.681304	0.218927	-0.640989
-0.204067	-0.711496	0.188004	-0.645589	-0.15945	-0.667578	0.154703	-0.710621	-0.367306	-0.0390631	0.502104	-0.781954	0.392288	0.247069	0.404497	-0.788321	-0.00895255	-0.289256	-0.390747	-0.873824	-0.449665	0.175375	-0.401154	-0.778537	-0.58078	-0.357782	0.594681	-0.425489	-0.189989	-0.784174	0.367859	-0.462228	0.0456608	-0.734977	-0.142064	-0.66147	-0.279348	-0.681981	0.219593	-0.639254
-0.194887	-0.71799	0.182279	-0.642871	-0.159769	-0.67054	0.155399	-0.707602	-0.369228	-0.0399548	0.501959	-0.781096	0.389216	0.246861	0.405643	-0.789319	-0.00347362	-0.294432	-0.385981	-0.874252	-0.449848	0.172911	-0.401253	-0.778932	-0.529304	-0.369286	0.608622	-0.461568	-0.139387	-0.783979	0.313227	-0.517529	0.0472981	-0.739329	-0.138866	-0.657169	-0.281491	-0.68566	0.220473	-0.634054
-0.191759	-0.719854	0.180076	-0.642348	-0.159349	-0.671111	0.155559	-0.707121	-0.37105	-0.0401686	0.502643	-0.779781	0.388437	0.24725	0.406064	-0.789364	-0.00225496	-0.296237	-0.384214	-0.874425	-0.449443	0.16698	-0.401519	-0.780321	-0.514327	-0.373432	0.610313	-0.472794	-0.118923	-0.780623	0.284937	-0.543411	0.049784	-0.739711	-0.141209	-0.656056	-0.280289	-0.687716	0.219415	-0.632725
-0.185698	-0.721988	0.176259	-0.642792	-0.157306	-0.672252	0.155095	-0.706596	-0.370646	-0.0407273	0.503272	-0.779538	0.388013	0.247958	0.406754	-0.788995	-0.000282792	-0.299805	-0.381349	-0.874465	-0.446486	0.159951	-0.40265	-0.782904	-0.492388	-0.381352	0.613948	-0.484967	-0.10087	-0.762257	0.233105	-0.595358	0.0596238	-0.73754	-0.152437	-0.655166	-0.272284	-0.694479	0.212448	-0.63121
-0.177599	-0.718513	0.171457	-0.650231	-0.153949	-0.672235	0.151458	-0.708139	-0.366278	-0.0408284	0.503525	-0.781432	0.391061	0.248099	0.406718	-0.787463	0.00215254	-0.300658	-0.382123	-0.873832	-0.444736	0.159432	-0.403129	-0.783759	-0.480334	-0.390778	0.613888	-0.489605	-0.0908449	-0.759879	0.214041	-0.607056	0.0683084	-0.733278	-0.161371	-0.65696	-0.259074	-0.705303	0.202755	-0.627948
-0.177599	-0.718513	0.171457	-0.650231	-0.153949	-0.672235	0.151458	-0.708139	-0.366278	-0.0408284	0.503525	-0.781432	0.391061	0.248099	0.406718	-0.787463	0.00215254	-0.300658	-0.382123	-0.873832	-0.444736	0.159432	-0.403129	-0.783759	-0.480334	-0.390778	0.613888	-0.489605	-0.0908449	-0.759879	0.214041	-0.607056	0.0683084	-0.733278	-0.161371	-0.65696	-0.259074	-0.705303	0.202755	-0.627948
-0.167447	-0.713428	0.168143	-0.659325	-0.150511	-0.668103	0.145812	-0.713949	-0.35914	-0.0393147	0.503045	-0.785123	0.398893	0.247201	0.404387	-0.785014	0.00810815	-0.29742	-0.387922	-0.872348	-0.440613	0.162875	-0.403113	-0.785386	-0.469969	-0.409546	0.604953	-0.495413	-0.0869205	-0.755416	0.197473	-0.618705	0.0806884	-0.727644	-0.175919	-0.658085	-0.246314	-0.717621	0.197911	-0.62063
-0.163302	-0.710258	0.167138	-0.664026	-0.14868	-0.665842	0.142175	-0.717171	-0.354343	-0.0379362	0.502016	-0.788024	0.404529	0.24625	0.401902	-0.783704	0.00810815	-0.29742	-0.387922	-0.872348	-0.438333	0.16671	-0.402356	-0.786246	-0.468787	-0.417576	0.601432	-0.494114	-0.0916514	-0.754171	0.201525	-0.618234	0.0848224	-0.724098	-0.18331	-0.659458	-0.237206	-0.725602	0.194589	-0.615931
-0.154778	-0.707039	0.159988	-0.671225	-0.14431	-0.663393	0.133866	-0.721917	-0.344843	-0.0369776	0.499854	-0.793639	0.4159	0.243427	0.39827	-0.780482	0.0217527	-0.287892	-0.399962	-0.869871	-0.431589	0.174877	-0.401779	-0.788494	-0.474842	-0.423557	0.603481	-0.480558	-0.0964693	-0.751883	0.206358	-0.618693	0.0779732	-0.71128	-0.19478	-0.670866	-0.22138	-0.747395	0.197279	-0.594536
-0.154534	-0.700539	0.151717	-0.679961	-0.139313	-0.660828	0.127591	-0.726374	-0.335204	-0.0342115	0.497198	-0.799538	0.425092	0.24195	0.393101	-0.778607	0.0288095	-0.280455	-0.40611	-0.869247	-0.424363	0.183604	-0.399408	-0.79163	-0.47503	-0.437037	0.597881	-0.475272	-0.0895991	-0.749103	0.199356	-0.625359	0.0493333	-0.69118	-0.196062	-0.693827	-0.211838	-0.772181	0.206866	-0.562199
-0.156966	-0.703372	0.153808	-0.675998	-0.135287	-0.657646	0.123648	-0.730692	-0.328216	-0.0311258	0.499009	-0.801433	0.432496	0.24451	0.390261	-0.775151	0.0363819	-0.272016	-0.411048	-0.869324	-0.419902	0.190347	-0.396117	-0.794067	-0.477422	-0.442439	0.597999	-0.467668	-0.0842651	-0.747493	0.196643	-0.628876	0.0374411	-0.668273	-0.222024	-0.709024	-0.206891	-0.793404	0.214985	-0.530554
-0.155161	-0.704565	0.15508	-0.674881	-0.135287	-0.657646	0.123648	-0.730692	-0.325573	-0.0332992	0.50094	-0.801219	0.435317	0.244737	0.392581	-0.772323	0.0399081	-0.270133	-0.411421	-0.869579	-0.417287	0.192206	-0.394938	-0.795583	-0.479905	-0.443996	0.598427	-0.463082	-0.0829175	-0.746842	0.195631	-0.630144	0.0334832	-0.659794	-0.243709	-0.710039	-0.202345	-0.800901	0.217441	-0.519936
-0.153724	-0.70198	0.156191	-0.677641	-0.134008	-0.656177	0.125222	-0.731979	-0.3232	-0.035411	0.503087	-0.800744	0.4375	0.245009	0.395121	-0.769704	0.0417655	-0.2685	-0.411449	-0.869984	-0.414799	0.193525	-0.39362	-0.797216	-0.483495	-0.445059	0.598752	-0.457876	-0.0819697	-0.746413	0.194215	-0.631212	0.0200494	-0.652677	-0.244854	-0.716698	-0.195273	-0.804584	0.214451	-0.518192
-0.154281	-0.697902	0.163887	-0.679905	-0.132527	-0.654578	0.126954	-0.73338	-0.319	-0.036757	0.505942	-0.800569	0.44088	0.246548	0.397064	-0.766276	0.0424598	-0.263505	-0.411401	-0.871499	-0.411719	0.196045	-0.390057	-0.799943	-0.487484	-0.447938	0.598884	-0.450611	-0.0807182	-0.746686	0.192191	-0.63167	-0.00815154	-0.636587	-0.234546	-0.734628	-0.194238	-0.795241	0.20817	-0.535283
-0.149446	-0.698505	0.170081	-0.678844	-0.133904	-0.652047	0.12988	-0.734871	-0.315571	-0.0348865	0.505497	-0.802291	0.442774	0.246775	0.396243	-0.765536	0.0414818	-0.260575	-0.410682	-0.872766	-0.411769	0.200135	-0.384624	-0.801534	-0.493473	-0.449066	0.598503	-0.443416	-0.08161	-0.747272	0.1924	-0.630798	-0.0167168	-0.633475	-0.231332	-0.738184	-0.211135	-0.766817	0.212286	-0.567758
-0.146741	-0.698894	0.171165	-0.678761	-0.134529	-0.651212	0.131442	-0.735219	-0.314626	-0.0327549	0.505253	-0.802906	0.445873	0.248514	0.392029	-0.765344	0.0379161	-0.254978	-0.408792	-0.875464	-0.412746	0.202489	-0.382131	-0.801632	-0.496933	-0.448859	0.598387	-0.439904	-0.0810766	-0.74827	0.191706	-0.629895	-0.0347497	-0.619738	-0.225018	-0.751055	-0.219793	-0.748841	0.213333	-0.587722
-0.146394	-0.696999	0.174621	-0.679904	-0.136492	-0.64911	0.13693	-0.735715	-0.314471	-0.028204	0.505835	-0.802772	0.445722	0.252051	0.388573	-0.766037	0.0331341	-0.251465	-0.407818	-0.877127	-0.415841	0.206103	-0.379018	-0.800589	-0.501549	-0.449982	0.597459	-0.434749	-0.0790743	-0.752132	0.19079	-0.625814	-0.0507121	-0.611683	-0.211066	-0.760738	-0.230173	-0.708736	0.213593	-0.631737
-0.146921	-0.693911	0.175845	-0.682628	-0.138561	-0.645964	0.142294	-0.737078	-0.315954	-0.0240586	0.50836	-0.800727	0.443362	0.257129	0.387006	-0.766512	0.0273864	-0.249157	-0.406206	-0.87873	-0.419996	0.207794	-0.376452	-0.799193	-0.504563	-0.452456	0.595901	-0.430815	-0.0768874	-0.757752	0.190655	-0.619314	-0.0559835	-0.604366	-0.208814	-0.766815	-0.231668	-0.671362	0.213936	-0.670697
-0.146915	-0.691901	0.175278	-0.684812	-0.13962	-0.644111	0.144723	-0.738026	-0.316845	-0.0216818	0.510108	-0.79933	0.443362	0.257129	0.387006	-0.766512	0.0273864	-0.249157	-0.406206	-0.87873	-0.422552	0.208086	-0.374849	-0.798523	-0.505544	-0.454388	0.594493	-0.429575	-0.0753531	-0.761017	0.190475	-0.615544	-0.0559835	-0.604366	-0.208814	-0.766815	-0.230041	-0.654616	0.212322	-0.688098
-0.147795	-0.68973	0.175327	-0.686797	-0.140996	-0.641885	0.147286	-0.739196	-0.317778	-0.0191629	0.51191	-0.797871	0.440598	0.263314	0.385641	-0.766694	0.0213106	-0.245658	-0.404352	-0.880737	-0.425447	0.208173	-0.372843	-0.797901	-0.506743	-0.456428	0.59318	-0.42781	-0.0744227	-0.764355	0.190967	-0.611354	-0.0568635	-0.597861	-0.203847	-0.773159	-0.228667	-0.638519	0.21117	-0.703855
-0.150662	-0.684759	0.174339	-0.691384	-0.143603	-0.637983	0.151031	-0.741314	-0.319551	-0.0147488	0.514635	-0.7955	0.43952	0.266049	0.384859	-0.766762	0.0180249	-0.243562	-0.403443	-0.881809	-0.431195	0.209058	-0.368511	-0.796596	-0.510282	-0.460356	0.589757	-0.424112	-0.0734329	-0.771435	0.192643	-0.601984	-0.057954	-0.594154	-0.200415	-0.776825	-0.229234	-0.612363	0.214099	-0.72569
-0.152719	-0.682335	0.17348	-0.693542	-0.145159	-0.636104	0.152627	-0.742298	-0.320175	-0.0127628	0.51585	-0.794496	0.438049	0.270398	0.383093	-0.766967	0.0115819	-0.239053	-0.402142	-0.883743	-0.434085	0.210193	-0.36656	-0.795627	-0.512388	-0.462212	0.58775	-0.422337	-0.0731972	-0.775263	0.193765	-0.596712	-0.0579582	-0.593409	-0.195039	-0.77876	-0.228689	-0.601513	0.213983	-0.734911
-0.157559	-0.680382	0.172188	-0.694699	-0.148278	-0.631861	0.155537	-0.744696	-0.3213	-0.00935566	0.517977	-0.792704	0.436782	0.274053	0.381683	-0.767095	0.00562172	-0.23543	-0.402014	-0.884831	-0.439357	0.213422	-0.363748	-0.793161	-0.519481	-0.463974	0.584369	-0.416389	-0.0774969	-0.782583	0.19965	-0.58455	-0.0557969	-0.595031	-0.188147	-0.779375	-0.222979	-0.585526	0.201838	-0.752795
-0.162707	-0.679641	0.169479	-0.694904	-0.151294	-0.627393	0.156238	-0.747715	-0.322333	-0.00635826	0.519637	-0.791225	0.435827	0.276723	0.380505	-0.767265	-9.25E-05	-0.233634	-0.403315	-0.884733	-0.444157	0.216506	-0.363152	-0.789918	-0.528344	-0.467397	0.57704	-0.411603	-0.0906505	-0.789238	0.211312	-0.569414	-0.0465712	-0.600587	-0.189892	-0.775285	-0.217298	-0.576328	0.188258	-0.764975
-0.170802	-0.682269	0.168425	-0.690629	-0.153641	-0.622642	0.156611	-0.751122	-0.322579	-0.00195491	0.521096	-0.790188	0.435635	0.2801	0.377683	-0.767542	-0.00458537	-0.232051	-0.405579	-0.884102	-0.448934	0.219483	-0.362889	-0.786509	-0.53717	-0.47253	0.568807	-0.405736	-0.0999808	-0.796275	0.217849	-0.55542	-0.0385333	-0.607035	-0.191218	-0.770363	-0.219309	-0.574946	0.18955	-0.765122
-0.172788	-0.685677	0.168981	-0.686612	-0.15578	-0.619173	0.157546	-0.75335	-0.322277	0.00553549	0.52157	-0.789982	0.435565	0.282537	0.375043	-0.767983	-0.00652058	-0.230692	-0.405737	-0.884373	-0.455532	0.222636	-0.360267	-0.783027	-0.55092	-0.472695	0.560538	-0.398552	-0.120862	-0.803975	0.233695	-0.533295	-0.0378652	-0.612877	-0.187322	-0.766719	-0.224793	-0.578644	0.197562	-0.758689
-0.189943	-0.699232	0.188426	-0.662942	-0.156846	-0.62096	0.160783	-0.75097	-0.324656	0.00683141	0.525227	-0.786567	0.434072	0.28776	0.372763	-0.768	-0.00757272	-0.234413	-0.406388	-0.883086	-0.460132	0.218829	-0.364506	-0.779441	-0.561462	-0.467161	0.556505	-0.396009	-0.137702	-0.812948	0.251337	-0.506936	-0.023064	-0.614545	-0.204765	-0.761495	-0.238664	-0.587534	0.208503	-0.74456
-0.189885	-0.698866	0.190476	-0.662758	-0.156467	-0.624764	0.162362	-0.747547	-0.324656	0.00683141	0.525227	-0.786567	0.433265	0.284008	0.379368	-0.766617	-0.00812341	-0.240254	-0.402281	-0.883392	-0.460132	0.218829	-0.364506	-0.779441	-0.568573	-0.46291	0.554578	-0.393551	-0.143831	-0.816082	0.258009	-0.496744	-0.0218155	-0.621394	-0.189819	-0.759843	-0.243356	-0.59611	0.213327	-0.734794
-0.192331	-0.704627	0.19901	-0.653379	-0.15606	-0.636423	0.160693	-0.738099	-0.324948	-0.0219617	0.521708	-0.78851	0.432152	0.272783	0.391346	-0.765299	-0.00832713	-0.247922	-0.398134	-0.883151	-0.452486	0.201864	-0.376274	-0.782895	-0.585813	-0.451398	0.552629	-0.38427	-0.167825	-0.818399	0.272572	-0.477245	-0.0251266	-0.62512	-0.201575	-0.753632	-0.246434	-0.609628	0.214997	-0.722081
-0.196873	-0.710416	0.203551	-0.644296	-0.159913	-0.641157	0.163338	-0.732575	-0.328532	-0.025355	0.516983	-0.790033	0.426329	0.262831	0.394972	-0.770169	-0.00916951	-0.262036	-0.393056	-0.88134	-0.45026	0.195193	-0.382265	-0.782968	-0.598012	-0.447404	0.547312	-0.377705	-0.176846	-0.819131	0.271677	-0.473225	-0.0317947	-0.638478	-0.17266	-0.749348	-0.245541	-0.621139	0.211539	-0.713546
-0.192761	-0.715555	0.200717	-0.640732	-0.163985	-0.644706	0.16219	-0.728806	-0.333717	-0.0246402	0.513707	-0.79002	0.421903	0.261905	0.393062	-0.77389	-0.0149587	-0.265623	-0.390642	-0.88126	-0.451144	0.19274	-0.385047	-0.781703	-0.599555	-0.451464	0.542367	-0.377561	-0.177022	-0.822072	0.264733	-0.471994	-0.0270777	-0.641933	-0.179702	-0.744913	-0.243377	-0.625546	0.208307	-0.711385
-0.193196	-0.716609	0.200109	-0.639612	-0.168021	-0.646936	0.162889	-0.725748	-0.337846	-0.0238217	0.512171	-0.789286	0.419751	0.261953	0.392368	-0.775395	-0.0149587	-0.265623	-0.390642	-0.88126	-0.452174	0.192622	-0.387174	-0.780084	-0.60027	-0.452508	0.54088	-0.377308	-0.178172	-0.823589	0.262408	-0.47021	-0.0270777	-0.641933	-0.179702	-0.744913	-0.242632	-0.627795	0.207564	-0.709874
-0.197244	-0.715802	0.201658	-0.638792	-0.169294	-0.647056	0.16334	-0.725243	-0.339147	-0.0243525	0.51172	-0.789005	0.416518	0.261474	0.392477	-0.777242	-0.0231747	-0.268539	-0.390377	-0.880316	-0.452634	0.192658	-0.388594	-0.779103	-0.600373	-0.454418	0.540062	-0.376018	-0.175174	-0.824841	0.259735	-0.470626	-0.0311823	-0.64681	-0.169021	-0.743032	-0.243103	-0.631867	0.210068	-0.705349
-0.196595	-0.715111	0.201259	-0.639891	-0.170422	-0.648131	0.164098	-0.723847	-0.340555	-0.027394	0.510845	-0.788866	0.415188	0.25904	0.394788	-0.777598	-0.0249588	-0.27028	-0.39155	-0.879212	-0.452818	0.193104	-0.390855	-0.777753	-0.601532	-0.454627	0.539746	-0.374363	-0.176068	-0.824706	0.260493	-0.47011	-0.0331031	-0.648178	-0.167086	-0.742193	-0.244008	-0.635129	0.214265	-0.700829
-0.198043	-0.713268	0.202002	-0.641267	-0.170784	-0.649248	0.1659	-0.722348	-0.340687	-0.03053	0.510607	-0.788848	0.414831	0.257254	0.396832	-0.777341	-0.0242558	-0.271583	-0.392046	-0.878609	-0.452287	0.193045	-0.392447	-0.777275	-0.602392	-0.454102	0.540352	-0.37274	-0.174676	-0.824847	0.25951	-0.470924	-0.0378781	-0.647575	-0.161745	-0.743674	-0.24337	-0.637805	0.216598	-0.697897
-0.199009	-0.711407	0.202766	-0.642792	-0.171005	-0.649153	0.166271	-0.722296	-0.340484	-0.0306576	0.510718	-0.788859	0.414818	0.2574	0.397136	-0.777145	-0.0221498	-0.271582	-0.392391	-0.878511	-0.451931	0.192677	-0.392299	-0.777647	-0.602701	-0.453856	0.540775	-0.371926	-0.174537	-0.824748	0.259332	-0.471247	-0.0426474	-0.647872	-0.156073	-0.744368	-0.243111	-0.639509	0.219507	-0.695515
-0.199057	-0.71066	0.202634	-0.643644	-0.171462	-0.648909	0.166544	-0.722344	-0.340574	-0.0301474	0.510718	-0.78884	0.414889	0.257618	0.396978	-0.777115	-0.0210225	-0.271397	-0.392424	-0.878581	-0.450681	0.191874	-0.392129	-0.778657	-0.602582	-0.454081	0.540899	-0.371663	-0.172367	-0.824837	0.258035	-0.472601	-0.0450603	-0.646699	-0.153775	-0.745724	-0.242464	-0.640473	0.220033	-0.694688
-0.200656	-0.706796	0.202596	-0.647404	-0.171931	-0.648176	0.166582	-0.722882	-0.341401	-0.0287308	0.510251	-0.788837	0.414404	0.258184	0.395356	-0.778013	-0.0184047	-0.271223	-0.393458	-0.878231	-0.449554	0.191531	-0.392379	-0.779267	-0.601494	-0.454046	0.542399	-0.371282	-0.171499	-0.824505	0.258562	-0.473208	-0.0479735	-0.646189	-0.151767	-0.746394	-0.244119	-0.641101	0.225566	-0.691748
-0.20237	-0.704323	0.202433	-0.649613	-0.17276	-0.646803	0.165992	-0.724049	-0.342148	-0.0271657	0.509533	-0.789033	0.413844	0.258212	0.393973	-0.779003	-0.0174814	-0.270967	-0.394463	-0.877878	-0.448965	0.191778	-0.392663	-0.779402	-0.600557	-0.454643	0.542853	-0.371404	-0.169576	-0.824503	0.257438	-0.474515	-0.0505233	-0.644272	-0.150077	-0.748223	-0.244601	-0.641528	0.22868	-0.690157
-0.204917	-0.700984	0.204038	-0.651919	-0.175316	-0.643709	0.166954	-0.725968	-0.342882	-0.0247205	0.509238	-0.788985	0.41322	0.259371	0.391755	-0.780066	-0.0169139	-0.269965	-0.396609	-0.877231	-0.448814	0.193703	-0.393183	-0.77875	-0.600106	-0.453233	0.545018	-0.370686	-0.167619	-0.824205	0.257893	-0.47548	-0.0522952	-0.642604	-0.147604	-0.750026	-0.244982	-0.642126	0.232567	-0.688164
-0.205378	-0.700284	0.204463	-0.652394	-0.176131	-0.642882	0.167101	-0.72647	-0.343396	-0.0240679	0.509265	-0.788764	0.41293	0.259685	0.391233	-0.780378	-0.0173343	-0.26964	-0.397415	-0.876958	-0.448737	0.19481	-0.393498	-0.77836	-0.599608	-0.453402	0.545694	-0.370291	-0.166231	-0.824115	0.257546	-0.476311	-0.0528101	-0.641709	-0.147039	-0.750866	-0.24439	-0.642841	0.232965	-0.687573
-0.205915	-0.699121	0.205561	-0.653126	-0.177395	-0.642277	0.166757	-0.726776	-0.344359	-0.0230211	0.508906	-0.788607	0.412476	0.259926	0.390409	-0.78095	-0.0186196	-0.268851	-0.399202	-0.876362	-0.448569	0.197538	-0.394216	-0.777405	-0.599207	-0.45317	0.547051	-0.36922	-0.164587	-0.823806	0.257394	-0.477497	-0.0547042	-0.640463	-0.144249	-0.752334	-0.244259	-0.643599	0.234583	-0.686359
-0.206157	-0.698833	0.206019	-0.653213	-0.177869	-0.642134	0.166562	-0.726831	-0.344788	-0.0226392	0.508375	-0.788773	0.412272	0.259724	0.389887	-0.781386	-0.0190984	-0.26841	-0.400052	-0.876099	-0.448475	0.199037	-0.394491	-0.776937	-0.598987	-0.453102	0.547661	-0.368756	-0.162971	-0.823582	0.256924	-0.47869	-0.0558595	-0.640043	-0.143142	-0.752818	-0.243886	-0.643839	0.23473	-0.686217
-0.206766	-0.698895	0.207231	-0.652571	-0.179819	-0.640961	0.165901	-0.727538	-0.345408	-0.0212187	0.50649	-0.789754	0.411848	0.258985	0.387848	-0.782868	-0.0196396	-0.266837	-0.402647	-0.875378	-0.448262	0.203257	-0.395153	-0.77563	-0.598185	-0.453639	0.548832	-0.367654	-0.161191	-0.823361	0.256251	-0.480031	-0.058583	-0.638916	-0.141012	-0.75397	-0.241545	-0.645087	0.233337	-0.686347
-0.206923	-0.69912	0.208134	-0.651993	-0.181318	-0.640509	0.16538	-0.727683	-0.345573	-0.0207168	0.505212	-0.790513	0.412482	0.25791	0.38669	-0.783462	-0.019487	-0.26643	-0.403707	-0.875018	-0.44714	0.205431	-0.396214	-0.775163	-0.597828	-0.453687	0.549649	-0.366954	-0.159703	-0.823256	0.255949	-0.480869	-0.0593383	-0.638148	-0.139997	-0.75475	-0.240137	-0.646001	0.232702	-0.686197
-0.207247	-0.699033	0.2081	-0.651994	-0.182143	-0.640763	0.164881	-0.727366	-0.345902	-0.0203905	0.503919	-0.791203	0.412799	0.25671	0.385851	-0.784102	-0.0182143	-0.266281	-0.406461	-0.873815	-0.4458	0.206801	-0.397421	-0.774953	-0.59726	-0.453689	0.550191	-0.367065	-0.158665	-0.823219	0.256214	-0.481134	-0.0598729	-0.636981	-0.139638	-0.755759	-0.238482	-0.647244	0.231936	-0.685863
-0.208373	-0.698645	0.208296	-0.651988	-0.182575	-0.640601	0.164707	-0.72744	-0.345971	-0.0200264	0.503307	-0.791571	0.412332	0.25658	0.384697	-0.784957	-0.017249	-0.265975	-0.407643	-0.873377	-0.44524	0.207025	-0.39787	-0.774985	-0.597613	-0.453055	0.550531	-0.366764	-0.158602	-0.823256	0.256654	-0.480858	-0.0604536	-0.636255	-0.138234	-0.756582	-0.236351	-0.648633	0.230365	-0.685818
-0.209499	-0.698254	0.208723	-0.651909	-0.183982	-0.639299	0.164655	-0.728242	-0.346822	-0.0175917	0.502856	-0.791543	0.411735	0.257774	0.383332	-0.785547	-0.0169692	-0.265458	-0.407992	-0.873376	-0.444921	0.207439	-0.397705	-0.775142	-0.59793	-0.452332	0.550924	-0.366548	-0.158792	-0.823312	0.25755	-0.480219	-0.0603503	-0.636702	-0.136974	-0.756443	-0.234283	-0.649532	0.228641	-0.686253
-0.209827	-0.697784	0.208732	-0.652304	-0.184578	-0.638761	0.164973	-0.728491	-0.346822	-0.0175917	0.502856	-0.791543	0.411321	0.258579	0.38268	-0.785817	-0.0173299	-0.264425	-0.408265	-0.873555	-0.444921	0.207439	-0.397705	-0.775142	-0.598203	-0.451869	0.551139	-0.366351	-0.159512	-0.823348	0.258835	-0.479226	-0.0607451	-0.636667	-0.136367	-0.756551	-0.233673	-0.649871	0.228209	-0.686284
-0.211141	-0.696874	0.209191	-0.652706	-0.18663	-0.636301	0.166724	-0.729721	-0.348653	-0.0143413	0.50364	-0.790305	0.409261	0.261414	0.381161	-0.786692	-0.0195983	-0.262347	-0.40931	-0.873645	-0.446621	0.210752	-0.396632	-0.773819	-0.598714	-0.450943	0.551588	-0.365982	-0.159955	-0.823515	0.260061	-0.478128	-0.0621643	-0.638396	-0.133943	-0.755411	-0.231308	-0.649468	0.224759	-0.688601
-0.211229	-0.696576	0.209092	-0.653027	-0.187155	-0.63562	0.167247	-0.73006	-0.348653	-0.0143413	0.50364	-0.790305	0.408717	0.262203	0.380811	-0.786882	-0.0207357	-0.261729	-0.409625	-0.873656	-0.447225	0.21186	-0.39646	-0.773256	-0.599159	-0.450452	0.551728	-0.365648	-0.161028	-0.823362	0.26122	-0.477398	-0.062544	-0.639894	-0.133475	-0.754194	-0.229981	-0.648743	0.222279	-0.690532
-0.211229	-0.696463	0.208678	-0.653281	-0.187521	-0.63468	0.168138	-0.730579	-0.350486	-0.0110761	0.505216	-0.788539	0.408377	0.262934	0.380433	-0.786997	-0.0218066	-0.261354	-0.409749	-0.873685	-0.448173	0.213445	-0.396382	-0.772311	-0.599396	-0.450319	0.551691	-0.365478	-0.161575	-0.823461	0.261833	-0.476707	-0.0626288	-0.641409	-0.133514	-0.752892	-0.228268	-0.6487	0.220053	-0.691851
-0.211575	-0.696561	0.208934	-0.652982	-0.187829	-0.634032	0.16914	-0.730832	-0.35071	-0.011164	0.505995	-0.787938	0.40776	0.264038	0.381116	-0.786617	-0.0234328	-0.261337	-0.409523	-0.873753	-0.448891	0.213564	-0.396182	-0.771963	-0.598754	-0.451386	0.551416	-0.365629	-0.1608	-0.823771	0.261331	-0.476709	-0.0635341	-0.641689	-0.132212	-0.752807	-0.227404	-0.648829	0.219495	-0.692192
-0.211575	-0.696561	0.208934	-0.652982	-0.187829	-0.634032	0.16914	-0.730832	-0.35071	-0.011164	0.505995	-0.787938	0.40776	0.264038	0.381116	-0.786617	-0.0234328	-0.261337	-0.409523	-0.873753	-0.448891	0.213564	-0.396182	-0.771963	-0.598754	-0.451386	0.551416	-0.365629	-0.1608	-0.823771	0.261331	-0.476709	-0.0632516	-0.641565	-0.13143	-0.753073	-0.227404	-0.648829	0.219495	-0.692192
