FULLBODY	1																																						
Frames:	184																																						
-0.418261	-0.601652	0.39365	-0.555078	-0.388565	-0.573824	0.401247	-0.598953	-0.708442	-0.206109	0.594321	-0.320018	-0.671895	-0.0902139	0.673216	-0.295293	-0.0805086	-0.645231	-0.0123631	-0.759634	-0.168371	-0.645781	-0.0285921	-0.744178	-0.682252	-0.168749	0.679122	-0.211777	-0.445665	-0.578096	0.485635	-0.480985	-0.133881	-0.734654	0.181287	-0.639918	-0.37424	-0.622634	0.451796	-0.517834
-0.422505	-0.602554	0.405895	-0.541911	-0.395362	-0.576511	0.400319	-0.59251	-0.718676	-0.208587	0.592392	-0.298443	-0.676344	-0.0920959	0.672934	-0.285022	-0.0456259	-0.653052	-0.00841429	-0.755891	-0.137253	-0.656984	-0.0344568	-0.740504	-0.68728	-0.152875	0.676964	-0.214465	-0.459707	-0.564603	0.490207	-0.479156	-0.148157	-0.72848	0.16817	-0.647368	-0.381827	-0.620277	0.445967	-0.52017
-0.422934	-0.602336	0.406125	-0.541647	-0.395739	-0.576393	0.400418	-0.592307	-0.718656	-0.208234	0.59207	-0.299375	-0.675646	-0.0913513	0.672862	-0.287078	-0.0460028	-0.653333	-0.0081396	-0.755628	-0.137986	-0.657323	-0.0342542	-0.740076	-0.687597	-0.152183	0.677063	-0.213628	-0.460122	-0.564322	0.490521	-0.478767	-0.148095	-0.72873	0.168219	-0.647088	-0.381954	-0.620308	0.446392	-0.519676
-0.423665	-0.602035	0.406399	-0.541204	-0.396357	-0.576331	0.400416	-0.591955	-0.717816	-0.207818	0.592124	-0.301565	-0.674216	-0.0903459	0.673299	-0.289722	-0.0470682	-0.653433	-0.00842249	-0.755472	-0.140017	-0.656863	-0.0344805	-0.740093	-0.687786	-0.153108	0.67661	-0.213795	-0.459757	-0.564782	0.490425	-0.478673	-0.147633	-0.729428	0.168586	-0.646311	-0.382399	-0.620375	0.447575	-0.518249
-0.423627	-0.602186	0.406433	-0.54104	-0.396508	-0.576302	0.400439	-0.591866	-0.717294	-0.207773	0.592529	-0.302041	-0.673922	-0.0902752	0.673724	-0.289439	-0.047855	-0.653296	-0.00955359	-0.755528	-0.140576	-0.65651	-0.0348133	-0.740284	-0.687838	-0.153595	0.676391	-0.213966	-0.459687	-0.564894	0.490412	-0.478622	-0.147865	-0.729556	0.169462	-0.645884	-0.382304	-0.620536	0.447754	-0.517971
-0.423544	-0.602459	0.406728	-0.540579	-0.396933	-0.575935	0.400765	-0.591718	-0.715935	-0.208596	0.593134	-0.303507	-0.672803	-0.0906934	0.67517	-0.288541	-0.0500455	-0.652733	-0.0109639	-0.755853	-0.141937	-0.655544	-0.0344934	-0.740896	-0.68845	-0.153846	0.67584	-0.213559	-0.459632	-0.565059	0.490479	-0.478411	-0.147257	-0.729668	0.168925	-0.646038	-0.38211	-0.620835	0.448165	-0.517402
-0.423811	-0.602352	0.406743	-0.540478	-0.397383	-0.575339	0.402111	-0.591082	-0.715381	-0.209464	0.592578	-0.305297	-0.670011	-0.0867428	0.677711	-0.290292	-0.0529228	-0.652022	-0.0110686	-0.75627	-0.146595	-0.654148	-0.0297527	-0.741428	-0.688348	-0.154668	0.675706	-0.21372	-0.458956	-0.565718	0.490056	-0.478714	-0.146912	-0.73021	0.169636	-0.645317	-0.381591	-0.621273	0.448044	-0.517364
-0.424046	-0.602239	0.406815	-0.540365	-0.397926	-0.5749	0.40315	-0.590436	-0.715882	-0.208581	0.592142	-0.305571	-0.667799	-0.0792578	0.680146	-0.291829	-0.0646837	-0.648839	-0.00801261	-0.758129	-0.151693	-0.653194	-0.0255167	-0.741401	-0.688224	-0.155387	0.675521	-0.214183	-0.457755	-0.566849	0.489465	-0.479131	-0.146692	-0.73053	0.169734	-0.644979	-0.381421	-0.62144	0.448018	-0.51731
-0.424054	-0.602237	0.406086	-0.540909	-0.398519	-0.575344	0.405906	-0.587708	-0.719174	-0.203099	0.590935	-0.303868	-0.659106	-0.0558436	0.685196	-0.304905	-0.0743456	-0.64574	-0.00452344	-0.759916	-0.167806	-0.645195	-0.0185854	-0.745131	-0.68808	-0.156057	0.675136	-0.215369	-0.45691	-0.567575	0.488978	-0.479576	-0.146389	-0.730945	0.169732	-0.644578	-0.381191	-0.621765	0.448185	-0.516945
-0.423976	-0.602158	0.405215	-0.541712	-0.399319	-0.575331	0.407485	-0.586084	-0.720705	-0.200506	0.589318	-0.3051	-0.653263	-0.038336	0.686676	-0.316627	-0.096518	-0.63589	0.000990504	-0.76572	-0.178705	-0.637253	-0.0193723	-0.749398	-0.687922	-0.15647	0.674906	-0.216294	-0.45633	-0.568027	0.488624	-0.479953	-0.146487	-0.731277	0.168551	-0.644489	-0.381104	-0.621919	0.448195	-0.516815
-0.424624	-0.601734	0.404961	-0.541865	-0.40085	-0.574176	0.410389	-0.584142	-0.72568	-0.18728	0.585421	-0.309188	-0.636565	0.00520618	0.685446	-0.353443	-0.107171	-0.628338	-0.00275609	-0.770518	-0.205802	-0.613506	-0.0323109	-0.761716	-0.688117	-0.155778	0.674869	-0.216286	-0.456099	-0.568225	0.487974	-0.4806	-0.145987	-0.731749	0.167098	-0.644445	-0.381124	-0.622106	0.447954	-0.516785
-0.424624	-0.601734	0.404961	-0.541865	-0.40085	-0.574176	0.410389	-0.584142	-0.72568	-0.18728	0.585421	-0.309188	-0.636565	0.00520618	0.685446	-0.353443	-0.117927	-0.619644	-0.0106289	-0.7759	-0.205802	-0.613506	-0.0323109	-0.761716	-0.688117	-0.155778	0.674869	-0.216286	-0.456099	-0.568225	0.487974	-0.4806	-0.145979	-0.731842	0.166575	-0.644477	-0.381124	-0.622106	0.447954	-0.516785
-0.426504	-0.600487	0.405777	-0.541161	-0.402553	-0.571694	0.412272	-0.58408	-0.731358	-0.166147	0.579962	-0.318047	-0.612912	0.0581097	0.676283	-0.404479	-0.138113	-0.6004	-0.038453	-0.786744	-0.239246	-0.581334	-0.0612849	-0.775279	-0.688518	-0.154314	0.67502	-0.215588	-0.456873	-0.567614	0.487537	-0.481029	-0.14738	-0.732114	0.168394	-0.643375	-0.382439	-0.621383	0.448433	-0.516267
-0.427652	-0.599669	0.406327	-0.540748	-0.40372	-0.570168	0.413181	-0.584123	-0.733567	-0.152638	0.577302	-0.324504	-0.597546	0.0880236	0.66898	-0.433194	-0.150949	-0.589556	-0.0538135	-0.79167	-0.258537	-0.561666	-0.0778469	-0.782067	-0.688693	-0.153083	0.675386	-0.214759	-0.457606	-0.567025	0.487476	-0.481089	-0.148592	-0.732068	0.169739	-0.642795	-0.383177	-0.620954	0.448735	-0.515974
-0.428769	-0.598788	0.406783	-0.540498	-0.40518	-0.56852	0.414239	-0.58397	-0.735179	-0.138609	0.573468	-0.333818	-0.580186	0.118602	0.65855	-0.46436	-0.16586	-0.578233	-0.0690039	-0.795849	-0.27881	-0.540184	-0.0958848	-0.788208	-0.688928	-0.151868	0.675683	-0.213933	-0.458315	-0.566556	0.487324	-0.48112	-0.149508	-0.732085	0.170471	-0.64237	-0.383933	-0.620604	0.449053	-0.515555
-0.431485	-0.59642	0.407613	-0.540329	-0.408773	-0.564073	0.416186	-0.584393	-0.7363	-0.103282	0.567979	-0.35298	-0.5396	0.179319	0.629412	-0.529638	-0.182196	-0.566644	-0.0843633	-0.799126	-0.321845	-0.493387	-0.133377	-0.796992	-0.689611	-0.149209	0.676072	-0.212367	-0.460262	-0.565145	0.487609	-0.480632	-0.150271	-0.732007	0.170903	-0.642165	-0.385119	-0.620172	0.449557	-0.514751
-0.433136	-0.595059	0.408429	-0.539892	-0.4106	-0.561654	0.41692	-0.584919	-0.736901	-0.0832223	0.563734	-0.363668	-0.516535	0.209298	0.611782	-0.561346	-0.216165	-0.54307	-0.116125	-0.803034	-0.344492	-0.468327	-0.151375	-0.799425	-0.689953	-0.147714	0.676296	-0.211586	-0.461059	-0.56462	0.487588	-0.480506	-0.15174	-0.732099	0.172066	-0.641404	-0.385554	-0.620078	0.449633	-0.514472
-0.434772	-0.593653	0.409106	-0.539612	-0.415033	-0.556323	0.418518	-0.585743	-0.735476	-0.0402273	0.553682	-0.388449	-0.491991	0.237966	0.591767	-0.592561	-0.233403	-0.530987	-0.131545	-0.80391	-0.389925	-0.416417	-0.185972	-0.799981	-0.690763	-0.144667	0.676733	-0.209645	-0.46269	-0.563484	0.487683	-0.480176	-0.152654	-0.732158	0.173214	-0.64081	-0.386119	-0.619929	0.449857	-0.514032
-0.43832	-0.590308	0.410256	-0.539539	-0.417463	-0.553435	0.419549	-0.586015	-0.73335	-0.0200771	0.547428	-0.402637	-0.438129	0.290354	0.547091	-0.651482	-0.267309	-0.506857	-0.159965	-0.803774	-0.412083	-0.390382	-0.203527	-0.797726	-0.69123	-0.143378	0.676778	-0.208844	-0.463411	-0.563048	0.487697	-0.479979	-0.154946	-0.731934	0.175618	-0.639861	-0.387227	-0.619733	0.450595	-0.512787
-0.442171	-0.586831	0.412787	-0.538258	-0.423162	-0.546658	0.422602	-0.586094	-0.726791	0.0197733	0.533699	-0.431912	-0.410236	0.313057	0.521965	-0.679157	-0.283504	-0.494934	-0.171401	-0.803298	-0.45705	-0.338143	-0.235601	-0.788198	-0.692067	-0.140187	0.677251	-0.206692	-0.465155	-0.561957	0.488129	-0.47913	-0.155672	-0.731953	0.176554	-0.639406	-0.387801	-0.619656	0.450948	-0.512135
-0.444001	-0.585145	0.414309	-0.537416	-0.426073	-0.543025	0.424056	-0.586312	-0.724012	0.0425685	0.527053	-0.442955	-0.35295	0.352971	0.467676	-0.729463	-0.315817	-0.47086	-0.187497	-0.802119	-0.479108	-0.311763	-0.250017	-0.781505	-0.692519	-0.138538	0.677503	-0.20546	-0.465944	-0.561476	0.488308	-0.478745	-0.15707	-0.732102	0.179418	-0.638095	-0.388872	-0.619473	0.451615	-0.510956
-0.445781	-0.583507	0.415728	-0.536628	-0.428716	-0.539767	0.425244	-0.586534	-0.720212	0.0659577	0.520718	-0.453648	-0.324123	0.369741	0.440919	-0.750884	-0.33074	-0.459065	-0.193495	-0.801517	-0.500505	-0.28651	-0.264302	-0.773014	-0.693119	-0.13677	0.677667	-0.204078	-0.466903	-0.560882	0.48857	-0.47824	-0.158052	-0.732044	0.181276	-0.637393	-0.389397	-0.619351	0.45201	-0.510354
-0.447605	-0.581808	0.417066	-0.535915	-0.431513	-0.536541	0.426414	-0.586593	-0.715553	0.0859113	0.513295	-0.465973	-0.297124	0.384286	0.412239	-0.770779	-0.34396	-0.448013	-0.199177	-0.800815	-0.521296	-0.262352	-0.27848	-0.762804	-0.693703	-0.134815	0.678016	-0.202227	-0.467914	-0.560239	0.488916	-0.477651	-0.159463	-0.731938	0.183962	-0.636393	-0.390003	-0.619193	0.452448	-0.509695
-0.449436	-0.580078	0.418396	-0.535221	-0.434418	-0.533345	0.427301	-0.586718	-0.710682	0.103049	0.505965	-0.477819	-0.271327	0.396918	0.383733	-0.788408	-0.355484	-0.437933	-0.205712	-0.799705	-0.541495	-0.238356	-0.290791	-0.751938	-0.694072	-0.133391	0.678351	-0.200778	-0.468698	-0.55983	0.489044	-0.47723	-0.160571	-0.731992	0.186469	-0.635322	-0.39059	-0.619021	0.452971	-0.508989
-0.451121	-0.578633	0.419668	-0.534371	-0.436982	-0.530384	0.428073	-0.586936	-0.706055	0.120163	0.498806	-0.488099	-0.245421	0.408669	0.357444	-0.803113	-0.366089	-0.428594	-0.212346	-0.798245	-0.56058	-0.215515	-0.302232	-0.740242	-0.694409	-0.13226	0.678595	-0.19953	-0.469334	-0.559491	0.489134	-0.47691	-0.161308	-0.731973	0.188418	-0.634582	-0.391167	-0.618847	0.453613	-0.508186
-0.452585	-0.577405	0.420674	-0.53367	-0.439263	-0.527625	0.428557	-0.587365	-0.701543	0.137139	0.492117	-0.496841	-0.220224	0.418557	0.333443	-0.815553	-0.376605	-0.419244	-0.217314	-0.79698	-0.578337	-0.193992	-0.313078	-0.727926	-0.694893	-0.131156	0.678702	-0.198208	-0.470771	-0.558681	0.489561	-0.476005	-0.162142	-0.731833	0.190128	-0.634021	-0.391622	-0.618736	0.454253	-0.507398
-0.455223	-0.575238	0.421828	-0.532854	-0.44277	-0.523632	0.428638	-0.588246	-0.692646	0.168143	0.479358	-0.512039	-0.175887	0.432925	0.286696	-0.836328	-0.395678	-0.402178	-0.227027	-0.79382	-0.595016	-0.173144	-0.32277	-0.7154	-0.695553	-0.129764	0.678868	-0.196227	-0.470771	-0.558681	0.489561	-0.476005	-0.163445	-0.731838	0.193104	-0.63278	-0.3921	-0.618806	0.455207	-0.506087
-0.457169	-0.573589	0.422343	-0.532558	-0.446053	-0.519549	0.427962	-0.589876	-0.684471	0.194222	0.467305	-0.524789	-0.136707	0.441255	0.249517	-0.851086	-0.411686	-0.388062	-0.23717	-0.78973	-0.637582	-0.115846	-0.346322	-0.678328	-0.695868	-0.128899	0.679096	-0.194887	-0.47161	-0.558469	0.489955	-0.475016	-0.163456	-0.731909	0.19407	-0.632398	-0.392173	-0.619086	0.455762	-0.505187
-0.457815	-0.572965	0.42241	-0.532622	-0.447417	-0.517644	0.427656	-0.590739	-0.681266	0.204903	0.461011	-0.530434	-0.119717	0.443546	0.233846	-0.856884	-0.418275	-0.381348	-0.24128	-0.788292	-0.650134	-0.0984651	-0.352606	-0.665808	-0.696008	-0.129279	0.678775	-0.195253	-0.471313	-0.558861	0.489847	-0.474962	-0.163352	-0.732075	0.194281	-0.632169	-0.392161	-0.619247	0.45591	-0.504865
-0.458977	-0.571852	0.422143	-0.53303	-0.449991	-0.513934	0.426609	-0.592777	-0.675475	0.224403	0.450482	-0.538927	-0.0895001	0.443923	0.210905	-0.86628	-0.430833	-0.370488	-0.246621	-0.785047	-0.673172	-0.0668093	-0.364735	-0.6398	-0.696291	-0.129516	0.678484	-0.195099	-0.471457	-0.559034	0.490144	-0.474307	-0.16347	-0.732258	0.195256	-0.631625	-0.392159	-0.619553	0.455926	-0.504477
-0.459298	-0.571493	0.422275	-0.533034	-0.452237	-0.510693	0.424914	-0.595082	-0.670538	0.239919	0.441973	-0.545415	-0.0766498	0.443428	0.201321	-0.870038	-0.436633	-0.366253	-0.247378	-0.783591	-0.693186	-0.0372213	-0.376575	-0.613432	-0.696645	-0.129419	0.678289	-0.194575	-0.471641	-0.559272	0.490206	-0.473781	-0.163086	-0.732572	0.195305	-0.631345	-0.3922	-0.619689	0.455911	-0.504291
-0.46	-0.570744	0.423048	-0.532618	-0.452926	-0.509725	0.423937	-0.596084	-0.668213	0.246309	0.438772	-0.547999	-0.0557615	0.442428	0.184084	-0.875935	-0.442245	-0.360093	-0.251927	-0.781847	-0.702352	-0.0243776	-0.382499	-0.599834	-0.696725	-0.129687	0.67813	-0.194664	-0.471764	-0.559358	0.490208	-0.473554	-0.163236	-0.732926	0.196389	-0.630559	-0.392348	-0.619929	0.455864	-0.503923
-0.459933	-0.570381	0.423224	-0.532925	-0.454029	-0.508693	0.422728	-0.596984	-0.663675	0.256783	0.435134	-0.551594	-0.0363807	0.440656	0.173805	-0.879938	-0.443234	-0.358107	-0.257538	-0.78037	-0.719091	-0.00641704	-0.396767	-0.570476	-0.696871	-0.130119	0.677917	-0.194598	-0.472081	-0.559545	0.49	-0.473233	-0.164126	-0.733244	0.198118	-0.629417	-0.392468	-0.620233	0.455731	-0.503576
-0.459371	-0.570348	0.423189	-0.533472	-0.454265	-0.508901	0.42253	-0.596767	-0.65993	0.265496	0.434455	-0.552498	-0.0162731	0.438563	0.16797	-0.882714	-0.442678	-0.358369	-0.258488	-0.780251	-0.732236	0.0141817	-0.408073	-0.545074	-0.696919	-0.130834	0.677601	-0.195046	-0.472214	-0.559804	0.489812	-0.472987	-0.164578	-0.73359	0.198339	-0.628826	-0.392706	-0.620527	0.455666	-0.503088
-0.458981	-0.57052	0.423236	-0.533586	-0.454154	-0.509165	0.42262	-0.596563	-0.65822	0.270196	0.435288	-0.551602	-0.00563005	0.436649	0.16646	-0.88408	-0.43666	-0.358805	-0.261931	-0.782291	-0.737884	0.0233174	-0.41255	-0.533653	-0.697129	-0.13102	0.67726	-0.195355	-0.472266	-0.559944	0.489716	-0.47287	-0.16485	-0.733733	0.198621	-0.628498	-0.392736	-0.620683	0.455438	-0.503078
-0.457928	-0.571284	0.42332	-0.533608	-0.45309	-0.509886	0.42204	-0.597166	-0.656196	0.279691	0.439159	-0.546186	0.0154665	0.432483	0.165419	-0.886203	-0.428816	-0.361136	-0.264887	-0.784559	-0.746937	0.0409231	-0.420262	-0.513606	-0.697178	-0.132367	0.676772	-0.195963	-0.472163	-0.560606	0.489085	-0.472841	-0.164653	-0.734148	0.198166	-0.628208	-0.392637	-0.621049	0.454781	-0.503297
-0.456832	-0.57211	0.423099	-0.533837	-0.452557	-0.509943	0.421851	-0.597655	-0.655827	0.280141	0.441067	-0.54486	0.0269495	0.43067	0.16824	-0.88628	-0.425645	-0.360968	-0.264237	-0.786579	-0.74621	0.0432441	-0.419585	-0.515023	-0.696872	-0.133365	0.676581	-0.197032	-0.471611	-0.561173	0.48874	-0.473076	-0.16438	-0.734595	0.197201	-0.628062	-0.392916	-0.621206	0.454292	-0.503328
-0.456614	-0.572412	0.422985	-0.533789	-0.451908	-0.509749	0.42164	-0.598461	-0.655276	0.278097	0.442439	-0.545457	0.028306	0.43046	0.171074	-0.885797	-0.428592	-0.361576	-0.265704	-0.784202	-0.743124	0.0379863	-0.418939	-0.520398	-0.696672	-0.134119	0.676303	-0.198177	-0.470823	-0.561909	0.488334	-0.473407	-0.163872	-0.734942	0.196317	-0.628065	-0.392892	-0.621325	0.453851	-0.503598
-0.456373	-0.572867	0.422725	-0.533713	-0.451104	-0.509629	0.421376	-0.599355	-0.654416	0.274724	0.442688	-0.54799	0.0277118	0.42991	0.174035	-0.885506	-0.434628	-0.363498	-0.264503	-0.780388	-0.739031	0.028082	-0.417739	-0.527768	-0.696654	-0.134181	0.676136	-0.198768	-0.47026	-0.562395	0.488169	-0.473558	-0.163261	-0.735336	0.19515	-0.628127	-0.39284	-0.621458	0.453466	-0.503821
-0.456115	-0.573182	0.422028	-0.534147	-0.450314	-0.509736	0.421327	-0.599892	-0.653375	0.271948	0.442079	-0.551101	0.0272002	0.429091	0.175724	-0.885586	-0.438274	-0.362194	-0.260937	-0.780156	-0.735385	0.0258328	-0.413855	-0.535972	-0.696719	-0.134681	0.675698	-0.199687	-0.470134	-0.562559	0.488291	-0.473364	-0.162975	-0.735677	0.193879	-0.628195	-0.392973	-0.621466	0.453346	-0.503815
-0.455955	-0.573319	0.421502	-0.534553	-0.449725	-0.510201	0.421532	-0.599794	-0.652479	0.270789	0.44128	-0.553369	0.0284298	0.42826	0.17541	-0.886011	-0.440007	-0.361099	-0.258626	-0.780457	-0.734247	0.0245397	-0.411278	-0.539564	-0.696975	-0.134881	0.67517	-0.200447	-0.469974	-0.56277	0.488115	-0.473454	-0.163048	-0.73574	0.193113	-0.628338	-0.39312	-0.62146	0.4532	-0.503838
-0.454945	-0.574437	0.421638	-0.534106	-0.4497	-0.511346	0.420859	-0.59931	-0.651742	0.271852	0.43922	-0.555352	0.0338519	0.42587	0.172098	-0.887621	-0.43943	-0.360092	-0.257857	-0.781502	-0.737499	0.0259605	-0.411029	-0.535234	-0.697368	-0.133982	0.674983	-0.200309	-0.469343	-0.563458	0.487033	-0.474375	-0.1629	-0.735967	0.191964	-0.628464	-0.393618	-0.621235	0.453015	-0.503894
-0.454221	-0.575225	0.421798	-0.533747	-0.449711	-0.512044	0.419999	-0.599309	-0.651742	0.271852	0.43922	-0.555352	0.0356543	0.424992	0.171308	-0.888124	-0.439079	-0.360916	-0.25891	-0.78097	-0.737499	0.0259605	-0.411029	-0.535234	-0.697755	-0.133896	0.674627	-0.200219	-0.469343	-0.563458	0.487033	-0.474375	-0.163173	-0.735813	0.191838	-0.628612	-0.394067	-0.621	0.453158	-0.503704
-0.45344	-0.575996	0.42215	-0.533301	-0.449741	-0.512678	0.418913	-0.599505	-0.650608	0.271488	0.437993	-0.557823	0.0355333	0.424698	0.171374	-0.888257	-0.440806	-0.362963	-0.259958	-0.778698	-0.739737	0.0291975	-0.414195	-0.529508	-0.698179	-0.133142	0.674528	-0.199577	-0.470112	-0.563114	0.486556	-0.474511	-0.164271	-0.735485	0.192811	-0.628411	-0.394844	-0.620602	0.453335	-0.503426
-0.452978	-0.57649	0.422357	-0.532997	-0.449685	-0.512721	0.418774	-0.599607	-0.650199	0.270659	0.437824	-0.558834	0.0355656	0.424301	0.171933	-0.888337	-0.442109	-0.363639	-0.26006	-0.777609	-0.739367	0.0281727	-0.414948	-0.529491	-0.698243	-0.132695	0.674536	-0.199623	-0.470495	-0.562841	0.486891	-0.474112	-0.16489	-0.735404	0.193468	-0.628142	-0.395326	-0.620325	0.453617	-0.503136
-0.451633	-0.577836	0.422733	-0.532381	-0.449543	-0.512684	0.419146	-0.599486	-0.649432	0.269717	0.438044	-0.560007	0.0372657	0.423568	0.172477	-0.888512	-0.444325	-0.364202	-0.259959	-0.776115	-0.739424	0.0277222	-0.414436	-0.529837	-0.698586	-0.131851	0.674269	-0.199884	-0.470237	-0.56313	0.486779	-0.474139	-0.165477	-0.735495	0.193049	-0.62801	-0.396173	-0.620068	0.454159	-0.502298
-0.451008	-0.578439	0.423492	-0.531652	-0.44923	-0.512418	0.420015	-0.59934	-0.648804	0.269584	0.439126	-0.559952	0.0388273	0.423474	0.172933	-0.888401	-0.445171	-0.363475	-0.25882	-0.776351	-0.739975	0.0267025	-0.413515	-0.529839	-0.698849	-0.131692	0.673624	-0.20124	-0.469016	-0.564256	0.48646	-0.474338	-0.166267	-0.735785	0.194072	-0.627146	-0.396918	-0.619952	0.454246	-0.501774
-0.450532	-0.57883	0.423932	-0.53128	-0.44882	-0.512211	0.420736	-0.599318	-0.648671	0.269269	0.440042	-0.559538	0.0390578	0.423759	0.173414	-0.888161	-0.445052	-0.363016	-0.258204	-0.776839	-0.740876	0.0263412	-0.411857	-0.529889	-0.699091	-0.130992	0.673123	-0.202532	-0.467898	-0.565224	0.48661	-0.474135	-0.166329	-0.735978	0.193903	-0.626956	-0.397202	-0.619962	0.454088	-0.50168
-0.448994	-0.580266	0.425298	-0.529922	-0.448295	-0.512488	0.421094	-0.599223	-0.64872	0.26893	0.440419	-0.559348	0.0388784	0.42392	0.174203	-0.887938	-0.444671	-0.362332	-0.257288	-0.77768	-0.741021	0.0257111	-0.411092	-0.530311	-0.699138	-0.130393	0.673145	-0.202681	-0.467469	-0.565622	0.486904	-0.473781	-0.166748	-0.736076	0.194356	-0.626589	-0.398513	-0.619609	0.454459	-0.500738
-0.44829	-0.580932	0.42612	-0.529128	-0.447603	-0.512881	0.421549	-0.599083	-0.648858	0.268649	0.44084	-0.558992	0.0387262	0.423833	0.174809	-0.887867	-0.444478	-0.362272	-0.256621	-0.778039	-0.74092	0.0249651	-0.410786	-0.530725	-0.699033	-0.129839	0.673263	-0.203006	-0.466863	-0.56612	0.487419	-0.473254	-0.167299	-0.735726	0.194551	-0.626792	-0.399396	-0.619314	0.455145	-0.499776
-0.445715	-0.583881	0.427609	-0.52685	-0.445525	-0.514381	0.422164	-0.598914	-0.649305	0.267091	0.442175	-0.558163	0.0385272	0.42359	0.177307	-0.887496	-0.443323	-0.362018	-0.255466	-0.779195	-0.740661	0.0235789	-0.409596	-0.532067	-0.698991	-0.128017	0.67284	-0.205694	-0.464113	-0.56786	0.490125	-0.471075	-0.168683	-0.733442	0.194038	-0.629251	-0.401686	-0.61838	0.457815	-0.496649
-0.443612	-0.586055	0.427938	-0.525944	-0.443775	-0.515858	0.422341	-0.598817	-0.649331	0.265566	0.443295	-0.557973	0.0386302	0.42343	0.179318	-0.887164	-0.442542	-0.361878	-0.254123	-0.780142	-0.740393	0.022993	-0.408781	-0.533092	-0.699222	-0.126543	0.671953	-0.208698	-0.461954	-0.568882	0.492738	-0.469234	-0.169216	-0.731897	0.194584	-0.630737	-0.401922	-0.61823	0.457961	-0.496509
-0.438473	-0.591406	0.42717	-0.524886	-0.439098	-0.519342	0.422037	-0.599468	-0.648237	0.26056	0.446719	-0.558873	0.0409577	0.422617	0.18556	-0.886163	-0.43993	-0.361377	-0.251947	-0.782554	-0.73912	0.0216346	-0.40652	-0.536633	-0.699416	-0.122964	0.669291	-0.218509	-0.453333	-0.574	0.497174	-0.466724	-0.165261	-0.731434	0.188789	-0.634075	-0.401362	-0.617665	0.456267	-0.499218
-0.435327	-0.594541	0.426034	-0.524887	-0.435911	-0.521734	0.421485	-0.600104	-0.646975	0.256867	0.448962	-0.560246	0.0433098	0.421762	0.189738	-0.885574	-0.437626	-0.360855	-0.250999	-0.784389	-0.738051	0.0207603	-0.405004	-0.539278	-0.698958	-0.121789	0.66797	-0.224592	-0.44725	-0.578319	0.497903	-0.466484	-0.162734	-0.730958	0.184838	-0.636438	-0.401057	-0.616779	0.455453	-0.501298
-0.420937	-0.606696	0.417253	-0.529747	-0.421552	-0.532023	0.418287	-0.603557	-0.640359	0.242933	0.457752	-0.566909	0.0533156	0.419176	0.205649	-0.882699	-0.431313	-0.360017	-0.249278	-0.788807	-0.732543	0.0182362	-0.400831	-0.549893	-0.692672	-0.131589	0.664247	-0.248326	-0.418721	-0.60266	0.485884	-0.474752	-0.155792	-0.727505	0.172434	-0.645548	-0.396165	-0.615055	0.450765	-0.511441
-0.420937	-0.606696	0.417253	-0.529747	-0.421552	-0.532023	0.418287	-0.603557	-0.640359	0.242933	0.457752	-0.566909	0.0533156	0.419176	0.205649	-0.882699	-0.427652	-0.35931	-0.24817	-0.791468	-0.732543	0.0182362	-0.400831	-0.549893	-0.692672	-0.131589	0.664247	-0.248326	-0.418721	-0.60266	0.485884	-0.474752	-0.155792	-0.727505	0.172434	-0.645548	-0.396165	-0.615055	0.450765	-0.511441
-0.414597	-0.611366	0.412771	-0.53288	-0.415571	-0.536183	0.415677	-0.605822	-0.640359	0.242933	0.457752	-0.566909	0.0584984	0.417981	0.211726	-0.8815	-0.42294	-0.358187	-0.247925	-0.79458	-0.732543	0.0182362	-0.400831	-0.549893	-0.688281	-0.140368	0.663292	-0.258089	-0.418721	-0.60266	0.485884	-0.474752	-0.149407	-0.727331	0.162601	-0.649791	-0.392931	-0.614965	0.448649	-0.515884
-0.400885	-0.62037	0.404183	-0.539507	-0.401065	-0.546218	0.408813	-0.611281	-0.632483	0.231917	0.464776	-0.574599	0.0730678	0.414829	0.223551	-0.878978	-0.410433	-0.354171	-0.249425	-0.80243	-0.72362	0.0222123	-0.39527	-0.56537	-0.677512	-0.160069	0.662043	-0.277587	-0.381499	-0.63305	0.461128	-0.490986	-0.138077	-0.725589	0.14253	-0.658894	-0.385363	-0.614871	0.445367	-0.524477
-0.393446	-0.624857	0.399723	-0.543117	-0.392727	-0.551879	0.404757	-0.614302	-0.621129	0.218635	0.472517	-0.585769	0.0824891	0.412488	0.230443	-0.877465	-0.402915	-0.351167	-0.250199	-0.807305	-0.719349	0.0248706	-0.392887	-0.572327	-0.671408	-0.168845	0.662837	-0.285217	-0.369409	-0.6406	0.452977	-0.497976	-0.133758	-0.723962	0.133034	-0.663543	-0.380932	-0.614949	0.444183	-0.528611
-0.393446	-0.624857	0.399723	-0.543117	-0.383709	-0.557874	0.400242	-0.617536	-0.621129	0.218635	0.472517	-0.585769	0.0928392	0.40967	0.238268	-0.87566	-0.393976	-0.348021	-0.251565	-0.812637	-0.714138	0.0279726	-0.390593	-0.580226	-0.671408	-0.168845	0.662837	-0.285217	-0.359228	-0.644452	0.448311	-0.504632	-0.129467	-0.722066	0.123176	-0.668346	-0.375995	-0.615218	0.443492	-0.5324
-0.376626	-0.633983	0.390324	-0.55124	-0.374108	-0.56402	0.39532	-0.621004	-0.606176	0.201058	0.48152	-0.600221	0.104115	0.406226	0.247059	-0.873557	-0.383296	-0.344442	-0.253746	-0.81857	-0.707861	0.0315244	-0.388128	-0.589318	-0.658419	-0.182406	0.666746	-0.297761	-0.352232	-0.644549	0.447819	-0.50985	-0.12556	-0.719746	0.112895	-0.67339	-0.370288	-0.615996	0.442765	-0.536092
-0.353894	-0.644705	0.378828	-0.561787	-0.353024	-0.576829	0.384185	-0.628526	-0.588002	0.179191	0.490967	-0.617329	0.129711	0.39737	0.266555	-0.868458	-0.35739	-0.336674	-0.259972	-0.831467	-0.69216	0.0397363	-0.383074	-0.610401	-0.646166	-0.193405	0.670723	-0.308536	-0.333877	-0.646372	0.443788	-0.523241	-0.119777	-0.713756	0.0908955	-0.684065	-0.358373	-0.617282	0.440041	-0.544882
-0.324286	-0.656719	0.364435	-0.575105	-0.327417	-0.592907	0.372239	-0.634584	-0.568474	0.153847	0.499358	-0.635461	0.156983	0.385695	0.288352	-0.862235	-0.32861	-0.32973	-0.266154	-0.844071	-0.672246	0.0479634	-0.379326	-0.633953	-0.637543	-0.203893	0.66943	-0.322227	-0.321817	-0.645086	0.443168	-0.532822	-0.111292	-0.705317	0.0670119	-0.696887	-0.344977	-0.616241	0.429191	-0.563057
-0.297684	-0.665541	0.351537	-0.587249	-0.300745	-0.608834	0.357106	-0.641365	-0.549273	0.131021	0.505896	-0.652076	0.182259	0.373816	0.307785	-0.855752	-0.300349	-0.322957	-0.273654	-0.854753	-0.6517	0.0567513	-0.375477	-0.656569	-0.631482	-0.208669	0.671512	-0.326739	-0.31671	-0.638446	0.447871	-0.539901	-0.0918062	-0.701524	0.044103	-0.70533	-0.338549	-0.607616	0.416399	-0.58549
-0.263927	-0.677896	0.334821	-0.598911	-0.27454	-0.62301	0.34022	-0.648642	-0.530051	0.111576	0.51147	-0.667079	0.207216	0.363066	0.323758	-0.848779	-0.274642	-0.315333	-0.277604	-0.864912	-0.633497	0.0646554	-0.370046	-0.676437	-0.620944	-0.224145	0.669813	-0.339909	-0.310345	-0.634548	0.446621	-0.549148	-0.0764449	-0.69817	0.00725771	-0.711802	-0.321277	-0.617985	0.390842	-0.601762
-0.239849	-0.687522	0.319956	-0.606147	-0.250579	-0.633018	0.326299	-0.655765	-0.510493	0.0950731	0.518312	-0.679492	0.230939	0.355442	0.33818	-0.840216	-0.252145	-0.307525	-0.279746	-0.873839	-0.617289	0.0706009	-0.362873	-0.694473	-0.612864	-0.237081	0.670561	-0.344295	-0.311297	-0.628116	0.447486	-0.555266	-0.0383953	-0.708785	0.00674423	-0.704346	-0.282047	-0.661182	0.35033	-0.600463
-0.22266	-0.693271	0.303334	-0.614644	-0.229823	-0.63817	0.313688	-0.664469	-0.490158	0.0821415	0.525853	-0.690273	0.242673	0.352644	0.344612	-0.835461	-0.242271	-0.302309	-0.280203	-0.878294	-0.603799	0.0775293	-0.352297	-0.710846	-0.60494	-0.252661	0.67055	-0.347237	-0.316059	-0.620709	0.450006	-0.558857	-0.0136381	-0.714173	-0.0096819	-0.69977	-0.233163	-0.715621	0.310322	-0.580709
-0.211372	-0.696305	0.293307	-0.620042	-0.219892	-0.639222	0.306463	-0.670167	-0.480228	0.0771731	0.529204	-0.695247	0.266286	0.347823	0.354698	-0.826014	-0.225308	-0.288102	-0.282527	-0.886799	-0.598135	0.0820881	-0.345862	-0.718245	-0.600154	-0.262392	0.669212	-0.350885	-0.31862	-0.617401	0.451612	-0.559771	0.028627	-0.72308	-0.0302817	-0.689506	-0.210148	-0.742429	0.295227	-0.563452
-0.187259	-0.703041	0.27124	-0.630155	-0.20198	-0.638885	0.292486	-0.682262	-0.461779	0.0694247	0.534843	-0.70419	0.277624	0.345663	0.358358	-0.821597	-0.218214	-0.279853	-0.28268	-0.891155	-0.588594	0.09388	-0.331882	-0.731162	-0.589966	-0.283084	0.663589	-0.362565	-0.316849	-0.615544	0.449993	-0.564109	0.0548303	-0.731055	-0.0316571	-0.679374	-0.1587	-0.79409	0.260396	-0.525765
-0.17594	-0.706226	0.259916	-0.634613	-0.19433	-0.637704	0.286206	-0.688226	-0.453741	0.065931	0.53718	-0.707962	0.297243	0.341426	0.365008	-0.813538	-0.206056	-0.262849	-0.282691	-0.899187	-0.584797	0.100421	-0.32512	-0.736359	-0.583967	-0.294347	0.659138	-0.371321	-0.312935	-0.616689	0.447074	-0.567355	0.10773	-0.742802	-0.0412328	-0.659499	-0.132932	-0.816942	0.243388	-0.505664
-0.17594	-0.706226	0.259916	-0.634613	-0.19433	-0.637704	0.286206	-0.688226	-0.453741	0.065931	0.53718	-0.707962	0.297243	0.341426	0.365008	-0.813538	-0.206056	-0.262849	-0.282691	-0.899187	-0.584797	0.100421	-0.32512	-0.736359	-0.583967	-0.294347	0.659138	-0.371321	-0.312935	-0.616689	0.447074	-0.567355	0.10773	-0.742802	-0.0412328	-0.659499	-0.132932	-0.816942	0.243388	-0.505664
-0.155087	-0.712577	0.238152	-0.641456	-0.180831	-0.634971	0.274401	-0.699154	-0.440387	0.059004	0.540439	-0.714495	0.305432	0.339169	0.368035	-0.810078	-0.200356	-0.254993	-0.283303	-0.902539	-0.578078	0.113071	-0.3144	-0.744442	-0.571455	-0.314527	0.64963	-0.390503	-0.303957	-0.61979	0.440824	-0.573712	0.133216	-0.746556	-0.0453603	-0.65027	-0.10885	-0.837119	0.228274	-0.485051
-0.144869	-0.71564	0.228244	-0.644032	-0.175256	-0.633267	0.268979	-0.704208	-0.434825	0.0556906	0.541482	-0.717372	0.318619	0.33429	0.373206	-0.804643	-0.189768	-0.242523	-0.285305	-0.907619	-0.57458	0.118909	-0.311221	-0.747569	-0.5657	-0.322571	0.64551	-0.39906	-0.299559	-0.62115	0.438099	-0.576634	0.182362	-0.74977	-0.0554582	-0.633651	-0.0652867	-0.869666	0.200185	-0.446481
-0.144869	-0.71564	0.228244	-0.644032	-0.175256	-0.633267	0.268979	-0.704208	-0.434825	0.0556906	0.541482	-0.717372	0.318619	0.33429	0.373206	-0.804643	-0.189768	-0.242523	-0.285305	-0.907619	-0.57458	0.118909	-0.311221	-0.747569	-0.5657	-0.322571	0.64551	-0.39906	-0.299559	-0.62115	0.438099	-0.576634	0.182362	-0.74977	-0.0554582	-0.633651	-0.0652867	-0.869666	0.200185	-0.446481
-0.126516	-0.721999	0.211873	-0.64639	-0.165762	-0.62949	0.258487	-0.713757	-0.425291	0.0494642	0.542254	-0.72294	0.324123	0.331711	0.375514	-0.802435	-0.184869	-0.238088	-0.287665	-0.909058	-0.567152	0.129209	-0.308898	-0.75248	-0.552958	-0.33787	0.637916	-0.416106	-0.290786	-0.623585	0.431091	-0.583735	0.205076	-0.752903	-0.0577159	-0.622696	-0.0434478	-0.882299	0.18342	-0.431297
-0.117852	-0.724889	0.204267	-0.647242	-0.161271	-0.628991	0.253841	-0.716887	-0.421158	0.0465609	0.541949	-0.725775	0.33388	0.325779	0.379182	-0.799133	-0.17517	-0.232673	-0.293318	-0.910573	-0.563185	0.133445	-0.30942	-0.754503	-0.544704	-0.347158	0.633189	-0.426438	-0.287221	-0.623604	0.427035	-0.588441	0.248183	-0.756252	-0.0657359	-0.601803	-0.00109335	-0.901734	0.144649	-0.407371
-0.117852	-0.724889	0.204267	-0.647242	-0.161271	-0.628991	0.253841	-0.716887	-0.421158	0.0465609	0.541949	-0.725775	0.33388	0.325779	0.379182	-0.799133	-0.17517	-0.232673	-0.293318	-0.910573	-0.563185	0.133445	-0.30942	-0.754503	-0.544704	-0.347158	0.633189	-0.426438	-0.287221	-0.623604	0.427035	-0.588441	0.248183	-0.756252	-0.0657359	-0.601803	-0.00109335	-0.901734	0.144649	-0.407371
-0.0971657	-0.732109	0.186917	-0.647794	-0.151886	-0.630118	0.243674	-0.72146	-0.414525	0.0405412	0.540348	-0.731129	0.342715	0.318366	0.382357	-0.796864	-0.166203	-0.230475	-0.299303	-0.910865	-0.554141	0.140038	-0.312487	-0.758729	-0.530763	-0.361818	0.62381	-0.445241	-0.282027	-0.622186	0.419588	-0.597738	0.286361	-0.755121	-0.0853355	-0.58353	0.0256472	-0.915086	0.108857	-0.38744
-0.0809959	-0.738353	0.170148	-0.647552	-0.14081	-0.635349	0.23205	-0.72295	-0.408554	0.0338791	0.537588	-0.736841	0.350629	0.310303	0.385409	-0.79513	-0.156667	-0.229919	-0.304073	-0.911116	-0.543867	0.14437	-0.315212	-0.764204	-0.517158	-0.371253	0.616356	-0.463491	-0.276703	-0.6192	0.41272	-0.60802	0.311823	-0.756014	-0.101287	-0.566525	0.03366	-0.923393	0.0759581	-0.374756
-0.0664645	-0.743362	0.151824	-0.648031	-0.129242	-0.643015	0.220718	-0.721881	-0.402292	0.0260114	0.534845	-0.74258	0.357949	0.30179	0.389725	-0.793039	-0.145117	-0.229549	-0.308176	-0.911744	-0.532598	0.147224	-0.316844	-0.770892	-0.5049	-0.378866	0.609757	-0.479305	-0.266475	-0.618081	0.39828	-0.623169	0.332553	-0.754355	-0.125269	-0.551965	0.0444795	-0.925508	0.0407087	-0.373898
-0.0514262	-0.746867	0.130791	-0.649953	-0.116334	-0.651203	0.207168	-0.720751	-0.394514	0.0167817	0.533132	-0.748229	0.362206	0.297344	0.39219	-0.791568	-0.138265	-0.229364	-0.310437	-0.912087	-0.51974	0.149021	-0.317137	-0.779158	-0.489311	-0.388269	0.600412	-0.499327	-0.255626	-0.616226	0.383961	-0.638353	0.340547	-0.753505	-0.139399	-0.544817	0.0510582	-0.922972	0.0237072	-0.380728
-0.0514262	-0.746867	0.130791	-0.649953	-0.116334	-0.651203	0.207168	-0.720751	-0.394514	0.0167817	0.533132	-0.748229	0.366975	0.293062	0.394938	-0.7896	-0.131189	-0.229012	-0.312166	-0.912631	-0.51974	0.149021	-0.317137	-0.779158	-0.489311	-0.388269	0.600412	-0.499327	-0.255626	-0.616226	0.383961	-0.638353	0.346375	-0.753197	-0.153027	-0.537868	0.0563919	-0.918772	0.0077179	-0.390664
-0.0391287	-0.748267	0.109207	-0.653176	-0.102348	-0.661081	0.191651	-0.718169	-0.384434	0.00449285	0.532831	-0.753844	0.377687	0.283933	0.402985	-0.783796	-0.114981	-0.227203	-0.315916	-0.913978	-0.505424	0.150813	-0.31612	-0.788588	-0.472365	-0.393965	0.58914	-0.524001	-0.243442	-0.615991	0.371276	-0.650727	0.355961	-0.749275	-0.184223	-0.527201	0.0581605	-0.908224	-0.0181459	-0.414025
-0.0315952	-0.744764	0.0901749	-0.660452	-0.0874386	-0.668269	0.173833	-0.71802	-0.369229	-0.0106412	0.53333	-0.760996	0.39113	0.274203	0.412843	-0.775494	-0.0931422	-0.223047	-0.322758	-0.915097	-0.488014	0.153619	-0.314667	-0.799517	-0.460746	-0.389773	0.582727	-0.54426	-0.236073	-0.614151	0.367306	-0.6574	0.360697	-0.747535	-0.204995	-0.518716	0.068201	-0.898636	-0.0449703	-0.431021
-0.0277776	-0.741896	0.0819145	-0.664913	-0.072135	-0.671178	0.155809	-0.721138	-0.351522	-0.0238519	0.533236	-0.769105	0.399335	0.269185	0.417004	-0.77083	-0.0798719	-0.219288	-0.32773	-0.915493	-0.469238	0.159178	-0.311295	-0.810909	-0.45536	-0.386487	0.579811	-0.554161	-0.2325	-0.611462	0.368918	-0.660271	0.363429	-0.747533	-0.212808	-0.513641	0.0704256	-0.893857	-0.0529799	-0.439606
-0.0171863	-0.737291	0.0652525	-0.672197	-0.0646473	-0.671055	0.146679	-0.723873	-0.342594	-0.0291559	0.532556	-0.77341	0.418201	0.258781	0.422367	-0.761411	-0.0516619	-0.207866	-0.337086	-0.916786	-0.459513	0.163295	-0.308322	-0.816774	-0.441085	-0.382489	0.568063	-0.580044	-0.229508	-0.610406	0.367803	-0.662912	0.364208	-0.749867	-0.222015	-0.505728	0.062633	-0.887479	-0.0567338	-0.453033
-0.00580894	-0.732779	0.0500765	-0.678596	-0.0503204	-0.670077	0.129867	-0.729108	-0.324786	-0.0365376	0.529534	-0.782798	0.436886	0.249437	0.422997	-0.753648	-0.0258635	-0.193117	-0.345009	-0.918154	-0.440011	0.172926	-0.301616	-0.827958	-0.428977	-0.376556	0.560683	-0.599849	-0.2289	-0.604526	0.370426	-0.667037	0.369682	-0.741332	-0.244419	-0.504005	0.0615754	-0.881907	-0.0682281	-0.462378
0.00340525	-0.726765	0.0351763	-0.685977	-0.0371111	-0.669781	0.114513	-0.732737	-0.306967	-0.0397657	0.525587	-0.792432	0.452549	0.243054	0.420324	-0.747965	-0.00549297	-0.181395	-0.351048	-0.918603	-0.42075	0.182232	-0.297287	-0.837485	-0.417497	-0.371243	0.555403	-0.615957	-0.228282	-0.597515	0.369698	-0.673934	0.368754	-0.739614	-0.259813	-0.499488	0.062765	-0.875221	-0.085731	-0.471911
0.00340525	-0.726765	0.0351763	-0.685977	-0.0313868	-0.668705	0.107414	-0.735059	-0.306967	-0.0397657	0.525587	-0.792432	0.452549	0.243054	0.420324	-0.747965	-0.00549297	-0.181395	-0.351048	-0.918603	-0.411678	0.186223	-0.29682	-0.841273	-0.417497	-0.371243	0.555403	-0.615957	-0.228349	-0.593457	0.368356	-0.678217	0.368754	-0.739614	-0.259813	-0.499488	0.062765	-0.875221	-0.085731	-0.471911
0.0100037	-0.7202	0.0203222	-0.693397	-0.0267015	-0.666777	0.100839	-0.73792	-0.291169	-0.0405476	0.524285	-0.799188	0.466651	0.240245	0.417447	-0.741794	0.00937478	-0.173098	-0.360076	-0.916676	-0.403503	0.189784	-0.296749	-0.844457	-0.406161	-0.370255	0.550061	-0.628791	-0.229169	-0.588952	0.367749	-0.682186	0.365449	-0.736498	-0.276065	-0.497801	0.060958	-0.869805	-0.100232	-0.479247
0.0138217	-0.711135	0.00622214	-0.702892	-0.0198316	-0.663509	0.0878831	-0.742724	-0.278771	-0.0404379	0.524986	-0.803145	0.47323	0.239743	0.416015	-0.738585	0.00937478	-0.173098	-0.360076	-0.916676	-0.391245	0.195364	-0.297789	-0.848576	-0.393114	-0.371054	0.545806	-0.640216	-0.23348	-0.577661	0.369202	-0.689554	0.365449	-0.736498	-0.276065	-0.497801	0.060958	-0.869805	-0.100232	-0.479247
0.0144677	-0.696827	-0.00207417	-0.717091	-0.0171754	-0.658613	0.0762164	-0.748415	-0.271007	-0.043281	0.525339	-0.80542	0.485866	0.237673	0.415602	-0.731246	0.0268829	-0.161006	-0.379801	-0.910552	-0.384774	0.199648	-0.299187	-0.850045	-0.383094	-0.373732	0.544819	-0.645551	-0.244516	-0.561246	0.372723	-0.697347	0.356098	-0.731236	-0.301936	-0.497316	0.0504706	-0.858751	-0.116788	-0.496347
0.0190952	-0.692415	-0.00911379	-0.721189	-0.0175987	-0.654739	0.0714733	-0.752262	-0.269398	-0.0447338	0.525246	-0.80594	0.487137	0.236678	0.416145	-0.730413	0.0288608	-0.158982	-0.384888	-0.90871	-0.382968	0.202042	-0.299266	-0.850267	-0.377744	-0.376322	0.542126	-0.649454	-0.24678	-0.55702	0.368985	-0.70191	0.352785	-0.729224	-0.30863	-0.498521	0.0454695	-0.85633	-0.119318	-0.500395
0.0214463	-0.688468	-0.0147134	-0.7248	-0.0190144	-0.649572	0.063539	-0.757402	-0.268942	-0.0453884	0.523379	-0.807269	0.487666	0.235334	0.416447	-0.730323	0.0290647	-0.157219	-0.389205	-0.90717	-0.381148	0.206792	-0.299392	-0.849899	-0.364758	-0.380599	0.523329	-0.669495	-0.228095	-0.568759	0.330953	-0.717604	0.349795	-0.728432	-0.314062	-0.498394	0.0417521	-0.853068	-0.122039	-0.505606
0.0227859	-0.685977	-0.0198541	-0.726996	-0.01996	-0.645946	0.0605099	-0.760719	-0.268942	-0.0453884	0.523379	-0.807269	0.48805	0.233536	0.416057	-0.730865	0.0282398	-0.156324	-0.392748	-0.905822	-0.381668	0.20862	-0.299773	-0.849084	-0.364758	-0.380599	0.523329	-0.669495	-0.218548	-0.575805	0.310949	-0.723876	0.346502	-0.728482	-0.318531	-0.497783	0.0365797	-0.849445	-0.122387	-0.511983
0.0220381	-0.685962	-0.0244766	-0.726892	-0.01996	-0.645946	0.0605099	-0.760719	-0.269396	-0.0440709	0.521869	-0.808169	0.488593	0.232379	0.414533	-0.731738	0.0265919	-0.155942	-0.395621	-0.904687	-0.381668	0.20862	-0.299773	-0.849084	-0.361702	-0.379084	0.513833	-0.679295	-0.218548	-0.575805	0.310949	-0.723876	0.342999	-0.728939	-0.322281	-0.497127	0.0312705	-0.845402	-0.121932	-0.519086
0.0164599	-0.687298	-0.0299903	-0.72557	-0.02245	-0.642527	0.0580401	-0.763732	-0.271575	-0.0378269	0.519881	-0.809037	0.488862	0.233035	0.409079	-0.734413	0.0213271	-0.154982	-0.396948	-0.90441	-0.385152	0.213082	-0.299823	-0.846381	-0.367627	-0.364811	0.509673	-0.68702	-0.199096	-0.587906	0.27536	-0.734101	0.335484	-0.732637	-0.326373	-0.49414	0.0184527	-0.835647	-0.11862	-0.535988
0.0132931	-0.687957	-0.0308666	-0.724973	-0.0240034	-0.642171	0.0574644	-0.764027	-0.272612	-0.0350635	0.519085	-0.809323	0.488245	0.233708	0.406696	-0.735932	0.0184862	-0.154004	-0.395768	-0.905157	-0.390355	0.21809	-0.298078	-0.843332	-0.367226	-0.35957	0.506173	-0.692563	-0.174818	-0.609517	0.255721	-0.72975	0.333094	-0.734599	-0.328263	-0.491585	0.00945735	-0.830467	-0.114167	-0.545161
0.00989641	-0.693638	-0.0365383	-0.719328	-0.0276585	-0.641677	0.0569051	-0.764361	-0.275601	-0.0318976	0.517889	-0.809208	0.485762	0.234501	0.404328	-0.738623	0.0140488	-0.151768	-0.394102	-0.90634	-0.392917	0.220604	-0.297288	-0.841766	-0.356175	-0.35391	0.492881	-0.710602	-0.164918	-0.624507	0.254951	-0.719578	0.326506	-0.739483	-0.329531	-0.48782	-0.0048232	-0.819661	-0.106163	-0.562905
0.00196492	-0.698465	-0.0368713	-0.714691	-0.031264	-0.646284	0.0563637	-0.76037	-0.280255	-0.0353517	0.516717	-0.808215	0.481809	0.231261	0.407561	-0.740454	0.0118346	-0.15261	-0.392165	-0.90707	-0.39699	0.2252	-0.297674	-0.838495	-0.338421	-0.357027	0.487344	-0.721456	-0.125403	-0.667832	0.221976	-0.699287	0.319003	-0.740428	-0.331482	-0.490023	-0.0143509	-0.810482	-0.10122	-0.576773
-0.0015143	-0.699621	-0.0366625	-0.713571	-0.0328919	-0.649563	0.0554767	-0.757567	-0.282921	-0.0404454	0.516004	-0.807502	0.479131	0.227615	0.411982	-0.740875	0.0118346	-0.15261	-0.392165	-0.90707	-0.397903	0.225903	-0.299589	-0.83719	-0.3293	-0.361523	0.485367	-0.724763	-0.0964447	-0.69172	0.195139	-0.688581	0.316249	-0.739845	-0.331734	-0.492512	-0.0180511	-0.80682	-0.0988408	-0.582191
-0.0015143	-0.699621	-0.0366625	-0.713571	-0.0328919	-0.649563	0.0554767	-0.757567	-0.282921	-0.0404454	0.516004	-0.807502	0.479131	0.227615	0.411982	-0.740875	0.0118346	-0.15261	-0.392165	-0.90707	-0.39781	0.22475	-0.302792	-0.836392	-0.3293	-0.361523	0.485367	-0.724763	-0.0694354	-0.713781	0.169692	-0.675944	0.316249	-0.739845	-0.331734	-0.492512	-0.0180511	-0.80682	-0.0988408	-0.582191
-0.0042117	-0.703282	-0.0394398	-0.709803	-0.0342922	-0.654552	0.0537692	-0.753322	-0.287549	-0.053728	0.513535	-0.806666	0.474388	0.217871	0.422479	-0.740945	0.0156195	-0.16256	-0.392082	-0.905319	-0.396736	0.222623	-0.306366	-0.836169	-0.311774	-0.376294	0.483894	-0.725979	-0.0440745	-0.733706	0.146448	-0.662032	0.310593	-0.739368	-0.331265	-0.497122	-0.0237295	-0.80018	-0.0940551	-0.591863
-0.00477663	-0.709512	-0.0433951	-0.70334	-0.0340823	-0.660758	0.0523602	-0.747994	-0.289891	-0.0616307	0.510453	-0.807219	0.472207	0.210402	0.427746	-0.741475	0.0195581	-0.169376	-0.390414	-0.904713	-0.392906	0.217339	-0.311163	-0.837595	-0.294244	-0.39681	0.484209	-0.722153	-0.00293365	-0.767496	0.111895	-0.631205	0.308195	-0.736395	-0.332987	-0.501854	-0.0255149	-0.793625	-0.0919327	-0.60088
-0.00282751	-0.714642	-0.0467825	-0.697919	-0.032334	-0.667554	0.049167	-0.742233	-0.289975	-0.0669931	0.507845	-0.808406	0.473575	0.203866	0.430589	-0.740782	0.0230941	-0.173813	-0.388177	-0.904751	-0.387821	0.21179	-0.313658	-0.840451	-0.279056	-0.421669	0.483541	-0.7145	0.0295329	-0.793213	0.0832867	-0.602499	0.310703	-0.730418	-0.338702	-0.505207	-0.0249757	-0.787415	-0.0922455	-0.60897
0.0039683	-0.71853	-0.0513375	-0.693587	-0.0285348	-0.673303	0.0451156	-0.737437	-0.287051	-0.0748767	0.505743	-0.810074	0.478522	0.195052	0.435291	-0.73722	0.025695	-0.17618	-0.388207	-0.90421	-0.380235	0.207174	-0.316832	-0.843871	-0.271455	-0.449233	0.482156	-0.701447	0.0603963	-0.807684	0.0521097	-0.584194	0.313599	-0.726651	-0.342612	-0.506212	-0.0228556	-0.782292	-0.0936614	-0.615406
0.00813369	-0.719618	-0.0533975	-0.692266	-0.0256543	-0.675766	0.0433148	-0.735395	-0.284791	-0.0795182	0.50502	-0.81088	0.482535	0.189557	0.438225	-0.734294	0.0331712	-0.18138	-0.38947	-0.902394	-0.376214	0.204409	-0.318938	-0.845552	-0.269389	-0.46501	0.4794	-0.693809	0.0744289	-0.810448	0.0359916	-0.579948	0.316474	-0.721201	-0.347707	-0.508737	-0.0217137	-0.780441	-0.0942698	-0.617701
0.0181863	-0.720857	-0.0577739	-0.690432	-0.0186171	-0.680502	0.0397967	-0.731428	-0.278762	-0.0883605	0.503463	-0.813024	0.493924	0.177607	0.44361	-0.726433	0.0377068	-0.18349	-0.388892	-0.902038	-0.368709	0.199895	-0.320473	-0.849348	-0.265602	-0.4996	0.46803	-0.678825	0.0918286	-0.810511	0.00823811	-0.578421	0.317801	-0.71891	-0.34908	-0.510209	-0.0163076	-0.778732	-0.0986429	-0.619339
0.0241936	-0.720919	-0.0595633	-0.690031	-0.0150707	-0.682318	0.0384443	-0.729889	-0.275224	-0.0915382	0.503719	-0.81372	0.500775	0.171876	0.445769	-0.721785	0.046429	-0.185384	-0.387315	-0.901922	-0.365287	0.197892	-0.319992	-0.851475	-0.263313	-0.51751	0.461933	-0.670424	0.0986929	-0.807374	-0.0063229	-0.581694	0.324343	-0.711438	-0.356466	-0.511458	-0.0114372	-0.778312	-0.102645	-0.619325
0.0357005	-0.72171	-0.062379	-0.688454	-0.00848477	-0.685862	0.03762	-0.726709	-0.267129	-0.0972655	0.505761	-0.814486	0.51418	0.162422	0.44955	-0.71214	0.0503663	-0.185441	-0.386286	-0.902141	-0.358534	0.194479	-0.317762	-0.855955	-0.267271	-0.548948	0.448236	-0.652922	0.133116	-0.784847	-0.0523694	-0.602954	0.327808	-0.707662	-0.360745	-0.511488	5.08E-05	-0.778804	-0.11091	-0.617384
0.0403977	-0.723596	-0.0638463	-0.686076	-0.0053587	-0.687403	0.037686	-0.725278	-0.263812	-0.100439	0.50725	-0.814256	0.519308	0.158103	0.452468	-0.707527	0.0564737	-0.187733	-0.384596	-0.902027	-0.354986	0.19204	-0.317967	-0.857906	-0.27159	-0.557788	0.443995	-0.646513	0.133577	-0.776921	-0.0573501	-0.612587	0.330073	-0.70513	-0.360951	-0.513379	0.00850065	-0.779394	-0.116239	-0.615598
0.0489033	-0.727152	-0.0639921	-0.681735	-0.00117963	-0.689094	0.0399136	-0.723571	-0.259408	-0.106914	0.509593	-0.813383	0.523467	0.152325	0.458305	-0.701951	0.0578208	-0.189993	-0.383534	-0.901921	-0.349427	0.185843	-0.319291	-0.861055	-0.283147	-0.5695	0.441075	-0.633206	0.111021	-0.765136	-0.0369289	-0.633149	0.330256	-0.705817	-0.358457	-0.514064	0.014598	-0.778647	-0.118156	-0.616064
0.0489033	-0.727152	-0.0639921	-0.681735	-0.00117963	-0.689094	0.0399136	-0.723571	-0.259408	-0.106914	0.509593	-0.813383	0.523467	0.152325	0.458305	-0.701951	0.0578208	-0.189993	-0.383534	-0.901921	-0.349427	0.185843	-0.319291	-0.861055	-0.283147	-0.5695	0.441075	-0.633206	0.111021	-0.765136	-0.0369289	-0.633149	0.332993	-0.702126	-0.362666	-0.5144	0.014598	-0.778647	-0.118156	-0.616064
0.0567029	-0.73083	-0.0629639	-0.67728	0.000106759	-0.690456	0.043614	-0.722058	-0.255693	-0.108185	0.510175	-0.814026	0.524885	0.151475	0.458892	-0.700692	0.0535409	-0.19243	-0.374108	-0.90562	-0.34576	0.181925	-0.31668	-0.86433	-0.281796	-0.579367	0.428785	-0.6333	0.11783	-0.753746	-0.0426611	-0.645108	0.335925	-0.700498	-0.360152	-0.516476	0.0230237	-0.781933	-0.124525	-0.610364
0.0625425	-0.731697	-0.0598775	-0.676109	0.00050843	-0.690512	0.0476542	-0.721749	-0.25328	-0.105291	0.510929	-0.814687	0.525309	0.154152	0.456562	-0.701313	0.050503	-0.192263	-0.371252	-0.907004	-0.344493	0.180282	-0.315844	-0.865485	-0.28556	-0.584792	0.425452	-0.62886	0.114002	-0.747313	-0.0397244	-0.653414	0.344138	-0.700126	-0.357907	-0.513123	0.0409144	-0.792251	-0.13503	-0.593659
0.0672934	-0.73315	-0.0583892	-0.674206	0.000631815	-0.689147	0.0496815	-0.722916	-0.25328	-0.105291	0.510929	-0.814687	0.525398	0.155558	0.456117	-0.701224	0.045531	-0.192472	-0.370177	-0.907662	-0.344493	0.180282	-0.315844	-0.865485	-0.28682	-0.586258	0.423108	-0.628502	0.11189	-0.745032	-0.0386674	-0.65644	0.359769	-0.693448	-0.364426	-0.506843	0.0420339	-0.800729	-0.131948	-0.5828
0.0704952	-0.734349	-0.056316	-0.672749	0.00040979	-0.687341	0.0522281	-0.724455	-0.253616	-0.103674	0.512787	-0.813622	0.525398	0.155558	0.456117	-0.701224	0.045531	-0.192472	-0.370177	-0.907662	-0.34481	0.179482	-0.317007	-0.8651	-0.287174	-0.587402	0.421592	-0.628292	0.10995	-0.743063	-0.038156	-0.659024	0.359769	-0.693448	-0.364426	-0.506843	0.0469708	-0.809531	-0.131781	-0.570164
0.0704952	-0.734349	-0.056316	-0.672749	0.000609653	-0.686183	0.0548687	-0.725356	-0.254094	-0.102649	0.514148	-0.812743	0.525223	0.156882	0.456206	-0.701003	0.044028	-0.193243	-0.369895	-0.907687	-0.345897	0.179568	-0.3169	-0.864688	-0.287188	-0.58887	0.421252	-0.627138	0.108428	-0.740999	-0.0380238	-0.661603	0.363429	-0.70506	-0.348333	-0.499474	0.0469708	-0.809531	-0.131781	-0.570164
0.0722657	-0.734788	-0.0532628	-0.67233	0.000609653	-0.686183	0.0548687	-0.725356	-0.254094	-0.102649	0.514148	-0.812743	0.52468	0.158674	0.456387	-0.700889	0.0426402	-0.193662	-0.36864	-0.908175	-0.345897	0.179568	-0.3169	-0.864688	-0.287188	-0.58887	0.421252	-0.627138	0.108428	-0.740999	-0.0380238	-0.661603	0.373466	-0.707864	-0.341166	-0.493009	0.0537356	-0.817539	-0.133124	-0.557693
0.0783894	-0.737664	-0.0480499	-0.668879	0.0019786	-0.684771	0.0604267	-0.726246	-0.255015	-0.0994319	0.517904	-0.810466	0.523926	0.16115	0.456289	-0.700951	0.0414431	-0.193349	-0.366748	-0.909062	-0.348878	0.179502	-0.314164	-0.864502	-0.291264	-0.59002	0.421428	-0.624052	0.104446	-0.736854	-0.0373379	-0.666891	0.382638	-0.704322	-0.344176	-0.488939	0.071288	-0.830733	-0.138731	-0.534373
0.0820646	-0.739962	-0.0475652	-0.665928	0.00313586	-0.684502	0.062971	-0.72628	-0.255495	-0.0982956	0.520048	-0.80908	0.522601	0.166664	0.456441	-0.700551	0.0392736	-0.192599	-0.360533	-0.9118	-0.349998	0.179371	-0.312093	-0.864827	-0.29174	-0.591229	0.419327	-0.624101	0.103758	-0.734557	-0.0388561	-0.669441	0.382638	-0.704322	-0.344176	-0.488939	0.0805781	-0.835943	-0.141597	-0.524078
0.0820646	-0.739962	-0.0475652	-0.665928	0.00313586	-0.684502	0.062971	-0.72628	-0.255495	-0.0982956	0.520048	-0.80908	0.522601	0.166664	0.456441	-0.700551	0.0392736	-0.192599	-0.360533	-0.9118	-0.349998	0.179371	-0.312093	-0.864827	-0.29174	-0.591229	0.419327	-0.624101	0.103758	-0.734557	-0.0388561	-0.669441	0.382638	-0.704322	-0.344176	-0.488939	0.0805781	-0.835943	-0.141597	-0.524078
0.085809	-0.744464	-0.0456887	-0.660547	0.00642942	-0.685665	0.0670929	-0.72479	-0.256451	-0.0986928	0.52462	-0.805771	0.521036	0.170873	0.459652	-0.698601	0.0378297	-0.191771	-0.354829	-0.91427	-0.351012	0.179266	-0.308813	-0.865615	-0.288336	-0.593727	0.414573	-0.626482	0.102717	-0.730649	-0.0419071	-0.67368	0.414242	-0.705621	-0.329579	-0.471043	0.0992912	-0.842551	-0.146399	-0.50874
0.0875159	-0.746358	-0.0450336	-0.658227	0.00825814	-0.687042	0.0686337	-0.723322	-0.256913	-0.100307	0.526719	-0.804053	0.520164	0.171883	0.462269	-0.697275	0.0378297	-0.191771	-0.354829	-0.91427	-0.350878	0.179493	-0.307446	-0.866109	-0.285958	-0.593999	0.41259	-0.62862	0.101613	-0.728946	-0.0423951	-0.675659	0.414242	-0.705621	-0.329579	-0.471043	0.106987	-0.844815	-0.147858	-0.502971
0.0901113	-0.749468	-0.0446775	-0.654356	0.0117475	-0.690559	0.0702294	-0.719762	-0.257311	-0.106101	0.529455	-0.80138	0.518744	0.171446	0.468438	-0.694318	0.0397527	-0.191976	-0.34856	-0.916554	-0.349898	0.180201	-0.305866	-0.866917	-0.285497	-0.591356	0.413363	-0.63081	0.100902	-0.723998	-0.0453036	-0.680877	0.426913	-0.705713	-0.321492	-0.465143	0.116364	-0.848055	-0.147658	-0.495438
0.0907034	-0.751927	-0.0445338	-0.651456	0.0145701	-0.694365	0.0698921	-0.716073	-0.257757	-0.11227	0.530053	-0.800001	0.517514	0.169227	0.473675	-0.692224	0.0427244	-0.192028	-0.345866	-0.917429	-0.34811	0.180463	-0.304146	-0.868187	-0.282513	-0.589736	0.41197	-0.63457	0.100736	-0.717927	-0.0490753	-0.68704	0.429416	-0.706435	-0.317203	-0.464686	0.118272	-0.850021	-0.144199	-0.492628
0.0896381	-0.753949	-0.0434832	-0.649335	0.0159624	-0.69785	0.068829	-0.71275	-0.258411	-0.11713	0.528755	-0.799952	0.515646	0.166172	0.477129	-0.691986	0.046708	-0.192113	-0.343876	-0.917965	-0.345671	0.180621	-0.302851	-0.86958	-0.278184	-0.586684	0.410749	-0.640079	0.101252	-0.71233	-0.0537178	-0.692422	0.429846	-0.706831	-0.314657	-0.465417	0.124968	-0.847522	-0.144593	-0.495158
0.0896381	-0.753949	-0.0434832	-0.649335	0.0159624	-0.69785	0.068829	-0.71275	-0.258411	-0.11713	0.528755	-0.799952	0.515646	0.166172	0.477129	-0.691986	0.046708	-0.192113	-0.343876	-0.917965	-0.345671	0.180621	-0.302851	-0.86958	-0.278184	-0.586684	0.410749	-0.640079	0.101252	-0.71233	-0.0537178	-0.692422	0.429846	-0.706831	-0.314657	-0.465417	0.124968	-0.847522	-0.144593	-0.495158
0.0889041	-0.756208	-0.0436559	-0.646791	0.0159608	-0.699926	0.0682911	-0.710764	-0.258749	-0.118492	0.52742	-0.800523	0.515037	0.165116	0.477817	-0.692217	0.0486116	-0.192269	-0.343351	-0.91803	-0.342132	0.180121	-0.30313	-0.870985	-0.277031	-0.580738	0.412222	-0.645035	0.0976332	-0.707496	-0.0549202	-0.697783	0.429722	-0.706265	-0.314751	-0.466326	0.119023	-0.847047	-0.139016	-0.499018
0.0878542	-0.756938	-0.0441154	-0.64605	0.015612	-0.700438	0.0676381	-0.71033	-0.259	-0.117899	0.526841	-0.80091	0.514596	0.16511	0.476873	-0.693197	0.0509465	-0.193119	-0.344124	-0.917436	-0.339937	0.179961	-0.303969	-0.871585	-0.276343	-0.577557	0.413369	-0.647448	0.0955838	-0.704568	-0.0553378	-0.700989	0.424738	-0.709527	-0.312354	-0.467552	0.116158	-0.846475	-0.136754	-0.501284
0.0853861	-0.756922	-0.0438151	-0.646419	0.0136043	-0.699806	0.0665715	-0.711094	-0.259359	-0.115175	0.526244	-0.801583	0.514204	0.165864	0.475801	-0.694044	0.0513442	-0.193109	-0.345814	-0.91678	-0.336587	0.180132	-0.30632	-0.872026	-0.273672	-0.570676	0.416765	-0.652487	0.0954999	-0.698628	-0.0593855	-0.706592	0.422326	-0.710416	-0.312282	-0.468434	0.116068	-0.84415	-0.135965	-0.505423
0.0815897	-0.756656	-0.0437614	-0.647225	0.0121067	-0.699576	0.0658059	-0.711419	-0.25984	-0.1132	0.526195	-0.80174	0.514059	0.167956	0.472861	-0.695656	0.0515085	-0.192932	-0.349151	-0.915542	-0.335908	0.181128	-0.307702	-0.871595	-0.271676	-0.567407	0.417738	-0.655542	0.0950751	-0.695222	-0.0619707	-0.709779	0.417858	-0.710605	-0.314369	-0.470751	0.118756	-0.837136	-0.141366	-0.514894
0.0815897	-0.756656	-0.0437614	-0.647225	0.0121067	-0.699576	0.0658059	-0.711419	-0.25984	-0.1132	0.526195	-0.80174	0.514059	0.167956	0.472861	-0.695656	0.0515085	-0.192932	-0.349151	-0.915542	-0.335908	0.181128	-0.307702	-0.871595	-0.271676	-0.567407	0.417738	-0.655542	0.0950751	-0.695222	-0.0619707	-0.709779	0.417858	-0.710605	-0.314369	-0.470751	0.118756	-0.837136	-0.141366	-0.514894
0.0801412	-0.755187	-0.0437358	-0.64912	0.00954318	-0.698522	0.0641082	-0.712648	-0.260141	-0.109938	0.524487	-0.803215	0.514626	0.168194	0.471373	-0.696189	0.0515382	-0.193067	-0.351327	-0.914679	-0.335895	0.183425	-0.311233	-0.869864	-0.269737	-0.563217	0.421197	-0.657739	0.0954033	-0.686188	-0.0698842	-0.717747	0.418584	-0.709299	-0.318875	-0.469042	0.125885	-0.832426	-0.150478	-0.518244
0.0777731	-0.75322	-0.045538	-0.651565	0.00867189	-0.697289	0.0633534	-0.713932	-0.259701	-0.107547	0.523533	-0.804302	0.516228	0.168465	0.467005	-0.697879	0.0505397	-0.192829	-0.355177	-0.913297	-0.336053	0.184877	-0.312243	-0.869134	-0.266842	-0.561782	0.4207	-0.660461	0.0949949	-0.682096	-0.0723791	-0.721445	0.41651	-0.70703	-0.331282	-0.465704	0.136037	-0.82243	-0.168195	-0.52613
0.0769868	-0.751764	-0.0469037	-0.653242	0.00742443	-0.695396	0.0619423	-0.715914	-0.257917	-0.103221	0.522882	-0.805865	0.517267	0.169093	0.464699	-0.698496	0.0496073	-0.191952	-0.356611	-0.912974	-0.336939	0.188142	-0.312838	-0.867875	-0.264162	-0.559151	0.419542	-0.664494	0.0874387	-0.674735	-0.0719994	-0.729317	0.413496	-0.706971	-0.33628	-0.464896	0.13749	-0.818362	-0.175738	-0.529619
0.0698066	-0.745612	-0.0496897	-0.660849	0.00684857	-0.692252	0.061231	-0.719021	-0.25413	-0.0993437	0.523437	-0.807194	0.521842	0.172235	0.459373	-0.697848	0.0467845	-0.186793	-0.358767	-0.913349	-0.337899	0.191156	-0.311029	-0.867493	-0.262279	-0.552569	0.42398	-0.667921	0.0832134	-0.666851	-0.0752769	-0.736694	0.406826	-0.706333	-0.350422	-0.461293	0.136529	-0.809595	-0.191197	-0.537921
0.0680452	-0.743524	-0.0507147	-0.663302	0.00646488	-0.690587	0.0608768	-0.720654	-0.25248	-0.0974508	0.524272	-0.807401	0.523837	0.173643	0.458023	-0.696892	0.0456603	-0.184104	-0.359296	-0.913743	-0.33825	0.192752	-0.309204	-0.867656	-0.259932	-0.550448	0.424971	-0.669957	0.0785942	-0.66423	-0.0724022	-0.739851	0.40234	-0.708224	-0.352918	-0.460425	0.133449	-0.807478	-0.193579	-0.541016
0.0619851	-0.739855	-0.0497244	-0.668057	0.00469023	-0.688345	0.0614392	-0.722762	-0.249997	-0.0954158	0.524908	-0.808003	0.526224	0.1751	0.456366	-0.695814	0.0428517	-0.179977	-0.359314	-0.914694	-0.338715	0.196542	-0.307243	-0.867321	-0.260543	-0.541276	0.428993	-0.674613	0.0698371	-0.659106	-0.06929	-0.745588	0.394406	-0.710859	-0.358489	-0.458921	0.126034	-0.80378	-0.196589	-0.54718
0.0588801	-0.738902	-0.0492694	-0.669424	0.00350329	-0.687296	0.0623895	-0.723685	-0.249458	-0.0940081	0.525008	-0.808269	0.526804	0.175826	0.455254	-0.695922	0.0406432	-0.178675	-0.359216	-0.915089	-0.3384	0.198525	-0.307059	-0.867057	-0.2613	-0.53684	0.431393	-0.676332	0.0673612	-0.655952	-0.0706325	-0.748465	0.390952	-0.711548	-0.360564	-0.459183	0.121624	-0.802477	-0.19685	-0.54999
0.0563879	-0.737372	-0.0486228	-0.67137	0.00206014	-0.686154	0.0632965	-0.724694	-0.249355	-0.0920784	0.524997	-0.808531	0.527115	0.176736	0.453701	-0.69647	0.0379566	-0.177094	-0.359857	-0.91526	-0.337591	0.200212	-0.307341	-0.866885	-0.261539	-0.532809	0.433672	-0.677968	0.0633952	-0.652988	-0.0690265	-0.751547	0.38827	-0.711781	-0.363172	-0.459043	0.117687	-0.800985	-0.197025	-0.55295
0.0543449	-0.735582	-0.0474552	-0.673583	0.000309222	-0.685059	0.0641596	-0.725656	-0.249632	-0.0900105	0.524731	-0.80885	0.527125	0.1776	0.452039	-0.697323	0.0351807	-0.17573	-0.361294	-0.915067	-0.336583	0.201515	-0.308113	-0.866701	-0.26154	-0.528671	0.435916	-0.679765	0.0596641	-0.650122	-0.0669682	-0.754518	0.384575	-0.712615	-0.36536	-0.459124	0.113652	-0.799421	-0.197057	-0.556037
0.051617	-0.732346	-0.0466001	-0.677372	-0.00323425	-0.682824	0.0659833	-0.72759	-0.250082	-0.08544	0.523901	-0.809745	0.526851	0.179751	0.448174	-0.699469	0.0296992	-0.173832	-0.363144	-0.914892	-0.334277	0.203179	-0.309498	-0.866711	-0.260046	-0.52133	0.438432	-0.684374	0.0535949	-0.644438	-0.0645964	-0.760036	0.375661	-0.715278	-0.367357	-0.460765	0.103947	-0.797553	-0.195786	-0.561046
0.0502855	-0.730859	-0.0463053	-0.679097	-0.00495656	-0.68145	0.0669499	-0.728779	-0.250023	-0.0824304	0.523906	-0.810072	0.526925	0.181725	0.445726	-0.700467	0.0268924	-0.172877	-0.363511	-0.915014	-0.333006	0.203154	-0.309731	-0.867123	-0.259305	-0.518364	0.439195	-0.686416	0.0517341	-0.641566	-0.0648656	-0.762567	0.370053	-0.717183	-0.367671	-0.46209	0.0974388	-0.796989	-0.193489	-0.563805
0.0460778	-0.726521	-0.0434499	-0.684219	-0.00762219	-0.679191	0.0686092	-0.730708	-0.250362	-0.0779258	0.52456	-0.80999	0.526802	0.185186	0.442489	-0.701704	0.0245427	-0.171872	-0.364932	-0.914703	-0.330665	0.201346	-0.31089	-0.868025	-0.259436	-0.511868	0.442662	-0.68901	0.0451645	-0.636591	-0.0606979	-0.767482	0.364125	-0.719964	-0.366024	-0.463779	0.0865658	-0.796316	-0.189737	-0.567791
0.0450548	-0.720963	-0.0421914	-0.69022	-0.0099031	-0.676672	0.0696738	-0.732914	-0.251301	-0.074949	0.525302	-0.809499	0.525999	0.187503	0.44096	-0.702654	0.0206354	-0.172013	-0.368168	-0.913476	-0.329898	0.198795	-0.31216	-0.868449	-0.261937	-0.505493	0.44788	-0.689398	0.0350631	-0.632408	-0.0510582	-0.772155	0.353042	-0.720161	-0.366209	-0.471828	0.0752464	-0.797376	-0.185563	-0.569295
0.0451132	-0.718223	-0.0416979	-0.693096	-0.01095	-0.675013	0.0700723	-0.734389	-0.251403	-0.0722756	0.525735	-0.809429	0.526091	0.189055	0.439295	-0.703211	0.0197305	-0.171424	-0.368946	-0.913293	-0.329898	0.198795	-0.31216	-0.868449	-0.264258	-0.502275	0.450658	-0.689054	0.0350631	-0.632408	-0.0510582	-0.772155	0.349898	-0.720219	-0.366565	-0.4738	0.0718003	-0.797487	-0.18457	-0.569907
0.0447043	-0.716436	-0.0411742	-0.695	-0.0115778	-0.67312	0.0703791	-0.736086	-0.251286	-0.0691207	0.525968	-0.80959	0.526647	0.19086	0.436927	-0.703783	0.0197305	-0.171424	-0.368946	-0.913293	-0.329969	0.197153	-0.311248	-0.869123	-0.26618	-0.499215	0.452407	-0.689391	0.0270777	-0.628795	-0.0438229	-0.775863	0.346813	-0.720465	-0.366728	-0.475564	0.0683443	-0.797698	-0.18343	-0.570404
0.0448455	-0.712339	-0.0406719	-0.699219	-0.0124839	-0.668644	0.0709301	-0.740087	-0.250488	-0.0624907	0.527019	-0.809692	0.52792	0.19543	0.432136	-0.704533	0.016635	-0.168384	-0.373006	-0.91227	-0.330651	0.197461	-0.310383	-0.869104	-0.268235	-0.495638	0.453836	-0.690237	0.0207597	-0.626155	-0.0377915	-0.778505	0.342542	-0.720726	-0.367625	-0.477568	0.0644399	-0.797475	-0.182717	-0.571398
0.0448455	-0.712339	-0.0406719	-0.699219	-0.0124839	-0.668644	0.0709301	-0.740087	-0.250488	-0.0624907	0.527019	-0.809692	0.528475	0.197699	0.430286	-0.704616	0.0155268	-0.167483	-0.374113	-0.912002	-0.331378	0.198149	-0.309929	-0.868833	-0.268235	-0.495638	0.453836	-0.690237	0.0184383	-0.625222	-0.0356568	-0.779414	0.340682	-0.721342	-0.367954	-0.477715	0.0644399	-0.797475	-0.182717	-0.571398
0.0465704	-0.708115	-0.0410846	-0.703361	-0.0130149	-0.664211	0.0718704	-0.743968	-0.248911	-0.0572054	0.528656	-0.809502	0.529022	0.199845	0.428633	-0.704607	0.014253	-0.166556	-0.374816	-0.911904	-0.33238	0.198777	-0.309489	-0.868463	-0.270182	-0.493155	0.455344	-0.690262	0.0165053	-0.624522	-0.0340035	-0.780092	0.339448	-0.72138	-0.368766	-0.47791	0.0633663	-0.796686	-0.183128	-0.572486
0.0479259	-0.706853	-0.0421017	-0.704478	-0.0128463	-0.661822	0.0722998	-0.746056	-0.247877	-0.0544132	0.529613	-0.809386	0.529796	0.202176	0.426724	-0.704519	0.0129378	-0.165587	-0.375099	-0.911984	-0.333485	0.199729	-0.308978	-0.868003	-0.270153	-0.492653	0.454578	-0.691136	0.0149104	-0.624109	-0.0326798	-0.780511	0.338874	-0.720869	-0.369974	-0.478155	0.0627895	-0.796596	-0.183296	-0.572621
0.0489234	-0.705539	-0.0429664	-0.705674	-0.0124731	-0.659673	0.0725244	-0.747941	-0.246749	-0.0515093	0.530727	-0.809192	0.5309	0.204647	0.424731	-0.704179	0.0115446	-0.164345	-0.374987	-0.912273	-0.334754	0.200845	-0.308214	-0.867528	-0.269558	-0.492681	0.453056	-0.692346	0.0147023	-0.623891	-0.0329804	-0.780677	0.338008	-0.72069	-0.3708	-0.478398	0.0622849	-0.796675	-0.183439	-0.57252
0.0483523	-0.702188	-0.0425087	-0.709075	-0.0113367	-0.656023	0.072398	-0.751175	-0.243639	-0.0473792	0.532717	-0.809078	0.533169	0.208968	0.421785	-0.702966	0.00934271	-0.161063	-0.374737	-0.912986	-0.336884	0.203895	-0.305852	-0.866828	-0.269381	-0.492418	0.45142	-0.69367	0.0142656	-0.623807	-0.0332674	-0.78074	0.336319	-0.721114	-0.371153	-0.478675	0.0611307	-0.796977	-0.183037	-0.572353
0.0482746	-0.700354	-0.0422517	-0.710907	-0.0106665	-0.653883	0.0720583	-0.753081	-0.241958	-0.046094	0.533694	-0.809013	0.53425	0.210525	0.420983	-0.702161	0.00934271	-0.161063	-0.374737	-0.912986	-0.337527	0.205425	-0.30457	-0.866668	-0.269788	-0.492431	0.45142	-0.693503	0.014041	-0.623698	-0.0331271	-0.780837	0.336319	-0.721114	-0.371153	-0.478675	0.060733	-0.797091	-0.182805	-0.572311
0.0485845	-0.698058	-0.0425676	-0.713122	-0.00927817	-0.650453	0.0715384	-0.756113	-0.239103	-0.0444778	0.535171	-0.808977	0.537009	0.212122	0.419903	-0.700219	0.00843666	-0.157441	-0.375834	-0.913176	-0.338503	0.207297	-0.302157	-0.866686	-0.270791	-0.492372	0.451868	-0.692862	0.0137933	-0.623787	-0.032871	-0.780781	0.334185	-0.722453	-0.370602	-0.478578	0.0595386	-0.797605	-0.182009	-0.571973
0.0482345	-0.697021	-0.0424801	-0.714165	-0.00879119	-0.649201	0.071505	-0.757197	-0.237843	-0.0437109	0.535517	-0.809161	0.538207	0.212641	0.419226	-0.699547	0.00796413	-0.154512	-0.375307	-0.913897	-0.33873	0.207964	-0.300753	-0.866926	-0.270822	-0.492479	0.451294	-0.693147	0.0141298	-0.623879	-0.033573	-0.780672	0.333606	-0.722917	-0.370381	-0.478452	0.0588569	-0.797855	-0.181433	-0.571879
0.0467671	-0.695089	-0.0421695	-0.716161	-0.00860378	-0.647783	0.0718672	-0.758379	-0.236352	-0.0420826	0.53592	-0.809418	0.539432	0.213751	0.417864	-0.69908	0.00796413	-0.154512	-0.375307	-0.913897	-0.339277	0.208779	-0.298828	-0.867182	-0.270723	-0.492569	0.449343	-0.694389	0.0140596	-0.624184	-0.0339562	-0.780413	0.332637	-0.724256	-0.3695	-0.477782	0.0578691	-0.797927	-0.180436	-0.572195
0.0467671	-0.695089	-0.0421695	-0.716161	-0.00860378	-0.647783	0.0718672	-0.758379	-0.236352	-0.0420826	0.53592	-0.809418	0.539432	0.213751	0.417864	-0.69908	0.00796413	-0.154512	-0.375307	-0.913897	-0.339277	0.208779	-0.298828	-0.867182	-0.270723	-0.492569	0.449343	-0.694389	0.0140596	-0.624184	-0.0339562	-0.780413	0.332637	-0.724256	-0.3695	-0.477782	0.0578691	-0.797927	-0.180436	-0.572195
0.0463943	-0.695017	-0.0423996	-0.716241	-0.00878947	-0.647226	0.0720124	-0.758838	-0.236046	-0.0413318	0.535997	-0.809495	0.539735	0.214253	0.417269	-0.699048	0.00705489	-0.151627	-0.374506	-0.914716	-0.339701	0.208965	-0.29826	-0.867166	-0.270894	-0.492646	0.449218	-0.694349	0.0140938	-0.624408	-0.0342673	-0.780219	0.332651	-0.724438	-0.369669	-0.477365	0.0572376	-0.798084	-0.179915	-0.572203
0.046338	-0.694947	-0.0433238	-0.716257	-0.00958934	-0.646638	0.0720033	-0.759331	-0.236102	-0.0393472	0.536	-0.809575	0.539961	0.215308	0.415688	-0.699491	0.00574249	-0.15144	-0.374761	-0.914651	-0.340494	0.209477	-0.298546	-0.866633	-0.271316	-0.492785	0.449114	-0.694152	0.0149858	-0.624351	-0.0353595	-0.780199	0.332518	-0.724917	-0.369669	-0.476731	0.0564372	-0.798366	-0.179137	-0.572133
0.0457435	-0.695011	-0.0434127	-0.716228	-0.0102614	-0.646527	0.0721708	-0.7594	-0.236179	-0.0382188	0.53579	-0.809745	0.54001	0.215767	0.414678	-0.699912	0.00490249	-0.151487	-0.375186	-0.914474	-0.340945	0.209779	-0.298952	-0.866243	-0.271381	-0.492855	0.449077	-0.694101	0.0150047	-0.624204	-0.0350202	-0.780332	0.33215	-0.725479	-0.369232	-0.476472	0.0560789	-0.798452	-0.178619	-0.57221
0.0440534	-0.694663	-0.0429677	-0.716698	-0.0119347	-0.646279	0.0725027	-0.759556	-0.236519	-0.0364737	0.535277	-0.810066	0.539919	0.216369	0.413041	-0.700763	0.0041892	-0.151531	-0.375555	-0.914319	-0.342601	0.210067	-0.299788	-0.86523	-0.271914	-0.49316	0.449435	-0.693443	0.0153053	-0.624189	-0.0353899	-0.780322	0.33134	-0.72671	-0.367664	-0.476371	0.0554078	-0.798629	-0.177624	-0.572339
0.0440534	-0.694663	-0.0429677	-0.716698	-0.0119347	-0.646279	0.0725027	-0.759556	-0.236519	-0.0364737	0.535277	-0.810066	0.539919	0.216369	0.413041	-0.700763	0.00351178	-0.151772	-0.375613	-0.914258	-0.342601	0.210067	-0.299788	-0.86523	-0.271914	-0.49316	0.449435	-0.693443	0.0153053	-0.624189	-0.0353899	-0.780322	0.33134	-0.72671	-0.367664	-0.476371	0.0554078	-0.798629	-0.177624	-0.572339
0.0434083	-0.694394	-0.042722	-0.717013	-0.0128168	-0.646028	0.0727682	-0.759729	-0.236669	-0.0358713	0.535019	-0.81022	0.539768	0.216599	0.41247	-0.701145	0.00284523	-0.152206	-0.375657	-0.91417	-0.343475	0.210286	-0.300277	-0.864661	-0.272094	-0.493274	0.449307	-0.693375	0.0147949	-0.624304	-0.0344565	-0.780281	0.331085	-0.727222	-0.367062	-0.476232	0.0551576	-0.798797	-0.177214	-0.572255
0.0417702	-0.694155	-0.0420382	-0.717382	-0.0142953	-0.645615	0.0734239	-0.759991	-0.237629	-0.0344941	0.534809	-0.810137	0.539102	0.217234	0.411538	-0.702008	0.00206632	-0.152522	-0.37594	-0.914003	-0.344908	0.210172	-0.300933	-0.863889	-0.273158	-0.492898	0.449878	-0.692853	0.0145384	-0.624325	-0.0339199	-0.780293	0.33073	-0.727786	-0.366306	-0.476198	0.0550606	-0.799091	-0.176627	-0.572035
0.0417702	-0.694155	-0.0420382	-0.717382	-0.0142953	-0.645615	0.0734239	-0.759991	-0.237629	-0.0344941	0.534809	-0.810137	0.539102	0.217234	0.411538	-0.702008	0.000958901	-0.152698	-0.376044	-0.913933	-0.344908	0.210172	-0.300933	-0.863889	-0.273158	-0.492898	0.449878	-0.692853	0.0145384	-0.624325	-0.0339199	-0.780293	0.330343	-0.728438	-0.365471	-0.476111	0.0550606	-0.799091	-0.176627	-0.572035
0.0407954	-0.694007	-0.0416594	-0.717604	-0.0150923	-0.645396	0.0738362	-0.760121	-0.238146	-0.0339854	0.534872	-0.809965	0.538458	0.217774	0.411262	-0.702497	0.000958901	-0.152698	-0.376044	-0.913933	-0.345713	0.209927	-0.300893	-0.863641	-0.273889	-0.492767	0.450715	-0.692114	0.014252	-0.624411	-0.0333773	-0.780252	0.330343	-0.728438	-0.365471	-0.476111	0.0550034	-0.799326	-0.176363	-0.571795
0.0400088	-0.693818	-0.0412768	-0.717852	-0.0159528	-0.645195	0.0743103	-0.760228	-0.238761	-0.0333234	0.535056	-0.80969	0.537796	0.218345	0.411037	-0.702958	-0.00112076	-0.152872	-0.375677	-0.914054	-0.346704	0.209914	-0.300969	-0.863221	-0.274241	-0.492691	0.451162	-0.691737	0.0143285	-0.624596	-0.0333036	-0.780106	0.330343	-0.728438	-0.365471	-0.476111	0.0550015	-0.799555	-0.176197	-0.571525
0.038617	-0.693504	-0.0405376	-0.718274	-0.0173696	-0.644945	0.0750076	-0.76034	-0.240015	-0.0323522	0.535065	-0.809353	0.537014	0.21897	0.410505	-0.703671	-0.00257586	-0.153204	-0.375547	-0.914049	-0.348667	0.210612	-0.301258	-0.862159	-0.274298	-0.492582	0.451437	-0.691614	0.0142307	-0.625096	-0.0326552	-0.779734	0.329646	-0.729789	-0.363183	-0.476277	0.0550466	-0.799903	-0.175812	-0.571152
0.0381892	-0.693387	-0.0403469	-0.71842	-0.0179003	-0.644687	0.0751641	-0.760532	-0.240567	-0.031689	0.535075	-0.809208	0.536687	0.21926	0.410122	-0.704054	-0.00329239	-0.153484	-0.375664	-0.913952	-0.34937	0.211019	-0.301573	-0.861664	-0.274667	-0.492464	0.451887	-0.691257	0.0141493	-0.62536	-0.032226	-0.779542	0.329619	-0.72995	-0.362856	-0.476297	0.0552309	-0.80006	-0.175772	-0.570927
0.0376652	-0.69332	-0.0400943	-0.718527	-0.0184129	-0.644666	0.0752776	-0.760526	-0.241146	-0.0310572	0.535122	-0.809029	0.536379	0.219509	0.409751	-0.704427	-0.00329239	-0.153484	-0.375664	-0.913952	-0.349879	0.211337	-0.302109	-0.861192	-0.274922	-0.492407	0.452271	-0.690944	0.0139799	-0.625627	-0.031731	-0.779352	0.329619	-0.72995	-0.362856	-0.476297	0.0557155	-0.800189	-0.175989	-0.570632
0.0371571	-0.693166	-0.0398567	-0.718715	-0.0189162	-0.644775	0.0753446	-0.760414	-0.241146	-0.0310572	0.535122	-0.809029	0.536379	0.219509	0.409751	-0.704427	-0.003886	-0.153854	-0.375832	-0.913819	-0.349879	0.211337	-0.302109	-0.861192	-0.275182	-0.492241	0.45259	-0.69075	0.0138972	-0.625991	-0.0312767	-0.779079	0.329797	-0.729869	-0.362817	-0.476329	0.05627	-0.800287	-0.17624	-0.570363
0.0362469	-0.692943	-0.0393785	-0.719003	-0.0196987	-0.64511	0.0751597	-0.760129	-0.242254	-0.0307136	0.534656	-0.80902	0.535445	0.219115	0.40938	-0.705475	-0.00438721	-0.154521	-0.376414	-0.913464	-0.350183	0.211656	-0.303693	-0.860433	-0.275195	-0.491807	0.453749	-0.690294	0.0129607	-0.627143	-0.0291304	-0.778251	0.330289	-0.729695	-0.362709	-0.476338	0.0571073	-0.800314	-0.176507	-0.57016
0.0362145	-0.692823	-0.0394597	-0.719116	-0.019855	-0.645292	0.0747887	-0.760007	-0.242539	-0.0308615	0.534373	-0.809115	0.535381	0.218501	0.409452	-0.705672	-0.0038573	-0.155162	-0.377788	-0.91279	-0.349918	0.211374	-0.304401	-0.86036	-0.275078	-0.491752	0.454127	-0.690131	0.0131451	-0.627632	-0.0288131	-0.777865	0.330566	-0.729786	-0.362539	-0.476135	0.0572237	-0.800359	-0.176451	-0.570101
0.0362145	-0.692823	-0.0394597	-0.719116	-0.019855	-0.645292	0.0747887	-0.760007	-0.242539	-0.0308615	0.534373	-0.809115	0.535381	0.218501	0.409452	-0.705672	-0.0038573	-0.155162	-0.377788	-0.91279	-0.349918	0.211374	-0.304401	-0.86036	-0.275078	-0.491752	0.454127	-0.690131	0.0131451	-0.627632	-0.0288131	-0.777865	0.330566	-0.729786	-0.362539	-0.476135	0.0572237	-0.800359	-0.176451	-0.570101
0.0367809	-0.693028	-0.0402541	-0.718845	-0.0199145	-0.645737	0.0736934	-0.759735	-0.242808	-0.0317261	0.533838	-0.809354	0.535854	0.216894	0.40986	-0.705572	-0.0038573	-0.155162	-0.377788	-0.91279	-0.348711	0.211202	-0.305734	-0.860419	-0.274155	-0.492428	0.453289	-0.690568	0.0138554	-0.628189	-0.0286435	-0.77741	0.330566	-0.729786	-0.362539	-0.476135	0.057773	-0.800422	-0.176454	-0.569957
0.0370534	-0.693351	-0.0412773	-0.718462	-0.0197066	-0.646541	0.0723847	-0.759182	-0.242585	-0.0330477	0.533007	-0.809916	0.535879	0.215357	0.410464	-0.705672	-0.00135681	-0.156458	-0.379946	-0.91168	-0.346966	0.21084	-0.30731	-0.860652	-0.27355	-0.493117	0.452495	-0.690835	0.0145986	-0.628541	-0.0287876	-0.777106	0.331962	-0.729078	-0.362844	-0.476016	0.0589291	-0.800146	-0.176658	-0.570163
0.0370892	-0.693594	-0.0418031	-0.718195	-0.0195343	-0.647102	0.0715319	-0.758789	-0.242357	-0.0337185	0.532578	-0.810239	0.536028	0.214608	0.410736	-0.70563	0.000708808	-0.157372	-0.381254	-0.910977	-0.34591	0.210667	-0.307855	-0.860924	-0.273193	-0.493588	0.451919	-0.691018	0.0150905	-0.628606	-0.0289797	-0.777037	0.332378	-0.728814	-0.362828	-0.476142	0.059554	-0.799953	-0.17669	-0.570359
0.0372453	-0.693846	-0.0424152	-0.717907	-0.019275	-0.647657	0.0705874	-0.758411	-0.24204	-0.0343902	0.532072	-0.810637	0.536419	0.213866	0.410823	-0.705507	0.00166079	-0.157642	-0.381705	-0.91074	-0.344785	0.210687	-0.308423	-0.861167	-0.272988	-0.494044	0.451663	-0.69094	0.0154885	-0.628618	-0.0290842	-0.777016	0.332875	-0.728469	-0.362884	-0.47628	0.060142	-0.799788	-0.176713	-0.570522
0.0375595	-0.694067	-0.0430797	-0.717638	-0.0188404	-0.64874	0.0687012	-0.757669	-0.24121	-0.0362356	0.531022	-0.811492	0.536856	0.212988	0.411039	-0.705315	0.00269715	-0.157877	-0.382162	-0.910505	-0.342546	0.211106	-0.309354	-0.861625	-0.272575	-0.494922	0.4514	-0.690647	0.0158304	-0.628697	-0.0283944	-0.77697	0.333502	-0.727996	-0.363161	-0.476352	0.0607867	-0.799666	-0.176793	-0.570599
0.0376588	-0.694927	-0.0437114	-0.716762	-0.0185988	-0.649504	0.067787	-0.757102	-0.24121	-0.0362356	0.531022	-0.811492	0.537503	0.210549	0.411778	-0.705123	0.00504446	-0.158068	-0.383481	-0.909908	-0.342546	0.211106	-0.309354	-0.861625	-0.27213	-0.495274	0.451172	-0.690719	0.016082	-0.628886	-0.0280424	-0.776825	0.333817	-0.727749	-0.362586	-0.476948	0.061311	-0.799628	-0.176416	-0.570712
0.0376588	-0.694927	-0.0437114	-0.716762	-0.0185988	-0.649504	0.067787	-0.757102	-0.24121	-0.0362356	0.531022	-0.811492	0.537503	0.210549	0.411778	-0.705123	0.00504446	-0.158068	-0.383481	-0.909908	-0.342546	0.211106	-0.309354	-0.861625	-0.27213	-0.495274	0.451172	-0.690719	0.016082	-0.628886	-0.0280424	-0.776825	0.333817	-0.727749	-0.362586	-0.476948	0.061311	-0.799628	-0.176416	-0.570712
0.037558	-0.695239	-0.0437872	-0.71646	-0.0184165	-0.650334	0.0667927	-0.756482	-0.240771	-0.0386465	0.529196	-0.812704	0.537861	0.20899	0.412097	-0.705128	0.00618466	-0.158288	-0.383994	-0.909646	-0.340662	0.211756	-0.310542	-0.861785	-0.27169	-0.495589	0.451043	-0.690751	0.0162375	-0.62911	-0.0274747	-0.776661	0.334006	-0.727723	-0.362223	-0.477131	0.0616725	-0.799495	-0.17623	-0.570918
0.0377521	-0.696534	-0.0446269	-0.715139	-0.0186981	-0.65218	0.0651954	-0.755024	-0.241342	-0.0412721	0.527239	-0.813676	0.537649	0.20556	0.413217	-0.705642	0.00865455	-0.159232	-0.385573	-0.908793	-0.338851	0.212316	-0.31241	-0.861686	-0.271097	-0.496037	0.45112	-0.690611	0.0170124	-0.629533	-0.0267389	-0.776327	0.334918	-0.727271	-0.362123	-0.477257	0.0625538	-0.79927	-0.176013	-0.571204
