FULLBODY	1																																						
Frames:	118																																						
-0.406699	-0.612458	0.409094	-0.540494	-0.401727	-0.568958	0.385896	-0.604968	-0.701965	-0.226149	0.580495	-0.345148	-0.662975	-0.106956	0.665956	-0.324849	-0.115627	-0.645836	0.0638704	-0.751962	-0.203205	-0.653096	-0.00497518	-0.729486	-0.679195	-0.172077	0.68318	-0.205789	-0.419651	-0.590603	0.476306	-0.49821	-0.12416	-0.741241	0.187566	-0.632428	-0.381793	-0.628675	0.453184	-0.503612
-0.406992	-0.611287	0.408783	-0.541832	-0.400788	-0.567476	0.38275	-0.608968	-0.699406	-0.231182	0.582459	-0.343696	-0.661017	-0.111628	0.66818	-0.322694	-0.107416	-0.647701	0.0638546	-0.751577	-0.197311	-0.658104	-0.00264316	-0.726609	-0.679693	-0.175873	0.682645	-0.202686	-0.419232	-0.591735	0.476153	-0.497366	-0.120166	-0.741332	0.18967	-0.632465	-0.379081	-0.630164	0.452227	-0.50466
-0.406824	-0.611339	0.408878	-0.541828	-0.400197	-0.568317	0.383232	-0.60827	-0.699486	-0.231927	0.582635	-0.342732	-0.66085	-0.112252	0.668632	-0.321881	-0.104891	-0.648286	0.0644415	-0.751379	-0.196157	-0.659089	-0.00259538	-0.726029	-0.679661	-0.176171	0.682629	-0.202592	-0.419154	-0.591788	0.476166	-0.497356	-0.119607	-0.741318	0.189565	-0.632619	-0.379147	-0.630148	0.452415	-0.504462
-0.406751	-0.61135	0.408764	-0.541956	-0.39941	-0.569532	0.384058	-0.607128	-0.699123	-0.233147	0.58278	-0.3424	-0.660613	-0.113347	0.668916	-0.321393	-0.10426	-0.648646	0.0659412	-0.751026	-0.195391	-0.660108	-0.00130066	-0.725312	-0.679576	-0.176504	0.682595	-0.202702	-0.418997	-0.591929	0.476134	-0.497351	-0.119455	-0.741162	0.189684	-0.632795	-0.379243	-0.630141	0.452678	-0.504162
-0.406592	-0.611474	0.408881	-0.541848	-0.398931	-0.570162	0.384771	-0.6064	-0.698792	-0.234093	0.583182	-0.341746	-0.660423	-0.113891	0.669148	-0.321111	-0.103754	-0.648859	0.0666586	-0.750849	-0.194435	-0.661204	-4.24E-05	-0.724571	-0.679469	-0.176835	0.682596	-0.202765	-0.418904	-0.591992	0.476159	-0.49733	-0.119242	-0.74117	0.189663	-0.632832	-0.379296	-0.630124	0.452784	-0.504048
-0.406192	-0.61182	0.409182	-0.54153	-0.398631	-0.570538	0.385057	-0.606062	-0.69862	-0.2347	0.583489	-0.341156	-0.659888	-0.115026	0.669929	-0.320176	-0.102565	-0.64946	0.0680394	-0.750368	-0.193442	-0.662042	0.000651255	-0.724072	-0.679507	-0.17706	0.682579	-0.2025	-0.41904	-0.591896	0.476194	-0.497296	-0.118498	-0.740902	0.189501	-0.633335	-0.379213	-0.63022	0.452824	-0.503956
-0.405986	-0.611959	0.409307	-0.541433	-0.398493	-0.570766	0.385278	-0.605797	-0.698593	-0.234868	0.583697	-0.340737	-0.659772	-0.115176	0.670187	-0.31982	-0.102041	-0.64962	0.0681977	-0.750287	-0.193043	-0.662297	0.000753629	-0.723945	-0.679468	-0.177322	0.682554	-0.202485	-0.419069	-0.591868	0.476171	-0.497327	-0.118355	-0.740826	0.189634	-0.63341	-0.379185	-0.630263	0.45283	-0.503917
-0.405822	-0.612151	0.409731	-0.541018	-0.398347	-0.571099	0.385897	-0.605186	-0.698272	-0.235485	0.583957	-0.340525	-0.65939	-0.115614	0.670885	-0.318987	-0.101736	-0.649878	0.0685696	-0.750071	-0.19236	-0.662527	0.000738518	-0.723917	-0.679469	-0.177487	0.682587	-0.202227	-0.419144	-0.591816	0.476205	-0.497293	-0.118298	-0.740644	0.189987	-0.633527	-0.379003	-0.630388	0.452847	-0.503882
-0.405574	-0.612452	0.410163	-0.540536	-0.398337	-0.571172	0.386605	-0.604671	-0.698221	-0.236287	0.583578	-0.340724	-0.658551	-0.114531	0.672293	-0.318144	-0.102776	-0.649828	0.0687971	-0.749952	-0.192565	-0.662039	0.00120433	-0.724308	-0.67942	-0.177674	0.682588	-0.20222	-0.419229	-0.591729	0.476323	-0.497213	-0.117955	-0.740448	0.189684	-0.633911	-0.378709	-0.630666	0.452801	-0.503796
-0.405586	-0.61261	0.410782	-0.539877	-0.398631	-0.570977	0.387845	-0.603866	-0.700093	-0.235092	0.583411	-0.337984	-0.657824	-0.11099	0.67386	-0.317586	-0.103614	-0.649681	0.0688673	-0.749957	-0.194116	-0.661008	0.00151613	-0.724835	-0.679391	-0.17778	0.682609	-0.202156	-0.419199	-0.591751	0.476274	-0.497259	-0.117756	-0.74038	0.189518	-0.634078	-0.378647	-0.630722	0.452823	-0.503754
-0.40574	-0.612524	0.411176	-0.539558	-0.399055	-0.570657	0.388759	-0.603301	-0.701372	-0.234282	0.583459	-0.335805	-0.655571	-0.0953694	0.678026	-0.318451	-0.10703	-0.648525	0.0701134	-0.750363	-0.195617	-0.660211	0.00155496	-0.725158	-0.679302	-0.177901	0.682643	-0.202234	-0.419215	-0.591703	0.476286	-0.497291	-0.117396	-0.740287	0.189632	-0.634219	-0.378516	-0.630938	0.452707	-0.503686
-0.406461	-0.611861	0.412476	-0.538775	-0.400652	-0.56975	0.392726	-0.600524	-0.708922	-0.223597	0.585594	-0.323285	-0.646965	-0.0428211	0.685236	-0.331744	-0.116564	-0.643289	0.0739359	-0.753078	-0.204675	-0.654539	0.00213651	-0.727793	-0.679104	-0.177699	0.682756	-0.202694	-0.419302	-0.591548	0.476267	-0.497421	-0.118161	-0.739643	0.189934	-0.634737	-0.37877	-0.631086	0.453226	-0.502842
-0.407842	-0.610572	0.413815	-0.538167	-0.401491	-0.569524	0.395977	-0.598038	-0.715848	-0.211858	0.586374	-0.314394	-0.634657	0.00412125	0.685457	-0.356851	-0.126607	-0.635948	0.076393	-0.757433	-0.21592	-0.646431	0.000722904	-0.731782	-0.678929	-0.177183	0.682901	-0.203245	-0.419751	-0.59106	0.476397	-0.497498	-0.118632	-0.739531	0.18999	-0.634763	-0.378883	-0.631222	0.453383	-0.502444
-0.40894	-0.609261	0.41455	-0.538254	-0.403012	-0.568498	0.398937	-0.59602	-0.725275	-0.19347	0.584858	-0.307386	-0.614909	0.05569	0.680012	-0.395434	-0.138069	-0.626078	0.0747249	-0.763792	-0.229357	-0.633371	-0.00919075	-0.739021	-0.678933	-0.176281	0.68301	-0.20365	-0.420246	-0.590542	0.476302	-0.497784	-0.120068	-0.739012	0.19058	-0.634921	-0.379596	-0.630987	0.453848	-0.501782
-0.410269	-0.608064	0.415887	-0.537564	-0.405142	-0.566791	0.402021	-0.594127	-0.729288	-0.183941	0.582677	-0.307882	-0.588389	0.109004	0.66688	-0.444058	-0.152499	-0.613265	0.0656191	-0.772233	-0.24798	-0.612816	-0.0239862	-0.749925	-0.679134	-0.174818	0.683148	-0.203775	-0.420826	-0.589987	0.476038	-0.498205	-0.12065	-0.738734	0.1905	-0.635158	-0.379802	-0.630929	0.45333	-0.502167
-0.411039	-0.607405	0.416436	-0.537296	-0.406264	-0.565532	0.403387	-0.593634	-0.740593	-0.144414	0.575818	-0.314802	-0.572175	0.135085	0.657376	-0.471407	-0.159938	-0.605589	0.0574159	-0.777422	-0.273852	-0.584915	-0.0486551	-0.761913	-0.679426	-0.173235	0.683236	-0.203859	-0.421615	-0.58925	0.475869	-0.498572	-0.121169	-0.738511	0.190444	-0.635335	-0.379872	-0.630908	0.453004	-0.502433
-0.412008	-0.606578	0.416881	-0.537144	-0.406948	-0.564799	0.403977	-0.593463	-0.743955	-0.128582	0.571982	-0.320678	-0.535773	0.188235	0.632214	-0.527086	-0.173678	-0.588719	0.0328156	-0.788777	-0.289523	-0.568462	-0.0635057	-0.767459	-0.679561	-0.172726	0.68314	-0.204163	-0.421828	-0.589036	0.475607	-0.498895	-0.122151	-0.738174	0.190027	-0.635664	-0.380253	-0.630694	0.452551	-0.502823
-0.412257	-0.606382	0.416962	-0.53711	-0.408226	-0.563071	0.404275	-0.594024	-0.747334	-0.0963784	0.563023	-0.339423	-0.515571	0.213418	0.616517	-0.55547	-0.182345	-0.579596	0.019697	-0.793997	-0.325747	-0.529254	-0.097902	-0.7773	-0.679821	-0.171822	0.682936	-0.204741	-0.422314	-0.588694	0.475164	-0.499308	-0.122322	-0.738047	0.189416	-0.63596	-0.380401	-0.630607	0.452256	-0.503085
-0.413181	-0.605612	0.416978	-0.537256	-0.408705	-0.562273	0.404283	-0.594445	-0.748105	-0.0804709	0.557793	-0.350328	-0.470645	0.259403	0.580481	-0.611756	-0.199726	-0.560815	-0.0108485	-0.803416	-0.345951	-0.508004	-0.116625	-0.780159	-0.68	-0.171067	0.682961	-0.204695	-0.422706	-0.588461	0.475128	-0.499286	-0.122599	-0.737988	0.188094	-0.636367	-0.380456	-0.63064	0.451334	-0.503829
-0.414103	-0.604772	0.416713	-0.537699	-0.409735	-0.560586	0.404201	-0.595384	-0.747668	-0.0452444	0.546831	-0.374061	-0.42124	0.300558	0.537127	-0.66612	-0.219651	-0.541619	-0.0416315	-0.810351	-0.389422	-0.459375	-0.156982	-0.78274	-0.68025	-0.170263	0.682755	-0.205222	-0.423353	-0.588057	0.475096	-0.499244	-0.123579	-0.737857	0.187948	-0.636374	-0.380848	-0.630502	0.451039	-0.503969
-0.415323	-0.603559	0.41672	-0.538115	-0.411008	-0.558743	0.404269	-0.596191	-0.745575	-0.00759278	0.534364	-0.39814	-0.366463	0.33601	0.489292	-0.716516	-0.238723	-0.52331	-0.0739866	-0.814668	-0.437086	-0.406356	-0.198812	-0.77737	-0.680543	-0.169084	0.682707	-0.205387	-0.423888	-0.587824	0.475137	-0.499026	-0.124185	-0.737797	0.187487	-0.63646	-0.381021	-0.630625	0.45089	-0.503819
-0.416802	-0.602006	0.41722	-0.538324	-0.412997	-0.556063	0.403982	-0.597516	-0.740827	0.0305108	0.520845	-0.423043	-0.310557	0.364148	0.43952	-0.760113	-0.261204	-0.503548	-0.103541	-0.817001	-0.486151	-0.349356	-0.239302	-0.764423	-0.68095	-0.167631	0.682793	-0.204941	-0.424688	-0.587302	0.475686	-0.498436	-0.124889	-0.737799	0.187791	-0.636231	-0.381131	-0.630766	0.450989	-0.50347
-0.419288	-0.599417	0.418193	-0.538527	-0.416913	-0.551078	0.403635	-0.599646	-0.730216	0.0865121	0.499443	-0.458101	-0.229209	0.391565	0.366884	-0.812118	-0.302178	-0.472883	-0.141881	-0.815438	-0.555727	-0.263081	-0.29191	-0.732629	-0.681528	-0.165769	0.683015	-0.203791	-0.425485	-0.586793	0.4764	-0.497673	-0.126687	-0.737489	0.189924	-0.635602	-0.381252	-0.630875	0.451761	-0.502549
-0.42025	-0.598616	0.418488	-0.538439	-0.420284	-0.546703	0.404104	-0.60098	-0.720809	0.121125	0.486358	-0.478768	-0.203038	0.397755	0.34533	-0.825418	-0.316741	-0.462931	-0.154053	-0.813411	-0.598436	-0.207346	-0.322777	-0.703347	-0.681729	-0.165198	0.683135	-0.203177	-0.425911	-0.586475	0.476937	-0.49717	-0.126976	-0.737495	0.190421	-0.635388	-0.381151	-0.630952	0.452002	-0.502312
-0.422078	-0.597117	0.419077	-0.538215	-0.422488	-0.54417	0.404907	-0.601193	-0.71486	0.137316	0.479871	-0.489738	-0.153896	0.406369	0.306452	-0.846917	-0.343111	-0.442928	-0.177322	-0.809102	-0.618016	-0.179421	-0.336142	-0.687657	-0.681881	-0.164509	0.683324	-0.202591	-0.425982	-0.586382	0.477185	-0.49698	-0.127425	-0.737357	0.191292	-0.635197	-0.381009	-0.631083	0.452653	-0.501669
-0.424237	-0.595427	0.420448	-0.53732	-0.428144	-0.537853	0.406389	-0.601876	-0.702053	0.166071	0.467565	-0.510808	-0.108339	0.410877	0.272461	-0.863254	-0.37022	-0.424375	-0.196745	-0.80258	-0.65316	-0.12708	-0.360841	-0.653473	-0.68223	-0.162928	0.683697	-0.201433	-0.42612	-0.586242	0.477712	-0.496521	-0.12828	-0.737125	0.192795	-0.63484	-0.380932	-0.631089	0.453353	-0.501087
-0.425542	-0.594482	0.421497	-0.536513	-0.430786	-0.534664	0.407627	-0.601995	-0.695524	0.179234	0.462259	-0.520036	-0.0870933	0.411795	0.258432	-0.869513	-0.382022	-0.416184	-0.206634	-0.798845	-0.668862	-0.103525	-0.371304	-0.635642	-0.682391	-0.162082	0.683969	-0.200646	-0.426424	-0.585958	0.478141	-0.496182	-0.128793	-0.736934	0.193995	-0.634592	-0.380888	-0.631036	0.453683	-0.50089
-0.427006	-0.593425	0.422556	-0.535685	-0.433292	-0.531762	0.408731	-0.602018	-0.689003	0.190566	0.456935	-0.529312	-0.0676954	0.411927	0.244681	-0.875137	-0.393618	-0.408804	-0.215198	-0.794754	-0.683556	-0.081777	-0.381613	-0.616795	-0.682541	-0.161218	0.684262	-0.199831	-0.426699	-0.585725	0.478478	-0.495896	-0.129442	-0.736792	0.195376	-0.634201	-0.38075	-0.631109	0.453956	-0.500654
-0.429736	-0.591484	0.424943	-0.533757	-0.438648	-0.525752	0.410899	-0.601942	-0.676674	0.210715	0.447083	-0.545736	-0.0336859	0.410502	0.222027	-0.883774	-0.415661	-0.395768	-0.226484	-0.786955	-0.711796	-0.0425456	-0.399667	-0.576024	-0.683011	-0.159064	0.684858	-0.197902	-0.427149	-0.585358	0.479006	-0.495433	-0.131016	-0.736346	0.198242	-0.633506	-0.38084	-0.631014	0.45492	-0.49983
-0.431004	-0.590507	0.42642	-0.532638	-0.443575	-0.520221	0.413198	-0.601564	-0.667476	0.22646	0.438903	-0.557275	-0.0182425	0.408531	0.21307	-0.887339	-0.425119	-0.389387	-0.230455	-0.783928	-0.736087	-0.00410624	-0.412419	-0.536721	-0.683232	-0.158094	0.685102	-0.19707	-0.427668	-0.584932	0.479601	-0.494911	-0.13142	-0.736216	0.1995	-0.633179	-0.380732	-0.631047	0.455208	-0.499608
-0.433099	-0.588985	0.429506	-0.530138	-0.445877	-0.517893	0.414115	-0.60124	-0.664145	0.232399	0.435638	-0.561358	0.00700946	0.403877	0.198923	-0.892896	-0.441988	-0.380354	-0.23564	-0.777465	-0.74574	0.0117719	-0.417295	-0.519228	-0.683771	-0.156075	0.685632	-0.194951	-0.428023	-0.584695	0.479883	-0.494612	-0.132356	-0.735874	0.201985	-0.632593	-0.380686	-0.631017	0.45582	-0.499123
-0.43512	-0.586611	0.432885	-0.528365	-0.452043	-0.512074	0.416903	-0.599691	-0.658246	0.244156	0.431768	-0.566282	0.028459	0.400085	0.188793	-0.89637	-0.461526	-0.376892	-0.23608	-0.767602	-0.761924	0.0390577	-0.426334	-0.485989	-0.684156	-0.154343	0.686223	-0.19289	-0.428515	-0.58432	0.480577	-0.493954	-0.134032	-0.735566	0.205958	-0.631315	-0.381034	-0.630805	0.457027	-0.49802
-0.435478	-0.585997	0.433977	-0.527855	-0.454704	-0.50977	0.418496	-0.598532	-0.657451	0.246279	0.431986	-0.566121	0.0311678	0.400422	0.187266	-0.89645	-0.465846	-0.379764	-0.238727	-0.762743	-0.764146	0.0352889	-0.431944	-0.477767	-0.684224	-0.153974	0.68635	-0.192492	-0.428192	-0.584469	0.480806	-0.493835	-0.134482	-0.735511	0.206913	-0.630971	-0.381525	-0.630539	0.457823	-0.497249
-0.435966	-0.584758	0.43506	-0.527935	-0.455694	-0.508948	0.419332	-0.597893	-0.656121	0.249452	0.434087	-0.564665	0.0323231	0.401829	0.186973	-0.89584	-0.470224	-0.384369	-0.24033	-0.757226	-0.764647	0.0311546	-0.433193	-0.476117	-0.684362	-0.153258	0.686495	-0.192053	-0.427743	-0.584708	0.480818	-0.493929	-0.135512	-0.735435	0.208391	-0.630353	-0.38239	-0.630065	0.459191	-0.495923
-0.436984	-0.583574	0.436246	-0.527424	-0.456308	-0.508428	0.420106	-0.597323	-0.655901	0.250054	0.434885	-0.56404	0.0311151	0.402273	0.187471	-0.89558	-0.473475	-0.387143	-0.238672	-0.754306	-0.764816	0.0281172	-0.433751	-0.475528	-0.684273	-0.152894	0.686599	-0.192293	-0.427143	-0.585034	0.48082	-0.49406	-0.136133	-0.735276	0.209469	-0.630047	-0.382975	-0.629706	0.459885	-0.495284
-0.436978	-0.583212	0.437386	-0.526885	-0.457428	-0.507977	0.421611	-0.595788	-0.655374	0.250181	0.435564	-0.564073	0.0313244	0.401867	0.18766	-0.895715	-0.474756	-0.387841	-0.237094	-0.753639	-0.76662	0.0233372	-0.43273	-0.473807	-0.684266	-0.150876	0.687045	-0.192317	-0.425334	-0.585782	0.480922	-0.494636	-0.136366	-0.735104	0.209791	-0.630091	-0.383568	-0.629183	0.460417	-0.494995
-0.436504	-0.58338	0.438805	-0.525911	-0.457295	-0.507826	0.422432	-0.595437	-0.6548	0.250545	0.435137	-0.564907	0.0327917	0.400839	0.187648	-0.896126	-0.47529	-0.386532	-0.235657	-0.754426	-0.76861	0.0225426	-0.430189	-0.472936	-0.683771	-0.150147	0.687465	-0.193145	-0.42315	-0.586784	0.480152	-0.496067	-0.136736	-0.734469	0.20977	-0.630757	-0.383661	-0.628941	0.460522	-0.495134
-0.436251	-0.583461	0.439482	-0.525466	-0.456987	-0.507815	0.4228	-0.595422	-0.654224	0.250311	0.435074	-0.565727	0.0339851	0.400303	0.187809	-0.896287	-0.475495	-0.385361	-0.235004	-0.755099	-0.769657	0.0225785	-0.428762	-0.472527	-0.683252	-0.150089	0.687734	-0.194069	-0.420247	-0.588045	0.479764	-0.497416	-0.136678	-0.734166	0.209097	-0.631346	-0.383722	-0.628777	0.460758	-0.495075
-0.435976	-0.583458	0.439843	-0.525394	-0.456515	-0.507961	0.423044	-0.595486	-0.653508	0.250163	0.435107	-0.566593	0.0348709	0.400044	0.1876	-0.896412	-0.475906	-0.384066	-0.234554	-0.75564	-0.770278	0.0234327	-0.427534	-0.472585	-0.682597	-0.150086	0.687985	-0.195478	-0.420247	-0.588045	0.479764	-0.497416	-0.136672	-0.733805	0.208357	-0.632011	-0.383411	-0.628839	0.460728	-0.495264
-0.435008	-0.583464	0.439786	-0.526239	-0.455478	-0.508115	0.423617	-0.595741	-0.652084	0.250203	0.435445	-0.567954	0.0361021	0.399692	0.187319	-0.896579	-0.476228	-0.381391	-0.234862	-0.756695	-0.770885	0.0253141	-0.425656	-0.473195	-0.680513	-0.150101	0.688478	-0.200924	-0.413595	-0.591595	0.478506	-0.499987	-0.136302	-0.732767	0.205157	-0.634338	-0.382516	-0.628954	0.461006	-0.495553
-0.434505	-0.58347	0.43958	-0.526818	-0.454838	-0.508321	0.424135	-0.595685	-0.651556	0.249859	0.435649	-0.568555	0.0367806	0.399612	0.187262	-0.896599	-0.476532	-0.380102	-0.235032	-0.757099	-0.770829	0.0261386	-0.425087	-0.473751	-0.678816	-0.149969	0.689087	-0.204637	-0.409113	-0.593898	0.477993	-0.501433	-0.136129	-0.732137	0.203079	-0.63577	-0.381823	-0.629129	0.461145	-0.495735
-0.432302	-0.583407	0.439995	-0.528351	-0.453286	-0.508931	0.426876	-0.594389	-0.650417	0.249166	0.436543	-0.569477	0.0378845	0.399661	0.187692	-0.896442	-0.477039	-0.377455	-0.234893	-0.758147	-0.769979	0.0292143	-0.423421	-0.476437	-0.675681	-0.141051	0.693317	-0.207056	-0.395314	-0.600921	0.475949	-0.506056	-0.13652	-0.730443	0.19784	-0.639277	-0.379804	-0.629777	0.46171	-0.495937
-0.426805	-0.58485	0.441816	-0.529705	-0.452244	-0.509437	0.429113	-0.593137	-0.650217	0.247777	0.437483	-0.56959	0.0380094	0.400489	0.189442	-0.895699	-0.476466	-0.374542	-0.235721	-0.759693	-0.768915	0.0309854	-0.422482	-0.478873	-0.674805	-0.135283	0.695237	-0.207322	-0.386823	-0.605017	0.472465	-0.510978	-0.141732	-0.727442	0.187493	-0.64466	-0.374404	-0.633765	0.465233	-0.491653
-0.412882	-0.590336	0.442078	-0.534415	-0.450259	-0.510985	0.431173	-0.59182	-0.65042	0.246307	0.438117	-0.569509	0.0387718	0.400084	0.190718	-0.895576	-0.475238	-0.373945	-0.23637	-0.760555	-0.767455	0.032935	-0.422508	-0.481057	-0.673971	-0.136673	0.693979	-0.213252	-0.37989	-0.608502	0.468104	-0.516031	-0.15211	-0.72025	0.168576	-0.655504	-0.367657	-0.643223	0.471645	-0.478167
-0.403222	-0.594715	0.441606	-0.537317	-0.4489	-0.512183	0.432025	-0.591195	-0.650821	0.245133	0.438265	-0.569443	0.0383964	0.399819	0.191429	-0.895558	-0.472398	-0.373886	-0.236107	-0.762433	-0.766605	0.0335476	-0.422873	-0.482047	-0.673304	-0.138936	0.692762	-0.217804	-0.377307	-0.609938	0.466065	-0.518072	-0.14986	-0.716125	0.148072	-0.665418	-0.366709	-0.648258	0.476033	-0.467632
-0.386375	-0.602605	0.438506	-0.54341	-0.445322	-0.515582	0.432888	-0.590315	-0.651653	0.242249	0.438905	-0.569232	0.0365017	0.399644	0.193931	-0.895178	-0.471396	-0.374589	-0.235455	-0.762909	-0.764315	0.0324123	-0.424385	-0.484427	-0.671398	-0.146545	0.689077	-0.230047	-0.373397	-0.612421	0.461564	-0.52199	-0.144424	-0.71046	0.122266	-0.67782	-0.362702	-0.65709	0.485699	-0.448081
-0.379514	-0.604355	0.437591	-0.547027	-0.441711	-0.518812	0.43318	-0.589984	-0.65166	0.241047	0.439378	-0.569371	0.035555	0.400186	0.194922	-0.894758	-0.468916	-0.377523	-0.234312	-0.763343	-0.762798	0.0309687	-0.425156	-0.486232	-0.67096	-0.151483	0.685793	-0.237809	-0.372843	-0.614007	0.457899	-0.523747	-0.13874	-0.689803	0.0795918	-0.706108	-0.339039	-0.667177	0.482942	-0.454635
-0.377736	-0.604555	0.43852	-0.547293	-0.440571	-0.519592	0.433451	-0.589951	-0.651296	0.240324	0.44031	-0.569373	0.0358409	0.400513	0.195877	-0.894392	-0.467809	-0.377976	-0.233679	-0.763991	-0.762703	0.0303203	-0.425063	-0.486504	-0.671799	-0.151546	0.685061	-0.237511	-0.374398	-0.614047	0.456845	-0.523513	-0.139298	-0.679709	0.0804324	-0.715628	-0.32414	-0.667714	0.479389	-0.468269
-0.368309	-0.606945	0.438253	-0.551271	-0.439269	-0.519496	0.432716	-0.591543	-0.649413	0.238853	0.442723	-0.570271	0.0380992	0.400742	0.198017	-0.893725	-0.465231	-0.377575	-0.232842	-0.766017	-0.763603	0.0295111	-0.422327	-0.487524	-0.67352	-0.15905	0.680606	-0.240519	-0.381957	-0.614606	0.45295	-0.520773	-0.139866	-0.657744	0.0792225	-0.73589	-0.307196	-0.63726	0.48561	-0.51353
-0.364931	-0.607666	0.437822	-0.553064	-0.438707	-0.519493	0.432323	-0.59225	-0.648993	0.238987	0.442805	-0.570628	0.040499	0.400439	0.198422	-0.893665	-0.462926	-0.376345	-0.232833	-0.768019	-0.763601	0.030036	-0.421489	-0.488221	-0.674343	-0.161598	0.678282	-0.243066	-0.383835	-0.615882	0.451116	-0.519475	-0.142692	-0.636047	0.095455	-0.752311	-0.302554	-0.623333	0.488442	-0.530416
-0.359114	-0.609678	0.43718	-0.555161	-0.437628	-0.519521	0.432429	-0.592946	-0.648537	0.238891	0.442435	-0.571473	0.0412408	0.400046	0.198221	-0.893852	-0.461939	-0.374573	-0.232732	-0.769509	-0.763672	0.0311018	-0.419705	-0.489576	-0.677007	-0.166798	0.672225	-0.248906	-0.387642	-0.619097	0.447548	-0.5159	-0.142683	-0.616985	0.113218	-0.765606	-0.288141	-0.597887	0.486548	-0.568135
-0.354858	-0.611177	0.436621	-0.556687	-0.436392	-0.519919	0.432454	-0.593489	-0.648354	0.238142	0.442922	-0.571616	0.0415881	0.400192	0.199016	-0.893593	-0.461555	-0.373195	-0.23245	-0.770493	-0.763372	0.0322617	-0.4185	-0.490999	-0.680774	-0.17003	0.665382	-0.254762	-0.393285	-0.623169	0.444299	-0.509496	-0.138802	-0.604202	0.117769	-0.775761	-0.282969	-0.569968	0.48703	-0.598219
-0.352429	-0.611951	0.434886	-0.558735	-0.435391	-0.520184	0.432963	-0.593621	-0.647879	0.23824	0.443793	-0.571439	0.0417754	0.40106	0.199503	-0.893087	-0.46191	-0.371801	-0.231996	-0.771091	-0.763387	0.0340643	-0.417683	-0.491549	-0.685429	-0.17645	0.654922	-0.264822	-0.39813	-0.629124	0.439108	-0.502871	-0.138236	-0.597716	0.120204	-0.780498	-0.282147	-0.547311	0.484085	-0.621696
-0.351659	-0.612853	0.431792	-0.560626	-0.435519	-0.519892	0.432719	-0.593962	-0.647358	0.239445	0.444288	-0.571141	0.042234	0.401976	0.198834	-0.892802	-0.463429	-0.370096	-0.231564	-0.771129	-0.764757	0.0355759	-0.416267	-0.490514	-0.692125	-0.182659	0.642291	-0.273971	-0.404144	-0.636002	0.432671	-0.494939	-0.142625	-0.593457	0.128848	-0.781578	-0.282212	-0.536739	0.477775	-0.635608
-0.352495	-0.613421	0.430072	-0.560802	-0.43606	-0.519535	0.432245	-0.594222	-0.6471	0.240765	0.444411	-0.570783	0.0423212	0.402748	0.19803	-0.892629	-0.464814	-0.369266	-0.231199	-0.770803	-0.765857	0.0362307	-0.415564	-0.489343	-0.696169	-0.18467	0.636083	-0.276848	-0.4072	-0.63984	0.42867	-0.490953	-0.144359	-0.599641	0.129167	-0.776471	-0.288914	-0.532977	0.484838	-0.630394
-0.362188	-0.614535	0.4258	-0.556651	-0.440256	-0.51739	0.430337	-0.594384	-0.647589	0.24621	0.444236	-0.568034	0.0408899	0.406198	0.193398	-0.892148	-0.471441	-0.366514	-0.230138	-0.768405	-0.771353	0.037471	-0.412403	-0.483255	-0.712369	-0.185648	0.617129	-0.27788	-0.421175	-0.649882	0.416773	-0.475989	-0.143184	-0.621363	0.142329	-0.757066	-0.307528	-0.548043	0.508963	-0.588245
-0.375883	-0.613176	0.428641	-0.546803	-0.443897	-0.516948	0.42676	-0.59464	-0.649772	0.246729	0.445781	-0.564093	0.0395919	0.407277	0.192808	-0.891843	-0.473883	-0.365842	-0.230514	-0.76711	-0.774514	0.0374048	-0.411773	-0.47872	-0.725226	-0.184425	0.603535	-0.27528	-0.431294	-0.657333	0.406555	-0.465415	-0.139696	-0.626419	0.153429	-0.751361	-0.31077	-0.571359	0.501153	-0.570804
-0.383551	-0.611404	0.430844	-0.541708	-0.445036	-0.518257	0.424509	-0.59426	-0.651481	0.245019	0.446932	-0.561953	0.0354382	0.407882	0.19647	-0.890941	-0.477453	-0.365936	-0.233002	-0.764093	-0.775508	0.0375567	-0.412023	-0.476878	-0.731273	-0.182872	0.595634	-0.277521	-0.437931	-0.659969	0.402239	-0.459196	-0.143005	-0.638816	0.129983	-0.744693	-0.3118	-0.583589	0.496013	-0.562295
-0.395012	-0.611986	0.428754	-0.534423	-0.44593	-0.523242	0.423032	-0.590261	-0.655504	0.238902	0.449331	-0.55798	0.0291083	0.407092	0.203783	-0.889888	-0.478917	-0.369626	-0.233761	-0.761164	-0.7771	0.0340229	-0.415253	-0.471722	-0.74332	-0.182159	0.579102	-0.280953	-0.455167	-0.663103	0.388088	-0.450007	-0.14343	-0.644706	0.123782	-0.740581	-0.319231	-0.60164	0.489533	-0.544498
-0.397781	-0.614299	0.426204	-0.531749	-0.445125	-0.527177	0.424099	-0.58659	-0.65793	0.233928	0.452222	-0.554889	0.0253308	0.4069	0.209793	-0.888694	-0.479127	-0.374649	-0.231128	-0.759378	-0.777059	0.028809	-0.417961	-0.469742	-0.750222	-0.182915	0.570176	-0.280371	-0.468173	-0.661472	0.378734	-0.447024	-0.146779	-0.650274	0.116771	-0.736182	-0.323177	-0.608893	0.484594	-0.538493
-0.401142	-0.616299	0.425401	-0.527537	-0.444996	-0.530086	0.424667	-0.583648	-0.660654	0.227625	0.456308	-0.550913	0.0211615	0.40709	0.217813	-0.886785	-0.478695	-0.38169	-0.227058	-0.757369	-0.776198	0.0208769	-0.421299	-0.468601	-0.756722	-0.180443	0.56237	-0.28027	-0.483178	-0.657535	0.369323	-0.444733	-0.144081	-0.659648	0.107239	-0.729798	-0.332713	-0.611809	0.483815	-0.530014
-0.40561	-0.616111	0.424016	-0.525451	-0.445498	-0.531882	0.424754	-0.581564	-0.662964	0.222078	0.459865	-0.547435	0.0171082	0.407413	0.225041	-0.884917	-0.478313	-0.388638	-0.222543	-0.755415	-0.774935	0.0120063	-0.424226	-0.468363	-0.761838	-0.175675	0.555882	-0.282376	-0.496657	-0.652718	0.360831	-0.44395	-0.139996	-0.671503	0.109676	-0.719344	-0.342304	-0.613207	0.480888	-0.524931
-0.409795	-0.615628	0.424256	-0.522568	-0.446138	-0.532905	0.424901	-0.580028	-0.664466	0.219992	0.461348	-0.545203	0.0140423	0.407862	0.228013	-0.884003	-0.478508	-0.393231	-0.218299	-0.754152	-0.77415	0.00456417	-0.425306	-0.468813	-0.766129	-0.165877	0.551696	-0.284891	-0.503361	-0.650214	0.353077	-0.446302	-0.138404	-0.682299	0.110994	-0.70922	-0.352979	-0.612768	0.478116	-0.52089
-0.414519	-0.615223	0.426353	-0.517588	-0.446803	-0.534266	0.427624	-0.57625	-0.666645	0.22135	0.460109	-0.543035	0.0123127	0.408445	0.227255	-0.883955	-0.479412	-0.395153	-0.215149	-0.753478	-0.77435	-0.00359582	-0.423629	-0.470007	-0.77055	-0.138529	0.549697	-0.291369	-0.509364	-0.642016	0.371039	-0.436685	-0.13663	-0.690855	0.104948	-0.702167	-0.363944	-0.611312	0.475826	-0.517138
-0.417544	-0.616918	0.427661	-0.51203	-0.447043	-0.535788	0.428269	-0.574168	-0.667812	0.220259	0.459383	-0.542661	0.011318	0.40745	0.226208	-0.884696	-0.480071	-0.396049	-0.212107	-0.75345	-0.774465	-0.00553488	-0.42319	-0.470195	-0.769293	-0.127058	0.551764	-0.295975	-0.499929	-0.644372	0.387455	-0.429808	-0.128579	-0.707584	0.11109	-0.685894	-0.380582	-0.609704	0.467423	-0.514718
-0.418466	-0.617366	0.426367	-0.511817	-0.448049	-0.538729	0.427941	-0.570867	-0.670499	0.216245	0.458385	-0.541806	0.0100222	0.40609	0.227928	-0.884895	-0.478663	-0.397896	-0.211449	-0.753558	-0.774094	-0.0094964	-0.425017	-0.469093	-0.75788	-0.110583	0.568573	-0.300192	-0.469389	-0.649106	0.419793	-0.426743	-0.124174	-0.713914	0.112434	-0.679902	-0.385388	-0.60999	0.460701	-0.516859
-0.421824	-0.617965	0.422581	-0.511477	-0.448897	-0.539644	0.427197	-0.569893	-0.672051	0.215102	0.457429	-0.541144	0.00532534	0.403575	0.230529	-0.885413	-0.476338	-0.403062	-0.210927	-0.752431	-0.773761	-0.0110542	-0.426437	-0.46832	-0.749721	-0.100413	0.582863	-0.296827	-0.455318	-0.645547	0.439343	-0.427705	-0.118371	-0.724315	0.118019	-0.6689	-0.394263	-0.608555	0.448942	-0.522177
-0.426566	-0.620541	0.420244	-0.506325	-0.45116	-0.542499	0.42353	-0.56813	-0.675432	0.214404	0.452946	-0.540983	0.00267381	0.39954	0.229211	-0.887594	-0.476459	-0.40612	-0.212305	-0.75032	-0.774327	-0.012087	-0.428315	-0.465638	-0.716005	-0.0751018	0.631039	-0.288941	-0.397165	-0.636609	0.487956	-0.445968	-0.125474	-0.731467	0.12702	-0.658087	-0.413052	-0.601945	0.449624	-0.514674
-0.426823	-0.621171	0.420013	-0.505527	-0.451679	-0.544243	0.421098	-0.567857	-0.675152	0.213417	0.451141	-0.543225	0.00303104	0.398441	0.228645	-0.888233	-0.476161	-0.406428	-0.213258	-0.750072	-0.774051	-0.0115344	-0.429184	-0.465309	-0.705103	-0.0736226	0.643619	-0.288381	-0.365531	-0.617992	0.51917	-0.463611	-0.128565	-0.73217	0.127804	-0.656554	-0.418931	-0.600239	0.45242	-0.509437
-0.426146	-0.620579	0.420833	-0.506144	-0.451356	-0.545145	0.419613	-0.568348	-0.673532	0.210949	0.449856	-0.547251	0.00544219	0.395575	0.229187	-0.889361	-0.472656	-0.407542	-0.21747	-0.750474	-0.772898	-0.0107706	-0.430166	-0.466337	-0.67751	-0.0867623	0.669462	-0.292016	-0.344774	-0.597309	0.540575	-0.4818	-0.135665	-0.732936	0.129388	-0.653956	-0.425115	-0.60036	0.453848	-0.502858
-0.419337	-0.617412	0.424628	-0.512494	-0.449511	-0.545703	0.418023	-0.570442	-0.671111	0.209467	0.448713	-0.551716	0.0123518	0.391272	0.229635	-0.891079	-0.46999	-0.407736	-0.220596	-0.751131	-0.771148	-0.00929772	-0.431166	-0.468339	-0.644554	-0.111503	0.698449	-0.29032	-0.332676	-0.588281	0.535407	-0.506549	-0.140427	-0.731987	0.132622	-0.653366	-0.430582	-0.602842	0.453039	-0.49592
-0.415996	-0.61589	0.426812	-0.515227	-0.447777	-0.546081	0.417133	-0.572094	-0.66952	0.208396	0.448407	-0.554298	0.0151625	0.390027	0.229825	-0.891532	-0.468667	-0.407278	-0.222337	-0.751693	-0.7702	-0.00812232	-0.431344	-0.469754	-0.636531	-0.121992	0.705474	-0.286797	-0.337352	-0.584213	0.525431	-0.518469	-0.144914	-0.730795	0.134021	-0.653434	-0.428407	-0.606799	0.450401	-0.49538
-0.415996	-0.61589	0.426812	-0.515227	-0.446178	-0.545869	0.416434	-0.574051	-0.667208	0.207656	0.448221	-0.557504	0.0151625	0.390027	0.229825	-0.891532	-0.468667	-0.407278	-0.222337	-0.751693	-0.7702	-0.00812232	-0.431344	-0.469754	-0.636531	-0.121992	0.705474	-0.286797	-0.343556	-0.583627	0.509351	-0.530953	-0.144914	-0.730795	0.134021	-0.653434	-0.428407	-0.606799	0.450401	-0.49538
-0.408703	-0.60958	0.431478	-0.524596	-0.444737	-0.545469	0.41654	-0.575471	-0.664518	0.206921	0.44841	-0.560828	0.0226413	0.388373	0.22959	-0.892156	-0.465689	-0.403938	-0.226794	-0.754011	-0.76866	-0.00324181	-0.430338	-0.473244	-0.631381	-0.138419	0.715924	-0.263914	-0.350286	-0.583893	0.498539	-0.536495	-0.144888	-0.731072	0.127165	-0.6545	-0.420208	-0.61732	0.446547	-0.492886
-0.38572	-0.614524	0.429065	-0.538036	-0.436321	-0.547825	0.419467	-0.577546	-0.658877	0.198381	0.45306	-0.5668	0.0310705	0.386569	0.238013	-0.890477	-0.456845	-0.405674	-0.225245	-0.758937	-0.766142	-0.0024123	-0.4307	-0.476988	-0.633747	-0.147919	0.710997	-0.266398	-0.356933	-0.586622	0.482375	-0.543864	-0.174527	-0.723952	0.106768	-0.658813	-0.419671	-0.630511	0.464442	-0.45894
-0.383118	-0.613275	0.426733	-0.543151	-0.432739	-0.547528	0.423913	-0.577277	-0.656772	0.20084	0.454175	-0.567485	0.0311351	0.387323	0.237044	-0.890405	-0.45727	-0.405289	-0.222322	-0.759749	-0.767071	-0.00482944	-0.428315	-0.477625	-0.63431	-0.15425	0.709932	-0.2643	-0.360714	-0.587642	0.473355	-0.548177	-0.178895	-0.720522	0.0966211	-0.662954	-0.415284	-0.636497	0.468289	-0.450685
-0.38007	-0.61405	0.428639	-0.542916	-0.431026	-0.547627	0.424433	-0.578082	-0.656113	0.201089	0.456285	-0.566466	0.03195	0.391295	0.236409	-0.888807	-0.45874	-0.405102	-0.218221	-0.760151	-0.767963	-0.00712453	-0.4266	-0.477696	-0.635245	-0.162549	0.706986	-0.264976	-0.362986	-0.587079	0.47148	-0.548895	-0.180668	-0.706676	0.0808155	-0.679292	-0.388604	-0.652439	0.460949	-0.459169
-0.377617	-0.61101	0.429449	-0.547399	-0.430371	-0.546466	0.425907	-0.578583	-0.655222	0.201181	0.461726	-0.563045	0.0316542	0.395789	0.23962	-0.885963	-0.460543	-0.404516	-0.21402	-0.760567	-0.77034	-0.0109634	-0.42222	-0.477688	-0.637792	-0.164156	0.706183	-0.259961	-0.37137	-0.585161	0.469275	-0.547222	-0.171114	-0.690714	0.066512	-0.699435	-0.368971	-0.650557	0.4612	-0.477421
-0.373806	-0.607597	0.430266	-0.553142	-0.43137	-0.543332	0.428186	-0.579109	-0.655409	0.203056	0.464417	-0.559933	0.0299466	0.399438	0.239794	-0.884337	-0.462809	-0.402136	-0.212642	-0.760841	-0.773112	-0.0117623	-0.417795	-0.477081	-0.641513	-0.163381	0.70608	-0.251433	-0.380022	-0.583393	0.468209	-0.544073	-0.169198	-0.669051	0.064357	-0.720833	-0.355456	-0.635256	0.469546	-0.499627
-0.372227	-0.603973	0.433734	-0.555463	-0.432846	-0.540372	0.430741	-0.578882	-0.657127	0.206756	0.463332	-0.557458	0.0270039	0.40151	0.236295	-0.884435	-0.466244	-0.399329	-0.211081	-0.760656	-0.775032	-0.00992233	-0.415588	-0.475934	-0.643895	-0.165963	0.702814	-0.252802	-0.386093	-0.58417	0.466734	-0.54022	-0.176937	-0.645897	0.0839712	-0.737875	-0.343193	-0.615134	0.478954	-0.523863
-0.370196	-0.60151	0.435729	-0.557925	-0.435062	-0.537043	0.433064	-0.578585	-0.6595	0.211893	0.461508	-0.55423	0.0226806	0.40374	0.231363	-0.884845	-0.469489	-0.396636	-0.211356	-0.759992	-0.776698	-0.00715365	-0.414558	-0.474164	-0.648157	-0.166635	0.69929	-0.251236	-0.391519	-0.585984	0.46373	-0.536926	-0.17681	-0.627706	0.101767	-0.751243	-0.332398	-0.591693	0.486662	-0.550064
-0.368538	-0.599586	0.436685	-0.560342	-0.437471	-0.533518	0.434859	-0.578684	-0.661639	0.217175	0.460097	-0.550799	0.0186893	0.406467	0.226588	-0.884925	-0.472352	-0.394274	-0.211459	-0.759418	-0.778125	-0.00443992	-0.414002	-0.472339	-0.654276	-0.166089	0.694867	-0.247985	-0.399057	-0.58715	0.462252	-0.531348	-0.167391	-0.617044	0.108782	-0.761186	-0.323625	-0.567695	0.489426	-0.577452
-0.367412	-0.598903	0.437657	-0.561053	-0.439967	-0.52935	0.436561	-0.579338	-0.663111	0.222797	0.459796	-0.547021	0.0150854	0.410141	0.222316	-0.884382	-0.473497	-0.392998	-0.211804	-0.759271	-0.77968	-0.00210799	-0.413178	-0.470509	-0.660238	-0.167264	0.689044	-0.247646	-0.403901	-0.591022	0.458496	-0.526629	-0.158854	-0.610814	0.112197	-0.767518	-0.318381	-0.550373	0.488949	-0.597204
-0.366963	-0.599088	0.43789	-0.560967	-0.441108	-0.527348	0.437378	-0.579679	-0.663695	0.225477	0.459833	-0.545181	0.0134496	0.41214	0.220365	-0.883968	-0.47629	-0.390112	-0.211818	-0.759008	-0.780554	-0.000864727	-0.412465	-0.469688	-0.663371	-0.167595	0.685782	-0.2481	-0.40856	-0.596203	0.45405	-0.521018	-0.156248	-0.610511	0.113335	-0.768126	-0.315602	-0.546725	0.48569	-0.604642
-0.367593	-0.599336	0.436044	-0.561727	-0.442987	-0.524073	0.438591	-0.5803	-0.664655	0.230916	0.460035	-0.541554	0.0105758	0.41599	0.216547	-0.883147	-0.479926	-0.387259	-0.211712	-0.758208	-0.782466	0.00130126	-0.410996	-0.467791	-0.671185	-0.168396	0.677825	-0.248406	-0.411078	-0.599129	0.451676	-0.517733	-0.152021	-0.611562	0.115691	-0.767787	-0.310241	-0.545892	0.47747	-0.614634
-0.369135	-0.599434	0.434948	-0.561461	-0.443877	-0.522531	0.439118	-0.580612	-0.665018	0.233611	0.460096	-0.539897	0.00931818	0.417835	0.214603	-0.882764	-0.4822	-0.385918	-0.211409	-0.757533	-0.783551	0.00216929	-0.410366	-0.466522	-0.675277	-0.168643	0.673464	-0.249011	-0.416903	-0.605377	0.447374	-0.509477	-0.149826	-0.613201	0.117876	-0.766578	-0.307911	-0.547608	0.472824	-0.617862
-0.371349	-0.599511	0.433726	-0.560864	-0.445032	-0.520709	0.439656	-0.580958	-0.665254	0.236455	0.460011	-0.538437	0.00809503	0.419617	0.212531	-0.882432	-0.484793	-0.38457	-0.210913	-0.756702	-0.784813	0.00325636	-0.409703	-0.464975	-0.679722	-0.169041	0.668486	-0.250061	-0.416903	-0.605377	0.447374	-0.509477	-0.146729	-0.618155	0.120369	-0.762801	-0.307382	-0.549671	0.469118	-0.619118
-0.374535	-0.599371	0.432357	-0.559951	-0.446453	-0.518636	0.440134	-0.58136	-0.665414	0.239393	0.45971	-0.537198	0.00706601	0.421387	0.210018	-0.882199	-0.487617	-0.382922	-0.210492	-0.75584	-0.786308	0.00429816	-0.409007	-0.463049	-0.684189	-0.169457	0.663446	-0.251016	-0.419473	-0.609377	0.444603	-0.505004	-0.142635	-0.624665	0.121213	-0.758127	-0.310289	-0.552013	0.470372	-0.614616
-0.383626	-0.598056	0.430487	-0.556634	-0.44892	-0.514104	0.441654	-0.582332	-0.664634	0.245371	0.459352	-0.535772	0.00646964	0.424867	0.204533	-0.881823	-0.493243	-0.379019	-0.209387	-0.754462	-0.789735	0.00642017	-0.407005	-0.458938	-0.694902	-0.167648	0.652082	-0.252574	-0.42583	-0.616733	0.441293	-0.493527	-0.135335	-0.640863	0.11597	-0.74668	-0.317756	-0.565211	0.468529	-0.60004
-0.400211	-0.593802	0.43879	-0.542857	-0.449706	-0.508739	0.445565	-0.583456	-0.662428	0.250155	0.462176	-0.533858	0.00738827	0.42998	0.201639	-0.880003	-0.497078	-0.377441	-0.207665	-0.753211	-0.792787	0.00465635	-0.405835	-0.454714	-0.707316	-0.157175	0.640091	-0.255506	-0.43544	-0.627102	0.440879	-0.471976	-0.11962	-0.659161	0.137532	-0.729577	-0.314617	-0.584696	0.44282	-0.602542
-0.414813	-0.590565	0.441991	-0.532735	-0.450769	-0.505616	0.446234	-0.584838	-0.659142	0.24902	0.470512	-0.531168	0.00971958	0.435465	0.206569	-0.876131	-0.498741	-0.377293	-0.205762	-0.752709	-0.79469	0.000773473	-0.404232	-0.45284	-0.717537	-0.143134	0.632785	-0.253448	-0.439175	-0.629113	0.439969	-0.466657	-0.119017	-0.66654	0.119753	-0.726098	-0.319871	-0.593892	0.438457	-0.593911
-0.417916	-0.590602	0.441789	-0.530431	-0.450789	-0.506337	0.444751	-0.585328	-0.657559	0.245526	0.475701	-0.530134	0.0121106	0.436888	0.212246	-0.874033	-0.498957	-0.378701	-0.204572	-0.752182	-0.79474	-0.00211092	-0.403756	-0.453172	-0.72101	-0.141136	0.630048	-0.251523	-0.448703	-0.629503	0.434146	-0.462503	-0.119195	-0.66987	0.132016	-0.720859	-0.325122	-0.595578	0.440908	-0.587523
-0.423009	-0.58408	0.437368	-0.537237	-0.451092	-0.508798	0.439062	-0.587253	-0.654393	0.233687	0.481114	-0.534499	0.0179582	0.433253	0.224616	-0.872649	-0.492946	-0.383732	-0.207003	-0.75293	-0.791885	-0.00743868	-0.404921	-0.457057	-0.7271	-0.143862	0.626281	-0.241664	-0.460181	-0.623657	0.434752	-0.458559	-0.116091	-0.677847	0.142044	-0.711948	-0.331808	-0.598331	0.441372	-0.580599
-0.422919	-0.583283	0.433978	-0.540911	-0.452111	-0.509221	0.436481	-0.588026	-0.653211	0.231811	0.477808	-0.539702	0.0206706	0.42867	0.224179	-0.874962	-0.490716	-0.384705	-0.209086	-0.753315	-0.7901	-0.00805835	-0.405712	-0.459429	-0.729492	-0.146812	0.625352	-0.234994	-0.472351	-0.616796	0.435424	-0.454811	-0.114009	-0.683444	0.13795	-0.707726	-0.33508	-0.598697	0.441608	-0.578158
-0.4269	-0.580806	0.434233	-0.540243	-0.454567	-0.510853	0.430852	-0.588868	-0.652625	0.232656	0.472262	-0.544904	0.026353	0.41899	0.215598	-0.88163	-0.488626	-0.38441	-0.215659	-0.752971	-0.78678	-0.00462727	-0.408661	-0.46255	-0.732679	-0.144824	0.625274	-0.226362	-0.489642	-0.608364	0.434108	-0.449105	-0.115865	-0.688149	0.149893	-0.700399	-0.33934	-0.598567	0.438693	-0.578027
-0.429602	-0.577854	0.432443	-0.542697	-0.458953	-0.512521	0.425332	-0.588028	-0.653456	0.234425	0.461443	-0.552367	0.0291679	0.411146	0.210307	-0.886498	-0.486477	-0.386355	-0.22307	-0.751206	-0.784126	-0.000480201	-0.41491	-0.461514	-0.738381	-0.144403	0.62272	-0.21485	-0.496537	-0.606421	0.432299	-0.445894	-0.115125	-0.691895	0.16128	-0.694274	-0.343931	-0.596149	0.438896	-0.577657
-0.428505	-0.579189	0.428969	-0.544894	-0.463136	-0.513061	0.421814	-0.58681	-0.656135	0.23639	0.453657	-0.5548	0.0286481	0.407906	0.207767	-0.888608	-0.48637	-0.390668	-0.227715	-0.747642	-0.781381	0.00180981	-0.422803	-0.458996	-0.737432	-0.150894	0.621511	-0.21714	-0.495688	-0.608438	0.429406	-0.446886	-0.114891	-0.692646	0.157526	-0.694426	-0.343104	-0.596722	0.439284	-0.577262
-0.432139	-0.578319	0.427427	-0.544159	-0.466694	-0.512688	0.421024	-0.584881	-0.658266	0.237499	0.451619	-0.553462	0.026955	0.406635	0.20664	-0.889506	-0.488425	-0.394388	-0.2299	-0.74367	-0.779948	0.00236727	-0.428592	-0.456052	-0.73673	-0.154882	0.621621	-0.216396	-0.494835	-0.609016	0.428308	-0.448097	-0.10941	-0.69343	0.150585	-0.696066	-0.340406	-0.597433	0.440015	-0.577567
-0.433748	-0.578334	0.426847	-0.543318	-0.469938	-0.511967	0.421563	-0.582522	-0.660198	0.240029	0.44972	-0.551613	0.0243079	0.406716	0.204115	-0.890128	-0.491037	-0.39548	-0.229294	-0.741555	-0.780784	0.00273566	-0.43038	-0.452926	-0.737491	-0.15211	0.623236	-0.21106	-0.49624	-0.607151	0.429603	-0.447833	-0.112243	-0.692273	0.15639	-0.695487	-0.337908	-0.597333	0.441627	-0.577907
-0.433494	-0.579052	0.428154	-0.541725	-0.472918	-0.510793	0.422706	-0.58031	-0.662673	0.242455	0.447445	-0.54943	0.0216762	0.406504	0.201331	-0.890927	-0.493444	-0.395717	-0.228209	-0.740163	-0.781969	0.00193676	-0.430137	-0.451114	-0.737726	-0.148975	0.624807	-0.207805	-0.495214	-0.606982	0.429995	-0.44882	-0.113012	-0.69093	0.157869	-0.696363	-0.335642	-0.597327	0.443604	-0.577719
-0.434651	-0.577953	0.431142	-0.539598	-0.475147	-0.50969	0.424677	-0.578014	-0.664736	0.245411	0.445093	-0.547533	0.0202484	0.406461	0.199736	-0.891339	-0.49408	-0.3959	-0.227631	-0.739819	-0.782502	0.00082909	-0.429438	-0.450857	-0.737387	-0.148923	0.625493	-0.206978	-0.49398	-0.607141	0.429868	-0.450086	-0.113375	-0.6904	0.159015	-0.696569	-0.334937	-0.596833	0.445175	-0.577431
-0.434579	-0.577656	0.434196	-0.53752	-0.476678	-0.508151	0.426988	-0.576404	-0.666178	0.248629	0.443624	-0.545517	0.0158564	0.407973	0.194534	-0.891888	-0.495201	-0.397138	-0.225142	-0.739168	-0.782325	-0.00187267	-0.428737	-0.451829	-0.737361	-0.147457	0.626671	-0.204543	-0.492983	-0.60747	0.429483	-0.451101	-0.115838	-0.688629	0.165158	-0.696487	-0.334781	-0.596186	0.445718	-0.577771
-0.433446	-0.577774	0.436448	-0.536484	-0.477105	-0.506868	0.429184	-0.57555	-0.667056	0.251562	0.443793	-0.542956	0.0135407	0.410606	0.191946	-0.891278	-0.495792	-0.397657	-0.222855	-0.739185	-0.782186	-0.0044709	-0.427334	-0.453378	-0.736889	-0.147232	0.627313	-0.20444	-0.49159	-0.608062	0.429327	-0.451971	-0.116033	-0.688242	0.165841	-0.696674	-0.335109	-0.595916	0.446704	-0.577097
-0.433809	-0.576406	0.437957	-0.536433	-0.476964	-0.50596	0.431423	-0.574791	-0.667584	0.253261	0.445167	-0.540386	0.0111638	0.413585	0.190968	-0.890143	-0.49648	-0.397486	-0.220248	-0.739597	-0.782375	-0.00713498	-0.425238	-0.454985	-0.736431	-0.147418	0.627731	-0.204673	-0.490419	-0.608704	0.429204	-0.452496	-0.116696	-0.687737	0.168274	-0.696479	-0.335399	-0.595588	0.447125	-0.576941
-0.43448	-0.575444	0.43981	-0.535405	-0.476407	-0.505285	0.433964	-0.573933	-0.668287	0.253168	0.446841	-0.538174	0.00872248	0.416019	0.191524	-0.888915	-0.496944	-0.397246	-0.217132	-0.740335	-0.78268	-0.00959064	-0.423227	-0.456288	-0.736431	-0.147418	0.627731	-0.204673	-0.489756	-0.608574	0.429802	-0.452821	-0.118368	-0.68647	0.170115	-0.697	-0.335459	-0.595179	0.447848	-0.576767
-0.43496	-0.574893	0.441445	-0.534261	-0.476293	-0.504698	0.436093	-0.572929	-0.669246	0.253045	0.448502	-0.535653	0.00592498	0.418178	0.192398	-0.887736	-0.497146	-0.397252	-0.214983	-0.740823	-0.783021	-0.0118992	-0.421797	-0.456973	-0.736319	-0.144085	0.628931	-0.203763	-0.489607	-0.608063	0.430288	-0.453208	-0.119358	-0.685334	0.171903	-0.69751	-0.336044	-0.594532	0.449631	-0.575706
-0.435514	-0.574472	0.4421	-0.53372	-0.476478	-0.504674	0.438292	-0.571116	-0.670719	0.252922	0.44937	-0.533135	0.00465484	0.418973	0.192747	-0.887293	-0.49721	-0.397487	-0.214077	-0.740916	-0.783053	-0.0138148	-0.42175	-0.456906	-0.73614	-0.142983	0.629771	-0.202587	-0.489787	-0.607172	0.43061	-0.453901	-0.120091	-0.684725	0.172874	-0.697742	-0.33585	-0.594356	0.450046	-0.575678
-0.437125	-0.573669	0.443386	-0.532198	-0.476772	-0.504632	0.439321	-0.570115	-0.671576	0.253115	0.449409	-0.53193	0.00157313	0.419942	0.193125	-0.886763	-0.497654	-0.398638	-0.212643	-0.740413	-0.782961	-0.0146795	-0.422077	-0.456736	-0.73585	-0.142071	0.630538	-0.201897	-0.489663	-0.60681	0.430798	-0.454339	-0.122018	-0.683905	0.176402	-0.697329	-0.335621	-0.593694	0.451097	-0.575671
-0.438588	-0.573433	0.445249	-0.529687	-0.4782	-0.504052	0.441158	-0.568011	-0.673542	0.254105	0.448773	-0.529504	-0.00154202	0.420567	0.192115	-0.886686	-0.498637	-0.399814	-0.212042	-0.739289	-0.783036	-0.0163509	-0.422882	-0.455805	-0.735987	-0.140329	0.631078	-0.200926	-0.489519	-0.60591	0.431396	-0.455129	-0.123177	-0.683004	0.179091	-0.697323	-0.33571	-0.592751	0.452458	-0.575523
-0.439407	-0.573272	0.446354	-0.528251	-0.479163	-0.503712	0.442018	-0.566831	-0.674636	0.254396	0.448235	-0.528426	-0.00328746	0.420604	0.191532	-0.88679	-0.499299	-0.400367	-0.211737	-0.73863	-0.783213	-0.0169772	-0.423261	-0.455126	-0.735716	-0.139829	0.631648	-0.200475	-0.489594	-0.605408	0.431713	-0.455415	-0.123997	-0.68268	0.181042	-0.696991	-0.336219	-0.591953	0.453569	-0.575173
-0.440244	-0.573016	0.447097	-0.527203	-0.481082	-0.503055	0.443545	-0.564591	-0.67665	0.25532	0.447053	-0.526403	-0.0054248	0.420728	0.191045	-0.886826	-0.499979	-0.401047	-0.211244	-0.737942	-0.783497	-0.0186112	-0.424376	-0.453532	-0.735725	-0.138433	0.632268	-0.199453	-0.490119	-0.604105	0.432711	-0.455633	-0.124334	-0.682497	0.182417	-0.696752	-0.336259	-0.591435	0.454058	-0.575297
-0.441841	-0.572524	0.44837	-0.525316	-0.482059	-0.502666	0.44425	-0.563549	-0.677503	0.255848	0.446389	-0.525613	-0.00826243	0.420755	0.189714	-0.887077	-0.501158	-0.402705	-0.210628	-0.736414	-0.783676	-0.0194394	-0.424938	-0.45266	-0.735464	-0.137996	0.632753	-0.199181	-0.490124	-0.603751	0.433017	-0.455805	-0.125132	-0.681846	0.18423	-0.696769	-0.336214	-0.590527	0.454895	-0.575594
-0.443239	-0.572296	0.450161	-0.522849	-0.484394	-0.50151	0.445829	-0.561326	-0.67919	0.258229	0.445153	-0.523314	-0.0108892	0.421453	0.18721	-0.887249	-0.50289	-0.404717	-0.209314	-0.734502	-0.784134	-0.0220342	-0.426026	-0.450721	-0.735257	-0.137205	0.633267	-0.198856	-0.491211	-0.602189	0.434306	-0.455476	-0.125808	-0.680832	0.184952	-0.697448	-0.335515	-0.589979	0.455362	-0.576194
-0.443692	-0.572018	0.450553	-0.522432	-0.485222	-0.500863	0.44636	-0.560765	-0.679558	0.259121	0.444542	-0.522914	-0.0115735	0.421658	0.186606	-0.88727	-0.503323	-0.405303	-0.209096	-0.733944	-0.784424	-0.0231961	-0.426447	-0.449759	-0.735208	-0.137132	0.633383	-0.198719	-0.492075	-0.601339	0.43504	-0.454967	-0.126143	-0.680655	0.185543	-0.697402	-0.33511	-0.590071	0.455283	-0.576399
-0.444485	-0.571468	0.451147	-0.521847	-0.485459	-0.500627	0.446521	-0.560643	-0.679561	0.259524	0.444303	-0.522915	-0.0117938	0.421812	0.185515	-0.887423	-0.503855	-0.405748	-0.208892	-0.733392	-0.784651	-0.0232628	-0.426406	-0.449399	-0.73515	-0.136704	0.633662	-0.198341	-0.492195	-0.601182	0.435256	-0.454838	-0.126559	-0.680366	0.186297	-0.697409	-0.334776	-0.590127	0.455429	-0.57642
-0.444879	-0.571118	0.451249	-0.521806	-0.48563	-0.500052	0.446662	-0.560895	-0.679319	0.260186	0.444192	-0.522994	-0.0117353	0.421924	0.185113	-0.887454	-0.503949	-0.40564	-0.208829	-0.733404	-0.785013	-0.0228946	-0.42622	-0.448963	-0.735124	-0.136539	0.633756	-0.198252	-0.492528	-0.600861	0.435839	-0.454342	-0.126657	-0.680384	0.186795	-0.69724	-0.334442	-0.590278	0.455193	-0.576645
-0.445868	-0.570419	0.451096	-0.521858	-0.485695	-0.499701	0.446623	-0.561184	-0.67908	0.26059	0.444298	-0.523013	-0.0116192	0.42245	0.18448	-0.887338	-0.503922	-0.404777	-0.209312	-0.733761	-0.785129	-0.0223988	-0.425982	-0.44901	-0.735201	-0.136589	0.633663	-0.198226	-0.492598	-0.600826	0.436028	-0.454131	-0.126749	-0.680608	0.187069	-0.696931	-0.333804	-0.590694	0.454878	-0.576838
-0.447412	-0.569452	0.450192	-0.522373	-0.485517	-0.498878	0.44612	-0.562469	-0.678015	0.262122	0.444582	-0.523388	-0.0102536	0.423287	0.183275	-0.887205	-0.503323	-0.40244	-0.210692	-0.735062	-0.785248	-0.0198326	-0.425149	-0.449712	-0.734954	-0.137143	0.633786	-0.19837	-0.492473	-0.600938	0.436276	-0.45388	-0.126344	-0.680567	0.186717	-0.697139	-0.332835	-0.591208	0.454564	-0.577118
-0.447952	-0.569157	0.449916	-0.52247	-0.485477	-0.498426	0.446097	-0.562922	-0.677572	0.262551	0.444686	-0.523657	-0.00971286	0.423529	0.182856	-0.887182	-0.50301	-0.401666	-0.211304	-0.735524	-0.785095	-0.0180185	-0.424772	-0.450412	-0.73494	-0.137197	0.633815	-0.19829	-0.492621	-0.600798	0.436504	-0.453686	-0.126402	-0.680505	0.186771	-0.697174	-0.332454	-0.591405	0.454391	-0.577273
