FULLBODY	1																																						
Frames:	114																																						
-0.46513	-0.554231	0.470446	-0.505137	-0.401219	-0.563947	0.362713	-0.62404	-0.700614	-0.224817	0.58614	-0.339171	-0.65977	-0.12909	0.662347	-0.330661	-0.097411	-0.652053	0.0155848	-0.751728	-0.270886	-0.647859	0.0523162	-0.710044	-0.66384	-0.188328	0.69085	-0.215812	-0.411793	-0.587099	0.490026	-0.495597	-0.125606	-0.739227	0.177267	-0.63745	-0.407579	-0.615847	0.476116	-0.477415
-0.466099	-0.555988	0.460479	-0.511457	-0.400553	-0.567018	0.359683	-0.623438	-0.703273	-0.226777	0.583657	-0.336636	-0.664621	-0.126205	0.661202	-0.324288	-0.07872	-0.649411	0.00921741	-0.756296	-0.243272	-0.64667	0.0397208	-0.721844	-0.664089	-0.177799	0.682762	-0.247404	-0.438497	-0.571125	0.481658	-0.499542	-0.127197	-0.744029	0.146916	-0.639263	-0.411061	-0.616517	0.445411	-0.502538
-0.465587	-0.556419	0.460335	-0.511584	-0.400724	-0.567622	0.359324	-0.622986	-0.70424	-0.225935	0.583026	-0.336273	-0.665487	-0.125449	0.660471	-0.324297	-0.0794919	-0.65053	0.00924039	-0.755253	-0.242611	-0.647045	0.0384806	-0.721798	-0.663582	-0.178305	0.683012	-0.24771	-0.437992	-0.571215	0.48155	-0.499987	-0.127522	-0.743862	0.147516	-0.639255	-0.410235	-0.616662	0.444963	-0.503432
-0.465067	-0.557009	0.460298	-0.511449	-0.400656	-0.568287	0.358955	-0.622636	-0.705169	-0.226032	0.582017	-0.33601	-0.666401	-0.125241	0.659586	-0.324301	-0.0799961	-0.652036	0.00918221	-0.7539	-0.244221	-0.648608	0.0363505	-0.71996	-0.66323	-0.178748	0.683077	-0.248155	-0.438002	-0.571006	0.481722	-0.50005	-0.127289	-0.743414	0.146636	-0.640024	-0.409318	-0.616948	0.444916	-0.50387
-0.464904	-0.557159	0.460259	-0.511469	-0.400579	-0.568382	0.358766	-0.622709	-0.705324	-0.226184	0.581817	-0.335928	-0.666693	-0.125395	0.659361	-0.324098	-0.0797821	-0.652585	0.00903409	-0.753449	-0.244725	-0.649228	0.0352206	-0.719286	-0.662985	-0.179007	0.683187	-0.248319	-0.43792	-0.570943	0.481738	-0.500179	-0.127161	-0.743344	0.146172	-0.640237	-0.408956	-0.617129	0.444967	-0.503896
-0.464408	-0.557578	0.459873	-0.51181	-0.400158	-0.568732	0.358292	-0.622932	-0.705494	-0.226576	0.581596	-0.335691	-0.667081	-0.12591	0.659159	-0.32351	-0.0790698	-0.653701	0.00829425	-0.752565	-0.245231	-0.65034	0.032899	-0.718218	-0.662752	-0.179655	0.682985	-0.24903	-0.437424	-0.571102	0.481535	-0.500626	-0.127425	-0.742766	0.144821	-0.641161	-0.408319	-0.617583	0.445777	-0.50314
-0.464484	-0.557568	0.459661	-0.511942	-0.399578	-0.569049	0.358057	-0.623149	-0.705288	-0.227328	0.581574	-0.335652	-0.667193	-0.12678	0.659127	-0.323004	-0.078772	-0.654137	0.00803676	-0.75222	-0.245422	-0.651213	0.0313218	-0.717432	-0.662565	-0.179837	0.683093	-0.249099	-0.437268	-0.571155	0.481476	-0.500759	-0.127711	-0.742461	0.143981	-0.641647	-0.408464	-0.617651	0.447391	-0.501504
-0.464692	-0.557219	0.459628	-0.512162	-0.399232	-0.568944	0.357969	-0.623518	-0.704795	-0.228007	0.581798	-0.335839	-0.667024	-0.1276	0.659285	-0.32271	-0.0778073	-0.654877	0.00770097	-0.75168	-0.245116	-0.651773	0.0305604	-0.717061	-0.662609	-0.179598	0.683246	-0.248736	-0.437823	-0.570758	0.482019	-0.500204	-0.128411	-0.741931	0.143175	-0.6423	-0.408179	-0.618006	0.447945	-0.500803
-0.464694	-0.556843	0.459482	-0.5127	-0.399147	-0.568507	0.357814	-0.62406	-0.704611	-0.227638	0.582377	-0.335472	-0.666716	-0.127235	0.659861	-0.322311	-0.07703	-0.654752	0.00766748	-0.751869	-0.24425	-0.651967	0.03069	-0.717174	-0.66254	-0.179537	0.68336	-0.248647	-0.437769	-0.570866	0.482257	-0.499899	-0.128579	-0.741908	0.143221	-0.642283	-0.408128	-0.618265	0.448387	-0.500129
-0.464474	-0.556741	0.459217	-0.513247	-0.399058	-0.567855	0.357922	-0.624648	-0.704476	-0.227073	0.583102	-0.334877	-0.666521	-0.126808	0.660243	-0.322101	-0.0766582	-0.654576	0.00770278	-0.75206	-0.242808	-0.651726	0.0314213	-0.717851	-0.662523	-0.180335	0.682969	-0.249191	-0.437596	-0.571115	0.482269	-0.499754	-0.128607	-0.742045	0.143219	-0.64212	-0.408068	-0.618451	0.448479	-0.499866
-0.464297	-0.556786	0.459023	-0.513533	-0.398975	-0.567591	0.358058	-0.624863	-0.704334	-0.226894	0.58343	-0.334726	-0.666122	-0.126226	0.660905	-0.321798	-0.0759716	-0.654019	0.00768162	-0.752614	-0.241171	-0.65116	0.0322983	-0.718877	-0.662493	-0.180453	0.682964	-0.249198	-0.437396	-0.571434	0.482233	-0.4996	-0.128113	-0.742068	0.142543	-0.642343	-0.407709	-0.618949	0.448415	-0.4996
-0.464154	-0.556992	0.458514	-0.513893	-0.398737	-0.566855	0.35825	-0.625573	-0.703707	-0.227011	0.584172	-0.334671	-0.665581	-0.126133	0.661589	-0.321546	-0.0746897	-0.652803	0.00739253	-0.7538	-0.239741	-0.650386	0.032873	-0.720029	-0.662454	-0.181038	0.682639	-0.249767	-0.43724	-0.571622	0.482284	-0.499471	-0.127092	-0.74219	0.141153	-0.642711	-0.406967	-0.619888	0.448197	-0.499235
-0.464555	-0.556989	0.458591	-0.513464	-0.398663	-0.566857	0.358557	-0.625442	-0.703401	-0.227213	0.584457	-0.33468	-0.665231	-0.12621	0.661923	-0.321555	-0.0738292	-0.652019	0.00723662	-0.754565	-0.238534	-0.649641	0.0332371	-0.721084	-0.662386	-0.181025	0.682752	-0.249648	-0.436838	-0.572012	0.482054	-0.499599	-0.127502	-0.742046	0.141329	-0.642757	-0.406851	-0.620148	0.448474	-0.498758
-0.465193	-0.55684	0.458629	-0.513015	-0.398649	-0.567247	0.358984	-0.624853	-0.703268	-0.227516	0.584577	-0.334545	-0.664815	-0.126396	0.662248	-0.321671	-0.073003	-0.651468	0.00718261	-0.755122	-0.237437	-0.649093	0.0335573	-0.721925	-0.662564	-0.180932	0.682621	-0.249603	-0.436784	-0.572123	0.482159	-0.499417	-0.127228	-0.74224	0.141433	-0.642564	-0.406815	-0.620313	0.448641	-0.498433
-0.465877	-0.556411	0.458409	-0.513056	-0.398904	-0.567645	0.358869	-0.624394	-0.703289	-0.22808	0.584338	-0.334534	-0.664496	-0.12686	0.662353	-0.321931	-0.072851	-0.651345	0.0074961	-0.75524	-0.236697	-0.648854	0.034061	-0.722359	-0.662744	-0.18089	0.682602	-0.249207	-0.436981	-0.572077	0.482423	-0.499044	-0.127492	-0.741939	0.142221	-0.642687	-0.406882	-0.62039	0.448811	-0.498129
-0.466217	-0.556211	0.458452	-0.512925	-0.399332	-0.567907	0.358344	-0.624184	-0.703509	-0.228036	0.584078	-0.334555	-0.664531	-0.126857	0.662452	-0.321657	-0.0731043	-0.651535	0.00737828	-0.755052	-0.23612	-0.648937	0.0343736	-0.722458	-0.662896	-0.180793	0.68272	-0.248547	-0.436952	-0.572309	0.482437	-0.498789	-0.127774	-0.74192	0.143319	-0.642408	-0.407222	-0.620306	0.449186	-0.497616
-0.466581	-0.555893	0.458593	-0.512813	-0.400317	-0.567747	0.35824	-0.623758	-0.704417	-0.227277	0.582964	-0.335105	-0.664943	-0.125124	0.662774	-0.32082	-0.0736288	-0.652063	0.00700297	-0.754548	-0.236627	-0.649613	0.0346279	-0.721673	-0.663414	-0.180801	0.682454	-0.24789	-0.437185	-0.572539	0.482924	-0.497847	-0.128546	-0.741738	0.144954	-0.642097	-0.407168	-0.620474	0.449231	-0.49741
-0.466797	-0.555651	0.458916	-0.512589	-0.400691	-0.567452	0.358269	-0.623769	-0.705266	-0.226581	0.582136	-0.33523	-0.664813	-0.11838	0.663646	-0.321845	-0.0757407	-0.652401	0.00703877	-0.754047	-0.237325	-0.650014	0.0346914	-0.721079	-0.663665	-0.180483	0.682474	-0.247394	-0.437282	-0.572604	0.483135	-0.497484	-0.129246	-0.741183	0.146161	-0.642324	-0.406773	-0.620905	0.449226	-0.497201
-0.467479	-0.55486	0.45894	-0.512803	-0.4019	-0.56699	0.359652	-0.622615	-0.710198	-0.22037	0.579125	-0.334172	-0.661062	-0.0956754	0.666284	-0.331525	-0.0828367	-0.650858	0.00826616	-0.754622	-0.243207	-0.647832	0.0337779	-0.721127	-0.663965	-0.180592	0.682296	-0.247	-0.437431	-0.572863	0.483481	-0.496717	-0.130247	-0.740521	0.147536	-0.642571	-0.405986	-0.621604	0.44888	-0.497283
-0.468347	-0.554002	0.459593	-0.512354	-0.403147	-0.566019	0.360564	-0.622164	-0.714202	-0.214155	0.576298	-0.334565	-0.654277	-0.0710006	0.667364	-0.348577	-0.0917229	-0.645972	0.00791247	-0.757789	-0.253908	-0.641715	0.0323545	-0.72297	-0.664508	-0.179712	0.68242	-0.245838	-0.437896	-0.572608	0.483759	-0.496332	-0.131092	-0.740134	0.148733	-0.642569	-0.405886	-0.621771	0.448844	-0.497188
-0.468991	-0.553169	0.459816	-0.512466	-0.404849	-0.564722	0.361725	-0.621564	-0.719148	-0.204817	0.572808	-0.335808	-0.642936	-0.0396145	0.667116	-0.374193	-0.104167	-0.638779	0.00677086	-0.762276	-0.26735	-0.631761	0.0234208	-0.727224	-0.664806	-0.178952	0.682746	-0.244678	-0.438454	-0.572218	0.483915	-0.496135	-0.132156	-0.739667	0.150244	-0.642537	-0.406	-0.621627	0.448732	-0.497377
-0.469943	-0.552421	0.46052	-0.511768	-0.406011	-0.563583	0.363103	-0.621036	-0.724	-0.192725	0.569463	-0.338221	-0.626117	3.21E-05	0.663755	-0.409153	-0.118217	-0.628193	0.00158045	-0.769023	-0.287779	-0.616024	0.00826482	-0.733232	-0.665075	-0.178161	0.682928	-0.244014	-0.43879	-0.571828	0.483998	-0.496208	-0.133678	-0.739165	0.151998	-0.642387	-0.406131	-0.621366	0.448711	-0.497615
-0.470428	-0.551993	0.460564	-0.511744	-0.406795	-0.562751	0.364046	-0.620726	-0.728748	-0.176156	0.565321	-0.343958	-0.615453	0.0216162	0.660536	-0.429468	-0.125551	-0.621896	-0.00381515	-0.77296	-0.312238	-0.596229	-0.0162688	-0.739428	-0.665252	-0.177496	0.683138	-0.24343	-0.439096	-0.571496	0.483884	-0.496431	-0.133873	-0.739018	0.152208	-0.642466	-0.406311	-0.621126	0.448799	-0.497687
-0.471111	-0.551362	0.46044	-0.511908	-0.406977	-0.56264	0.36421	-0.62061	-0.730625	-0.165953	0.563652	-0.34777	-0.590112	0.0655085	0.649558	-0.474923	-0.142318	-0.607653	-0.0192787	-0.781109	-0.32683	-0.583668	-0.0301202	-0.742702	-0.665243	-0.177551	0.683042	-0.243683	-0.439258	-0.571248	0.483903	-0.496555	-0.13432	-0.738652	0.15245	-0.642737	-0.406342	-0.62088	0.448458	-0.498277
-0.4716	-0.550758	0.460024	-0.512482	-0.407038	-0.562537	0.363848	-0.620876	-0.733928	-0.142913	0.558987	-0.358411	-0.575282	0.0885661	0.642542	-0.498343	-0.15536	-0.592574	-0.0448389	-0.789119	-0.359337	-0.554945	-0.0629819	-0.747627	-0.66518	-0.177624	0.682947	-0.244067	-0.439107	-0.571181	0.483523	-0.497135	-0.134075	-0.738679	0.151573	-0.642965	-0.406427	-0.620536	0.448167	-0.498897
-0.47206	-0.550283	0.459272	-0.513243	-0.407321	-0.562199	0.363658	-0.621108	-0.734719	-0.117671	0.553055	-0.374796	-0.524152	0.157104	0.611305	-0.571741	-0.171391	-0.576429	-0.0730211	-0.795627	-0.395061	-0.521281	-0.0987076	-0.749966	-0.665095	-0.177279	0.682968	-0.244488	-0.438833	-0.571166	0.482967	-0.497935	-0.134433	-0.738737	0.151534	-0.642832	-0.406655	-0.620138	0.447726	-0.499602
-0.472562	-0.549714	0.45875	-0.513856	-0.408053	-0.561265	0.363881	-0.621341	-0.732869	-0.0910916	0.546586	-0.394777	-0.484655	0.201101	0.584323	-0.61906	-0.192235	-0.559564	-0.0964887	-0.80039	-0.433918	-0.483243	-0.134951	-0.748318	-0.664904	-0.177331	0.682922	-0.2451	-0.438551	-0.571129	0.482473	-0.498702	-0.134335	-0.738762	0.151013	-0.642946	-0.40693	-0.619728	0.447307	-0.50026
-0.472719	-0.549556	0.458696	-0.51393	-0.408478	-0.560789	0.364624	-0.621057	-0.731388	-0.0770677	0.542648	-0.40579	-0.463798	0.222179	0.567624	-0.642908	-0.202822	-0.551194	-0.106779	-0.802276	-0.474226	-0.442093	-0.173043	-0.741431	-0.664969	-0.176955	0.682939	-0.245148	-0.438315	-0.571076	0.481916	-0.49951	-0.134113	-0.738841	0.150553	-0.643009	-0.407061	-0.619531	0.447217	-0.500479
-0.473391	-0.54885	0.45876	-0.514008	-0.408934	-0.560283	0.365013	-0.620985	-0.727527	-0.0466195	0.534412	-0.427708	-0.418224	0.263115	0.530715	-0.688622	-0.223768	-0.534086	-0.12491	-0.805653	-0.495524	-0.420094	-0.191865	-0.735639	-0.664875	-0.176648	0.683002	-0.245446	-0.438431	-0.570879	0.481777	-0.499766	-0.134886	-0.738767	0.150966	-0.642836	-0.407424	-0.619093	0.447227	-0.500717
-0.47492	-0.547495	0.459764	-0.513145	-0.4109	-0.557816	0.365993	-0.621331	-0.718656	-0.00032461	0.51884	-0.462967	-0.346533	0.315856	0.466693	-0.749898	-0.253346	-0.507293	-0.150575	-0.809812	-0.557885	-0.351687	-0.244371	-0.710889	-0.665596	-0.174578	0.683334	-0.244046	-0.439281	-0.569885	0.481898	-0.500037	-0.135716	-0.738587	0.152298	-0.642554	-0.407892	-0.618521	0.447512	-0.500788
-0.475608	-0.546901	0.46017	-0.512776	-0.411849	-0.556705	0.366518	-0.621389	-0.716055	0.0169754	0.513225	-0.472839	-0.322421	0.331131	0.444827	-0.767154	-0.262147	-0.498716	-0.160188	-0.810494	-0.577291	-0.328755	-0.260433	-0.700593	-0.665754	-0.174007	0.683472	-0.243638	-0.439393	-0.569749	0.481887	-0.500105	-0.136221	-0.738431	0.15286	-0.642493	-0.408039	-0.61838	0.447718	-0.500659
-0.476773	-0.54584	0.461055	-0.51203	-0.414272	-0.553892	0.367634	-0.621634	-0.708446	0.0494331	0.500869	-0.494764	-0.276328	0.357629	0.401287	-0.796689	-0.279368	-0.482344	-0.178609	-0.8108	-0.611947	-0.284289	-0.289697	-0.678806	-0.66587	-0.172994	0.683842	-0.243002	-0.439806	-0.569303	0.482265	-0.499886	-0.136763	-0.738224	0.153776	-0.642398	-0.40799	-0.618408	0.447903	-0.500498
-0.477486	-0.545203	0.461813	-0.51136	-0.416028	-0.551175	0.368249	-0.62251	-0.700627	0.08086	0.489044	-0.513244	-0.233671	0.38034	0.358163	-0.820036	-0.299544	-0.466318	-0.195718	-0.809021	-0.639578	-0.245487	-0.312884	-0.65786	-0.666069	-0.172182	0.684047	-0.242454	-0.440001	-0.569067	0.482763	-0.499501	-0.137564	-0.737984	0.154439	-0.642342	-0.40818	-0.61837	0.448558	-0.499804
-0.477092	-0.545511	0.462157	-0.511088	-0.418104	-0.548272	0.368323	-0.623639	-0.691703	0.11242	0.478697	-0.528922	-0.193313	0.397928	0.321545	-0.837193	-0.319813	-0.450017	-0.210303	-0.806832	-0.663707	-0.209704	-0.32983	-0.637754	-0.665824	-0.172749	0.6839	-0.24314	-0.439424	-0.569513	0.482756	-0.499508	-0.137964	-0.738093	0.154914	-0.642018	-0.408037	-0.618534	0.448882	-0.499426
-0.477204	-0.545471	0.462654	-0.510577	-0.421286	-0.543879	0.369673	-0.624545	-0.682869	0.143386	0.471258	-0.539487	-0.154845	0.410237	0.290979	-0.850329	-0.33961	-0.435666	-0.220747	-0.803823	-0.685016	-0.177202	-0.344743	-0.616851	-0.665586	-0.173384	0.683732	-0.243811	-0.438899	-0.56987	0.482786	-0.499533	-0.13746	-0.738188	0.154747	-0.642056	-0.407575	-0.618764	0.448797	-0.499595
-0.477586	-0.545409	0.464034	-0.509031	-0.423572	-0.540398	0.369679	-0.626014	-0.674687	0.166052	0.462092	-0.551086	-0.122162	0.418471	0.260475	-0.861459	-0.357305	-0.422949	-0.230009	-0.80034	-0.704488	-0.147187	-0.357788	-0.594996	-0.665655	-0.17274	0.684123	-0.24298	-0.438911	-0.569774	0.483154	-0.499277	-0.137773	-0.737959	0.155635	-0.642038	-0.407211	-0.618875	0.44887	-0.499688
-0.477807	-0.545427	0.466233	-0.50679	-0.426362	-0.537082	0.369938	-0.626821	-0.666804	0.183035	0.453879	-0.562018	-0.0922467	0.422307	0.237518	-0.869904	-0.373585	-0.412899	-0.237161	-0.796055	-0.721392	-0.119621	-0.370436	-0.572767	-0.66572	-0.172416	0.684275	-0.242607	-0.439074	-0.569525	0.483518	-0.499064	-0.13838	-0.737611	0.15666	-0.642059	-0.407164	-0.618807	0.449415	-0.499321
-0.477851	-0.545367	0.468206	-0.504991	-0.429053	-0.534021	0.370033	-0.627543	-0.660545	0.19741	0.446228	-0.570605	-0.0662933	0.423657	0.217495	-0.876821	-0.386178	-0.404887	-0.244825	-0.791829	-0.736683	-0.0958584	-0.382631	-0.549275	-0.66586	-0.1714	0.684794	-0.241473	-0.439336	-0.569185	0.48399	-0.498764	-0.139746	-0.73706	0.158407	-0.641967	-0.407083	-0.618731	0.45005	-0.498909
-0.477869	-0.545331	0.469169	-0.504119	-0.430358	-0.532402	0.370311	-0.627861	-0.657432	0.203641	0.443131	-0.574411	-0.0543905	0.423552	0.209567	-0.879618	-0.391905	-0.40165	-0.248061	-0.789654	-0.743587	-0.0855894	-0.389263	-0.536868	-0.665908	-0.171091	0.684902	-0.241253	-0.439565	-0.568943	0.484311	-0.498527	-0.140253	-0.736845	0.159057	-0.641942	-0.407147	-0.618668	0.450483	-0.498545
-0.478026	-0.545075	0.469985	-0.503485	-0.431634	-0.531037	0.370965	-0.627756	-0.654419	0.210026	0.440403	-0.577641	-0.0429673	0.422981	0.202682	-0.882134	-0.397222	-0.398874	-0.25036	-0.787677	-0.75008	-0.0753377	-0.395337	-0.524798	-0.666034	-0.170617	0.685064	-0.240783	-0.439565	-0.568943	0.484311	-0.498527	-0.140605	-0.736723	0.159557	-0.641881	-0.407185	-0.618613	0.450907	-0.498198
-0.478703	-0.544276	0.471279	-0.502497	-0.433946	-0.528833	0.371666	-0.627607	-0.649216	0.221198	0.435302	-0.583182	-0.0221182	0.422691	0.187844	-0.886317	-0.406186	-0.394357	-0.255284	-0.78379	-0.762265	-0.0553376	-0.406743	-0.500449	-0.666313	-0.169741	0.685325	-0.239886	-0.439879	-0.568602	0.484661	-0.498298	-0.141636	-0.73641	0.161054	-0.64164	-0.4073	-0.618476	0.451624	-0.497624
-0.478985	-0.543847	0.471833	-0.502173	-0.435222	-0.527628	0.372135	-0.62746	-0.646563	0.226731	0.433365	-0.585444	-0.0119946	0.422535	0.182238	-0.887755	-0.410098	-0.392108	-0.256244	-0.782566	-0.767526	-0.0452898	-0.412124	-0.488883	-0.666324	-0.169478	0.685468	-0.239629	-0.439978	-0.568505	0.484796	-0.498192	-0.142133	-0.736266	0.161868	-0.641489	-0.407396	-0.618426	0.452005	-0.497262
-0.479278	-0.543248	0.472958	-0.501483	-0.437581	-0.525242	0.372836	-0.627405	-0.641292	0.236472	0.431972	-0.58841	0.0033048	0.425137	0.172313	-0.888569	-0.417207	-0.388812	-0.259672	-0.779317	-0.77593	-0.0298411	-0.421276	-0.468581	-0.66651	-0.168621	0.685758	-0.238886	-0.440179	-0.568325	0.485109	-0.497913	-0.143365	-0.736091	0.163617	-0.640972	-0.408126	-0.617972	0.453168	-0.496168
-0.479297	-0.542909	0.473848	-0.500991	-0.439298	-0.52374	0.373406	-0.627122	-0.636485	0.245144	0.434146	-0.588479	0.0159892	0.42993	0.166101	-0.887308	-0.422581	-0.387708	-0.261719	-0.77628	-0.780912	-0.0216982	-0.429134	-0.453377	-0.666516	-0.168197	0.685939	-0.238649	-0.440241	-0.568272	0.485331	-0.497704	-0.144076	-0.735956	0.1648	-0.640666	-0.40858	-0.617717	0.453997	-0.495354
-0.479307	-0.542407	0.474064	-0.501322	-0.44059	-0.521621	0.374729	-0.627193	-0.631614	0.253313	0.436973	-0.588175	0.0249778	0.434242	0.161466	-0.885855	-0.427535	-0.387973	-0.262359	-0.773214	-0.782242	-0.0165426	-0.435475	-0.44518	-0.666317	-0.168005	0.686166	-0.238689	-0.43981	-0.568554	0.485511	-0.497586	-0.14436	-0.735842	0.165002	-0.64068	-0.408859	-0.61755	0.455118	-0.494301
-0.479505	-0.542099	0.474612	-0.500946	-0.441143	-0.521005	0.37524	-0.62701	-0.63049	0.255625	0.436495	-0.588737	0.0335775	0.434768	0.158392	-0.885868	-0.429446	-0.38959	-0.263387	-0.770989	-0.781554	-0.0177944	-0.43793	-0.44393	-0.66613	-0.168114	0.68617	-0.239119	-0.439303	-0.5689	0.485515	-0.497636	-0.144824	-0.735751	0.16589	-0.64045	-0.408964	-0.617447	0.45551	-0.493982
-0.478996	-0.542416	0.475443	-0.500302	-0.441635	-0.521062	0.375646	-0.626373	-0.629739	0.258098	0.435604	-0.589121	0.0387166	0.433599	0.156001	-0.886655	-0.428318	-0.391098	-0.263694	-0.770748	-0.780692	-0.0196055	-0.439447	-0.443872	-0.6656	-0.168208	0.686423	-0.239803	-0.437878	-0.569952	0.485091	-0.498101	-0.144647	-0.735566	0.165409	-0.640827	-0.408745	-0.61765	0.455711	-0.493724
-0.47839	-0.542824	0.476228	-0.499691	-0.442205	-0.521241	0.375715	-0.62578	-0.628889	0.260604	0.434926	-0.589427	0.0443236	0.432612	0.154187	-0.887191	-0.426829	-0.391821	-0.263241	-0.771361	-0.779553	-0.0193963	-0.441391	-0.443954	-0.664373	-0.169447	0.686634	-0.241723	-0.434878	-0.572141	0.483398	-0.499863	-0.144111	-0.735477	0.164787	-0.64121	-0.408219	-0.617899	0.455667	-0.493889
-0.477936	-0.543226	0.476259	-0.49966	-0.442202	-0.521715	0.375298	-0.625638	-0.628705	0.261508	0.434593	-0.589468	0.0460221	0.432321	0.152929	-0.887464	-0.422803	-0.394206	-0.263895	-0.772139	-0.77889	-0.0195703	-0.442255	-0.44425	-0.663885	-0.170229	0.686593	-0.242628	-0.43349	-0.572989	0.482478	-0.500983	-0.143909	-0.735335	0.164575	-0.641473	-0.407923	-0.617959	0.455691	-0.494036
-0.476305	-0.544608	0.475513	-0.500422	-0.441823	-0.523318	0.373166	-0.625842	-0.628978	0.260885	0.43301	-0.590617	0.0472749	0.429921	0.153055	-0.888542	-0.418184	-0.397446	-0.265791	-0.772343	-0.775909	-0.0222708	-0.444102	-0.447484	-0.664088	-0.171149	0.686439	-0.241861	-0.433609	-0.572501	0.482652	-0.501271	-0.142989	-0.735376	0.16331	-0.641955	-0.406717	-0.618252	0.455777	-0.494584
-0.475448	-0.545407	0.475503	-0.500377	-0.441536	-0.523811	0.372425	-0.626073	-0.628857	0.259352	0.432084	-0.592097	0.047006	0.429076	0.153413	-0.888903	-0.416776	-0.398027	-0.266296	-0.772631	-0.774021	-0.0228956	-0.445337	-0.449491	-0.664494	-0.171167	0.686239	-0.241299	-0.433859	-0.572044	0.483165	-0.501082	-0.142779	-0.735383	0.163027	-0.642065	-0.406237	-0.618319	0.456115	-0.494583
-0.474967	-0.54601	0.475655	-0.500032	-0.440663	-0.524953	0.371815	-0.626094	-0.628619	0.258561	0.431694	-0.592979	0.0484074	0.427694	0.153803	-0.889426	-0.414002	-0.398472	-0.26787	-0.773349	-0.772932	-0.0223906	-0.44605	-0.450682	-0.664737	-0.171156	0.68602	-0.24126	-0.433415	-0.572313	0.483381	-0.500951	-0.142714	-0.735447	0.163272	-0.641945	-0.406208	-0.618245	0.456258	-0.494567
-0.474313	-0.546684	0.4759	-0.499682	-0.440208	-0.52529	0.371415	-0.626369	-0.62795	0.25847	0.431955	-0.593538	0.0493314	0.427816	0.153841	-0.88931	-0.412893	-0.397703	-0.26798	-0.774299	-0.7728	-0.0211941	-0.44573	-0.451283	-0.66459	-0.171554	0.685987	-0.241477	-0.432812	-0.572885	0.48348	-0.500723	-0.141887	-0.735573	0.163263	-0.641986	-0.406081	-0.618428	0.455907	-0.494766
-0.473744	-0.547432	0.476708	-0.498633	-0.43983	-0.525608	0.371038	-0.626591	-0.627616	0.258446	0.431866	-0.593966	0.0498039	0.427894	0.153736	-0.889264	-0.412429	-0.396979	-0.267543	-0.775068	-0.773319	-0.0207876	-0.444164	-0.451955	-0.664287	-0.172135	0.685828	-0.242347	-0.431617	-0.574002	0.48354	-0.500417	-0.141496	-0.735582	0.163315	-0.642048	-0.406121	-0.618559	0.455784	-0.494683
-0.473921	-0.547542	0.477492	-0.497592	-0.439655	-0.525811	0.370842	-0.62666	-0.627673	0.258264	0.431823	-0.594017	0.0501016	0.428002	0.153823	-0.889181	-0.412093	-0.396065	-0.266501	-0.776073	-0.773305	-0.0207967	-0.443796	-0.452341	-0.664066	-0.17217	0.685788	-0.24304	-0.430103	-0.575255	0.483174	-0.500636	-0.139627	-0.735543	0.162852	-0.64262	-0.405574	-0.619363	0.454565	-0.495247
-0.474045	-0.548026	0.47917	-0.495323	-0.439549	-0.526155	0.370413	-0.626699	-0.628994	0.256984	0.43172	-0.593249	0.0483769	0.42715	0.154986	-0.889484	-0.411578	-0.395988	-0.266738	-0.776304	-0.773027	-0.0211603	-0.443968	-0.45263	-0.66376	-0.171524	0.68557	-0.24494	-0.424932	-0.579041	0.482068	-0.501751	-0.136176	-0.735103	0.161457	-0.644214	-0.404602	-0.620375	0.453066	-0.496148
-0.47314	-0.549051	0.480947	-0.493327	-0.439065	-0.527626	0.370977	-0.625467	-0.632584	0.253932	0.430641	-0.591527	0.0470059	0.426167	0.156162	-0.889823	-0.409908	-0.396125	-0.266712	-0.777126	-0.772186	-0.0211053	-0.444787	-0.453264	-0.662058	-0.170328	0.686796	-0.246939	-0.416496	-0.584013	0.481703	-0.503411	-0.134729	-0.734925	0.160345	-0.644999	-0.404953	-0.620204	0.453569	-0.495617
-0.472856	-0.5491	0.481162	-0.493336	-0.438688	-0.528357	0.371718	-0.624674	-0.63347	0.25299	0.429727	-0.591647	0.0451275	0.422055	0.158411	-0.891481	-0.407481	-0.396545	-0.266486	-0.778265	-0.771555	-0.021292	-0.445287	-0.453839	-0.661437	-0.170568	0.686895	-0.248159	-0.414182	-0.585115	0.482006	-0.50375	-0.134094	-0.732725	0.158452	-0.648094	-0.403111	-0.620306	0.455013	-0.495667
-0.471044	-0.54932	0.481558	-0.494436	-0.437058	-0.53063	0.372135	-0.62364	-0.634402	0.251427	0.427569	-0.592877	0.0446373	0.419653	0.158785	-0.892573	-0.404595	-0.397824	-0.266349	-0.779164	-0.769663	-0.0226251	-0.445818	-0.456457	-0.658584	-0.170773	0.688726	-0.25052	-0.405856	-0.588363	0.482879	-0.505902	-0.133035	-0.730603	0.157176	-0.651012	-0.399586	-0.620188	0.456834	-0.496992
-0.470192	-0.549429	0.481518	-0.495164	-0.435727	-0.531955	0.371689	-0.62371	-0.63434	0.251046	0.426999	-0.593516	0.0451021	0.418924	0.158737	-0.8929	-0.40358	-0.398386	-0.266331	-0.77941	-0.76852	-0.0235249	-0.446144	-0.458016	-0.657045	-0.17158	0.68948	-0.251932	-0.39796	-0.591514	0.482749	-0.508618	-0.132634	-0.729396	0.156272	-0.652663	-0.39791	-0.620224	0.457753	-0.497445
-0.468674	-0.549719	0.481164	-0.496622	-0.434979	-0.532657	0.371582	-0.623696	-0.634104	0.250786	0.426669	-0.594114	0.0460682	0.418239	0.158835	-0.893155	-0.401903	-0.398994	-0.26566	-0.780194	-0.76852	-0.0235249	-0.446144	-0.458016	-0.652825	-0.174683	0.690927	-0.256758	-0.393354	-0.593299	0.482715	-0.510152	-0.131477	-0.726385	0.153566	-0.656883	-0.392972	-0.621104	0.45962	-0.49855
-0.467976	-0.549628	0.480352	-0.498166	-0.433442	-0.534122	0.371517	-0.623552	-0.633151	0.249546	0.426818	-0.595544	0.0473058	0.417885	0.159418	-0.893152	-0.400257	-0.399221	-0.264946	-0.781166	-0.767518	-0.0241664	-0.445449	-0.460333	-0.648119	-0.17662	0.693149	-0.261327	-0.383291	-0.597003	0.48282	-0.513382	-0.128472	-0.724752	0.14673	-0.660833	-0.386423	-0.622957	0.463218	-0.498027
-0.467157	-0.549785	0.478894	-0.500161	-0.431531	-0.535738	0.37129	-0.623626	-0.631703	0.247261	0.428391	-0.596904	0.0486732	0.417619	0.161254	-0.892873	-0.397908	-0.399168	-0.264778	-0.782449	-0.766695	-0.0240626	-0.44445	-0.46267	-0.643103	-0.177774	0.696238	-0.264703	-0.368163	-0.600756	0.482549	-0.520283	-0.128279	-0.720157	0.13789	-0.667761	-0.377278	-0.62677	0.469246	-0.494599
-0.465933	-0.549964	0.47675	-0.503146	-0.430877	-0.536438	0.371322	-0.623458	-0.631124	0.246302	0.428733	-0.597667	0.0505521	0.417087	0.162856	-0.892727	-0.39536	-0.398664	-0.264927	-0.783946	-0.766299	-0.0236152	-0.444329	-0.463465	-0.638144	-0.179192	0.699562	-0.266974	-0.362044	-0.602563	0.481169	-0.523755	-0.133519	-0.711639	0.124723	-0.678371	-0.363713	-0.634906	0.478332	-0.485599
-0.464997	-0.55015	0.473285	-0.507064	-0.429399	-0.537994	0.371392	-0.623094	-0.630494	0.245375	0.428774	-0.598683	0.051419	0.416795	0.16326	-0.892739	-0.393192	-0.398751	-0.265404	-0.784831	-0.765919	-0.0230154	-0.444341	-0.464111	-0.63448	-0.179042	0.703118	-0.266466	-0.357072	-0.603309	0.480957	-0.526496	-0.139127	-0.705446	0.115757	-0.685267	-0.35099	-0.644726	0.493517	-0.46645
-0.46418	-0.550502	0.472051	-0.508579	-0.427519	-0.539738	0.371844	-0.62261	-0.629567	0.243955	0.429541	-0.599688	0.0530891	0.416452	0.164635	-0.89255	-0.392191	-0.399366	-0.26538	-0.785026	-0.764806	-0.0237899	-0.445252	-0.465034	-0.632967	-0.178569	0.705317	-0.264563	-0.345929	-0.603941	0.481082	-0.533056	-0.154991	-0.691349	0.0933653	-0.699498	-0.346832	-0.64886	0.503127	-0.453378
-0.46045	-0.551213	0.470453	-0.512663	-0.425458	-0.539944	0.373495	-0.622854	-0.628924	0.241246	0.431819	-0.599822	0.05428	0.416855	0.170073	-0.891269	-0.389004	-0.401776	-0.262554	-0.786331	-0.764929	-0.0261258	-0.444098	-0.46581	-0.630556	-0.178589	0.70885	-0.260837	-0.340706	-0.604458	0.480697	-0.536172	-0.184512	-0.678621	0.0539708	-0.708883	-0.340851	-0.655219	0.523632	-0.42464
-0.460592	-0.549954	0.471685	-0.512756	-0.42313	-0.53988	0.37559	-0.623236	-0.628211	0.2387	0.434689	-0.599516	0.0545425	0.417169	0.172004	-0.890736	-0.389004	-0.401776	-0.262554	-0.786331	-0.765778	-0.0287956	-0.440834	-0.467354	-0.628729	-0.179081	0.711717	-0.257079	-0.339009	-0.603968	0.481957	-0.536669	-0.193731	-0.675715	0.0424876	-0.70998	-0.338209	-0.659229	0.530788	-0.411456
-0.461225	-0.545964	0.474775	-0.513598	-0.42226	-0.539474	0.376681	-0.623519	-0.626846	0.235681	0.437596	-0.600024	0.0556535	0.417529	0.176166	-0.889684	-0.386155	-0.401196	-0.258673	-0.789313	-0.766281	-0.0293624	-0.438799	-0.468408	-0.628777	-0.177519	0.714858	-0.249208	-0.339039	-0.60343	0.482918	-0.536391	-0.214335	-0.66732	0.0308674	-0.712595	-0.349056	-0.654778	0.523351	-0.418962
-0.459919	-0.543029	0.476994	-0.51582	-0.421364	-0.538253	0.378221	-0.624247	-0.625557	0.233935	0.439105	-0.600949	0.057797	0.417227	0.178126	-0.889299	-0.383978	-0.398755	-0.258212	-0.791759	-0.767393	-0.0288916	-0.435344	-0.469839	-0.628755	-0.178794	0.71653	-0.243486	-0.337976	-0.603547	0.48384	-0.536099	-0.231057	-0.661447	0.0207901	-0.713209	-0.36902	-0.640237	0.509264	-0.441101
-0.458985	-0.54208	0.477681	-0.517013	-0.420901	-0.538096	0.378751	-0.624374	-0.625172	0.233354	0.439241	-0.601476	0.0586819	0.416723	0.178538	-0.889394	-0.383329	-0.397423	-0.258022	-0.792804	-0.767681	-0.02792	-0.434287	-0.470406	-0.628309	-0.18117	0.716786	-0.242122	-0.336626	-0.604289	0.48366	-0.536274	-0.242957	-0.65709	0.0206313	-0.713287	-0.381876	-0.629136	0.501455	-0.454865
-0.459132	-0.539586	0.479476	-0.517829	-0.420328	-0.537725	0.379506	-0.624621	-0.624649	0.232685	0.439164	-0.602334	0.0599447	0.415867	0.178924	-0.889633	-0.382197	-0.395329	-0.258727	-0.794167	-0.767343	-0.0254966	-0.433676	-0.471656	-0.628063	-0.184922	0.717381	-0.238128	-0.334036	-0.606249	0.483813	-0.535544	-0.271886	-0.646305	0.0280492	-0.712448	-0.411035	-0.599047	0.486848	-0.484946
-0.459662	-0.538115	0.4804	-0.518033	-0.420291	-0.537251	0.379987	-0.624762	-0.624472	0.232163	0.439082	-0.602779	0.0602719	0.415567	0.179098	-0.889717	-0.381396	-0.394584	-0.259627	-0.794629	-0.767029	-0.0244146	-0.433752	-0.472154	-0.628398	-0.185921	0.717752	-0.235334	-0.333299	-0.607	0.484865	-0.534198	-0.283892	-0.642242	0.0316452	-0.711287	-0.426228	-0.580547	0.480099	-0.500798
-0.460352	-0.536491	0.480986	-0.518562	-0.420312	-0.536596	0.381171	-0.624589	-0.624273	0.231724	0.439031	-0.603191	0.0604993	0.415339	0.179376	-0.889751	-0.380689	-0.393916	-0.26036	-0.795059	-0.7664	-0.0225229	-0.434389	-0.472684	-0.629354	-0.186083	0.718048	-0.231721	-0.331963	-0.608902	0.487827	-0.530155	-0.294228	-0.638501	0.0346533	-0.710313	-0.440092	-0.561592	0.47319	-0.516744
-0.462767	-0.532778	0.482183	-0.519128	-0.420729	-0.535854	0.381994	-0.624442	-0.623979	0.231582	0.439302	-0.603352	0.0601425	0.415653	0.179328	-0.889639	-0.379724	-0.392698	-0.261475	-0.795757	-0.766198	-0.0216208	-0.434664	-0.472801	-0.631529	-0.186223	0.718499	-0.224169	-0.33101	-0.610239	0.489527	-0.52764	-0.309057	-0.632925	0.0377339	-0.708848	-0.462899	-0.525305	0.461995	-0.544371
-0.467809	-0.527595	0.482276	-0.519816	-0.421885	-0.534158	0.383424	-0.624239	-0.624255	0.232359	0.439398	-0.602698	0.0590291	0.416524	0.178538	-0.889465	-0.379276	-0.39133	-0.262902	-0.796174	-0.766501	-0.020018	-0.434243	-0.472768	-0.633229	-0.187557	0.718907	-0.216833	-0.328393	-0.613747	0.493251	-0.521704	-0.319847	-0.628573	0.0398547	-0.707818	-0.482313	-0.493308	0.459317	-0.559508
-0.474296	-0.522297	0.482582	-0.519002	-0.424583	-0.53113	0.384186	-0.624525	-0.625075	0.234814	0.439495	-0.600822	0.0579455	0.418015	0.176691	-0.889205	-0.380433	-0.389178	-0.263749	-0.796397	-0.767497	-0.0183871	-0.433091	-0.472273	-0.636282	-0.18821	0.718799	-0.207485	-0.326276	-0.617536	0.498088	-0.513907	-0.330539	-0.624848	0.0458639	-0.705836	-0.49563	-0.470749	0.455831	-0.570057
-0.481283	-0.51791	0.484339	-0.515316	-0.428323	-0.527421	0.385636	-0.62422	-0.626393	0.237587	0.43866	-0.598967	0.0553348	0.41959	0.173757	-0.889208	-0.382511	-0.386093	-0.264573	-0.79663	-0.769812	-0.0164058	-0.430692	-0.470771	-0.640366	-0.188339	0.718513	-0.195446	-0.325929	-0.620816	0.504897	-0.503425	-0.335289	-0.623476	0.0569255	-0.704002	-0.503782	-0.45752	0.446169	-0.581216
-0.483252	-0.517229	0.483093	-0.515328	-0.430864	-0.525202	0.386223	-0.623979	-0.627434	0.239085	0.437835	-0.597884	0.0535052	0.420111	0.172009	-0.889414	-0.383939	-0.384454	-0.264824	-0.796652	-0.771204	-0.0151821	-0.429596	-0.469533	-0.642294	-0.189151	0.718045	-0.18998	-0.324403	-0.625241	0.512598	-0.490999	-0.334657	-0.624678	0.0603951	-0.702947	-0.507095	-0.452841	0.443035	-0.584388
-0.484926	-0.519222	0.484174	-0.510716	-0.435691	-0.522352	0.385792	-0.623287	-0.630917	0.243057	0.435483	-0.594325	0.0496376	0.420473	0.168106	-0.890213	-0.387814	-0.382549	-0.26494	-0.795653	-0.773937	-0.0130223	-0.428538	-0.466054	-0.646098	-0.191489	0.716311	-0.181072	-0.323217	-0.627993	0.5165	-0.484131	-0.33396	-0.627232	0.0676972	-0.700335	-0.51407	-0.446143	0.442079	-0.584171
-0.489332	-0.519986	0.486436	-0.503536	-0.438712	-0.522548	0.386928	-0.620292	-0.634619	0.244866	0.433744	-0.590902	0.0452401	0.420562	0.166002	-0.8908	-0.391827	-0.383338	-0.263798	-0.793684	-0.775726	-0.0124255	-0.429628	-0.462077	-0.649212	-0.198838	0.713211	-0.17412	-0.320784	-0.634257	0.523456	-0.469905	-0.334057	-0.632496	0.0780984	-0.694446	-0.520107	-0.442127	0.450928	-0.575045
-0.492454	-0.521512	0.490504	-0.494894	-0.442743	-0.520664	0.388249	-0.618183	-0.636597	0.247009	0.431221	-0.589729	0.0405461	0.421053	0.16263	-0.891416	-0.394523	-0.385109	-0.264127	-0.791378	-0.777613	-0.0132338	-0.431363	-0.45724	-0.657042	-0.203091	0.707502	-0.162759	-0.32457	-0.637996	0.538497	-0.444563	-0.32811	-0.645699	0.0896898	-0.683646	-0.523377	-0.445743	0.466595	-0.556488
-0.496052	-0.520202	0.512997	-0.469209	-0.44763	-0.51545	0.393494	-0.615711	-0.637499	0.249929	0.435215	-0.584567	0.0382115	0.424998	0.162697	-0.889633	-0.39512	-0.393744	-0.26252	-0.787356	-0.779665	-0.0229772	-0.434124	-0.450701	-0.674019	-0.197831	0.69656	-0.146167	-0.330841	-0.638801	0.568785	-0.398699	-0.31399	-0.655281	0.0647861	-0.683974	-0.517409	-0.46866	0.469077	-0.540936
-0.496934	-0.516338	0.524068	-0.460222	-0.443462	-0.520147	0.398781	-0.611361	-0.634834	0.240062	0.444208	-0.584838	0.0401376	0.426305	0.175627	-0.886458	-0.396475	-0.397083	-0.255305	-0.78737	-0.776876	-0.0309322	-0.432031	-0.457007	-0.686504	-0.190076	0.690482	-0.125768	-0.344821	-0.63369	0.58257	-0.374362	-0.317205	-0.659889	0.0757637	-0.676896	-0.50586	-0.491352	0.477117	-0.524441
-0.495892	-0.514065	0.532933	-0.453663	-0.440866	-0.520808	0.405261	-0.608407	-0.633503	0.234286	0.448158	-0.58561	0.0391614	0.427039	0.181431	-0.884978	-0.397029	-0.397666	-0.248914	-0.788842	-0.775884	-0.0371661	-0.428488	-0.461543	-0.696606	-0.183175	0.685506	-0.106152	-0.361758	-0.62633	0.591418	-0.356463	-0.331552	-0.652139	0.0999027	-0.674394	-0.50915	-0.492163	0.493644	-0.504834
-0.488108	-0.519589	0.539728	-0.44774	-0.441866	-0.521009	0.410245	-0.604155	-0.634999	0.23174	0.448861	-0.584462	0.0374556	0.426648	0.183203	-0.884876	-0.400635	-0.394397	-0.242554	-0.790639	-0.77732	-0.0367224	-0.424972	-0.462411	-0.70047	-0.187757	0.681616	-0.097411	-0.370685	-0.626628	0.589737	-0.349487	-0.336898	-0.651679	0.107753	-0.670972	-0.508589	-0.496516	0.495382	-0.499405
-0.481194	-0.526869	0.541662	-0.444368	-0.441711	-0.524362	0.414074	-0.598731	-0.638217	0.230665	0.448648	-0.581539	0.034266	0.426239	0.183835	-0.885071	-0.402334	-0.393714	-0.240087	-0.79087	-0.778167	-0.0372452	-0.423749	-0.462067	-0.702331	-0.192175	0.679446	-0.0902923	-0.379089	-0.626276	0.587573	-0.344715	-0.335758	-0.654185	0.107316	-0.669172	-0.508675	-0.497975	0.495151	-0.498093
-0.476652	-0.531148	0.544188	-0.441071	-0.44251	-0.525814	0.416241	-0.595356	-0.640591	0.229788	0.448628	-0.579287	0.0313293	0.426011	0.184783	-0.885092	-0.406045	-0.395445	-0.234457	-0.789798	-0.778248	-0.0390125	-0.423572	-0.461947	-0.702135	-0.19664	0.678935	-0.0859434	-0.384831	-0.625188	0.58577	-0.343393	-0.338464	-0.652105	0.119939	-0.667695	-0.510601	-0.495379	0.497456	-0.496411
-0.472579	-0.533722	0.546232	-0.439819	-0.442721	-0.527489	0.416449	-0.593568	-0.64134	0.228819	0.448396	-0.579022	0.0307822	0.425372	0.184984	-0.885377	-0.405148	-0.397435	-0.233453	-0.789557	-0.77829	-0.0404877	-0.423787	-0.461552	-0.702181	-0.197479	0.679287	-0.0806982	-0.390357	-0.622447	0.585237	-0.343043	-0.340605	-0.649733	0.126312	-0.667743	-0.512409	-0.492091	0.499778	-0.495484
-0.469678	-0.534814	0.545711	-0.442239	-0.442243	-0.529626	0.417322	-0.591404	-0.641325	0.227255	0.447714	-0.580181	0.0311199	0.424679	0.185181	-0.885656	-0.403989	-0.398755	-0.232826	-0.789671	-0.777522	-0.0416129	-0.425484	-0.461185	-0.701755	-0.197919	0.679926	-0.077906	-0.392817	-0.620677	0.584473	-0.34474	-0.341016	-0.648642	0.128502	-0.668176	-0.513022	-0.489801	0.500777	-0.49611
-0.46879	-0.534748	0.54514	-0.443963	-0.441687	-0.530725	0.417063	-0.591018	-0.640959	0.226971	0.447224	-0.581073	0.0323604	0.423448	0.184982	-0.886243	-0.400305	-0.401316	-0.233081	-0.790174	-0.777033	-0.0419307	-0.426267	-0.461257	-0.700964	-0.198927	0.680427	-0.0780822	-0.393164	-0.62019	0.583984	-0.346047	-0.341311	-0.648002	0.129748	-0.668405	-0.512884	-0.48898	0.500625	-0.497215
-0.466991	-0.535056	0.542327	-0.448906	-0.441063	-0.531488	0.416082	-0.59149	-0.639831	0.227418	0.446158	-0.582959	0.0337038	0.423178	0.183436	-0.886643	-0.398301	-0.402185	-0.233563	-0.790602	-0.776013	-0.0423847	-0.427036	-0.462221	-0.69913	-0.201347	0.6815	-0.0789581	-0.392302	-0.620478	0.582059	-0.349733	-0.341393	-0.647292	0.129852	-0.669031	-0.512321	-0.488614	0.49975	-0.499032
-0.466189	-0.534832	0.538825	-0.454191	-0.440287	-0.531384	0.414656	-0.593161	-0.638871	0.228472	0.445498	-0.584102	0.0354204	0.42305	0.181981	-0.886937	-0.393779	-0.403157	-0.235741	-0.791725	-0.77508	-0.0423894	-0.427235	-0.463599	-0.697087	-0.204251	0.682338	-0.0822542	-0.390505	-0.620829	0.58115	-0.352623	-0.338426	-0.648138	0.126793	-0.670305	-0.509044	-0.489016	0.495009	-0.50666
-0.466844	-0.5336	0.534811	-0.45968	-0.439797	-0.530857	0.413329	-0.594919	-0.637788	0.229955	0.445012	-0.585074	0.0369664	0.423367	0.180212	-0.887084	-0.392721	-0.402812	-0.236799	-0.792111	-0.774529	-0.041086	-0.427279	-0.464596	-0.695481	-0.205164	0.683377	-0.0849106	-0.387619	-0.621838	0.580312	-0.355398	-0.337459	-0.648191	0.124736	-0.671127	-0.507675	-0.488745	0.49377	-0.509495
-0.469219	-0.531382	0.530536	-0.464757	-0.439547	-0.529273	0.411725	-0.597621	-0.63598	0.232632	0.444652	-0.586256	0.0385062	0.424717	0.177141	-0.886992	-0.389602	-0.400409	-0.240996	-0.793602	-0.774317	-0.03755	-0.427742	-0.464823	-0.694024	-0.205927	0.684281	-0.087659	-0.385248	-0.622272	0.58003	-0.357667	-0.337789	-0.647007	0.12221	-0.672567	-0.505874	-0.488525	0.493781	-0.511483
-0.470378	-0.530393	0.529853	-0.465493	-0.440081	-0.527413	0.411336	-0.599138	-0.634794	0.234771	0.44481	-0.58657	0.0389746	0.425342	0.176178	-0.886863	-0.389343	-0.399737	-0.241803	-0.793822	-0.774517	-0.035478	-0.427959	-0.464452	-0.693402	-0.205061	0.685123	-0.0880338	-0.38469	-0.621649	0.580878	-0.357977	-0.337556	-0.646536	0.121618	-0.673243	-0.504845	-0.489047	0.493109	-0.512648
-0.4726	-0.528214	0.528762	-0.466958	-0.440617	-0.52631	0.41119	-0.599814	-0.634245	0.235856	0.444929	-0.586637	0.0400322	0.426816	0.174188	-0.886501	-0.389289	-0.398234	-0.243338	-0.794135	-0.774813	-0.0345514	-0.427913	-0.46407	-0.693255	-0.204672	0.685363	-0.0882295	-0.384344	-0.621592	0.581142	-0.358019	-0.337085	-0.646303	0.121394	-0.673743	-0.5028	-0.490232	0.492039	-0.51455
-0.474657	-0.525894	0.527852	-0.468518	-0.441805	-0.524387	0.411197	-0.600619	-0.633643	0.237975	0.444805	-0.586526	0.0402514	0.428188	0.172141	-0.886229	-0.390191	-0.396989	-0.244462	-0.79397	-0.775558	-0.0327104	-0.428005	-0.462873	-0.693475	-0.203446	0.685531	-0.0880252	-0.383762	-0.621574	0.581627	-0.357886	-0.337807	-0.646175	0.122397	-0.673323	-0.502053	-0.490601	0.493074	-0.513936
-0.477493	-0.52315	0.527043	-0.469617	-0.443047	-0.522719	0.410974	-0.601311	-0.633709	0.239891	0.44428	-0.586073	0.0394329	0.429251	0.170074	-0.886151	-0.39191	-0.396563	-0.245217	-0.793103	-0.776256	-0.0315432	-0.428693	-0.461144	-0.694105	-0.202191	0.685317	-0.0876265	-0.384028	-0.621259	0.582544	-0.356654	-0.33939	-0.645671	0.122479	-0.672996	-0.502138	-0.490713	0.495457	-0.511449
-0.480458	-0.520335	0.52642	-0.470418	-0.444517	-0.520976	0.410359	-0.602158	-0.634026	0.241931	0.443723	-0.585312	0.0383533	0.430088	0.168105	-0.886168	-0.393811	-0.3965	-0.246257	-0.79187	-0.777103	-0.0307845	-0.429541	-0.458976	-0.694787	-0.200739	0.68518	-0.0866194	-0.384412	-0.620891	0.583555	-0.355225	-0.340962	-0.644326	0.12236	-0.673511	-0.501102	-0.492237	0.496765	-0.509729
-0.481365	-0.519151	0.526379	-0.470846	-0.446099	-0.519503	0.410086	-0.602446	-0.634239	0.243467	0.443577	-0.584555	0.037668	0.431175	0.166436	-0.885985	-0.395532	-0.396305	-0.246645	-0.790988	-0.777919	-0.0300438	-0.430174	-0.457044	-0.694938	-0.200555	0.685216	-0.0855508	-0.385004	-0.620608	0.584222	-0.353981	-0.342738	-0.642674	0.122202	-0.674216	-0.499537	-0.494409	0.497493	-0.508452
-0.48177	-0.518799	0.526668	-0.470496	-0.446904	-0.518554	0.409834	-0.602839	-0.634285	0.244255	0.443394	-0.584314	0.037311	0.431559	0.16569	-0.885952	-0.396208	-0.396345	-0.247057	-0.790501	-0.778209	-0.02995	-0.430519	-0.456232	-0.695067	-0.200603	0.685177	-0.0846981	-0.385461	-0.620402	0.584345	-0.353641	-0.343792	-0.641966	0.122018	-0.674387	-0.49862	-0.495683	0.497833	-0.507778
-0.482425	-0.518536	0.52803	-0.468584	-0.448042	-0.517928	0.409574	-0.602709	-0.634816	0.245735	0.44238	-0.583886	0.0369897	0.431656	0.163755	-0.886278	-0.397454	-0.396552	-0.247336	-0.789685	-0.778751	-0.0294661	-0.431397	-0.454505	-0.694865	-0.201424	0.685406	-0.0825245	-0.38708	-0.619719	0.584668	-0.352535	-0.347661	-0.639657	0.122439	-0.674521	-0.497296	-0.49801	0.500055	-0.504606
-0.482797	-0.518368	0.528278	-0.468107	-0.448129	-0.518288	0.410299	-0.601841	-0.635095	0.245806	0.442097	-0.583767	0.0366281	0.431702	0.163522	-0.886314	-0.397434	-0.396627	-0.247219	-0.789693	-0.778766	-0.0297165	-0.431628	-0.454244	-0.694927	-0.201392	0.685441	-0.0817866	-0.389109	-0.618494	0.585411	-0.351216	-0.348668	-0.639149	0.122604	-0.674454	-0.497587	-0.498006	0.501592	-0.502794
-0.482834	-0.518782	0.528911	-0.466893	-0.448318	-0.518282	0.410595	-0.601503	-0.635305	0.24551	0.442011	-0.583728	0.0360409	0.431503	0.163683	-0.886405	-0.397244	-0.397207	-0.247201	-0.789504	-0.778493	-0.0301382	-0.432052	-0.454281	-0.695237	-0.201361	0.685342	-0.0800343	-0.389745	-0.618269	0.585393	-0.350937	-0.350119	-0.639347	0.123343	-0.673378	-0.498176	-0.498013	0.503887	-0.499901
-0.482033	-0.519943	0.529709	-0.465524	-0.447873	-0.519388	0.411493	-0.600267	-0.635638	0.244335	0.442447	-0.583528	0.0352401	0.431426	0.164589	-0.886307	-0.39603	-0.398287	-0.246584	-0.789762	-0.777646	-0.0310316	-0.432856	-0.454906	-0.695383	-0.201977	0.685089	-0.0793789	-0.390484	-0.61807	0.58526	-0.350689	-0.350198	-0.639173	0.123944	-0.673392	-0.497236	-0.499365	0.502896	-0.500486
-0.481466	-0.520458	0.52967	-0.465578	-0.44733	-0.520086	0.411082	-0.600349	-0.635513	0.24348	0.442862	-0.583707	0.035296	0.431427	0.165005	-0.886227	-0.395541	-0.398556	-0.246533	-0.789887	-0.776985	-0.0317786	-0.432921	-0.45592	-0.695228	-0.202552	0.685092	-0.0792465	-0.390531	-0.618373	0.584743	-0.350964	-0.349857	-0.63935	0.124096	-0.673374	-0.496774	-0.499942	0.501929	-0.501339
-0.480053	-0.521782	0.529732	-0.465486	-0.447033	-0.520388	0.410639	-0.600611	-0.635289	0.243144	0.442975	-0.584005	0.0357984	0.431249	0.165744	-0.886156	-0.394382	-0.399	-0.246779	-0.790166	-0.776585	-0.0320418	-0.432954	-0.456552	-0.694997	-0.203621	0.684999	-0.079338	-0.390411	-0.618547	0.584583	-0.351058	-0.348546	-0.640419	0.123996	-0.673056	-0.496288	-0.500647	0.500347	-0.502697
-0.47823	-0.52308	0.529416	-0.466265	-0.446196	-0.521124	0.409104	-0.601642	-0.634037	0.242869	0.442753	-0.585646	0.0378098	0.430745	0.165646	-0.886335	-0.392767	-0.398456	-0.247781	-0.790931	-0.775758	-0.0313295	-0.432835	-0.458117	-0.694235	-0.205197	0.68516	-0.0805476	-0.388712	-0.619622	0.584299	-0.351519	-0.347113	-0.641658	0.124787	-0.67247	-0.496788	-0.500525	0.499616	-0.503051
-0.477291	-0.52369	0.529023	-0.466988	-0.445376	-0.52188	0.407569	-0.602636	-0.633577	0.242732	0.442654	-0.586275	0.0386632	0.430438	0.165649	-0.886447	-0.392186	-0.39814	-0.248461	-0.791165	-0.774985	-0.0296419	-0.433349	-0.459052	-0.693831	-0.206099	0.68521	-0.0812937	-0.386934	-0.620912	0.58361	-0.352349	-0.346617	-0.642096	0.124457	-0.672369	-0.497329	-0.500098	0.500067	-0.502492
-0.475558	-0.524971	0.52785	-0.468642	-0.444764	-0.522325	0.406925	-0.603137	-0.633052	0.242561	0.442647	-0.586918	0.0402638	0.42978	0.165886	-0.886651	-0.390685	-0.397655	-0.249638	-0.791781	-0.774985	-0.0296419	-0.433349	-0.459052	-0.693117	-0.208331	0.68504	-0.0831135	-0.386934	-0.620912	0.58361	-0.352349	-0.34618	-0.642614	0.123638	-0.67225	-0.498428	-0.499145	0.501382	-0.501039
-0.474373	-0.526087	0.526857	-0.469707	-0.443391	-0.523115	0.40606	-0.604045	-0.631474	0.241283	0.443077	-0.588818	0.0420094	0.429163	0.166992	-0.886661	-0.388846	-0.39719	-0.250434	-0.792668	-0.773653	-0.0280666	-0.433621	-0.461137	-0.692389	-0.209714	0.685188	-0.084468	-0.384753	-0.622523	0.582618	-0.353533	-0.345631	-0.642989	0.122355	-0.672409	-0.499538	-0.497998	0.502703	-0.499749
-0.473397	-0.526904	0.526224	-0.470485	-0.442099	-0.523592	0.40584	-0.604726	-0.630423	0.239937	0.444744	-0.589236	0.0433374	0.429539	0.169091	-0.886017	-0.386606	-0.396424	-0.250711	-0.794058	-0.773004	-0.0275894	-0.432874	-0.46295	-0.691559	-0.211237	0.685444	-0.0853929	-0.38405	-0.622959	0.582024	-0.354508	-0.346291	-0.642166	0.12192	-0.672934	-0.499435	-0.497957	0.502552	-0.500045
-0.472471	-0.52751	0.525993	-0.470994	-0.440931	-0.524131	0.405581	-0.605285	-0.629527	0.238757	0.446499	-0.589347	0.0442931	0.430246	0.170995	-0.885261	-0.385713	-0.396026	-0.25084	-0.794649	-0.772473	-0.0274081	-0.43205	-0.464615	-0.691018	-0.212347	0.68559	-0.0858445	-0.383679	-0.623327	0.581342	-0.355382	-0.347922	-0.640453	0.12201	-0.673709	-0.498957	-0.498339	0.501696	-0.501
-0.472101	-0.527676	0.52617	-0.470981	-0.440591	-0.524233	0.405529	-0.60548	-0.629263	0.238505	0.447138	-0.589246	0.0445637	0.430511	0.171576	-0.885006	-0.384335	-0.395595	-0.251078	-0.795457	-0.772311	-0.0273591	-0.431859	-0.465065	-0.69081	-0.212467	0.685759	-0.0858688	-0.38343	-0.623318	0.58119	-0.355913	-0.347525	-0.64067	0.121447	-0.673809	-0.498559	-0.498697	0.500868	-0.501869
