FULLBODY	1																																						
Frames:	121																																						
-0.396084	-0.624295	0.405195	-0.537765	-0.398177	-0.578018	0.378503	-0.603395	-0.713886	-0.195967	0.589952	-0.322367	-0.675636	-0.0689367	0.662336	-0.316345	-0.0649745	-0.647563	-0.005186	-0.759219	-0.134588	-0.643163	-0.0518894	-0.752021	-0.680191	-0.18539	0.672622	-0.224834	-0.433584	-0.589444	0.480968	-0.48294	-0.123766	-0.735012	0.160016	-0.647174	-0.371876	-0.626916	0.447421	-0.518169
-0.409955	-0.605389	0.404914	-0.549078	-0.398879	-0.57639	0.386335	-0.599513	-0.712325	-0.20605	0.595013	-0.309992	-0.677045	-0.0863147	0.667481	-0.297706	-0.0628798	-0.652632	0.0110689	-0.75498	-0.144569	-0.65411	-0.0391714	-0.741422	-0.690966	-0.160951	0.675062	-0.202365	-0.460315	-0.569737	0.499242	-0.46289	-0.124433	-0.735206	0.166747	-0.645124	-0.361993	-0.633603	0.438135	-0.524925
-0.410013	-0.605374	0.404949	-0.549025	-0.398549	-0.577229	0.387292	-0.598306	-0.712327	-0.207165	0.59486	-0.309539	-0.677086	-0.0869732	0.667428	-0.29754	-0.0623355	-0.652759	0.0119592	-0.754902	-0.143159	-0.655192	-0.0373491	-0.740833	-0.690797	-0.160929	0.675215	-0.20245	-0.460357	-0.569576	0.499222	-0.463069	-0.124602	-0.735111	0.16662	-0.645232	-0.362539	-0.633148	0.438491	-0.524799
-0.409823	-0.605784	0.405296	-0.548458	-0.398518	-0.577466	0.387695	-0.597836	-0.712334	-0.207477	0.594955	-0.309131	-0.67721	-0.0876979	0.667538	-0.296796	-0.0612372	-0.653082	0.0135736	-0.754685	-0.142255	-0.655777	-0.0363524	-0.74054	-0.690844	-0.160767	0.675246	-0.202315	-0.460338	-0.569566	0.499093	-0.463237	-0.124563	-0.735042	0.16618	-0.645431	-0.363959	-0.632069	0.439504	-0.524269
-0.409644	-0.606222	0.405774	-0.547754	-0.398585	-0.577856	0.388485	-0.596901	-0.712426	-0.207709	0.595358	-0.307986	-0.67723	-0.0877725	0.667945	-0.295812	-0.0609161	-0.653418	0.0151024	-0.754391	-0.140652	-0.65668	-0.034024	-0.740156	-0.690932	-0.160578	0.675262	-0.20211	-0.460319	-0.56952	0.498812	-0.463615	-0.125349	-0.734836	0.16586	-0.645596	-0.365622	-0.630988	0.441525	-0.522715
-0.410054	-0.606219	0.406829	-0.546667	-0.39923	-0.577915	0.389852	-0.595521	-0.712444	-0.207937	0.595499	-0.307517	-0.676977	-0.0882629	0.668388	-0.295244	-0.0608088	-0.65379	0.0163045	-0.754052	-0.139119	-0.657802	-0.0313227	-0.739569	-0.69099	-0.159762	0.675592	-0.201455	-0.460555	-0.569208	0.499013	-0.46355	-0.126589	-0.734497	0.167204	-0.645392	-0.366391	-0.630548	0.442858	-0.521578
-0.41037	-0.606123	0.407776	-0.54583	-0.399669	-0.577675	0.390182	-0.595244	-0.712374	-0.208203	0.596084	-0.306364	-0.676992	-0.0882421	0.668788	-0.29431	-0.0613838	-0.654005	0.0172137	-0.753799	-0.139118	-0.657945	-0.0305771	-0.739473	-0.691149	-0.158893	0.675857	-0.200707	-0.460609	-0.569098	0.499109	-0.463526	-0.127003	-0.734295	0.168461	-0.645215	-0.366206	-0.630741	0.44308	-0.521286
-0.410794	-0.605945	0.408474	-0.545186	-0.400793	-0.576838	0.39084	-0.594867	-0.712799	-0.207047	0.596697	-0.304963	-0.676963	-0.0867653	0.669587	-0.292995	-0.0629815	-0.653907	0.0176609	-0.753742	-0.140058	-0.657823	-0.0292691	-0.739457	-0.691171	-0.158811	0.67593	-0.20045	-0.460774	-0.568934	0.499215	-0.463449	-0.126827	-0.734201	0.168797	-0.645268	-0.365694	-0.631152	0.442736	-0.521441
-0.411197	-0.60577	0.408876	-0.544775	-0.40145	-0.576241	0.391269	-0.594721	-0.713277	-0.206067	0.596947	-0.304018	-0.676371	-0.0854504	0.670729	-0.292137	-0.0642271	-0.653766	0.0177667	-0.753756	-0.140998	-0.657566	-0.0285944	-0.739533	-0.691479	-0.158084	0.676123	-0.199308	-0.460761	-0.568915	0.499273	-0.463423	-0.126732	-0.7342	0.169364	-0.64514	-0.365009	-0.631618	0.442336	-0.521695
-0.412657	-0.604987	0.409924	-0.543753	-0.40362	-0.574606	0.393053	-0.593657	-0.71502	-0.20273	0.597475	-0.301116	-0.675361	-0.0814317	0.672227	-0.292178	-0.0675461	-0.653258	0.0180875	-0.753899	-0.146005	-0.65558	-0.0272234	-0.740375	-0.691655	-0.157032	0.676513	-0.198203	-0.4605	-0.568963	0.499504	-0.463375	-0.126977	-0.733934	0.170583	-0.645073	-0.365387	-0.631604	0.443618	-0.520358
-0.413217	-0.604611	0.41025	-0.5435	-0.404538	-0.574014	0.393765	-0.593133	-0.715495	-0.201726	0.597318	-0.300972	-0.673525	-0.0746846	0.673744	-0.294712	-0.0723299	-0.652418	0.0186786	-0.754169	-0.151933	-0.653747	-0.0254414	-0.740868	-0.691855	-0.156392	0.676631	-0.197608	-0.460618	-0.568704	0.499847	-0.463205	-0.128022	-0.733485	0.171881	-0.645033	-0.365502	-0.631576	0.444153	-0.519854
-0.414752	-0.603572	0.411099	-0.542844	-0.406516	-0.572576	0.395104	-0.592279	-0.71714	-0.199036	0.596648	-0.300176	-0.669281	-0.0609499	0.677355	-0.29923	-0.0805521	-0.650541	0.0210317	-0.754895	-0.156555	-0.653026	-0.0240234	-0.740588	-0.692264	-0.15479	0.67704	-0.196031	-0.460727	-0.568575	0.499963	-0.463131	-0.128302	-0.733433	0.172749	-0.644804	-0.365373	-0.631704	0.444806	-0.51923
-0.416462	-0.602266	0.412033	-0.542277	-0.410221	-0.570086	0.397669	-0.590406	-0.722201	-0.189731	0.594354	-0.298616	-0.657026	-0.0229845	0.682019	-0.320372	-0.0990374	-0.644558	0.024268	-0.757725	-0.171983	-0.645964	-0.0267951	-0.743259	-0.692203	-0.153389	0.677816	-0.194662	-0.46023	-0.568772	0.499692	-0.463675	-0.129738	-0.73267	0.174221	-0.644988	-0.366392	-0.631298	0.446694	-0.517382
-0.416866	-0.601849	0.412131	-0.542355	-0.41129	-0.569268	0.398364	-0.589984	-0.725007	-0.183686	0.59289	-0.298504	-0.650674	-0.0062839	0.682102	-0.333647	-0.107439	-0.639748	0.0231646	-0.760685	-0.195545	-0.631664	-0.029831	-0.749582	-0.692221	-0.153202	0.677826	-0.19471	-0.45921	-0.569457	0.498945	-0.46465	-0.129954	-0.732642	0.174052	-0.645022	-0.36677	-0.631116	0.447223	-0.516879
-0.41862	-0.600297	0.412192	-0.542677	-0.414865	-0.565985	0.401046	-0.58882	-0.73265	-0.161082	0.585611	-0.307142	-0.625391	0.0517407	0.674606	-0.388737	-0.140206	-0.619639	0.0138108	-0.77214	-0.224586	-0.608595	-0.0426881	-0.759836	-0.691894	-0.152739	0.677998	-0.195633	-0.458783	-0.569603	0.498672	-0.465185	-0.131174	-0.732461	0.173665	-0.645085	-0.367776	-0.630622	0.448222	-0.515901
-0.420192	-0.598771	0.411818	-0.543431	-0.41736	-0.562927	0.401445	-0.589716	-0.736302	-0.141164	0.578922	-0.320597	-0.603987	0.0929676	0.661611	-0.434542	-0.150606	-0.612243	0.00542132	-0.776175	-0.253975	-0.581734	-0.0660076	-0.769887	-0.692143	-0.151471	0.678091	-0.195414	-0.459273	-0.569049	0.49887	-0.465168	-0.132154	-0.732315	0.173976	-0.644967	-0.368529	-0.630112	0.448583	-0.515673
-0.42119	-0.597903	0.411922	-0.543536	-0.418561	-0.561275	0.401267	-0.590561	-0.73729	-0.130634	0.575888	-0.328164	-0.591431	0.114873	0.653409	-0.458335	-0.171094	-0.597847	-0.016031	-0.782974	-0.270558	-0.566963	-0.0788166	-0.774041	-0.692279	-0.15062	0.678269	-0.194973	-0.459894	-0.568416	0.498964	-0.465226	-0.132553	-0.732244	0.174479	-0.64483	-0.368697	-0.629963	0.448523	-0.515787
-0.422956	-0.59647	0.412029	-0.543659	-0.420464	-0.558776	0.400754	-0.591926	-0.739646	-0.107556	0.56919	-0.342606	-0.562181	0.158496	0.63378	-0.507104	-0.191132	-0.582497	-0.041536	-0.788949	-0.304978	-0.536009	-0.105311	-0.780123	-0.692531	-0.149726	0.678317	-0.1946	-0.459891	-0.568377	0.49876	-0.465497	-0.13347	-0.73214	0.175385	-0.644513	-0.369022	-0.629685	0.448478	-0.515933
-0.424588	-0.594949	0.41155	-0.544415	-0.422308	-0.556341	0.400449	-0.593111	-0.738623	-0.0859349	0.564276	-0.358669	-0.525329	0.202608	0.613241	-0.553999	-0.213507	-0.566932	-0.0640251	-0.793035	-0.341248	-0.502783	-0.133598	-0.782886	-0.692431	-0.149528	0.678383	-0.194878	-0.459866	-0.568402	0.498392	-0.465885	-0.13382	-0.73212	0.175586	-0.644409	-0.369211	-0.629503	0.4483	-0.516175
-0.425525	-0.593908	0.411072	-0.545181	-0.423222	-0.55454	0.400263	-0.594272	-0.739667	-0.0604132	0.557021	-0.372788	-0.482709	0.244053	0.583891	-0.605394	-0.235761	-0.550684	-0.0878609	-0.795892	-0.380305	-0.464966	-0.162226	-0.782852	-0.692708	-0.149108	0.678204	-0.194839	-0.460053	-0.56826	0.49834	-0.465929	-0.133868	-0.732312	0.175346	-0.644246	-0.369213	-0.629489	0.447971	-0.516475
-0.425909	-0.593202	0.410675	-0.545947	-0.424683	-0.552789	0.39986	-0.595131	-0.73796	-0.0332064	0.548627	-0.391562	-0.431673	0.285555	0.550535	-0.655003	-0.247021	-0.542187	-0.0995882	-0.796929	-0.422669	-0.42333	-0.196587	-0.77685	-0.692625	-0.149284	0.678125	-0.195272	-0.459841	-0.568523	0.497907	-0.466279	-0.133702	-0.732461	0.174558	-0.644325	-0.369373	-0.629486	0.447752	-0.516555
-0.426264	-0.592777	0.410683	-0.546126	-0.425095	-0.552178	0.399684	-0.595522	-0.73796	-0.0332064	0.548627	-0.391562	-0.404555	0.304731	0.528763	-0.68109	-0.267504	-0.525548	-0.127233	-0.797529	-0.445593	-0.399837	-0.214101	-0.771841	-0.692544	-0.149484	0.678093	-0.195516	-0.459649	-0.568745	0.497423	-0.466715	-0.133577	-0.732486	0.174405	-0.644363	-0.369402	-0.629556	0.447511	-0.516658
-0.427579	-0.591754	0.41092	-0.546029	-0.428629	-0.547767	0.398768	-0.597673	-0.730376	0.0340463	0.526272	-0.434084	-0.315685	0.356059	0.457081	-0.751427	-0.293637	-0.506893	-0.149897	-0.796472	-0.515786	-0.320702	-0.263729	-0.749374	-0.692914	-0.148551	0.678066	-0.19501	-0.459985	-0.568499	0.497378	-0.466732	-0.133866	-0.732323	0.17418	-0.64455	-0.369573	-0.629614	0.447435	-0.516531
-0.429463	-0.59049	0.411526	-0.545463	-0.431909	-0.544473	0.398233	-0.598677	-0.723474	0.0695459	0.511663	-0.458202	-0.260737	0.3812	0.401237	-0.791019	-0.325617	-0.485644	-0.166014	-0.794079	-0.557772	-0.265278	-0.293328	-0.72971	-0.69335	-0.147035	0.678337	-0.193664	-0.460742	-0.567783	0.49781	-0.466396	-0.134786	-0.732063	0.175928	-0.644178	-0.370025	-0.629321	0.447965	-0.516105
-0.430564	-0.589725	0.411934	-0.545114	-0.433892	-0.542441	0.398252	-0.599076	-0.719976	0.0889051	0.504195	-0.468528	-0.234804	0.391734	0.374806	-0.806804	-0.354613	-0.465585	-0.183057	-0.789918	-0.576562	-0.238765	-0.307331	-0.718411	-0.693487	-0.146431	0.6785	-0.193057	-0.460963	-0.567579	0.497908	-0.466321	-0.135297	-0.731904	0.176927	-0.643978	-0.370184	-0.629225	0.448241	-0.515868
-0.432868	-0.588246	0.413007	-0.544074	-0.438247	-0.53782	0.399518	-0.599229	-0.71273	0.123521	0.489062	-0.487418	-0.210384	0.400671	0.34975	-0.82029	-0.366325	-0.455864	-0.192877	-0.787904	-0.608598	-0.191046	-0.33413	-0.693878	-0.693844	-0.145124	0.678778	-0.191784	-0.461099	-0.567328	0.497988	-0.466405	-0.135915	-0.731663	0.177921	-0.643849	-0.370546	-0.628924	0.449081	-0.515244
-0.434167	-0.587486	0.413671	-0.543356	-0.440341	-0.535713	0.400297	-0.59906	-0.709622	0.138698	0.481364	-0.495469	-0.16751	0.413173	0.304851	-0.841602	-0.387681	-0.438679	-0.208902	-0.783341	-0.622836	-0.16931	-0.346267	-0.680815	-0.693958	-0.144439	0.679001	-0.191095	-0.461357	-0.567022	0.498205	-0.466291	-0.136812	-0.731364	0.180083	-0.643397	-0.370557	-0.628871	0.449333	-0.515081
-0.436671	-0.58586	0.414782	-0.542257	-0.444288	-0.531707	0.401808	-0.598704	-0.703421	0.164435	0.468179	-0.50889	-0.148944	0.416829	0.287447	-0.849378	-0.396664	-0.430973	-0.215525	-0.781325	-0.63587	-0.148466	-0.356655	-0.66815	-0.694318	-0.142783	0.679469	-0.189361	-0.46167	-0.566674	0.498453	-0.46614	-0.137269	-0.731215	0.18106	-0.643195	-0.370547	-0.628705	0.450076	-0.514642
-0.437774	-0.585195	0.415447	-0.541576	-0.445706	-0.53039	0.402656	-0.598248	-0.700764	0.175238	0.462274	-0.514319	-0.116754	0.420491	0.258063	-0.861951	-0.41127	-0.417968	-0.226928	-0.777601	-0.65805	-0.112376	-0.374035	-0.64377	-0.694527	-0.141872	0.679681	-0.188516	-0.462	-0.566204	0.498823	-0.465987	-0.138337	-0.730728	0.182974	-0.642978	-0.370506	-0.628604	0.450387	-0.514524
-0.439532	-0.584159	0.416478	-0.540478	-0.448565	-0.528084	0.403859	-0.597339	-0.695127	0.192717	0.451645	-0.525048	-0.10312	0.420522	0.247285	-0.866821	-0.417444	-0.412649	-0.231936	-0.775672	-0.676299	-0.082833	-0.388043	-0.62063	-0.694839	-0.140488	0.68001	-0.187208	-0.462443	-0.565573	0.49937	-0.465728	-0.138586	-0.730606	0.183865	-0.642808	-0.370325	-0.628568	0.450486	-0.51461
-0.440692	-0.583657	0.417181	-0.539532	-0.450612	-0.526214	0.405473	-0.596354	-0.68984	0.205249	0.44213	-0.535271	-0.0662585	0.41551	0.223219	-0.879281	-0.430695	-0.401423	-0.242524	-0.771067	-0.691998	-0.0590824	-0.399294	-0.598508	-0.694933	-0.139523	0.680363	-0.186302	-0.462325	-0.565502	0.499375	-0.465927	-0.139071	-0.730167	0.185112	-0.642844	-0.370029	-0.628328	0.450969	-0.514694
-0.441588	-0.583298	0.417706	-0.538782	-0.452088	-0.525057	0.406207	-0.595758	-0.683738	0.216628	0.435348	-0.544101	-0.043318	0.41019	0.213528	-0.885592	-0.4382	-0.397555	-0.247306	-0.767314	-0.705009	-0.0408919	-0.408615	-0.578208	-0.69497	-0.139121	0.680521	-0.185882	-0.462365	-0.565319	0.499393	-0.46609	-0.138721	-0.730154	0.185406	-0.64285	-0.369718	-0.628211	0.450866	-0.51515
-0.441823	-0.58328	0.417982	-0.538393	-0.452504	-0.524876	0.406166	-0.595629	-0.680827	0.221104	0.432461	-0.548238	-0.043318	0.41019	0.213528	-0.885592	-0.4382	-0.397555	-0.247306	-0.767314	-0.710758	-0.0329357	-0.413016	-0.568468	-0.69504	-0.138913	0.680594	-0.185511	-0.46241	-0.565237	0.499354	-0.466187	-0.138721	-0.730154	0.185406	-0.64285	-0.369718	-0.628211	0.450866	-0.51515
-0.441912	-0.583213	0.41807	-0.538325	-0.453324	-0.524739	0.40608	-0.595185	-0.674487	0.228609	0.428155	-0.556317	-0.0120082	0.403793	0.200778	-0.892466	-0.446687	-0.394819	-0.251106	-0.762584	-0.720417	-0.019352	-0.422165	-0.54991	-0.695202	-0.138758	0.680596	-0.185012	-0.462694	-0.564943	0.499406	-0.466206	-0.1389	-0.730019	0.185862	-0.642833	-0.369529	-0.628062	0.450841	-0.515489
-0.441977	-0.583114	0.418339	-0.53817	-0.453973	-0.524796	0.405952	-0.594728	-0.668965	0.237376	0.427151	-0.560073	0.00683732	0.401986	0.195793	-0.894441	-0.448017	-0.394874	-0.252407	-0.761345	-0.728958	-0.00740883	-0.43159	-0.531314	-0.695126	-0.138891	0.680697	-0.184823	-0.462732	-0.564964	0.49929	-0.466266	-0.138658	-0.730106	0.185896	-0.642777	-0.369745	-0.627895	0.451023	-0.515378
-0.441528	-0.583369	0.418362	-0.538244	-0.454439	-0.525181	0.4055	-0.59434	-0.66461	0.243547	0.428896	-0.561272	0.0236832	0.400986	0.193351	-0.895134	-0.4486	-0.396214	-0.253523	-0.759934	-0.735416	0.00486275	-0.439897	-0.515394	-0.695173	-0.13922	0.680618	-0.184691	-0.462671	-0.565128	0.499147	-0.466281	-0.138693	-0.730206	0.185769	-0.642692	-0.370063	-0.627759	0.451427	-0.514962
-0.441153	-0.583612	0.41797	-0.538593	-0.454439	-0.525531	0.405323	-0.594152	-0.661893	0.247155	0.431543	-0.560877	0.0358256	0.399787	0.194406	-0.895038	-0.447269	-0.397923	-0.255302	-0.759229	-0.738753	0.0127882	-0.443543	-0.507297	-0.694991	-0.139859	0.680582	-0.185026	-0.46241	-0.565448	0.499067	-0.466237	-0.138583	-0.730487	0.185487	-0.642478	-0.370267	-0.627746	0.451777	-0.514524
-0.441133	-0.583655	0.417393	-0.53901	-0.454022	-0.525466	0.405385	-0.594485	-0.6598	0.24623	0.433491	-0.562246	0.0418067	0.398698	0.196749	-0.894753	-0.4487	-0.398858	-0.256888	-0.757357	-0.739046	0.0108368	-0.444284	-0.506267	-0.69525	-0.140039	0.680259	-0.185106	-0.462265	-0.565668	0.499135	-0.466041	-0.139539	-0.730691	0.185785	-0.641952	-0.371022	-0.627451	0.452706	-0.513523
-0.441121	-0.583579	0.417062	-0.539358	-0.453712	-0.525519	0.405387	-0.594674	-0.658724	0.245508	0.43432	-0.563182	0.0426841	0.398675	0.197803	-0.894489	-0.449913	-0.398612	-0.256264	-0.756978	-0.738618	0.00958675	-0.443247	-0.507823	-0.695479	-0.139991	0.68004	-0.185088	-0.462377	-0.565644	0.499301	-0.465782	-0.140552	-0.731043	0.186097	-0.64124	-0.371641	-0.627275	0.453319	-0.512749
-0.440849	-0.583676	0.416636	-0.539805	-0.45335	-0.52566	0.405261	-0.59491	-0.65786	0.244877	0.434944	-0.563985	0.0429937	0.398894	0.198433	-0.894237	-0.450543	-0.398338	-0.256738	-0.756587	-0.738448	0.00833019	-0.441495	-0.509616	-0.695809	-0.139716	0.679785	-0.184991	-0.462456	-0.56571	0.499325	-0.465597	-0.140901	-0.731516	0.185129	-0.640905	-0.373195	-0.626648	0.454855	-0.511024
-0.439786	-0.584295	0.416062	-0.540444	-0.452345	-0.526565	0.404722	-0.595243	-0.656645	0.243781	0.434943	-0.565874	0.0442628	0.398383	0.198442	-0.894401	-0.451361	-0.396992	-0.256222	-0.756981	-0.738349	0.00683847	-0.438942	-0.51198	-0.696532	-0.139768	0.678972	-0.185217	-0.46259	-0.56609	0.49893	-0.465426	-0.143975	-0.732256	0.18432	-0.639608	-0.378702	-0.62437	0.460709	-0.504475
-0.438879	-0.58479	0.415708	-0.540918	-0.451202	-0.52792	0.404277	-0.595212	-0.655835	0.243024	0.434949	-0.567132	0.045557	0.397747	0.198454	-0.894616	-0.451507	-0.396635	-0.255541	-0.757312	-0.738951	0.0063941	-0.436977	-0.512798	-0.69787	-0.138932	0.677871	-0.184839	-0.463733	-0.565867	0.499369	-0.464087	-0.146279	-0.732395	0.185121	-0.638695	-0.380449	-0.624115	0.463026	-0.501344
-0.436447	-0.586223	0.414454	-0.542296	-0.450663	-0.528554	0.404158	-0.595138	-0.655546	0.242188	0.43499	-0.567792	0.0468667	0.395979	0.199676	-0.895061	-0.451296	-0.396882	-0.255066	-0.757468	-0.739386	0.00609184	-0.436284	-0.512765	-0.698584	-0.138629	0.677059	-0.185346	-0.463581	-0.566496	0.499212	-0.46364	-0.149387	-0.732376	0.18229	-0.638811	-0.38503	-0.62355	0.469378	-0.492567
-0.435524	-0.587006	0.413836	-0.542663	-0.44937	-0.530048	0.404189	-0.594767	-0.655721	0.240492	0.435287	-0.568084	0.0470206	0.395214	0.200556	-0.895194	-0.451638	-0.397145	-0.254561	-0.757296	-0.739883	0.00535485	-0.436093	-0.512218	-0.700219	-0.138249	0.674765	-0.187814	-0.462535	-0.568563	0.49899	-0.462392	-0.149899	-0.732892	0.179182	-0.638978	-0.388439	-0.622773	0.473285	-0.487104
-0.434823	-0.587646	0.413576	-0.542729	-0.44937	-0.530048	0.404189	-0.594767	-0.655721	0.240492	0.435287	-0.568084	0.0471967	0.394289	0.202097	-0.895246	-0.452411	-0.397364	-0.25412	-0.756868	-0.739883	0.00535485	-0.436093	-0.512218	-0.700219	-0.138249	0.674765	-0.187814	-0.462535	-0.568563	0.49899	-0.462392	-0.150752	-0.733632	0.177287	-0.638457	-0.39246	-0.621671	0.477031	-0.481604
-0.433876	-0.588867	0.41325	-0.542413	-0.448155	-0.531119	0.404566	-0.594472	-0.656256	0.237774	0.436602	-0.567601	0.0473082	0.392924	0.205927	-0.894968	-0.454543	-0.397934	-0.25297	-0.755676	-0.741357	0.00298113	-0.43482	-0.511188	-0.702088	-0.137159	0.672065	-0.191281	-0.460842	-0.571361	0.499085	-0.460528	-0.153524	-0.735408	0.178498	-0.635408	-0.400716	-0.61925	0.482843	-0.472036
-0.432801	-0.591091	0.414541	-0.539862	-0.447134	-0.532029	0.405273	-0.593944	-0.656669	0.235905	0.438523	-0.56642	0.0473254	0.392313	0.209763	-0.894343	-0.457906	-0.397722	-0.250837	-0.754466	-0.743914	0.000880902	-0.432376	-0.509551	-0.703993	-0.135628	0.669134	-0.195596	-0.458928	-0.574442	0.499327	-0.458338	-0.15447	-0.737336	0.178947	-0.632814	-0.409788	-0.616225	0.48771	-0.46312
-0.432547	-0.594211	0.416821	-0.534862	-0.44663	-0.533195	0.406596	-0.592372	-0.657628	0.233897	0.440547	-0.564567	0.0466816	0.391979	0.213296	-0.893688	-0.461828	-0.398145	-0.248028	-0.75278	-0.746581	-0.00169823	-0.430883	-0.506905	-0.706418	-0.133121	0.665154	-0.202047	-0.456465	-0.576998	0.502194	-0.454438	-0.14819	-0.73876	0.171641	-0.634676	-0.416857	-0.61441	0.489885	-0.456885
-0.434743	-0.597408	0.418962	-0.5278	-0.447031	-0.535635	0.406753	-0.589754	-0.659552	0.231805	0.442384	-0.561742	0.0447053	0.391858	0.217013	-0.892947	-0.466071	-0.399058	-0.245394	-0.750542	-0.74846	-0.00400553	-0.430667	-0.504299	-0.710167	-0.124133	0.660018	-0.211257	-0.450571	-0.578786	0.50923	-0.450197	-0.145239	-0.736657	0.165506	-0.639413	-0.423449	-0.611479	0.492833	-0.451553
-0.441097	-0.598668	0.422483	-0.518207	-0.448317	-0.537995	0.407835	-0.58587	-0.662783	0.228016	0.443368	-0.558705	0.0427121	0.39151	0.219034	-0.892704	-0.467749	-0.400007	-0.244405	-0.749314	-0.749848	-0.00735417	-0.430675	-0.502189	-0.716736	-0.106181	0.652344	-0.222404	-0.442857	-0.579676	0.522426	-0.441502	-0.146426	-0.735664	0.165516	-0.640283	-0.427475	-0.608528	0.494507	-0.449913
-0.441097	-0.598668	0.422483	-0.518207	-0.448317	-0.537995	0.407835	-0.58587	-0.662783	0.228016	0.443368	-0.558705	0.0404619	0.390815	0.221326	-0.892548	-0.469124	-0.40062	-0.243609	-0.748385	-0.749848	-0.00735417	-0.430675	-0.502189	-0.716736	-0.106181	0.652344	-0.222404	-0.442857	-0.579676	0.522426	-0.441502	-0.14727	-0.734474	0.167171	-0.641025	-0.427475	-0.608528	0.494507	-0.449913
-0.44454	-0.598807	0.423693	-0.514101	-0.450471	-0.540584	0.408264	-0.58152	-0.664408	0.225714	0.44352	-0.557589	0.0382343	0.39001	0.223455	-0.892468	-0.470073	-0.401138	-0.242834	-0.747764	-0.750247	-0.0100315	-0.429866	-0.502239	-0.720729	-0.0950522	0.648249	-0.226468	-0.433644	-0.58481	0.533327	-0.430711	-0.147047	-0.73385	0.167505	-0.641703	-0.428523	-0.607085	0.495078	-0.450237
-0.447652	-0.600664	0.424185	-0.508801	-0.451686	-0.54163	0.408266	-0.5796	-0.667383	0.222373	0.442687	-0.556038	0.034708	0.387675	0.226023	-0.892982	-0.470411	-0.402095	-0.241284	-0.74754	-0.75003	-0.0114344	-0.429481	-0.502862	-0.731123	-0.0718106	0.639504	-0.226578	-0.431525	-0.587799	0.535381	-0.426199	-0.147671	-0.731665	0.169823	-0.643444	-0.428752	-0.604705	0.495784	-0.45244
-0.449229	-0.602181	0.423728	-0.50599	-0.454497	-0.54249	0.407344	-0.577242	-0.670116	0.22097	0.439674	-0.555701	0.0321821	0.384483	0.225914	-0.894483	-0.47035	-0.40278	-0.241976	-0.746985	-0.748743	-0.0130647	-0.429307	-0.504885	-0.742519	-0.0621862	0.627266	-0.226575	-0.445731	-0.587507	0.53419	-0.41328	-0.145033	-0.730407	0.168164	-0.645904	-0.427071	-0.602652	0.496359	-0.456123
-0.451017	-0.602787	0.424835	-0.502739	-0.45685	-0.542693	0.406397	-0.575859	-0.672391	0.221264	0.435859	-0.555842	0.0297077	0.381646	0.22352	-0.896383	-0.469431	-0.403609	-0.243771	-0.746532	-0.746778	-0.0141385	-0.430979	-0.50634	-0.751634	-0.0732675	0.611594	-0.235862	-0.478146	-0.595078	0.496642	-0.413044	-0.146965	-0.72728	0.172759	-0.64778	-0.425068	-0.599701	0.498936	-0.459063
-0.451344	-0.602772	0.425971	-0.501501	-0.457787	-0.543003	0.405835	-0.575219	-0.673774	0.22182	0.43305	-0.556141	0.0283844	0.379732	0.22156	-0.897725	-0.468945	-0.404116	-0.244924	-0.746186	-0.746054	-0.0140015	-0.43173	-0.506771	-0.76053	-0.0889225	0.595528	-0.242968	-0.494379	-0.594026	0.483269	-0.411307	-0.152162	-0.723259	0.180544	-0.648958	-0.422117	-0.596489	0.502623	-0.461941
-0.450687	-0.60246	0.42785	-0.500866	-0.457302	-0.542771	0.4062	-0.575566	-0.673611	0.222442	0.432894	-0.556211	0.0285896	0.37974	0.221111	-0.897825	-0.468216	-0.403759	-0.24562	-0.746608	-0.745115	-0.0135757	-0.432168	-0.50779	-0.765109	-0.0961916	0.588083	-0.243953	-0.524955	-0.592155	0.453023	-0.410543	-0.154582	-0.718283	0.185641	-0.652465	-0.417661	-0.593466	0.506952	-0.465143
-0.449359	-0.602018	0.430429	-0.500381	-0.455449	-0.542292	0.407344	-0.576677	-0.672291	0.222303	0.435332	-0.55596	0.0285896	0.37974	0.221111	-0.897825	-0.467903	-0.403171	-0.24539	-0.747197	-0.744623	-0.013346	-0.431192	-0.509346	-0.775378	-0.113571	0.571578	-0.243289	-0.543299	-0.597013	0.419766	-0.414967	-0.154845	-0.715311	0.185931	-0.655578	-0.410511	-0.590387	0.511684	-0.470217
-0.447952	-0.601771	0.431657	-0.500883	-0.454195	-0.541995	0.407793	-0.577627	-0.671405	0.222086	0.436795	-0.555971	0.0298839	0.382379	0.223152	-0.896156	-0.467597	-0.402355	-0.244996	-0.747958	-0.744538	-0.0129738	-0.429957	-0.510522	-0.776466	-0.118445	0.568841	-0.24391	-0.550149	-0.59804	0.407263	-0.416919	-0.156521	-0.708545	0.188678	-0.661714	-0.406063	-0.588672	0.513838	-0.473865
-0.444403	-0.601164	0.435036	-0.501848	-0.451436	-0.541069	0.408901	-0.579871	-0.669689	0.222363	0.438912	-0.556262	0.0312153	0.383982	0.224049	-0.895201	-0.466683	-0.399586	-0.243976	-0.750342	-0.744561	-0.0112923	-0.427579	-0.512521	-0.775428	-0.126687	0.567307	-0.246625	-0.551606	-0.604083	0.390855	-0.421955	-0.157081	-0.703896	0.189908	-0.666177	-0.397653	-0.583153	0.519964	-0.481085
-0.439333	-0.600239	0.437996	-0.504835	-0.448823	-0.54016	0.409824	-0.58209	-0.667878	0.223224	0.440453	-0.556875	0.0325687	0.385318	0.223721	-0.894661	-0.462615	-0.395212	-0.244052	-0.755138	-0.743535	-0.00870663	-0.426086	-0.515297	-0.768443	-0.142122	0.56884	-0.256354	-0.507863	-0.640702	0.374907	-0.43706	-0.158358	-0.688933	0.204194	-0.6772	-0.389153	-0.575129	0.528818	-0.487994
-0.433876	-0.602038	0.438746	-0.506757	-0.447083	-0.540425	0.410169	-0.58294	-0.667185	0.223465	0.441085	-0.557111	0.0330951	0.385906	0.22384	-0.894358	-0.460349	-0.394825	-0.244548	-0.756563	-0.740033	-0.00651216	-0.426922	-0.519661	-0.763231	-0.154663	0.569266	-0.263617	-0.481865	-0.650597	0.388256	-0.440212	-0.156102	-0.683322	0.205245	-0.683065	-0.382442	-0.571831	0.532806	-0.492813
-0.422115	-0.604684	0.435921	-0.515897	-0.4425	-0.542579	0.411244	-0.583678	-0.665568	0.223329	0.442134	-0.558266	0.0344434	0.386992	0.224184	-0.893752	-0.455388	-0.39506	-0.245111	-0.759256	-0.73753	-0.00526783	-0.4278	-0.522503	-0.752126	-0.166142	0.578274	-0.268893	-0.4673	-0.65475	0.394132	-0.444514	-0.14863	-0.673321	0.191576	-0.69846	-0.367841	-0.564563	0.541811	-0.502396
-0.416128	-0.605544	0.43313	-0.522066	-0.44037	-0.543762	0.411931	-0.583704	-0.664312	0.222593	0.443049	-0.55933	0.0354003	0.387625	0.224562	-0.893345	-0.45202	-0.395313	-0.246626	-0.760645	-0.73451	-0.00394207	-0.428759	-0.525971	-0.746486	-0.166045	0.585265	-0.26954	-0.45713	-0.654985	0.402359	-0.447362	-0.147234	-0.665121	0.194771	-0.705692	-0.359899	-0.561654	0.544791	-0.508154
-0.398472	-0.611131	0.431888	-0.530294	-0.425937	-0.553797	0.415496	-0.582451	-0.658814	0.208689	0.454435	-0.562051	0.0428103	0.387828	0.240896	-0.888665	-0.433845	-0.402472	-0.249214	-0.766608	-0.726519	-0.00446933	-0.431998	-0.534348	-0.728517	-0.171203	0.603692	-0.274788	-0.430545	-0.65165	0.418621	-0.463401	-0.1537	-0.633615	0.180382	-0.736458	-0.338247	-0.547537	0.549187	-0.533091
-0.382762	-0.615761	0.426947	-0.540415	-0.415234	-0.562083	0.415228	-0.582434	-0.652654	0.19212	0.463981	-0.567322	0.0500397	0.385423	0.258616	-0.884343	-0.427951	-0.4038	-0.246724	-0.77002	-0.712381	-0.00964539	-0.432208	-0.552826	-0.713546	-0.167084	0.623396	-0.272604	-0.410694	-0.650674	0.420647	-0.480636	-0.157712	-0.623886	0.175671	-0.745006	-0.330708	-0.532866	0.552035	-0.549494
-0.372544	-0.619506	0.42218	-0.546979	-0.410124	-0.566455	0.413346	-0.583157	-0.650126	0.185412	0.465967	-0.570818	0.0528514	0.383165	0.264519	-0.883414	-0.416	-0.404195	-0.245127	-0.776842	-0.709057	-0.00996611	-0.430802	-0.558166	-0.70539	-0.169929	0.630957	-0.274668	-0.40383	-0.64823	0.421124	-0.489258	-0.16991	-0.610359	0.149526	-0.759101	-0.330352	-0.529343	0.552131	-0.553005
-0.36141	-0.623087	0.411783	-0.558194	-0.40273	-0.572524	0.410086	-0.584683	-0.646408	0.179186	0.464728	-0.577994	0.0579805	0.378443	0.267736	-0.884159	-0.410878	-0.402639	-0.243271	-0.780948	-0.705228	-0.00884951	-0.428805	-0.564537	-0.691735	-0.178308	0.645289	-0.270759	-0.395527	-0.640892	0.421363	-0.505242	-0.182112	-0.598511	0.10766	-0.772676	-0.321315	-0.550598	0.545501	-0.544083
-0.35791	-0.626897	0.414601	-0.554082	-0.397883	-0.574183	0.409979	-0.586448	-0.643377	0.175839	0.466119	-0.581274	0.0620642	0.377027	0.270335	-0.883696	-0.4075	-0.402254	-0.240067	-0.783903	-0.704766	-0.00935322	-0.42747	-0.566115	-0.684081	-0.176945	0.657907	-0.260539	-0.395618	-0.630176	0.424685	-0.515759	-0.183255	-0.623639	0.0800747	-0.755698	-0.321591	-0.585044	0.532869	-0.519956
-0.354731	-0.625676	0.416348	-0.556193	-0.39513	-0.5716	0.412174	-0.589286	-0.638922	0.174335	0.470992	-0.582712	0.0665646	0.379153	0.274108	-0.881292	-0.406967	-0.400098	-0.236823	-0.786266	-0.706811	-0.00988279	-0.423443	-0.566583	-0.677755	-0.180479	0.666467	-0.252779	-0.396285	-0.621464	0.425937	-0.524708	-0.181728	-0.651374	0.0618539	-0.734072	-0.330868	-0.61756	0.516998	-0.491792
-0.348898	-0.625495	0.41736	-0.559318	-0.392847	-0.568722	0.413253	-0.592831	-0.634515	0.176185	0.475782	-0.583079	0.0716145	0.383629	0.274586	-0.878808	-0.408813	-0.396264	-0.234173	-0.788042	-0.710297	-0.00966577	-0.417974	-0.566288	-0.671153	-0.188044	0.670448	-0.254348	-0.395475	-0.61527	0.426745	-0.531913	-0.193738	-0.680388	0.0655684	-0.703732	-0.364898	-0.636945	0.50889	-0.449647
-0.348122	-0.626632	0.419143	-0.557191	-0.391935	-0.565507	0.41549	-0.594942	-0.631263	0.17887	0.479715	-0.582568	0.0743297	0.38844	0.273939	-0.876668	-0.412668	-0.392732	-0.230574	-0.788861	-0.714473	-0.00917145	-0.413103	-0.564615	-0.668625	-0.188237	0.67399	-0.251486	-0.39601	-0.60866	0.4303	-0.536238	-0.202019	-0.715135	0.0804075	-0.664308	-0.396385	-0.650703	0.491683	-0.421559
-0.351317	-0.626557	0.420244	-0.554434	-0.392155	-0.563674	0.416692	-0.595696	-0.630357	0.180365	0.481421	-0.581681	0.0744267	0.390803	0.273525	-0.875738	-0.414895	-0.391358	-0.229425	-0.788711	-0.716704	-0.00935287	-0.41123	-0.56315	-0.668821	-0.185933	0.67548	-0.248665	-0.397174	-0.604708	0.433699	-0.537109	-0.199909	-0.730984	0.0920617	-0.645928	-0.405934	-0.657677	0.477338	-0.418124
-0.354642	-0.62692	0.420955	-0.55136	-0.392884	-0.562064	0.41757	-0.596122	-0.630165	0.181712	0.482832	-0.580298	0.0738496	0.392842	0.27333	-0.874936	-0.417211	-0.390315	-0.228218	-0.788356	-0.718925	-0.0093979	-0.40962	-0.561489	-0.669273	-0.183334	0.676739	-0.245941	-0.396554	-0.602198	0.435712	-0.538755	-0.195627	-0.744715	0.0978193	-0.630524	-0.41726	-0.658313	0.467877	-0.416665
-0.359611	-0.628306	0.419603	-0.547581	-0.395577	-0.56074	0.41751	-0.59563	-0.631397	0.182311	0.485015	-0.576941	0.0717425	0.395123	0.274847	-0.873608	-0.421294	-0.389747	-0.226269	-0.787027	-0.722669	-0.00988865	-0.408111	-0.557761	-0.669978	-0.179474	0.678453	-0.242116	-0.39734	-0.596063	0.443616	-0.538549	-0.197741	-0.762961	0.116433	-0.604344	-0.449881	-0.639474	0.467134	-0.412875
-0.366934	-0.628552	0.418815	-0.543025	-0.399409	-0.560442	0.415632	-0.594665	-0.634308	0.181548	0.485461	-0.573604	0.0678727	0.395172	0.276937	-0.873234	-0.423543	-0.392701	-0.227088	-0.78411	-0.724575	-0.0128597	-0.409448	-0.554236	-0.671097	-0.170745	0.681507	-0.236695	-0.401987	-0.58848	0.457347	-0.531913	-0.196942	-0.766179	0.135405	-0.596531	-0.465483	-0.6236	0.464373	-0.422855
-0.375844	-0.628694	0.418315	-0.537119	-0.405438	-0.559946	0.413281	-0.592689	-0.639047	0.181109	0.482687	-0.570817	0.0619928	0.392994	0.277243	-0.874556	-0.425356	-0.397917	-0.22902	-0.779926	-0.725857	-0.0169226	-0.412853	-0.549906	-0.672164	-0.157218	0.685178	-0.2324	-0.404133	-0.582401	0.472624	-0.523558	-0.18112	-0.764356	0.136509	-0.60359	-0.460632	-0.619496	0.45242	-0.446495
-0.382475	-0.629883	0.418025	-0.53124	-0.412813	-0.560195	0.409653	-0.589874	-0.646438	0.183724	0.477749	-0.565792	0.0583741	0.391576	0.275878	-0.875872	-0.426513	-0.401153	-0.230766	-0.777117	-0.727137	-0.0229982	-0.417737	-0.544278	-0.669989	-0.146917	0.68768	-0.237964	-0.39893	-0.5809	0.486562	-0.516399	-0.170341	-0.762597	0.131354	-0.610062	-0.460892	-0.614517	0.445871	-0.459507
-0.387868	-0.629336	0.418892	-0.52728	-0.416558	-0.56067	0.408321	-0.58771	-0.651156	0.185352	0.474688	-0.562416	0.0489376	0.388892	0.273263	-0.878462	-0.42893	-0.409056	-0.231766	-0.771347	-0.727137	-0.0229982	-0.417737	-0.544278	-0.668304	-0.144928	0.686208	-0.247962	-0.39893	-0.5809	0.486562	-0.516399	-0.166026	-0.763234	0.132691	-0.610165	-0.453668	-0.618347	0.438271	-0.468776
-0.403402	-0.626463	0.420463	-0.517708	-0.425958	-0.559732	0.407206	-0.582617	-0.66251	0.192848	0.466746	-0.553207	0.0358059	0.387677	0.266339	-0.881753	-0.432502	-0.414501	-0.232735	-0.766137	-0.729618	-0.0343305	-0.42508	-0.534589	-0.666224	-0.141136	0.678932	-0.274368	-0.373908	-0.588678	0.520865	-0.492292	-0.167331	-0.759548	0.138747	-0.613055	-0.458086	-0.611883	0.442891	-0.468619
-0.416981	-0.623984	0.4242	-0.50678	-0.440496	-0.558381	0.407569	-0.572766	-0.682447	0.205912	0.453963	-0.534588	0.0184049	0.388042	0.257699	-0.88469	-0.434611	-0.418384	-0.235558	-0.761958	-0.730598	-0.0362973	-0.429214	-0.529797	-0.679711	-0.106099	0.670642	-0.277445	-0.363813	-0.601058	0.520318	-0.485426	-0.170324	-0.756901	0.147084	-0.613561	-0.459483	-0.609461	0.445086	-0.468327
-0.424486	-0.622118	0.423837	-0.503133	-0.449237	-0.556471	0.408126	-0.567415	-0.693656	0.214579	0.446811	-0.522644	-0.00688439	0.389885	0.245435	-0.887527	-0.436818	-0.425068	-0.23841	-0.756087	-0.729772	-0.038357	-0.435646	-0.525523	-0.688122	-0.106409	0.660634	-0.280585	-0.38585	-0.599377	0.515179	-0.475875	-0.177121	-0.751537	0.161684	-0.614556	-0.464471	-0.597921	0.456241	-0.467548
-0.433275	-0.618891	0.42489	-0.498714	-0.455569	-0.553915	0.408738	-0.564419	-0.699634	0.223473	0.441625	-0.515305	-0.0170866	0.392239	0.236854	-0.888683	-0.438631	-0.428847	-0.240856	-0.752118	-0.728513	-0.0399271	-0.440694	-0.522937	-0.698943	-0.109781	0.649169	-0.279296	-0.414995	-0.596743	0.499298	-0.471569	-0.175365	-0.749253	0.165219	-0.616903	-0.46228	-0.59553	0.458168	-0.470874
-0.436599	-0.617157	0.425163	-0.49773	-0.459176	-0.55126	0.409985	-0.56319	-0.700455	0.230784	0.438849	-0.513336	-0.0188595	0.393497	0.232784	-0.889166	-0.440213	-0.428996	-0.241294	-0.750967	-0.728522	-0.0393523	-0.441937	-0.521919	-0.705322	-0.108834	0.643621	-0.276457	-0.433974	-0.601535	0.474673	-0.473822	-0.174174	-0.747684	0.165508	-0.619063	-0.461343	-0.594459	0.45971	-0.471644
-0.441851	-0.613569	0.426177	-0.496663	-0.460285	-0.549785	0.410913	-0.563049	-0.699665	0.233129	0.438325	-0.5138	-0.0178649	0.39541	0.227041	-0.889822	-0.44353	-0.426341	-0.242026	-0.750292	-0.728984	-0.0383884	-0.441447	-0.521761	-0.717759	-0.108272	0.632005	-0.271419	-0.443386	-0.603179	0.462405	-0.475148	-0.173791	-0.744062	0.168654	-0.622675	-0.458467	-0.592952	0.463435	-0.472699
-0.445996	-0.608945	0.426197	-0.498628	-0.461649	-0.546366	0.412389	-0.564181	-0.696776	0.235033	0.438665	-0.516561	-0.0136571	0.396102	0.225247	-0.890045	-0.446889	-0.420638	-0.242946	-0.751219	-0.730471	-0.0349852	-0.438602	-0.522317	-0.726708	-0.114254	0.622679	-0.26667	-0.469313	-0.598848	0.444785	-0.472539	-0.172263	-0.740796	0.169516	-0.626746	-0.45299	-0.592672	0.466062	-0.475737
-0.44837	-0.604046	0.426841	-0.501896	-0.462247	-0.541964	0.41283	-0.567604	-0.692583	0.236	0.440016	-0.520595	-0.0075448	0.396673	0.224586	-0.890031	-0.451151	-0.412981	-0.244407	-0.752446	-0.73193	-0.0306136	-0.433968	-0.524416	-0.735177	-0.113801	0.619098	-0.251558	-0.486442	-0.601451	0.418682	-0.475748	-0.171198	-0.736987	0.17242	-0.630724	-0.448595	-0.590716	0.470592	-0.47787
-0.449247	-0.598271	0.429189	-0.50601	-0.462699	-0.536398	0.413107	-0.572301	-0.687141	0.237411	0.441457	-0.525918	-0.000101371	0.397643	0.223018	-0.890024	-0.454974	-0.404312	-0.247065	-0.753982	-0.733091	-0.0251497	-0.428561	-0.527522	-0.73893	-0.119972	0.615853	-0.245591	-0.499034	-0.60114	0.40288	-0.476742	-0.171225	-0.730952	0.17941	-0.63577	-0.44301	-0.589349	0.474049	-0.481339
-0.449443	-0.595055	0.430642	-0.508387	-0.462953	-0.5312	0.412772	-0.577166	-0.680568	0.239187	0.443563	-0.531854	0.00412689	0.398412	0.221797	-0.889976	-0.456598	-0.399988	-0.24848	-0.754841	-0.734089	-0.0191772	-0.423699	-0.530307	-0.739956	-0.12239	0.61488	-0.243738	-0.506002	-0.598217	0.396482	-0.478435	-0.168474	-0.729211	0.181061	-0.638032	-0.440269	-0.588014	0.476114	-0.483444
-0.448684	-0.588385	0.434803	-0.513257	-0.463417	-0.528505	0.412159	-0.579699	-0.67697	0.23933	0.44531	-0.534913	0.0134683	0.400448	0.220756	-0.889228	-0.458812	-0.391997	-0.251687	-0.756626	-0.734145	-0.0162756	-0.421794	-0.531842	-0.739154	-0.123891	0.617261	-0.239357	-0.502854	-0.60156	0.393047	-0.480393	-0.167481	-0.722147	0.188461	-0.644155	-0.43285	-0.585649	0.480188	-0.488953
-0.447012	-0.58202	0.439506	-0.517945	-0.463917	-0.524239	0.410531	-0.584311	-0.669514	0.239183	0.450967	-0.539602	0.0228325	0.404958	0.221456	-0.886818	-0.459427	-0.386947	-0.256266	-0.757316	-0.733745	-0.0110302	-0.419093	-0.534657	-0.73548	-0.126542	0.621887	-0.237305	-0.495198	-0.605168	0.390628	-0.485758	-0.167857	-0.713094	0.198316	-0.651147	-0.421759	-0.583583	0.484847	-0.49646
-0.437129	-0.58289	0.44211	-0.52316	-0.464687	-0.521763	0.409279	-0.586788	-0.661134	0.236184	0.461012	-0.542758	0.0330965	0.410909	0.226992	-0.882345	-0.459176	-0.38534	-0.259827	-0.757074	-0.73316	-0.0079184	-0.418419	-0.53604	-0.728777	-0.129115	0.63083	-0.232952	-0.4847	-0.603655	0.400366	-0.490279	-0.164748	-0.704733	0.200853	-0.660203	-0.404617	-0.582688	0.487955	-0.508586
-0.421116	-0.593424	0.436465	-0.529158	-0.46089	-0.524347	0.411325	-0.586048	-0.656112	0.224413	0.475894	-0.541	0.0390112	0.416284	0.243843	-0.875058	-0.453513	-0.397531	-0.257041	-0.755132	-0.731262	-0.0165782	-0.422832	-0.534971	-0.726974	-0.116733	0.635434	-0.232607	-0.475324	-0.600692	0.408661	-0.496218	-0.162517	-0.696253	0.204981	-0.668433	-0.39068	-0.578756	0.494175	-0.517882
-0.422399	-0.592749	0.430697	-0.533598	-0.462504	-0.51717	0.420064	-0.584955	-0.654113	0.22191	0.480541	-0.540345	0.0393575	0.418766	0.248453	-0.872558	-0.455443	-0.4013	-0.250007	-0.754338	-0.734115	-0.0259792	-0.419462	-0.53334	-0.722496	-0.118061	0.641688	-0.228689	-0.474845	-0.591354	0.421033	-0.497548	-0.155561	-0.694255	0.193766	-0.675474	-0.381692	-0.579119	0.491976	-0.526205
-0.415536	-0.602956	0.432076	-0.526388	-0.462268	-0.515105	0.423859	-0.584225	-0.64881	0.225914	0.486748	-0.539523	0.0458149	0.42447	0.247747	-0.869683	-0.47185	-0.398846	-0.233602	-0.750806	-0.739939	-0.0340744	-0.411206	-0.531261	-0.716492	-0.127694	0.644342	-0.234855	-0.473553	-0.585256	0.431525	-0.497	-0.139019	-0.689554	0.163437	-0.69172	-0.358399	-0.579937	0.477498	-0.554274
-0.412944	-0.60442	0.431645	-0.527101	-0.461531	-0.514765	0.426056	-0.583508	-0.647615	0.226154	0.487468	-0.540208	0.0485297	0.424199	0.247992	-0.869598	-0.475609	-0.398904	-0.229063	-0.749801	-0.742196	-0.0358529	-0.408089	-0.530399	-0.714379	-0.128465	0.646041	-0.236199	-0.472037	-0.583496	0.435863	-0.496727	-0.137778	-0.68648	0.169779	-0.693497	-0.354379	-0.578678	0.475789	-0.559618
-0.410723	-0.605678	0.432832	-0.526419	-0.461396	-0.512799	0.429391	-0.582901	-0.64708	0.226397	0.487622	-0.540608	0.0493525	0.423833	0.24805	-0.869713	-0.479089	-0.39867	-0.22468	-0.749036	-0.744555	-0.037672	-0.4059	-0.528643	-0.713315	-0.126797	0.647848	-0.235364	-0.47386	-0.578959	0.442738	-0.494214	-0.137469	-0.684788	0.166384	-0.696049	-0.35066	-0.578021	0.474143	-0.564019
-0.409697	-0.605977	0.435375	-0.524774	-0.461731	-0.507656	0.435894	-0.582312	-0.647353	0.226442	0.487863	-0.540045	0.0488149	0.423714	0.248401	-0.869701	-0.481673	-0.397974	-0.221642	-0.748654	-0.749543	-0.0400021	-0.401495	-0.524774	-0.712278	-0.12566	0.649522	-0.2345	-0.472231	-0.576959	0.447664	-0.493673	-0.135672	-0.683607	0.163051	-0.698347	-0.34721	-0.577883	0.472413	-0.567734
-0.408181	-0.604174	0.440031	-0.524152	-0.461557	-0.506437	0.438502	-0.581552	-0.648528	0.225624	0.488379	-0.538508	0.0468548	0.423331	0.250067	-0.869518	-0.485986	-0.396364	-0.216092	-0.748343	-0.751272	-0.0402695	-0.400314	-0.52318	-0.709738	-0.130029	0.650101	-0.23819	-0.471375	-0.576798	0.448935	-0.493526	-0.131885	-0.68253	0.158546	-0.701158	-0.343472	-0.577204	0.470849	-0.571982
-0.405856	-0.602039	0.441512	-0.52716	-0.461432	-0.504354	0.442983	-0.580064	-0.65056	0.228307	0.487313	-0.535887	0.0439112	0.423948	0.248031	-0.869954	-0.489484	-0.395645	-0.21288	-0.747363	-0.753217	-0.0411764	-0.399674	-0.520797	-0.708868	-0.133279	0.649961	-0.239359	-0.472539	-0.574956	0.451805	-0.491939	-0.130468	-0.681314	0.159431	-0.702404	-0.341474	-0.576814	0.46864	-0.575376
-0.405884	-0.599557	0.444824	-0.527182	-0.461243	-0.501914	0.446206	-0.57986	-0.652307	0.231592	0.485847	-0.533679	0.0417568	0.42447	0.245102	-0.870636	-0.491747	-0.39515	-0.21095	-0.746687	-0.754257	-0.0425099	-0.39909	-0.519631	-0.708971	-0.133417	0.65013	-0.238519	-0.4728	-0.574909	0.452786	-0.490841	-0.125378	-0.682353	0.155181	-0.703273	-0.33698	-0.579032	0.461838	-0.581268
-0.405798	-0.597321	0.446378	-0.528472	-0.460258	-0.500995	0.448251	-0.57986	-0.652884	0.234173	0.484916	-0.532693	0.0401407	0.42533	0.242625	-0.870986	-0.492335	-0.394557	-0.209964	-0.746891	-0.75565	-0.0438629	-0.39647	-0.5195	-0.708778	-0.135195	0.649569	-0.239614	-0.47184	-0.576338	0.451767	-0.491028	-0.123321	-0.683155	0.15365	-0.703194	-0.33624	-0.579893	0.459437	-0.582739
-0.405903	-0.595544	0.445154	-0.531421	-0.458601	-0.501212	0.44891	-0.580475	-0.652779	0.235527	0.484422	-0.532675	0.0398974	0.425694	0.241221	-0.871209	-0.493345	-0.392682	-0.207529	-0.747893	-0.756596	-0.0448539	-0.393742	-0.520113	-0.70906	-0.138196	0.648376	-0.2403	-0.472538	-0.577014	0.450356	-0.490858	-0.12169	-0.684181	0.152777	-0.702671	-0.336827	-0.580438	0.458311	-0.582743
-0.406083	-0.595044	0.445155	-0.531843	-0.45787	-0.501251	0.448977	-0.580966	-0.652779	0.235527	0.484422	-0.532675	0.0401427	0.425879	0.240799	-0.871224	-0.493111	-0.391957	-0.207109	-0.748543	-0.756596	-0.0448539	-0.393742	-0.520113	-0.70906	-0.138196	0.648376	-0.2403	-0.474002	-0.576238	0.450645	-0.490094	-0.120467	-0.68511	0.151463	-0.702261	-0.337112	-0.580691	0.457639	-0.582855
-0.4099	-0.592419	0.445307	-0.531718	-0.456259	-0.502032	0.448088	-0.582245	-0.652058	0.235278	0.48444	-0.53365	0.0407181	0.425288	0.2415	-0.871292	-0.491648	-0.390693	-0.207261	-0.750123	-0.75666	-0.0431824	-0.390965	-0.522251	-0.709814	-0.140005	0.647428	-0.239581	-0.475318	-0.576721	0.44905	-0.489715	-0.118483	-0.686713	0.149199	-0.701517	-0.338287	-0.58132	0.4562	-0.582675
-0.410395	-0.592073	0.445039	-0.531946	-0.455951	-0.50251	0.447416	-0.58259	-0.652172	0.234444	0.484139	-0.534151	0.0409052	0.424548	0.241939	-0.871522	-0.48977	-0.38993	-0.208252	-0.751473	-0.755984	-0.0428882	-0.390942	-0.523271	-0.709814	-0.140005	0.647428	-0.239581	-0.475474	-0.576976	0.448361	-0.489893	-0.118483	-0.686713	0.149199	-0.701517	-0.33878	-0.581387	0.455907	-0.582551
-0.410482	-0.592188	0.44489	-0.531874	-0.45581	-0.502995	0.445781	-0.583535	-0.652356	0.233657	0.483082	-0.535227	0.0409289	0.423169	0.242108	-0.872145	-0.488771	-0.389996	-0.208957	-0.751893	-0.753856	-0.0427578	-0.391379	-0.526018	-0.709909	-0.140737	0.647065	-0.239854	-0.475576	-0.577521	0.446911	-0.490476	-0.117983	-0.687581	0.148124	-0.700979	-0.339857	-0.581225	0.455772	-0.582191
-0.410704	-0.592213	0.444846	-0.531712	-0.455673	-0.503644	0.445096	-0.583605	-0.652457	0.233442	0.482371	-0.535839	0.0413147	0.422304	0.241822	-0.872625	-0.486686	-0.390372	-0.211015	-0.752475	-0.752596	-0.0426147	-0.392072	-0.527317	-0.709989	-0.140778	0.64694	-0.239929	-0.476004	-0.577359	0.446603	-0.490533	-0.117662	-0.688203	0.147219	-0.700613	-0.340218	-0.581212	0.455662	-0.582079
-0.410584	-0.593049	0.444285	-0.531342	-0.455327	-0.506069	0.442835	-0.583497	-0.652886	0.232465	0.480154	-0.537729	0.0420135	0.419538	0.241518	-0.874009	-0.483405	-0.39214	-0.213781	-0.75289	-0.748843	-0.0420894	-0.395437	-0.530182	-0.710224	-0.140809	0.646621	-0.240074	-0.476911	-0.576948	0.445583	-0.491063	-0.117944	-0.688746	0.147332	-0.700008	-0.341687	-0.580557	0.456041	-0.581576
-0.411036	-0.593051	0.444129	-0.531121	-0.455066	-0.50711	0.442171	-0.583301	-0.653016	0.231846	0.479515	-0.538408	0.0422553	0.418619	0.241703	-0.874387	-0.482345	-0.392792	-0.214794	-0.752942	-0.747763	-0.0420434	-0.39667	-0.530788	-0.710141	-0.140416	0.64693	-0.239718	-0.477394	-0.576571	0.44556	-0.491057	-0.118209	-0.688798	0.147341	-0.69991	-0.341976	-0.5804	0.45625	-0.581398
-0.411519	-0.593468	0.443195	-0.531061	-0.45512	-0.508722	0.441149	-0.582629	-0.653335	0.231143	0.478376	-0.539335	0.0424823	0.417125	0.24179	-0.875065	-0.480265	-0.39406	-0.216724	-0.753056	-0.745945	-0.0415706	-0.399039	-0.531607	-0.710119	-0.14031	0.646826	-0.240123	-0.477162	-0.576698	0.444785	-0.491836	-0.118403	-0.688795	0.146666	-0.700022	-0.342199	-0.580192	0.456405	-0.581353
-0.411519	-0.593468	0.443195	-0.531061	-0.45512	-0.508722	0.441149	-0.582629	-0.653335	0.231143	0.478376	-0.539335	0.0424823	0.417125	0.24179	-0.875065	-0.480265	-0.39406	-0.216724	-0.753056	-0.745945	-0.0415706	-0.399039	-0.531607	-0.710119	-0.14031	0.646826	-0.240123	-0.477162	-0.576698	0.444785	-0.491836	-0.118403	-0.688795	0.146666	-0.700022	-0.342199	-0.580192	0.456405	-0.581353
-0.41246	-0.59365	0.442337	-0.530843	-0.455008	-0.51034	0.440252	-0.581978	-0.653591	0.230071	0.47754	-0.540223	0.0425875	0.415875	0.242155	-0.875554	-0.47853	-0.395156	-0.217926	-0.753239	-0.744256	-0.0413319	-0.401006	-0.532512	-0.709745	-0.140832	0.646771	-0.24107	-0.476717	-0.576912	0.444025	-0.492701	-0.11822	-0.688871	0.145502	-0.700221	-0.342181	-0.579938	0.45627	-0.581723
-0.412807	-0.593754	0.441755	-0.530941	-0.455035	-0.510997	0.439578	-0.58189	-0.653724	0.229643	0.477108	-0.540626	0.0425274	0.415388	0.242193	-0.875778	-0.477678	-0.395556	-0.218669	-0.753354	-0.743588	-0.0412836	-0.401601	-0.533001	-0.709641	-0.140798	0.646875	-0.241119	-0.476599	-0.576928	0.443674	-0.493115	-0.118063	-0.688958	0.144724	-0.700323	-0.342126	-0.579783	0.4562	-0.581965
-0.41336	-0.593927	0.441167	-0.530807	-0.455366	-0.511953	0.438089	-0.581915	-0.653785	0.229129	0.476126	-0.541637	0.0424909	0.41442	0.242019	-0.876286	-0.476114	-0.396145	-0.220116	-0.753613	-0.742368	-0.0412312	-0.402478	-0.534042	-0.709432	-0.140691	0.646984	-0.241505	-0.476237	-0.577046	0.442821	-0.494091	-0.118399	-0.688805	0.144275	-0.70051	-0.342202	-0.579481	0.456201	-0.582221
-0.414427	-0.59356	0.440955	-0.530561	-0.455655	-0.512798	0.436912	-0.581829	-0.653655	0.229376	0.475013	-0.542664	0.0433524	0.413414	0.241188	-0.876948	-0.474776	-0.396656	-0.221481	-0.753789	-0.741222	-0.0408083	-0.403523	-0.534877	-0.709074	-0.140632	0.647413	-0.241439	-0.475282	-0.577754	0.441224	-0.495609	-0.118702	-0.688736	0.143918	-0.7006	-0.342429	-0.579146	0.456391	-0.582271
-0.414758	-0.593516	0.440846	-0.530443	-0.455884	-0.513044	0.436391	-0.581824	-0.653666	0.229528	0.474402	-0.543121	0.0433524	0.413414	0.241188	-0.876948	-0.474776	-0.396656	-0.221481	-0.753789	-0.740674	-0.0404825	-0.404177	-0.535168	-0.709023	-0.140491	0.6475	-0.241437	-0.474975	-0.577996	0.440646	-0.496136	-0.118702	-0.688736	0.143918	-0.7006	-0.342429	-0.579146	0.456391	-0.582271
-0.414989	-0.593512	0.440699	-0.530388	-0.456221	-0.513087	0.43586	-0.581919	-0.653744	0.229601	0.473876	-0.543456	0.0433519	0.412574	0.240256	-0.877599	-0.473714	-0.396985	-0.222993	-0.753838	-0.740229	-0.0401453	-0.404779	-0.535353	-0.708863	-0.140444	0.647585	-0.241706	-0.474605	-0.578303	0.440087	-0.496629	-0.119224	-0.688648	0.143435	-0.700697	-0.34227	-0.579031	0.456218	-0.582615
-0.415484	-0.593504	0.440278	-0.53036	-0.456573	-0.513461	0.434855	-0.582066	-0.654098	0.229773	0.472946	-0.543767	0.0430985	0.412263	0.239932	-0.877846	-0.473315	-0.396978	-0.223709	-0.75388	-0.739627	-0.0389852	-0.405775	-0.535517	-0.708397	-0.140786	0.647673	-0.242636	-0.47437	-0.578446	0.439554	-0.497157	-0.119507	-0.688407	0.143065	-0.700961	-0.341549	-0.579283	0.455583	-0.583283
-0.415745	-0.593453	0.439852	-0.530565	-0.456593	-0.513773	0.434318	-0.582175	-0.654257	0.229967	0.47263	-0.543768	0.0430484	0.411731	0.239352	-0.878257	-0.47281	-0.39663	-0.224669	-0.754095	-0.739421	-0.038333	-0.406161	-0.535556	-0.70809	-0.14088	0.647913	-0.242839	-0.474387	-0.578409	0.43933	-0.497382	-0.120767	-0.688034	0.142996	-0.701126	-0.340987	-0.579522	0.455082	-0.583765
-0.416219	-0.5935	0.439186	-0.530693	-0.456514	-0.514163	0.433335	-0.582625	-0.654329	0.229919	0.472252	-0.544031	0.0430984	0.41132	0.239257	-0.878473	-0.471804	-0.396439	-0.225662	-0.754529	-0.739164	-0.037175	-0.406889	-0.535441	-0.7076	-0.141634	0.647916	-0.243819	-0.473972	-0.578699	0.438585	-0.498097	-0.121222	-0.687481	0.142031	-0.701785	-0.339732	-0.580046	0.453749	-0.585014
-0.417001	-0.593382	0.438605	-0.530691	-0.45578	-0.515104	0.431618	-0.583642	-0.653847	0.229435	0.472156	-0.544896	0.0439751	0.410831	0.239508	-0.87859	-0.4707	-0.396008	-0.226435	-0.755213	-0.738678	-0.0354917	-0.407279	-0.535928	-0.707932	-0.141478	0.647596	-0.243796	-0.474244	-0.578452	0.438034	-0.49861	-0.12104	-0.687516	0.141457	-0.701898	-0.338464	-0.580575	0.452104	-0.586495
