FULLBODY	1																																						
Frames:	131																																						
-0.434739	-0.594034	0.420837	-0.530115	-0.410944	-0.560243	0.416092	-0.586618	-0.7175	-0.168219	0.605451	-0.300542	-0.683248	-0.0529915	0.676095	-0.270663	-0.110173	-0.645053	0.014572	-0.756013	-0.181473	-0.646299	-0.00813687	-0.741147	-0.669528	-0.16188	0.693327	-0.211719	-0.418613	-0.592568	0.464851	-0.507484	-0.149266	-0.734935	0.197348	-0.631383	-0.375096	-0.633755	0.445256	-0.509318
-0.431735	-0.592647	0.398848	-0.550722	-0.399317	-0.566816	0.391899	-0.604716	-0.711739	-0.193493	0.597808	-0.314029	-0.677911	-0.0932067	0.671207	-0.285008	-0.06826	-0.648235	-0.011766	-0.758283	-0.159715	-0.647005	-0.0444984	-0.744241	-0.674494	-0.174361	0.686278	-0.208994	-0.436173	-0.58087	0.481898	-0.490017	-0.132505	-0.740981	0.182187	-0.632611	-0.367002	-0.641907	0.438817	-0.510593
-0.431735	-0.592647	0.398848	-0.550722	-0.399317	-0.566816	0.391899	-0.604716	-0.711739	-0.193493	0.597808	-0.314029	-0.677911	-0.0932067	0.671207	-0.285008	-0.06826	-0.648235	-0.011766	-0.758283	-0.159715	-0.647005	-0.0444984	-0.744241	-0.674494	-0.174361	0.686278	-0.208994	-0.436173	-0.58087	0.481898	-0.490017	-0.132505	-0.740981	0.182187	-0.632611	-0.367002	-0.641907	0.438817	-0.510593
-0.431934	-0.592636	0.399293	-0.550255	-0.399495	-0.567262	0.393262	-0.603293	-0.712063	-0.194183	0.597643	-0.31318	-0.677745	-0.0938978	0.671275	-0.285017	-0.0665226	-0.648476	-0.0106174	-0.758248	-0.153183	-0.649501	-0.039677	-0.743713	-0.674549	-0.173981	0.686372	-0.208823	-0.436404	-0.580589	0.481941	-0.490103	-0.132856	-0.740823	0.182439	-0.63265	-0.367178	-0.64181	0.438994	-0.510436
-0.432355	-0.592547	0.400236	-0.549334	-0.399432	-0.567728	0.393863	-0.602504	-0.71265	-0.194003	0.598178	-0.310928	-0.677784	-0.0928935	0.671898	-0.283785	-0.0628443	-0.649189	-0.00860518	-0.757977	-0.149137	-0.650795	-0.0373013	-0.743527	-0.674769	-0.172999	0.686554	-0.208331	-0.436485	-0.580471	0.481891	-0.49022	-0.133243	-0.74057	0.182843	-0.632748	-0.367555	-0.641571	0.439239	-0.510254
-0.432499	-0.592494	0.400509	-0.549079	-0.399455	-0.568027	0.394414	-0.601845	-0.712745	-0.193733	0.598647	-0.309973	-0.677812	-0.0920915	0.672267	-0.283104	-0.0611567	-0.649643	-0.0074751	-0.757739	-0.141239	-0.653157	-0.0323476	-0.74323	-0.674737	-0.172809	0.686639	-0.208313	-0.436755	-0.58011	0.481795	-0.4905	-0.133455	-0.740464	0.183127	-0.632746	-0.367599	-0.641498	0.439211	-0.510338
-0.432827	-0.592373	0.400814	-0.548729	-0.399544	-0.568173	0.394782	-0.601408	-0.712557	-0.19394	0.598957	-0.309679	-0.677712	-0.0914596	0.672575	-0.282814	-0.0596658	-0.649999	-0.00646384	-0.757561	-0.141239	-0.653157	-0.0323476	-0.74323	-0.674814	-0.172457	0.686708	-0.208127	-0.436755	-0.58011	0.481795	-0.4905	-0.133597	-0.740296	0.183245	-0.632879	-0.367665	-0.641411	0.439211	-0.5104
-0.433499	-0.592311	0.401651	-0.547651	-0.399475	-0.568779	0.395265	-0.600562	-0.712154	-0.194229	0.599333	-0.309697	-0.677217	-0.0899417	0.67322	-0.282953	-0.0568566	-0.650408	-0.00522153	-0.757436	-0.134589	-0.654843	-0.0282146	-0.743149	-0.67512	-0.171445	0.686899	-0.207339	-0.436984	-0.57985	0.481599	-0.490797	-0.133787	-0.739973	0.183498	-0.633143	-0.367936	-0.641155	0.439317	-0.510434
-0.434359	-0.591808	0.401947	-0.547297	-0.39941	-0.569595	0.395895	-0.599417	-0.711732	-0.193975	0.59985	-0.309825	-0.676938	-0.0870786	0.673866	-0.282979	-0.0547369	-0.650542	-0.00446396	-0.757482	-0.129581	-0.655678	-0.0256561	-0.743395	-0.675024	-0.171086	0.687118	-0.207221	-0.437033	-0.579682	0.481465	-0.491083	-0.134195	-0.739809	0.184234	-0.633035	-0.368055	-0.640942	0.4393	-0.510631
-0.434942	-0.591468	0.401985	-0.547173	-0.399293	-0.57029	0.396301	-0.598566	-0.711275	-0.193456	0.600176	-0.310567	-0.676867	-0.0839279	0.674148	-0.283429	-0.0540784	-0.650434	-0.00409967	-0.757624	-0.127367	-0.655484	-0.0237774	-0.744012	-0.674988	-0.170879	0.687158	-0.207377	-0.436969	-0.579578	0.481428	-0.491298	-0.134399	-0.739704	0.184215	-0.633119	-0.368117	-0.640785	0.43937	-0.510724
-0.435249	-0.591317	0.401693	-0.547308	-0.399108	-0.570838	0.39658	-0.597981	-0.711207	-0.192905	0.599786	-0.311816	-0.676493	-0.0819844	0.674022	-0.285185	-0.05494	-0.650293	-0.00434959	-0.757681	-0.128403	-0.654105	-0.02426	-0.745031	-0.675024	-0.170749	0.687068	-0.207664	-0.43663	-0.579665	0.481159	-0.49176	-0.13428	-0.739607	0.183698	-0.633407	-0.368066	-0.640751	0.439309	-0.510855
-0.435477	-0.591182	0.401474	-0.547432	-0.399305	-0.570858	0.396695	-0.597753	-0.71086	-0.193017	0.598875	-0.314277	-0.676134	-0.081359	0.673313	-0.287877	-0.0573959	-0.649978	-0.00522095	-0.757765	-0.130098	-0.6534	-0.0248664	-0.745335	-0.674941	-0.170849	0.687062	-0.207874	-0.436512	-0.579694	0.481034	-0.491955	-0.134094	-0.739367	0.183146	-0.633887	-0.368016	-0.640709	0.439293	-0.510958
-0.435477	-0.591182	0.401474	-0.547432	-0.399305	-0.570858	0.396695	-0.597753	-0.71086	-0.193017	0.598875	-0.314277	-0.676134	-0.081359	0.673313	-0.287877	-0.0573959	-0.649978	-0.00522095	-0.757765	-0.130098	-0.6534	-0.0248664	-0.745335	-0.674941	-0.170849	0.687062	-0.207874	-0.436512	-0.579694	0.481034	-0.491955	-0.134094	-0.739367	0.183146	-0.633887	-0.368016	-0.640709	0.439293	-0.510958
-0.435607	-0.591075	0.401405	-0.547495	-0.399524	-0.570682	0.396734	-0.59775	-0.710818	-0.192948	0.598215	-0.31567	-0.675656	-0.0810463	0.673238	-0.289259	-0.0591058	-0.649837	-0.00591081	-0.757749	-0.134918	-0.651942	-0.0265467	-0.745697	-0.674916	-0.170944	0.687002	-0.208075	-0.436506	-0.579654	0.480915	-0.492123	-0.134044	-0.739275	0.183116	-0.634014	-0.367938	-0.64071	0.439245	-0.511054
-0.435923	-0.590776	0.401369	-0.547594	-0.400155	-0.570099	0.396994	-0.597711	-0.711415	-0.192289	0.597019	-0.316989	-0.673718	-0.0775601	0.674509	-0.291763	-0.0650862	-0.649175	-0.00628768	-0.757824	-0.138784	-0.651325	-0.0267427	-0.745519	-0.67503	-0.170649	0.68705	-0.207787	-0.436586	-0.579615	0.480833	-0.492177	-0.134233	-0.739099	0.183202	-0.634154	-0.367977	-0.640661	0.4394	-0.510955
-0.436337	-0.590366	0.401462	-0.547636	-0.401012	-0.569071	0.397577	-0.597729	-0.713451	-0.189578	0.595658	-0.316605	-0.669427	-0.0655552	0.677613	-0.29734	-0.0744701	-0.64758	-0.00502954	-0.758333	-0.148863	-0.649131	-0.0267538	-0.745488	-0.675219	-0.170736	0.686806	-0.207911	-0.436835	-0.579499	0.480681	-0.492241	-0.134322	-0.738975	0.183109	-0.634307	-0.368176	-0.640628	0.439773	-0.510532
-0.43693	-0.589704	0.401708	-0.547697	-0.403199	-0.56699	0.399387	-0.597029	-0.717834	-0.181781	0.594786	-0.31289	-0.664385	-0.039064	0.680021	-0.307632	-0.0860103	-0.64418	-0.00490715	-0.760007	-0.161619	-0.643412	-0.0315581	-0.747599	-0.675467	-0.170101	0.686808	-0.207617	-0.43704	-0.579446	0.480492	-0.492307	-0.134504	-0.73893	0.182966	-0.634362	-0.368748	-0.640435	0.440371	-0.509844
-0.437982	-0.58864	0.402288	-0.547576	-0.4055	-0.564873	0.40129	-0.596201	-0.724724	-0.165901	0.593478	-0.308278	-0.655224	0.000458315	0.680637	-0.327742	-0.0936402	-0.640643	-0.00514789	-0.76209	-0.181855	-0.630781	-0.0405597	-0.753259	-0.675872	-0.168745	0.686868	-0.207205	-0.437298	-0.579354	0.480266	-0.492406	-0.136051	-0.738732	0.18394	-0.63398	-0.369924	-0.639998	0.441431	-0.508623
-0.438759	-0.587822	0.402517	-0.547664	-0.407054	-0.563589	0.40258	-0.595486	-0.728306	-0.157148	0.591382	-0.308452	-0.64909	0.0220275	0.678749	-0.342777	-0.110474	-0.630403	-0.00925471	-0.768311	-0.195298	-0.621963	-0.0467034	-0.756862	-0.676064	-0.168084	0.686858	-0.207151	-0.437583	-0.579193	0.480229	-0.492378	-0.136944	-0.738636	0.184477	-0.633744	-0.370524	-0.639794	0.441943	-0.507998
-0.440867	-0.585818	0.403352	-0.547504	-0.409619	-0.560722	0.404578	-0.59508	-0.73418	-0.138203	0.585964	-0.313887	-0.633348	0.0667631	0.669598	-0.382167	-0.132467	-0.615961	-0.0177655	-0.776356	-0.225436	-0.597392	-0.065582	-0.766812	-0.676691	-0.165861	0.686981	-0.206487	-0.438432	-0.57865	0.480292	-0.492201	-0.138597	-0.738625	0.185239	-0.633175	-0.371675	-0.639422	0.442735	-0.506935
-0.44274	-0.584186	0.403993	-0.547264	-0.412472	-0.557328	0.406005	-0.595326	-0.739479	-0.115824	0.5784	-0.324358	-0.612485	0.11353	0.654324	-0.428758	-0.153144	-0.5989	-0.0375702	-0.785146	-0.260839	-0.566212	-0.0904638	-0.776648	-0.677244	-0.163535	0.68715	-0.205964	-0.439294	-0.578092	0.480306	-0.492074	-0.140567	-0.738412	0.186216	-0.632702	-0.372877	-0.638984	0.443352	-0.506064
-0.443676	-0.583422	0.404379	-0.547036	-0.413649	-0.556084	0.406397	-0.595404	-0.741685	-0.103675	0.574364	-0.330547	-0.599467	0.138599	0.644656	-0.453705	-0.163939	-0.589495	-0.0493194	-0.789422	-0.280213	-0.547692	-0.10505	-0.781332	-0.677568	-0.162544	0.687112	-0.205813	-0.439706	-0.57788	0.480229	-0.49203	-0.141396	-0.738366	0.186724	-0.632422	-0.373259	-0.638869	0.443332	-0.505946
-0.444314	-0.582866	0.404512	-0.547012	-0.414828	-0.55479	0.406731	-0.595563	-0.743797	-0.0903059	0.570286	-0.336726	-0.584871	0.16342	0.632977	-0.480167	-0.174564	-0.580109	-0.0620947	-0.793187	-0.300196	-0.527869	-0.1213	-0.78519	-0.677783	-0.161713	0.687119	-0.205736	-0.440151	-0.577649	0.480169	-0.491963	-0.142036	-0.738414	0.186981	-0.632146	-0.373658	-0.638739	0.443228	-0.505906
-0.445	-0.582341	0.404665	-0.546901	-0.415985	-0.553428	0.406795	-0.595979	-0.745863	-0.0765771	0.565215	-0.344031	-0.569071	0.18789	0.619529	-0.506991	-0.185182	-0.570641	-0.0752257	-0.796504	-0.32067	-0.506962	-0.138607	-0.788003	-0.678006	-0.160914	0.687093	-0.205712	-0.440715	-0.577301	0.480229	-0.491807	-0.142627	-0.738392	0.187107	-0.632002	-0.374002	-0.63866	0.443107	-0.505857
-0.445514	-0.582049	0.404898	-0.54662	-0.417264	-0.552005	0.406915	-0.596323	-0.745743	-0.064964	0.56024	-0.354652	-0.551259	0.211786	0.604869	-0.534222	-0.195963	-0.561202	-0.0884126	-0.799271	-0.341662	-0.484586	-0.156634	-0.78988	-0.678261	-0.160264	0.686954	-0.205847	-0.441182	-0.577058	0.480178	-0.491723	-0.143209	-0.738328	0.187128	-0.631938	-0.374358	-0.638572	0.443047	-0.505758
-0.446653	-0.581239	0.40541	-0.546173	-0.419556	-0.54958	0.407117	-0.596817	-0.745911	-0.0364894	0.550299	-0.373438	-0.531424	0.234958	0.589055	-0.561603	-0.206897	-0.551585	-0.101492	-0.801653	-0.385304	-0.436994	-0.194114	-0.789238	-0.678935	-0.158507	0.686803	-0.205487	-0.442261	-0.576485	0.480324	-0.491283	-0.143617	-0.738341	0.187048	-0.631854	-0.374641	-0.638522	0.442877	-0.505762
-0.446653	-0.581239	0.40541	-0.546173	-0.419556	-0.54958	0.407117	-0.596817	-0.745911	-0.0364894	0.550299	-0.373438	-0.510614	0.256868	0.571244	-0.589044	-0.217649	-0.54226	-0.114912	-0.803354	-0.407095	-0.412525	-0.212299	-0.786782	-0.678935	-0.158507	0.686803	-0.205487	-0.442727	-0.576217	0.480399	-0.491105	-0.143991	-0.73843	0.187299	-0.631591	-0.37476	-0.638554	0.442502	-0.50596
-0.447768	-0.580462	0.406014	-0.545638	-0.421749	-0.547065	0.40638	-0.598083	-0.745663	-0.00474809	0.538465	-0.392453	-0.466002	0.297001	0.530975	-0.642416	-0.239342	-0.523446	-0.141413	-0.805433	-0.429015	-0.387339	-0.22949	-0.783102	-0.679348	-0.157518	0.686578	-0.20563	-0.443149	-0.575983	0.480456	-0.490943	-0.144825	-0.73854	0.18775	-0.631137	-0.375165	-0.638558	0.442123	-0.505986
-0.448064	-0.58054	0.406973	-0.544596	-0.42418	-0.544168	0.405355	-0.599699	-0.741233	0.0260133	0.527253	-0.414609	-0.441285	0.315799	0.510788	-0.666809	-0.251112	-0.513554	-0.153023	-0.806095	-0.471794	-0.335871	-0.261049	-0.772304	-0.6799	-0.156406	0.686426	-0.205163	-0.443744	-0.575795	0.48028	-0.490797	-0.145258	-0.738491	0.187734	-0.631099	-0.375641	-0.638604	0.442009	-0.505674
-0.448093	-0.580651	0.407371	-0.544156	-0.425403	-0.5426	0.405088	-0.600434	-0.738742	0.0409523	0.520642	-0.426046	-0.391118	0.347453	0.464938	-0.714238	-0.278263	-0.492433	-0.170614	-0.806828	-0.492172	-0.310366	-0.275276	-0.765286	-0.679995	-0.156597	0.686178	-0.205532	-0.44407	-0.575662	0.480256	-0.490682	-0.145335	-0.738756	0.187577	-0.630819	-0.375602	-0.638764	0.441652	-0.505813
-0.448093	-0.580651	0.407371	-0.544156	-0.425403	-0.5426	0.405088	-0.600434	-0.738742	0.0409523	0.520642	-0.426046	-0.391118	0.347453	0.464938	-0.714238	-0.278263	-0.492433	-0.170614	-0.806828	-0.492172	-0.310366	-0.275276	-0.765286	-0.679995	-0.156597	0.686178	-0.205532	-0.44407	-0.575662	0.480256	-0.490682	-0.145335	-0.738756	0.187577	-0.630819	-0.375602	-0.638764	0.441652	-0.505813
-0.448248	-0.580886	0.408101	-0.543231	-0.427991	-0.539185	0.405232	-0.601573	-0.732421	0.0720117	0.507814	-0.447771	-0.364793	0.360951	0.442335	-0.735514	-0.291751	-0.482107	-0.178764	-0.806535	-0.530633	-0.259601	-0.297828	-0.74989	-0.680299	-0.156581	0.68584	-0.205669	-0.444509	-0.575597	0.480059	-0.490554	-0.145199	-0.738888	0.187232	-0.630798	-0.375661	-0.638865	0.441411	-0.505852
-0.448573	-0.580801	0.408633	-0.542652	-0.42916	-0.537405	0.405653	-0.602049	-0.728819	0.0870593	0.50144	-0.458041	-0.310933	0.384083	0.397695	-0.773071	-0.318098	-0.460875	-0.192535	-0.805815	-0.548635	-0.235083	-0.307697	-0.740984	-0.680589	-0.156198	0.68575	-0.2053	-0.444838	-0.575508	0.480029	-0.49039	-0.145278	-0.738892	0.186904	-0.630873	-0.375825	-0.639084	0.441196	-0.505642
-0.448573	-0.580801	0.408633	-0.542652	-0.42916	-0.537405	0.405653	-0.602049	-0.728819	0.0870593	0.50144	-0.458041	-0.310933	0.384083	0.397695	-0.773071	-0.318098	-0.460875	-0.192535	-0.805815	-0.548635	-0.235083	-0.307697	-0.740984	-0.680589	-0.156198	0.68575	-0.2053	-0.444838	-0.575508	0.480029	-0.49039	-0.145278	-0.738892	0.186904	-0.630873	-0.375825	-0.639084	0.441196	-0.505642
-0.449382	-0.580605	0.409987	-0.54117	-0.431532	-0.533539	0.40721	-0.602741	-0.720689	0.118262	0.489547	-0.476409	-0.284896	0.393561	0.374026	-0.789968	-0.329574	-0.45053	-0.200204	-0.805185	-0.580949	-0.190257	-0.325797	-0.721219	-0.681134	-0.155314	0.685625	-0.204581	-0.44513	-0.575441	0.479999	-0.490232	-0.145216	-0.738956	0.187015	-0.630778	-0.375717	-0.639304	0.440928	-0.505677
-0.449629	-0.580661	0.410802	-0.540285	-0.432897	-0.531443	0.408249	-0.60291	-0.716104	0.132509	0.483454	-0.485704	-0.233322	0.409526	0.329864	-0.817948	-0.351064	-0.431535	-0.214204	-0.8029	-0.595275	-0.169225	-0.333982	-0.710962	-0.681523	-0.154721	0.685507	-0.204128	-0.446029	-0.575015	0.480257	-0.489662	-0.145585	-0.739031	0.187538	-0.630451	-0.375914	-0.639561	0.441007	-0.505136
-0.449629	-0.580661	0.410802	-0.540285	-0.432897	-0.531443	0.408249	-0.60291	-0.716104	0.132509	0.483454	-0.485704	-0.233322	0.409526	0.329864	-0.817948	-0.351064	-0.431535	-0.214204	-0.8029	-0.595275	-0.169225	-0.333982	-0.710962	-0.681523	-0.154721	0.685507	-0.204128	-0.446029	-0.575015	0.480257	-0.489662	-0.145585	-0.739031	0.187538	-0.630451	-0.375914	-0.639561	0.441007	-0.505136
-0.450291	-0.580593	0.413562	-0.537695	-0.437801	-0.524516	0.411087	-0.603507	-0.706787	0.160913	0.472538	-0.501265	-0.164819	0.423835	0.271455	-0.84824	-0.379368	-0.40717	-0.233402	-0.797381	-0.620568	-0.130599	-0.348053	-0.690434	-0.682376	-0.15311	0.685427	-0.202755	-0.447091	-0.574511	0.480617	-0.488931	-0.147247	-0.739013	0.19057	-0.629175	-0.37683	-0.639521	0.44182	-0.503794
-0.450291	-0.580593	0.413562	-0.537695	-0.439256	-0.522568	0.411881	-0.603598	-0.697525	0.18504	0.462506	-0.515079	-0.164819	0.423835	0.271455	-0.84824	-0.379368	-0.40717	-0.233402	-0.797381	-0.641158	-0.100159	-0.359638	-0.670481	-0.683225	-0.151082	0.685571	-0.200922	-0.448106	-0.574012	0.481026	-0.488186	-0.147247	-0.739013	0.19057	-0.629175	-0.37683	-0.639521	0.44182	-0.503794
-0.450387	-0.580707	0.414677	-0.536633	-0.440067	-0.521046	0.41258	-0.603846	-0.697525	0.18504	0.462506	-0.515079	-0.144791	0.426397	0.255521	-0.855529	-0.387477	-0.400515	-0.239687	-0.794984	-0.64994	-0.0884904	-0.364144	-0.661171	-0.683647	-0.149954	0.685662	-0.200018	-0.44851	-0.573841	0.481287	-0.487759	-0.148011	-0.738967	0.191866	-0.628655	-0.376955	-0.639639	0.441971	-0.503417
-0.450682	-0.580872	0.416911	-0.53447	-0.440803	-0.519442	0.413383	-0.604142	-0.68939	0.206886	0.454392	-0.52485	-0.108508	0.429037	0.23101	-0.86648	-0.404427	-0.387909	-0.248664	-0.79002	-0.658162	-0.0769804	-0.367799	-0.652396	-0.684042	-0.149138	0.685619	-0.199427	-0.448702	-0.573836	0.481395	-0.487481	-0.149342	-0.738876	0.193861	-0.627836	-0.377624	-0.639639	0.442698	-0.502276
-0.451509	-0.580025	0.418231	-0.533661	-0.442411	-0.516322	0.415629	-0.6041	-0.681122	0.22465	0.447331	-0.534322	-0.0931163	0.429157	0.220684	-0.870892	-0.412764	-0.3818	-0.250306	-0.788163	-0.674317	-0.0538927	-0.371942	-0.63565	-0.684464	-0.148245	0.685577	-0.198788	-0.448985	-0.573913	0.481672	-0.486855	-0.149841	-0.738977	0.194794	-0.627308	-0.377849	-0.639712	0.44293	-0.501808
-0.451498	-0.5798	0.418668	-0.533571	-0.443288	-0.514643	0.416841	-0.604054	-0.677163	0.232644	0.444536	-0.538252	-0.0655257	0.428373	0.203534	-0.877939	-0.426332	-0.371437	-0.252841	-0.785078	-0.682539	-0.0444642	-0.375513	-0.625422	-0.684833	-0.147441	0.685536	-0.198253	-0.448926	-0.57411	0.48174	-0.486611	-0.150385	-0.739322	0.195787	-0.626462	-0.378408	-0.639844	0.443367	-0.500832
-0.450459	-0.580354	0.420093	-0.532727	-0.444505	-0.512572	0.418924	-0.60348	-0.671057	0.246522	0.440073	-0.543365	-0.0528745	0.427328	0.196348	-0.880933	-0.431378	-0.3677	-0.253741	-0.783789	-0.700335	-0.0226636	-0.385332	-0.600447	-0.685296	-0.146265	0.685474	-0.197741	-0.44846	-0.574748	0.48177	-0.486257	-0.150755	-0.739485	0.19639	-0.625991	-0.378845	-0.639819	0.443668	-0.500266
-0.449656	-0.580936	0.420627	-0.532348	-0.444721	-0.512463	0.41954	-0.602985	-0.667894	0.253299	0.439178	-0.544867	-0.0272939	0.423657	0.188369	-0.8856	-0.438711	-0.363306	-0.256572	-0.78084	-0.709604	-0.011043	-0.391883	-0.585464	-0.685431	-0.146014	0.685374	-0.197803	-0.448183	-0.575089	0.481789	-0.486091	-0.151388	-0.739949	0.197726	-0.624869	-0.379733	-0.639717	0.444031	-0.499402
-0.447345	-0.582439	0.42089	-0.532446	-0.444994	-0.512266	0.420514	-0.602273	-0.662416	0.266528	0.437165	-0.546858	-0.000943297	0.41848	0.181345	-0.889937	-0.442155	-0.360676	-0.258251	-0.779563	-0.72689	0.0121321	-0.405738	-0.55395	-0.68579	-0.145826	0.68499	-0.198028	-0.44735	-0.576001	0.481627	-0.485938	-0.151565	-0.740616	0.198612	-0.623754	-0.380645	-0.639468	0.44419	-0.498884
-0.446216	-0.583279	0.421044	-0.532352	-0.444954	-0.512285	0.420483	-0.602307	-0.660013	0.271147	0.436346	-0.548147	0.0112559	0.415812	0.178249	-0.891741	-0.443275	-0.36027	-0.259066	-0.778844	-0.734103	0.0225464	-0.410975	-0.540078	-0.685754	-0.146371	0.68481	-0.198376	-0.446774	-0.576545	0.481404	-0.486044	-0.151691	-0.740833	0.199127	-0.623301	-0.380915	-0.639367	0.444034	-0.498946
-0.445153	-0.583916	0.42095	-0.532618	-0.444423	-0.51237	0.420352	-0.602718	-0.65554	0.27362	0.436262	-0.552337	0.0213339	0.413128	0.176684	-0.893114	-0.444273	-0.360409	-0.259753	-0.777981	-0.740803	0.040796	-0.416091	-0.525752	-0.685527	-0.147687	0.684461	-0.199387	-0.44548	-0.577699	0.480862	-0.486398	-0.15152	-0.741247	0.199421	-0.622757	-0.381068	-0.639282	0.443727	-0.499212
-0.443089	-0.584872	0.420346	-0.533767	-0.443578	-0.512559	0.419857	-0.603525	-0.653531	0.270682	0.437378	-0.555274	0.0319873	0.410833	0.177214	-0.893749	-0.448934	-0.358679	-0.260928	-0.775709	-0.740517	0.0422061	-0.416318	-0.525864	-0.685421	-0.148182	0.684333	-0.199823	-0.444626	-0.578382	0.480555	-0.486671	-0.151469	-0.742043	0.199779	-0.621706	-0.38164	-0.638944	0.443535	-0.499377
-0.442016	-0.585423	0.419864	-0.53443	-0.442499	-0.512626	0.419176	-0.604731	-0.651326	0.266929	0.438376	-0.558883	0.032346	0.410588	0.179823	-0.893328	-0.452098	-0.359886	-0.264762	-0.772004	-0.739018	0.0368138	-0.415972	-0.528643	-0.685223	-0.148833	0.684138	-0.200682	-0.443599	-0.579142	0.48031	-0.486946	-0.15173	-0.742258	0.199912	-0.621343	-0.38198	-0.638765	0.443604	-0.499286
-0.439615	-0.587014	0.418536	-0.535706	-0.438702	-0.514239	0.418363	-0.60669	-0.647304	0.261419	0.440147	-0.564737	0.0354223	0.409706	0.183671	-0.892833	-0.455674	-0.358317	-0.26139	-0.771781	-0.735156	0.0305873	-0.410168	-0.538862	-0.684296	-0.150741	0.683765	-0.20367	-0.440672	-0.581093	0.479958	-0.487626	-0.152021	-0.742609	0.199817	-0.620882	-0.383262	-0.63826	0.4443	-0.49833
-0.437944	-0.588399	0.417668	-0.536233	-0.4365	-0.515751	0.417809	-0.607374	-0.645467	0.260069	0.441018	-0.56678	0.0401818	0.408802	0.184881	-0.892797	-0.454467	-0.356767	-0.259385	-0.773884	-0.734745	0.0305476	-0.407218	-0.541655	-0.683609	-0.152482	0.683224	-0.206475	-0.438258	-0.582705	0.479542	-0.488287	-0.152011	-0.742481	0.199459	-0.621153	-0.384148	-0.637912	0.444994	-0.497473
-0.433296	-0.592786	0.415716	-0.536693	-0.431971	-0.519403	0.41473	-0.609607	-0.642105	0.257625	0.443341	-0.569894	0.0492666	0.406509	0.187749	-0.89279	-0.44886	-0.355372	-0.259152	-0.777866	-0.735741	0.0312878	-0.404953	-0.541959	-0.681289	-0.157839	0.681676	-0.215057	-0.4306	-0.587921	0.47766	-0.490687	-0.150881	-0.742119	0.197961	-0.622339	-0.384953	-0.637583	0.445505	-0.496814
-0.430551	-0.595455	0.414058	-0.53723	-0.429317	-0.521742	0.412766	-0.610816	-0.640307	0.255235	0.444686	-0.57194	0.0521776	0.40558	0.190522	-0.89246	-0.445801	-0.355768	-0.259426	-0.779351	-0.73563	0.0317975	-0.404888	-0.542128	-0.679987	-0.160674	0.680731	-0.220014	-0.426075	-0.590883	0.476745	-0.491967	-0.149072	-0.742145	0.195036	-0.623666	-0.384756	-0.637521	0.445153	-0.497363
-0.424262	-0.601511	0.409039	-0.539326	-0.42294	-0.527356	0.407697	-0.613841	-0.636386	0.249016	0.447667	-0.576713	0.05729	0.403548	0.196932	-0.891675	-0.439714	-0.356105	-0.260622	-0.782251	-0.733955	0.0329484	-0.404035	-0.544959	-0.677009	-0.167103	0.678745	-0.230306	-0.417954	-0.595924	0.476137	-0.493439	-0.14288	-0.742275	0.186798	-0.627471	-0.381582	-0.63834	0.441882	-0.501655
-0.420637	-0.60476	0.405775	-0.540996	-0.415317	-0.533111	0.401068	-0.618425	-0.633872	0.245589	0.449214	-0.579741	0.0609557	0.402106	0.200263	-0.891342	-0.436367	-0.355878	-0.261802	-0.783833	-0.730437	0.0338105	-0.402501	-0.550737	-0.675448	-0.170127	0.678124	-0.234467	-0.407684	-0.602859	0.473011	-0.496604	-0.138844	-0.742512	0.181484	-0.629652	-0.380008	-0.638439	0.440392	-0.50403
-0.412843	-0.611429	0.399055	-0.544491	-0.411046	-0.53591	0.397392	-0.621225	-0.627479	0.238391	0.452875	-0.586809	0.0720899	0.398142	0.207487	-0.890638	-0.42858	-0.353808	-0.264614	-0.788111	-0.728429	0.0345531	-0.400865	-0.554532	-0.671338	-0.177772	0.677283	-0.242879	-0.401263	-0.607559	0.469715	-0.499228	-0.130283	-0.741916	0.170343	-0.635271	-0.375034	-0.639128	0.436197	-0.510487
-0.404237	-0.617949	0.391294	-0.5492	-0.400974	-0.541811	0.389246	-0.627812	-0.619042	0.230188	0.457183	-0.595637	0.0857667	0.393879	0.2158	-0.889344	-0.418712	-0.349051	-0.267867	-0.794412	-0.72368	0.0372165	-0.396057	-0.563951	-0.665154	-0.190923	0.675593	-0.254347	-0.383525	-0.622247	0.456665	-0.507123	-0.120779	-0.740866	0.158051	-0.641521	-0.369482	-0.63927	0.432635	-0.517342
-0.39353	-0.625066	0.381202	-0.555978	-0.389475	-0.546706	0.38035	-0.636204	-0.608636	0.219742	0.462593	-0.606039	0.102661	0.388365	0.226348	-0.887356	-0.406178	-0.342297	-0.271608	-0.802547	-0.717389	0.0410395	-0.390609	-0.575407	-0.656014	-0.21207	0.671817	-0.270803	-0.355049	-0.645971	0.429764	-0.521501	-0.112348	-0.738269	0.144174	-0.649269	-0.363025	-0.639254	0.4302	-0.523923
-0.380279	-0.633562	0.368322	-0.564204	-0.375121	-0.553532	0.371059	-0.644362	-0.596412	0.207066	0.468779	-0.617788	0.120633	0.382469	0.238472	-0.884475	-0.390728	-0.335448	-0.274656	-0.812016	-0.708656	0.0467404	-0.38476	-0.58956	-0.644022	-0.23725	0.667095	-0.289712	-0.324688	-0.668978	0.399686	-0.536001	-0.102704	-0.735875	0.126734	-0.657174	-0.354502	-0.639134	0.426907	-0.532529
-0.373492	-0.637683	0.361721	-0.56835	-0.366853	-0.558172	0.366466	-0.647739	-0.589883	0.19992	0.471996	-0.623931	0.130485	0.37866	0.245225	-0.882867	-0.382117	-0.331602	-0.276496	-0.817054	-0.697068	0.053894	-0.379547	-0.605917	-0.637226	-0.249798	0.664472	-0.300035	-0.290556	-0.691387	0.366853	-0.550437	-0.0957707	-0.734644	0.11601	-0.661565	-0.349933	-0.638644	0.425302	-0.537401
-0.357495	-0.647264	0.34816	-0.576221	-0.348018	-0.569987	0.356663	-0.653292	-0.575364	0.181815	0.478559	-0.637872	0.152049	0.369489	0.261124	-0.878734	-0.361963	-0.322087	-0.27924	-0.829016	-0.690667	0.058523	-0.376085	-0.61491	-0.622888	-0.273538	0.658364	-0.322094	-0.273683	-0.700903	0.35119	-0.557224	-0.0833572	-0.730181	0.0927939	-0.671771	-0.340972	-0.636884	0.422844	-0.547101
-0.347907	-0.652761	0.340847	-0.580247	-0.337238	-0.57724	0.351538	-0.655351	-0.567475	0.171005	0.482149	-0.645184	0.163243	0.364298	0.270606	-0.87602	-0.349997	-0.31707	-0.280372	-0.835679	-0.675661	0.0678631	-0.369226	-0.634467	-0.615557	-0.283579	0.655782	-0.332599	-0.243957	-0.714343	0.32627	-0.568988	-0.0790734	-0.726903	0.0810252	-0.677344	-0.335765	-0.636156	0.421095	-0.552491
-0.337423	-0.658445	0.33324	-0.58442	-0.325249	-0.585452	0.346112	-0.657013	-0.559066	0.159116	0.485909	-0.652702	0.175082	0.358368	0.280958	-0.872915	-0.336488	-0.312182	-0.281587	-0.842631	-0.675661	0.0678631	-0.369226	-0.634467	-0.607938	-0.292308	0.653651	-0.343087	-0.243957	-0.714343	0.32627	-0.568988	-0.076034	-0.722843	0.0689906	-0.683342	-0.330305	-0.635366	0.419233	-0.558079
-0.325832	-0.664551	0.32572	-0.588313	-0.297834	-0.604321	0.333983	-0.659201	-0.550053	0.145951	0.489893	-0.660413	0.187817	0.351718	0.292352	-0.869224	-0.321932	-0.307626	-0.283008	-0.849489	-0.657307	0.0754986	-0.36196	-0.656683	-0.601213	-0.297962	0.652484	-0.352172	-0.22316	-0.717713	0.31609	-0.578943	-0.072955	-0.718305	0.0562281	-0.689605	-0.32443	-0.634446	0.4166	-0.564507
-0.296219	-0.679021	0.308476	-0.59668	-0.282272	-0.614399	0.326802	-0.660331	-0.530243	0.117006	0.497606	-0.676417	0.2146	0.33689	0.316536	-0.860382	-0.290011	-0.300608	-0.2849	-0.862763	-0.657307	0.0754986	-0.36196	-0.656683	-0.591264	-0.303227	0.652581	-0.364141	-0.22316	-0.717713	0.31609	-0.578943	-0.063764	-0.707315	0.02943	-0.703401	-0.308693	-0.632456	0.404913	-0.583741
-0.261337	-0.693617	0.289796	-0.605488	-0.249589	-0.634138	0.310813	-0.662548	-0.509739	0.0877191	0.504212	-0.69155	0.241223	0.320435	0.340793	-0.85029	-0.257379	-0.298224	-0.284232	-0.874088	-0.626339	0.0823994	-0.353843	-0.689714	-0.582496	-0.309878	0.653681	-0.370641	-0.218487	-0.706702	0.327099	-0.588084	-0.0467913	-0.698584	-0.00619238	-0.713969	-0.293054	-0.627683	0.3837	-0.610662
-0.228349	-0.70521	0.26985	-0.614586	-0.220597	-0.650207	0.295662	-0.664193	-0.499449	0.0747064	0.507198	-0.698369	0.265776	0.306614	0.361073	-0.839629	-0.229114	-0.295362	-0.281571	-0.883734	-0.606971	0.0839574	-0.347971	-0.709545	-0.575251	-0.318424	0.650779	-0.37971	-0.214673	-0.701486	0.326886	-0.5958	-0.0308087	-0.691286	-0.0478415	-0.720337	-0.278484	-0.629024	0.358445	-0.631104
-0.212869	-0.710426	0.261706	-0.617651	-0.207544	-0.656431	0.288673	-0.665351	-0.479391	0.0529461	0.513526	-0.709699	0.27721	0.301084	0.369647	-0.834185	-0.21652	-0.293557	-0.281239	-0.887608	-0.597688	0.0841163	-0.345022	-0.718786	-0.562755	-0.333735	0.644783	-0.3952	-0.213121	-0.699309	0.32668	-0.599021	-0.0223857	-0.691902	-0.0585641	-0.719264	-0.265261	-0.640828	0.340688	-0.63475
-0.187249	-0.718003	0.24654	-0.6234	-0.184353	-0.665195	0.27591	-0.668882	-0.459475	0.0347543	0.520229	-0.719052	0.299603	0.292533	0.384889	-0.82251	-0.194551	-0.289567	-0.280084	-0.894345	-0.580127	0.0848954	-0.338973	-0.73576	-0.552484	-0.345104	0.640694	-0.406419	-0.215765	-0.69313	0.331146	-0.602792	0.00831551	-0.695803	-0.078033	-0.713933	-0.22616	-0.680614	0.292763	-0.632381
-0.175989	-0.720091	0.238048	-0.627559	-0.17422	-0.668186	0.270084	-0.670991	-0.449596	0.0278208	0.523202	-0.723429	0.310664	0.289175	0.390333	-0.81701	-0.194551	-0.289567	-0.280084	-0.894345	-0.572519	0.0865685	-0.334747	-0.743419	-0.549391	-0.349926	0.639118	-0.408962	-0.217507	-0.690152	0.332788	-0.604676	0.00831551	-0.695803	-0.078033	-0.713933	-0.22616	-0.680614	0.292763	-0.632381
-0.152758	-0.724706	0.219395	-0.635084	-0.157077	-0.671431	0.258278	-0.676609	-0.431139	0.0176352	0.527697	-0.731672	0.33156	0.283778	0.397529	-0.807161	-0.178094	-0.281571	-0.278775	-0.900713	-0.55934	0.0938325	-0.326578	-0.756096	-0.541041	-0.362574	0.635145	-0.415217	-0.208004	-0.688892	0.322438	-0.614976	0.051329	-0.694775	-0.108426	-0.709153	-0.142815	-0.755835	0.208346	-0.604077
-0.141074	-0.727374	0.209704	-0.638004	-0.149585	-0.672443	0.25183	-0.679725	-0.422638	0.0132943	0.52947	-0.735433	0.341226	0.280926	0.400482	-0.802658	-0.16422	-0.271388	-0.281021	-0.905763	-0.553717	0.0987491	-0.323258	-0.761019	-0.534422	-0.372521	0.63008	-0.422635	-0.201264	-0.68898	0.315294	-0.620798	0.101936	-0.698272	-0.13274	-0.695993	-0.114465	-0.779044	0.183603	-0.588454
-0.141074	-0.727374	0.209704	-0.638004	-0.149585	-0.672443	0.25183	-0.679725	-0.422638	0.0132943	0.52947	-0.735433	0.341226	0.280926	0.400482	-0.802658	-0.16422	-0.271388	-0.281021	-0.905763	-0.553717	0.0987491	-0.323258	-0.761019	-0.534422	-0.372521	0.63008	-0.422635	-0.201264	-0.68898	0.315294	-0.620798	0.101936	-0.698272	-0.13274	-0.695993	-0.114465	-0.779044	0.183603	-0.588454
-0.118662	-0.731767	0.188457	-0.644143	-0.135387	-0.673409	0.23799	-0.686696	-0.406877	0.00481912	0.532626	-0.742117	0.359062	0.275012	0.406374	-0.793917	-0.157481	-0.266633	-0.282992	-0.907757	-0.542739	0.110128	-0.319269	-0.769008	-0.519809	-0.394765	0.617092	-0.439496	-0.191151	-0.688582	0.304048	-0.629977	0.154487	-0.701366	-0.146592	-0.680242	-0.0587155	-0.819803	0.135768	-0.553211
-0.106964	-0.733538	0.17664	-0.647518	-0.128917	-0.673254	0.230749	-0.690554	-0.399321	0.000618978	0.534392	-0.744962	0.36745	0.272103	0.409477	-0.789474	-0.144244	-0.25807	-0.287075	-0.911143	-0.536875	0.116216	-0.31779	-0.772832	-0.51237	-0.405888	0.610049	-0.447853	-0.185641	-0.688897	0.298352	-0.633991	0.185495	-0.698907	-0.156901	-0.672683	-0.0322124	-0.836482	0.112646	-0.535323
-0.106964	-0.733538	0.17664	-0.647518	-0.128917	-0.673254	0.230749	-0.690554	-0.399321	0.000618978	0.534392	-0.744962	0.36745	0.272103	0.409477	-0.789474	-0.144244	-0.25807	-0.287075	-0.911143	-0.536875	0.116216	-0.31779	-0.772832	-0.51237	-0.405888	0.610049	-0.447853	-0.185641	-0.688897	0.298352	-0.633991	0.185495	-0.698907	-0.156901	-0.672683	-0.0322124	-0.836482	0.112646	-0.535323
-0.085625	-0.737814	0.154078	-0.651582	-0.114627	-0.673376	0.215633	-0.697802	-0.384316	-0.00851939	0.537123	-0.750818	0.383444	0.265667	0.41575	-0.780733	-0.129231	-0.249773	-0.293242	-0.913741	-0.523658	0.127284	-0.314819	-0.781326	-0.499737	-0.423101	0.598738	-0.46126	-0.177354	-0.689239	0.29068	-0.639531	0.245352	-0.696823	-0.170202	-0.652128	0.015399	-0.86176	0.0720268	-0.501941
-0.0639619	-0.741177	0.132193	-0.65505	-0.0986361	-0.674783	0.201003	-0.703233	-0.368712	-0.017791	0.537672	-0.758052	0.399599	0.257693	0.420691	-0.772615	-0.112584	-0.24204	-0.298016	-0.916476	-0.508474	0.137001	-0.311736	-0.790889	-0.487414	-0.43638	0.586788	-0.477157	-0.176254	-0.688325	0.292724	-0.639888	0.29835	-0.695637	-0.178702	-0.628603	0.058297	-0.877247	0.0366153	-0.475077
-0.0424351	-0.745214	0.110658	-0.656209	-0.0843033	-0.6762	0.187108	-0.707557	-0.353773	-0.0267027	0.536705	-0.765558	0.41462	0.249101	0.424491	-0.765406	-0.0949514	-0.233511	-0.303666	-0.918827	-0.491629	0.145343	-0.308504	-0.80125	-0.474026	-0.446095	0.574896	-0.495775	-0.165825	-0.691542	0.286833	-0.641872	0.346628	-0.688345	-0.190181	-0.608163	0.102103	-0.882831	0.00236116	-0.458453
-0.0181576	-0.748958	0.0878412	-0.656519	-0.0843033	-0.6762	0.187108	-0.707557	-0.339544	-0.0367405	0.534772	-0.772903	0.422191	0.244345	0.426422	-0.761718	-0.0857397	-0.22982	-0.306204	-0.919821	-0.482411	0.149703	-0.30696	-0.806625	-0.455576	-0.458415	0.557256	-0.521317	-0.162754	-0.692348	0.285883	-0.642212	0.368192	-0.683785	-0.198056	-0.598036	0.14387	-0.881499	-0.0273159	-0.448904
-0.00612112	-0.750091	0.0761806	-0.656904	-0.0607214	-0.681342	0.162132	-0.711196	-0.332821	-0.0416563	0.533528	-0.77643	0.436139	0.234336	0.43014	-0.754883	-0.0664071	-0.223339	-0.312665	-0.920842	-0.46371	0.156868	-0.305009	-0.816906	-0.44584	-0.46388	0.548068	-0.534475	-0.159207	-0.692419	0.284794	-0.643507	0.405189	-0.674519	-0.21439	-0.578691	0.164019	-0.879179	-0.0419619	-0.445401
0.0128984	-0.752014	0.0549922	-0.656723	-0.0446224	-0.685645	0.1452	-0.71191	-0.319472	-0.0518015	0.531162	-0.783021	0.442671	0.229374	0.432179	-0.751432	-0.0561764	-0.220795	-0.315639	-0.921122	-0.445268	0.16409	-0.304435	-0.825912	-0.43071	-0.471445	0.533602	-0.554524	-0.159051	-0.6894	0.284697	-0.646821	0.418485	-0.671007	-0.222371	-0.570238	0.186328	-0.875263	-0.0655165	-0.441479
0.0128984	-0.752014	0.0549922	-0.656723	-0.0446224	-0.685645	0.1452	-0.71191	-0.319472	-0.0518015	0.531162	-0.783021	0.449096	0.224277	0.434464	-0.747833	-0.0458215	-0.218582	-0.318324	-0.921299	-0.445268	0.16409	-0.304435	-0.825912	-0.43071	-0.471445	0.533602	-0.554524	-0.159051	-0.6894	0.284697	-0.646821	0.428353	-0.668903	-0.229459	-0.562522	0.186328	-0.875263	-0.0655165	-0.441479
0.0269279	-0.752198	0.0373902	-0.657324	-0.0308187	-0.69043	0.12989	-0.710975	-0.306109	-0.0620558	0.528889	-0.789128	0.461143	0.214362	0.438941	-0.740761	-0.0252326	-0.215068	-0.324534	-0.920754	-0.42727	0.169673	-0.305087	-0.83401	-0.417606	-0.476064	0.523517	-0.569998	-0.159849	-0.684644	0.283763	-0.652066	0.441512	-0.665479	-0.245382	-0.549538	0.191177	-0.872613	-0.087166	-0.440908
0.0331889	-0.751776	0.0288695	-0.65795	-0.024988	-0.692669	0.123188	-0.710218	-0.299594	-0.0669358	0.527865	-0.79191	0.466765	0.209967	0.440951	-0.737297	-0.0154547	-0.213692	-0.32754	-0.920225	-0.418373	0.172265	-0.305546	-0.837813	-0.411852	-0.477057	0.519316	-0.577153	-0.15975	-0.682105	0.281914	-0.655543	0.446924	-0.665509	-0.252696	-0.541759	0.199784	-0.867204	-0.102989	-0.444339
0.0391184	-0.750982	0.019949	-0.658861	-0.0193525	-0.694418	0.116623	-0.709794	-0.293399	-0.0711976	0.526955	-0.79446	0.472139	0.206106	0.442669	-0.733927	-0.00643864	-0.212455	-0.330355	-0.919612	-0.409512	0.174364	-0.306082	-0.841553	-0.406408	-0.477871	0.515506	-0.583717	-0.15897	-0.679607	0.278856	-0.659622	0.451433	-0.663053	-0.263619	-0.535792	0.204081	-0.861392	-0.117109	-0.450155
0.0493968	-0.749402	0.00127529	-0.660269	-0.00928136	-0.695646	0.103426	-0.71084	-0.283109	-0.0778096	0.525795	-0.798332	0.477121	0.202928	0.444135	-0.730698	0.00167618	-0.211214	-0.333123	-0.918921	-0.393108	0.177135	-0.306685	-0.848548	-0.394619	-0.479742	0.506616	-0.597883	-0.157594	-0.674178	0.27304	-0.667905	0.454401	-0.660881	-0.274511	-0.530472	0.207543	-0.848448	-0.143265	-0.465335
0.0530062	-0.747727	-0.00773455	-0.661841	-0.0049854	-0.69575	0.0971963	-0.71166	-0.278921	-0.0803974	0.52543	-0.799789	0.485384	0.1977	0.446672	-0.725122	0.0154001	-0.208507	-0.338226	-0.917546	-0.386037	0.178354	-0.306341	-0.851657	-0.38806	-0.479332	0.502221	-0.606156	-0.156305	-0.672069	0.270199	-0.671479	0.45912	-0.655334	-0.298587	-0.520185	0.21092	-0.83882	-0.155591	-0.477164
0.0557239	-0.743944	-0.0241864	-0.665476	0.00202823	-0.695517	0.0859879	-0.713343	-0.271798	-0.0838078	0.52498	-0.802183	0.491946	0.194064	0.448099	-0.720788	0.0264614	-0.204707	-0.341187	-0.917053	-0.375207	0.180889	-0.30516	-0.856374	-0.376289	-0.472394	0.495732	-0.6241	-0.153105	-0.669705	0.265155	-0.67657	0.461769	-0.649339	-0.322644	-0.510911	0.230193	-0.816499	-0.189601	-0.494361
0.0541749	-0.741157	-0.0311307	-0.668417	0.00525235	-0.695537	0.0805906	-0.713937	-0.268449	-0.0849283	0.524789	-0.803317	0.495139	0.192817	0.448183	-0.718882	0.0314047	-0.202212	-0.342543	-0.916945	-0.37095	0.18291	-0.304235	-0.858126	-0.370362	-0.466652	0.492027	-0.634804	-0.152211	-0.669265	0.264404	-0.6775	0.462802	-0.64875	-0.332852	-0.50413	0.24368	-0.805517	-0.207268	-0.498802
0.0511618	-0.738567	-0.036863	-0.671225	0.00811532	-0.695903	0.0760098	-0.714056	-0.265292	-0.0858577	0.524503	-0.804453	0.498	0.19161	0.448028	-0.717323	0.036499	-0.199407	-0.343771	-0.916911	-0.36762	0.185289	-0.303037	-0.859472	-0.363191	-0.460116	0.48735	-0.647207	-0.151597	-0.669341	0.264789	-0.677412	0.460857	-0.650384	-0.341646	-0.497885	0.243939	-0.799319	-0.214045	-0.505735
0.0469673	-0.735541	-0.0403578	-0.674645	0.0106265	-0.695767	0.0720472	-0.714566	-0.265292	-0.0858577	0.524503	-0.804453	0.500608	0.190224	0.448396	-0.715644	0.0418713	-0.196017	-0.344963	-0.916965	-0.364829	0.188044	-0.301571	-0.860578	-0.354306	-0.45321	0.481527	-0.661211	-0.151493	-0.669693	0.267015	-0.676213	0.45469	-0.657911	-0.342219	-0.49325	0.243627	-0.794008	-0.218198	-0.512432
0.0431203	-0.732949	-0.0421556	-0.677605	0.0129398	-0.695377	0.0682224	-0.715283	-0.260494	-0.0896058	0.523685	-0.806144	0.50277	0.187842	0.449578	-0.714015	0.0472373	-0.192707	-0.346874	-0.916685	-0.362384	0.191182	-0.300166	-0.86141	-0.346802	-0.445136	0.476414	-0.674249	-0.150578	-0.670064	0.269026	-0.675253	0.448436	-0.666293	-0.341394	-0.488271	0.236871	-0.791872	-0.21722	-0.519274
0.0403536	-0.73024	-0.0459393	-0.680449	0.0149268	-0.694188	0.060781	-0.717067	-0.257172	-0.0970454	0.521929	-0.807487	0.504622	0.184685	0.451744	-0.712163	0.0527838	-0.18917	-0.350036	-0.915916	-0.357016	0.198532	-0.298718	-0.862492	-0.336298	-0.431136	0.469288	-0.693394	-0.154363	-0.665636	0.27657	-0.675729	0.443155	-0.67079	-0.344689	-0.484606	0.229677	-0.790652	-0.215181	-0.525182
0.0396222	-0.729029	-0.0482811	-0.681627	0.015203	-0.693972	0.0570547	-0.717577	-0.255253	-0.100993	0.520224	-0.808711	0.507457	0.176811	0.456196	-0.709302	0.0635118	-0.184049	-0.357357	-0.913449	-0.353639	0.202017	-0.299289	-0.862876	-0.333342	-0.42799	0.468313	-0.697418	-0.157375	-0.661087	0.278966	-0.67851	0.436014	-0.673841	-0.355129	-0.479285	0.216594	-0.78783	-0.212944	-0.535786
0.0396222	-0.729029	-0.0482811	-0.681627	0.015203	-0.693972	0.0570547	-0.717577	-0.255253	-0.100993	0.520224	-0.808711	0.507457	0.176811	0.456196	-0.709302	0.0635118	-0.184049	-0.357357	-0.913449	-0.353639	0.202017	-0.299289	-0.862876	-0.333342	-0.42799	0.468313	-0.697418	-0.157375	-0.661087	0.278966	-0.67851	0.436014	-0.673841	-0.355129	-0.479285	0.216594	-0.78783	-0.212944	-0.535786
0.0332058	-0.725152	-0.0469651	-0.686183	0.0149458	-0.695185	0.0511072	-0.716856	-0.251481	-0.108163	0.516394	-0.811415	0.510726	0.168634	0.459049	-0.707103	0.0685887	-0.183293	-0.36206	-0.911379	-0.345793	0.205828	-0.306414	-0.862654	-0.330564	-0.427588	0.470477	-0.697529	-0.163418	-0.649535	0.279268	-0.688047	0.432072	-0.673475	-0.361641	-0.478499	0.199567	-0.787467	-0.209674	-0.544156
0.0304611	-0.721119	-0.0451587	-0.690667	0.0142214	-0.695264	0.0481656	-0.716998	-0.249098	-0.111168	0.514001	-0.813262	0.512655	0.165071	0.459429	-0.706301	0.0781202	-0.186175	-0.373572	-0.905362	-0.34112	0.206738	-0.311525	-0.862467	-0.329234	-0.430512	0.472682	-0.694864	-0.166864	-0.643533	0.277458	-0.693569	0.41779	-0.681113	-0.357388	-0.48354	0.188376	-0.789726	-0.2055	-0.546458
0.0317538	-0.717612	-0.0454642	-0.694231	0.0119404	-0.693807	0.0466586	-0.718548	-0.249098	-0.111168	0.514001	-0.813262	0.515175	0.162884	0.457691	-0.706103	0.0812633	-0.18764	-0.377552	-0.903129	-0.33692	0.207167	-0.315566	-0.862546	-0.329234	-0.430512	0.472682	-0.694864	-0.167157	-0.639934	0.269941	-0.699767	0.415779	-0.681731	-0.357003	-0.484685	0.180057	-0.791292	-0.202972	-0.54794
0.0339057	-0.716619	-0.0468766	-0.695062	0.00931947	-0.691658	0.0458313	-0.72071	-0.243642	-0.109162	0.508897	-0.81838	0.518238	0.161803	0.453602	-0.706749	0.0824177	-0.187393	-0.380925	-0.901658	-0.333782	0.207292	-0.318035	-0.862829	-0.330185	-0.439801	0.475653	-0.686518	-0.162573	-0.638985	0.254968	-0.70729	0.414502	-0.677798	-0.363304	-0.486609	0.176749	-0.791001	-0.203387	-0.549282
0.0333896	-0.716692	-0.0474138	-0.694975	0.0072329	-0.689701	0.0449732	-0.72266	-0.241081	-0.104311	0.506396	-0.821318	0.52139	0.162447	0.447666	-0.708067	0.0810608	-0.18613	-0.382793	-0.901251	-0.331218	0.20781	-0.319225	-0.863253	-0.331292	-0.444743	0.475344	-0.683005	-0.158304	-0.637562	0.239615	-0.71487	0.411869	-0.677646	-0.365309	-0.487554	0.174316	-0.790213	-0.203765	-0.551051
0.030871	-0.716131	-0.0469166	-0.695703	0.00385047	-0.685883	0.0451917	-0.726297	-0.237207	-0.093793	0.503627	-0.825406	0.523997	0.164276	0.441644	-0.709501	0.0751071	-0.182897	-0.384058	-0.901891	-0.328458	0.209982	-0.319338	-0.86374	-0.331637	-0.454299	0.473911	-0.677523	-0.154377	-0.629944	0.219805	-0.728714	0.409861	-0.677158	-0.366823	-0.488787	0.17155	-0.789909	-0.203572	-0.552425
0.0270071	-0.71414	-0.0439125	-0.698102	0.00207524	-0.684236	0.0459255	-0.72781	-0.236266	-0.090834	0.503414	-0.826137	0.526728	0.168037	0.433891	-0.711379	0.0716742	-0.181332	-0.384798	-0.902171	-0.328409	0.210375	-0.319365	-0.863652	-0.333075	-0.457763	0.476308	-0.672789	-0.154759	-0.624638	0.21515	-0.734566	0.40524	-0.678684	-0.366747	-0.490575	0.164692	-0.789894	-0.201081	-0.555437
0.0272465	-0.712809	-0.0426699	-0.699528	-0.00144975	-0.680785	0.0479238	-0.730913	-0.235773	-0.0898589	0.504511	-0.825715	0.527096	0.168949	0.43324	-0.711287	0.06826	-0.180124	-0.385262	-0.902479	-0.32946	0.21116	-0.318466	-0.863392	-0.336013	-0.460525	0.481133	-0.665975	-0.159983	-0.6129	0.211174	-0.744422	0.401778	-0.680813	-0.36535	-0.491516	0.161155	-0.790217	-0.199355	-0.556637
0.0276281	-0.711552	-0.0416187	-0.700856	-0.00144975	-0.680785	0.0479238	-0.730913	-0.235773	-0.0898589	0.504511	-0.825715	0.526908	0.170035	0.433785	-0.710835	0.065083	-0.179347	-0.385245	-0.902876	-0.32946	0.21116	-0.318466	-0.863392	-0.339898	-0.462539	0.485686	-0.659269	-0.159983	-0.6129	0.211174	-0.744422	0.399867	-0.681727	-0.364661	-0.492319	0.159436	-0.790479	-0.199051	-0.556868
0.0276396	-0.710805	-0.0405935	-0.701673	-0.00316822	-0.67898	0.049556	-0.732475	-0.236488	-0.0891922	0.505848	-0.824764	0.526357	0.17142	0.434299	-0.710597	0.065083	-0.179347	-0.385245	-0.902876	-0.33047	0.211377	-0.317888	-0.863167	-0.343263	-0.464554	0.488091	-0.654315	-0.161387	-0.608426	0.20734	-0.748854	0.398979	-0.681041	-0.365578	-0.493306	0.157226	-0.79136	-0.198411	-0.556473
0.0253465	-0.709231	-0.0359121	-0.703605	-0.00685912	-0.675609	0.054528	-0.735209	-0.239317	-0.0856873	0.50847	-0.822705	0.52435	0.175401	0.433704	-0.711472	0.0540033	-0.178205	-0.385902	-0.903552	-0.334564	0.210556	-0.318523	-0.861554	-0.345091	-0.466631	0.489453	-0.650848	-0.162357	-0.604167	0.20254	-0.753392	0.393034	-0.68523	-0.361511	-0.495271	0.152308	-0.792986	-0.195889	-0.55642
0.0221292	-0.708628	-0.0310821	-0.70455	-0.0113837	-0.673178	0.060742	-0.736894	-0.243187	-0.0798012	0.510645	-0.820813	0.520567	0.180938	0.431103	-0.714438	0.0469928	-0.179171	-0.383609	-0.904728	-0.340679	0.209989	-0.318474	-0.859312	-0.34447	-0.4637	0.491181	-0.65197	-0.162604	-0.603603	0.202542	-0.753791	0.387645	-0.689324	-0.357234	-0.496939	0.148654	-0.79408	-0.193901	-0.556544
0.0218743	-0.708263	-0.0284464	-0.705036	-0.0159988	-0.67139	0.0663137	-0.737958	-0.247924	-0.0731514	0.513258	-0.818382	0.517043	0.186984	0.428532	-0.716982	0.0398289	-0.180602	-0.381158	-0.905823	-0.347175	0.208508	-0.317904	-0.857281	-0.348643	-0.460086	0.494872	-0.649515	-0.163093	-0.603488	0.202474	-0.753795	0.384859	-0.691215	-0.355823	-0.497488	0.145806	-0.795306	-0.192332	-0.556092
0.0220647	-0.707976	-0.0276822	-0.705349	-0.0190751	-0.669298	0.0707236	-0.739375	-0.249993	-0.0701107	0.514477	-0.817252	0.515401	0.189916	0.427299	-0.718129	0.0361959	-0.181757	-0.380032	-0.906217	-0.352739	0.206705	-0.318096	-0.855373	-0.350446	-0.459264	0.496407	-0.647954	-0.164244	-0.602733	0.203089	-0.753984	0.384582	-0.691475	-0.35584	-0.49733	0.145804	-0.79551	-0.192293	-0.555813
0.0218282	-0.708216	-0.0257437	-0.705188	-0.0201299	-0.668193	0.0726585	-0.740157	-0.253156	-0.064588	0.517171	-0.81503	0.512196	0.195693	0.425326	-0.72004	0.0299882	-0.18374	-0.378344	-0.90675	-0.355399	0.205671	-0.31811	-0.854515	-0.349838	-0.460665	0.494968	-0.648388	-0.164124	-0.602661	0.202576	-0.754205	0.38388	-0.69216	-0.355265	-0.497329	0.145378	-0.796064	-0.191663	-0.555349
0.021902	-0.707853	-0.0247529	-0.705586	-0.02194	-0.666482	0.0752818	-0.741386	-0.254311	-0.0623826	0.518569	-0.813953	0.510887	0.198412	0.424576	-0.720668	0.0275695	-0.184447	-0.377261	-0.907135	-0.360228	0.204011	-0.317251	-0.85321	-0.349321	-0.46152	0.494166	-0.648671	-0.162758	-0.6031	0.200501	-0.754705	0.383733	-0.692104	-0.355154	-0.4976	0.144702	-0.796539	-0.19105	-0.555056
0.0212838	-0.707035	-0.0229509	-0.706485	-0.0225093	-0.666198	0.0757758	-0.741574	-0.25569	-0.0594299	0.520634	-0.812422	0.509063	0.202631	0.423688	-0.721307	0.0238973	-0.185627	-0.375238	-0.907837	-0.361877	0.203414	-0.316891	-0.852788	-0.3493	-0.461755	0.494669	-0.648131	-0.162803	-0.603145	0.200947	-0.754541	0.383044	-0.692557	-0.354078	-0.498269	0.144539	-0.796901	-0.190477	-0.554776
0.0208309	-0.706429	-0.0221939	-0.707129	-0.022882	-0.665411	0.0763665	-0.742208	-0.256599	-0.0576839	0.522227	-0.811238	0.507985	0.205199	0.423649	-0.721364	0.0226709	-0.186802	-0.374353	-0.907993	-0.363896	0.201418	-0.316833	-0.852424	-0.350236	-0.460854	0.495833	-0.647378	-0.163142	-0.603153	0.20248	-0.754051	0.382395	-0.693496	-0.352763	-0.498393	0.144489	-0.796923	-0.189487	-0.555095
0.0202606	-0.7062	-0.0218772	-0.707384	-0.0230904	-0.664528	0.0763931	-0.74299	-0.257102	-0.0563339	0.523494	-0.810358	0.507645	0.207021	0.423699	-0.721054	0.0229895	-0.187345	-0.374222	-0.907927	-0.364001	0.200104	-0.31629	-0.852891	-0.351551	-0.460186	0.497313	-0.646004	-0.163004	-0.603141	0.203554	-0.753801	0.382552	-0.693338	-0.352219	-0.498876	0.144515	-0.796958	-0.188509	-0.555371
0.0204104	-0.70612	-0.0222161	-0.707449	-0.0230844	-0.664445	0.0759576	-0.743109	-0.25707	-0.0560239	0.523992	-0.810067	0.50768	0.207521	0.423855	-0.720793	0.0236715	-0.187305	-0.374734	-0.907707	-0.363433	0.199783	-0.316274	-0.853214	-0.351412	-0.460386	0.497459	-0.645824	-0.162673	-0.603231	0.203828	-0.753727	0.382619	-0.693111	-0.351934	-0.499342	0.144552	-0.797084	-0.187977	-0.555361
0.0202937	-0.706219	-0.022503	-0.707345	-0.0230561	-0.664506	0.0754769	-0.743104	-0.256752	-0.0557969	0.524251	-0.810016	0.507954	0.208172	0.42377	-0.720463	0.0245666	-0.187356	-0.37504	-0.907546	-0.362475	0.199632	-0.316561	-0.85355	-0.350885	-0.460671	0.497315	-0.646018	-0.162257	-0.60344	0.203969	-0.753611	0.382837	-0.69267	-0.352024	-0.499723	0.144319	-0.797356	-0.187258	-0.555274
0.0199887	-0.706319	-0.0230028	-0.707238	-0.0226484	-0.664683	0.0744052	-0.743066	-0.25607	-0.0547536	0.524804	-0.809945	0.508565	0.209241	0.42329	-0.720004	0.0265664	-0.187182	-0.376503	-0.906919	-0.360193	0.199611	-0.317285	-0.854252	-0.350395	-0.460366	0.497969	-0.645998	-0.161767	-0.603885	0.205172	-0.753033	0.382644	-0.692339	-0.351442	-0.500739	0.143452	-0.797961	-0.185874	-0.555095
0.0200008	-0.705816	-0.0235945	-0.707719	-0.022469	-0.664891	0.0734528	-0.742981	-0.25488	-0.0542671	0.525103	-0.810159	0.509338	0.210093	0.422776	-0.719511	0.0289252	-0.187019	-0.377307	-0.906547	-0.358131	0.19967	-0.317912	-0.854872	-0.350568	-0.459524	0.499005	-0.645704	-0.161215	-0.604472	0.205995	-0.752456	0.3829	-0.691957	-0.351177	-0.501257	0.14325	-0.798137	-0.184986	-0.55519
0.0197064	-0.705333	-0.0241475	-0.70819	-0.0221401	-0.664719	0.0728495	-0.743204	-0.253698	-0.0537309	0.52529	-0.810445	0.5103	0.210829	0.422012	-0.719062	0.029914	-0.187008	-0.377913	-0.906264	-0.356187	0.20002	-0.318797	-0.855273	-0.350019	-0.459301	0.499009	-0.646158	-0.16064	-0.605047	0.206388	-0.752009	0.383299	-0.691801	-0.351026	-0.501272	0.143677	-0.798023	-0.184623	-0.555365
0.0194342	-0.704941	-0.0242748	-0.708584	-0.0219866	-0.664712	0.0726312	-0.743236	-0.253324	-0.0535272	0.525456	-0.810468	0.510585	0.211263	0.421788	-0.718864	0.031044	-0.186903	-0.378903	-0.905835	-0.355522	0.200026	-0.319107	-0.855432	-0.349749	-0.45931	0.498983	-0.646317	-0.160233	-0.605353	0.206374	-0.751853	0.383362	-0.691668	-0.350768	-0.501588	0.143868	-0.798	-0.18448	-0.555396
0.0190131	-0.704371	-0.0243648	-0.709158	-0.0219228	-0.664682	0.0725183	-0.743276	-0.252728	-0.0535248	0.525793	-0.810435	0.510596	0.211951	0.421846	-0.71862	0.0312535	-0.1868	-0.379024	-0.905798	-0.354846	0.20026	-0.319162	-0.855638	-0.349255	-0.459183	0.49878	-0.646831	-0.159944	-0.605971	0.206877	-0.751278	0.383301	-0.692053	-0.350253	-0.501464	0.144596	-0.797735	-0.184428	-0.555605
0.0186991	-0.704197	-0.0244208	-0.709338	-0.0219426	-0.664251	0.0728637	-0.743626	-0.252967	-0.0531199	0.526213	-0.810115	0.510496	0.212632	0.421805	-0.718514	0.0310925	-0.186491	-0.378902	-0.905918	-0.355197	0.200195	-0.318957	-0.855584	-0.349072	-0.458702	0.49867	-0.647356	-0.159484	-0.606583	0.207258	-0.750777	0.383392	-0.692175	-0.349867	-0.501495	0.145245	-0.797581	-0.184485	-0.555638
0.0186038	-0.704078	-0.0244507	-0.709457	-0.0220593	-0.664141	0.0730751	-0.7437	-0.253317	-0.0527397	0.52659	-0.809785	0.510184	0.213176	0.421688	-0.718642	0.030803	-0.186518	-0.378502	-0.90609	-0.355703	0.20022	-0.318858	-0.855404	-0.349168	-0.458404	0.498891	-0.647345	-0.159487	-0.606858	0.207645	-0.750447	0.383397	-0.692223	-0.349641	-0.501583	0.145351	-0.797644	-0.184368	-0.555559
0.0182529	-0.703947	-0.0243092	-0.709602	-0.0223536	-0.664142	0.0733645	-0.743663	-0.25383	-0.0522867	0.526992	-0.809392	0.509754	0.213696	0.421713	-0.718779	0.0303759	-0.186594	-0.378164	-0.90623	-0.356238	0.200344	-0.318854	-0.855154	-0.349288	-0.458044	0.499113	-0.647364	-0.159163	-0.607188	0.207611	-0.750259	0.383275	-0.69243	-0.349425	-0.501541	0.145374	-0.797697	-0.184186	-0.555536
0.0177016	-0.703776	-0.0240013	-0.709796	-0.0227722	-0.66415	0.073716	-0.743608	-0.254333	-0.0519054	0.527369	-0.809013	0.509243	0.214218	0.421751	-0.718963	0.0299236	-0.186748	-0.378149	-0.906219	-0.356728	0.200534	-0.318902	-0.854888	-0.349359	-0.457718	0.499278	-0.647429	-0.158902	-0.6075	0.207528	-0.750084	0.383144	-0.692748	-0.348947	-0.501535	0.145677	-0.797682	-0.184245	-0.55546
0.0171019	-0.703745	-0.0238488	-0.709846	-0.0237776	-0.663967	0.0743976	-0.743672	-0.255622	-0.0510609	0.527982	-0.808261	0.508037	0.215795	0.421497	-0.719494	0.0289344	-0.187291	-0.378094	-0.906162	-0.357771	0.200199	-0.319332	-0.85437	-0.3499	-0.457222	0.500023	-0.646912	-0.159024	-0.607725	0.208218	-0.749684	0.383856	-0.692199	-0.34896	-0.501739	0.145931	-0.797943	-0.18421	-0.555029
0.0167366	-0.703711	-0.023727	-0.709893	-0.0242693	-0.663991	0.0746476	-0.743609	-0.256382	-0.0505623	0.528363	-0.807802	0.506948	0.217092	0.421361	-0.719951	0.0283415	-0.187752	-0.378082	-0.90609	-0.358237	0.200006	-0.319666	-0.854094	-0.35031	-0.457076	0.500383	-0.646515	-0.159158	-0.607685	0.208494	-0.749612	0.384053	-0.692113	-0.34886	-0.501776	0.146234	-0.798019	-0.184232	-0.554832
0.0157671	-0.704035	-0.0234544	-0.709602	-0.0254191	-0.663968	0.0749928	-0.743557	-0.257354	-0.0498987	0.529194	-0.80699	0.503958	0.221168	0.421605	-0.720667	0.0273656	-0.188669	-0.378419	-0.905789	-0.359159	0.199096	-0.320561	-0.853585	-0.351054	-0.45672	0.501069	-0.645831	-0.159245	-0.607621	0.208994	-0.749506	0.383746	-0.692364	-0.348178	-0.502139	0.146305	-0.798211	-0.183907	-0.554645
0.0153032	-0.704087	-0.0232217	-0.709569	-0.0261047	-0.664091	0.0751531	-0.743407	-0.259459	-0.0486666	0.531765	-0.804698	0.502538	0.223177	0.421987	-0.720815	0.0268568	-0.189398	-0.3785	-0.905618	-0.359591	0.198581	-0.321099	-0.85332	-0.351131	-0.456606	0.501227	-0.645747	-0.159142	-0.607705	0.209205	-0.749401	0.383387	-0.692628	-0.347546	-0.502487	0.146146	-0.798332	-0.18364	-0.554603
0.0150027	-0.704284	-0.0231301	-0.709383	-0.0268011	-0.66443	0.075259	-0.743069	-0.260485	-0.0483245	0.532934	-0.803613	0.501193	0.224887	0.422478	-0.720933	0.0268568	-0.189398	-0.3785	-0.905618	-0.359932	0.198092	-0.321733	-0.853051	-0.351203	-0.456412	0.501457	-0.645666	-0.159023	-0.607858	0.209296	-0.749277	0.383387	-0.692628	-0.347546	-0.502487	0.146028	-0.798476	-0.183514	-0.554468
