FULLBODY	1																																						
Frames:	102																																						
-0.400769	-0.616235	0.410259	-0.539746	-0.394877	-0.577828	0.39307	-0.596392	-0.702511	-0.222785	0.588416	-0.332582	-0.674098	-0.0977148	0.667751	-0.300254	-0.0974971	-0.646718	0.0334386	-0.755733	-0.176915	-0.647149	-0.0133681	-0.741431	-0.690149	-0.170888	0.6728	-0.204529	-0.43812	-0.589319	0.472154	-0.487672	-0.116864	-0.728659	0.170288	-0.652994	-0.359287	-0.626812	0.444992	-0.529152
-0.40972	-0.610315	0.405323	-0.543469	-0.396941	-0.57814	0.387066	-0.598642	-0.702188	-0.227887	0.588371	-0.329876	-0.67284	-0.103668	0.669172	-0.297908	-0.0836877	-0.650087	0.0305167	-0.75462	-0.161786	-0.652685	-0.0202185	-0.739878	-0.694149	-0.163553	0.669454	-0.207939	-0.445567	-0.586572	0.467836	-0.488399	-0.122181	-0.727469	0.149598	-0.658393	-0.36146	-0.631514	0.441159	-0.525277
-0.40952	-0.610347	0.40564	-0.543347	-0.396822	-0.578414	0.387926	-0.597899	-0.702214	-0.228252	0.588722	-0.328943	-0.672737	-0.104289	0.669564	-0.297039	-0.0823993	-0.650373	0.0314417	-0.754478	-0.159932	-0.653342	-0.0193115	-0.739725	-0.694017	-0.163868	0.669439	-0.208181	-0.445399	-0.586706	0.467646	-0.488572	-0.121965	-0.727569	0.149778	-0.658281	-0.361549	-0.631457	0.441276	-0.525185
-0.409104	-0.610495	0.40601	-0.543218	-0.396985	-0.578166	0.389143	-0.597239	-0.702237	-0.228244	0.589286	-0.327886	-0.67254	-0.1042	0.670159	-0.296173	-0.081707	-0.650525	0.032167	-0.754391	-0.158743	-0.654002	-0.0178768	-0.739434	-0.693975	-0.163963	0.669468	-0.208154	-0.445559	-0.586585	0.467657	-0.488562	-0.122193	-0.727249	0.150164	-0.658505	-0.361469	-0.631595	0.441308	-0.525048
-0.409203	-0.61039	0.406598	-0.542822	-0.397022	-0.578193	0.389686	-0.596834	-0.702265	-0.227997	0.589906	-0.326883	-0.672405	-0.103726	0.670727	-0.295361	-0.081743	-0.65047	0.0330077	-0.754399	-0.158956	-0.654084	-0.0174861	-0.739325	-0.693958	-0.16391	0.66949	-0.208179	-0.445576	-0.586557	0.46767	-0.488568	-0.122221	-0.727167	0.150746	-0.658457	-0.360888	-0.632	0.440987	-0.525229
-0.409752	-0.610106	0.407349	-0.542162	-0.397382	-0.578116	0.390862	-0.5959	-0.702169	-0.227799	0.590405	-0.326325	-0.672229	-0.103143	0.671282	-0.294702	-0.0826256	-0.650457	0.0337216	-0.754283	-0.159932	-0.654038	-0.016758	-0.739172	-0.694091	-0.163315	0.669659	-0.207662	-0.445796	-0.586353	0.467845	-0.488444	-0.122403	-0.727152	0.151284	-0.658316	-0.360051	-0.632623	0.440784	-0.525225
-0.410571	-0.609645	0.408134	-0.541472	-0.398105	-0.577737	0.392098	-0.594971	-0.702374	-0.227059	0.590822	-0.325645	-0.671561	-0.10137	0.672357	-0.294392	-0.0848849	-0.650203	0.0343531	-0.754221	-0.162373	-0.653652	-0.0150848	-0.739017	-0.693994	-0.163028	0.669874	-0.207518	-0.445904	-0.586125	0.468033	-0.488438	-0.122625	-0.726934	0.151708	-0.658419	-0.358993	-0.633326	0.440549	-0.525298
-0.411791	-0.608896	0.409097	-0.540659	-0.3993	-0.576992	0.393562	-0.593927	-0.703509	-0.225082	0.591176	-0.32392	-0.670182	-0.0955887	0.674526	-0.294505	-0.0891744	-0.649305	0.0354286	-0.754451	-0.166512	-0.652814	-0.0126228	-0.738883	-0.693984	-0.162433	0.670146	-0.207138	-0.445983	-0.585944	0.468204	-0.488421	-0.122785	-0.726824	0.151891	-0.658468	-0.358041	-0.633868	0.44036	-0.525453
-0.412482	-0.608429	0.409596	-0.540281	-0.401026	-0.576097	0.395177	-0.592558	-0.704294	-0.223296	0.591691	-0.322506	-0.66956	-0.0894961	0.676006	-0.294441	-0.0922619	-0.648765	0.0362975	-0.754503	-0.17072	-0.650742	-0.0123136	-0.739755	-0.693984	-0.162433	0.670146	-0.207138	-0.446236	-0.585595	0.468583	-0.488244	-0.123223	-0.726678	0.152695	-0.658361	-0.357739	-0.633991	0.440427	-0.525453
-0.414411	-0.607158	0.410762	-0.539349	-0.403624	-0.574611	0.397327	-0.590797	-0.708738	-0.214809	0.591994	-0.317948	-0.664691	-0.0669585	0.679794	-0.302627	-0.103776	-0.645053	0.0382312	-0.756093	-0.178397	-0.646683	-0.0115632	-0.741513	-0.694115	-0.160619	0.670822	-0.205921	-0.446256	-0.585406	0.468729	-0.488313	-0.12492	-0.726166	0.154974	-0.658074	-0.357604	-0.633859	0.441391	-0.524896
-0.416462	-0.605768	0.411842	-0.538507	-0.406422	-0.572665	0.399385	-0.589379	-0.711062	-0.211107	0.590393	-0.318214	-0.65909	-0.0492626	0.681085	-0.315115	-0.116016	-0.64006	0.0404034	-0.75844	-0.191202	-0.640465	-0.00833852	-0.743758	-0.694292	-0.1592	0.671279	-0.204933	-0.446562	-0.584925	0.469007	-0.488341	-0.125916	-0.725926	0.15643	-0.657804	-0.357668	-0.633656	0.442122	-0.524482
-0.417518	-0.605068	0.412332	-0.538102	-0.407745	-0.571748	0.400318	-0.588722	-0.712592	-0.208242	0.589428	-0.31847	-0.655675	-0.0394907	0.681166	-0.323332	-0.123177	-0.637147	0.0418273	-0.759685	-0.198566	-0.636304	-0.00790408	-0.745404	-0.694458	-0.158285	0.671527	-0.204269	-0.446971	-0.584392	0.469352	-0.488274	-0.12667	-0.725602	0.157157	-0.657843	-0.35776	-0.633526	0.442573	-0.524197
-0.419548	-0.603599	0.413296	-0.537433	-0.410419	-0.569966	0.402252	-0.587272	-0.715701	-0.202066	0.586901	-0.32014	-0.64744	-0.0170599	0.680081	-0.34354	-0.134152	-0.630882	0.0391711	-0.763188	-0.213578	-0.626891	-0.011939	-0.749166	-0.694785	-0.156416	0.67199	-0.20307	-0.447184	-0.584098	0.469556	-0.488234	-0.128265	-0.725143	0.159139	-0.657564	-0.357877	-0.633315	0.443336	-0.523726
-0.421687	-0.602153	0.4142	-0.536684	-0.412564	-0.568563	0.404348	-0.585687	-0.720198	-0.19325	0.584177	-0.32048	-0.63571	0.0106326	0.678608	-0.367764	-0.145588	-0.623597	0.0331126	-0.767356	-0.228646	-0.615665	-0.0224482	-0.753773	-0.694817	-0.155148	0.672419	-0.202513	-0.44741	-0.583644	0.4698	-0.488336	-0.129581	-0.72469	0.160319	-0.657519	-0.35785	-0.63317	0.443859	-0.523478
-0.423134	-0.601175	0.414482	-0.536424	-0.414226	-0.567354	0.405855	-0.584644	-0.724238	-0.18374	0.580717	-0.323244	-0.621004	0.0413255	0.674636	-0.396879	-0.157979	-0.615612	0.0242012	-0.771672	-0.247131	-0.601741	-0.036157	-0.758635	-0.695062	-0.153982	0.672648	-0.201801	-0.447813	-0.583007	0.46992	-0.488612	-0.130314	-0.724526	0.161199	-0.657339	-0.358041	-0.632868	0.444238	-0.52339
-0.424277	-0.60017	0.414356	-0.536744	-0.415739	-0.566049	0.406546	-0.584355	-0.730316	-0.16222	0.575484	-0.330365	-0.593751	0.0932523	0.661405	-0.448672	-0.181496	-0.599037	0.00435363	-0.779869	-0.283453	-0.573434	-0.0605668	-0.766264	-0.695073	-0.153441	0.672736	-0.201879	-0.447897	-0.582843	0.469656	-0.488985	-0.130969	-0.724394	0.16147	-0.657288	-0.35865	-0.632281	0.444569	-0.523401
-0.425253	-0.59909	0.414228	-0.537277	-0.416309	-0.565209	0.407189	-0.584313	-0.733419	-0.144786	0.570153	-0.340675	-0.571598	0.130278	0.647236	-0.487225	-0.189918	-0.593174	-0.00409545	-0.782342	-0.311132	-0.549268	-0.0821975	-0.771197	-0.694947	-0.153171	0.672814	-0.202261	-0.448075	-0.582607	0.469517	-0.489236	-0.131032	-0.724469	0.161462	-0.657196	-0.359056	-0.631998	0.444399	-0.523609
-0.425638	-0.598594	0.414119	-0.537608	-0.416448	-0.564858	0.407462	-0.584364	-0.733583	-0.135024	0.56797	-0.347899	-0.558947	0.148872	0.638053	-0.508236	-0.207762	-0.580153	-0.0244859	-0.787183	-0.326284	-0.534856	-0.094656	-0.773633	-0.695047	-0.152753	0.672817	-0.20222	-0.448534	-0.582206	0.469401	-0.489404	-0.131181	-0.724374	0.16113	-0.657352	-0.359378	-0.631841	0.444501	-0.523492
-0.425903	-0.597873	0.414098	-0.538216	-0.416926	-0.56381	0.407667	-0.584892	-0.735834	-0.109584	0.562326	-0.361012	-0.531402	0.187502	0.614904	-0.551677	-0.226208	-0.566199	-0.0475616	-0.791194	-0.359631	-0.502706	-0.123062	-0.776407	-0.69502	-0.152385	0.672811	-0.202613	-0.448612	-0.582131	0.469164	-0.489648	-0.131631	-0.7243	0.160735	-0.657439	-0.360296	-0.631465	0.444822	-0.523041
-0.426387	-0.597044	0.41436	-0.538553	-0.41758	-0.56218	0.407765	-0.585926	-0.737542	-0.0804937	0.555354	-0.375679	-0.499313	0.227082	0.587944	-0.594509	-0.245366	-0.551334	-0.071935	-0.794135	-0.395399	-0.466491	-0.152965	-0.776304	-0.695119	-0.151906	0.672745	-0.20285	-0.448802	-0.581987	0.468612	-0.490175	-0.132091	-0.724432	0.160921	-0.657157	-0.361004	-0.631139	0.444839	-0.522932
-0.4271	-0.596027	0.414487	-0.539016	-0.418234	-0.560734	0.407806	-0.586814	-0.7375	-0.0501152	0.547258	-0.392544	-0.464221	0.265592	0.555534	-0.636665	-0.266241	-0.535843	-0.0942778	-0.795676	-0.432558	-0.427073	-0.183184	-0.772623	-0.695171	-0.151445	0.672751	-0.202995	-0.449059	-0.581836	0.468207	-0.490506	-0.132741	-0.724305	0.161149	-0.65711	-0.36176	-0.630808	0.444894	-0.522763
-0.427908	-0.594994	0.414804	-0.539272	-0.419293	-0.558974	0.407979	-0.587618	-0.73516	-0.020936	0.538385	-0.411392	-0.42586	0.300319	0.519808	-0.676943	-0.285988	-0.519886	-0.117452	-0.796326	-0.470338	-0.384702	-0.21288	-0.765159	-0.695338	-0.150706	0.672764	-0.20293	-0.449245	-0.581703	0.467938	-0.49075	-0.133183	-0.724436	0.16138	-0.656819	-0.362538	-0.63051	0.445131	-0.52238
-0.42891	-0.593968	0.415132	-0.539354	-0.419685	-0.557535	0.407974	-0.588707	-0.732047	0.00935339	0.530042	-0.427872	-0.383637	0.332251	0.482245	-0.714053	-0.308398	-0.502812	-0.135147	-0.796119	-0.507694	-0.340537	-0.241739	-0.753554	-0.695522	-0.150067	0.672702	-0.202978	-0.449203	-0.581815	0.467551	-0.491024	-0.133888	-0.724424	0.161936	-0.656552	-0.363396	-0.630158	0.445594	-0.521814
-0.429499	-0.593264	0.415303	-0.539529	-0.42073	-0.555277	0.408254	-0.5899	-0.727265	0.0394185	0.522147	-0.443728	-0.33834	0.360702	0.442806	-0.747893	-0.332252	-0.486023	-0.149137	-0.794448	-0.544724	-0.293852	-0.269751	-0.737673	-0.695699	-0.149775	0.672581	-0.20299	-0.449211	-0.58188	0.4673	-0.491178	-0.134185	-0.724566	0.162285	-0.656248	-0.36385	-0.63002	0.445692	-0.521582
-0.429773	-0.592874	0.415451	-0.539626	-0.421869	-0.552725	0.408627	-0.591224	-0.721388	0.0685863	0.514903	-0.458007	-0.291002	0.384767	0.402863	-0.7778	-0.353083	-0.46968	-0.16337	-0.792492	-0.598112	-0.225909	-0.310333	-0.703505	-0.695771	-0.149839	0.672498	-0.202971	-0.449156	-0.582086	0.466912	-0.491353	-0.134191	-0.724568	0.162128	-0.656284	-0.364235	-0.629924	0.445712	-0.52141
-0.430032	-0.592303	0.415641	-0.539901	-0.423579	-0.548956	0.409513	-0.592897	-0.710179	0.105597	0.502707	-0.481436	-0.217653	0.411792	0.342151	-0.81608	-0.371533	-0.454884	-0.177334	-0.789681	-0.630519	-0.182914	-0.334441	-0.676119	-0.695979	-0.150047	0.672253	-0.202917	-0.448977	-0.582373	0.46658	-0.491492	-0.134091	-0.724754	0.162645	-0.65597	-0.364459	-0.62985	0.445346	-0.521657
-0.429969	-0.592174	0.415733	-0.540021	-0.424432	-0.547512	0.409742	-0.593464	-0.706064	0.118252	0.498738	-0.488622	-0.192553	0.417413	0.324765	-0.82657	-0.388681	-0.440927	-0.190237	-0.786333	-0.645747	-0.162533	-0.34504	-0.661469	-0.695963	-0.150328	0.672187	-0.202985	-0.448863	-0.582507	0.4665	-0.491514	-0.133936	-0.724885	0.162719	-0.655839	-0.364525	-0.629856	0.445264	-0.521674
-0.42979	-0.591857	0.415694	-0.54054	-0.426152	-0.545029	0.410688	-0.593862	-0.69763	0.140442	0.488985	-0.504462	-0.14485	0.42346	0.293301	-0.844792	-0.404374	-0.42847	-0.201007	-0.782618	-0.67429	-0.12315	-0.363346	-0.630989	-0.695888	-0.150902	0.67202	-0.203364	-0.448444	-0.582959	0.466307	-0.491543	-0.133575	-0.725134	0.162946	-0.655581	-0.36442	-0.629933	0.444914	-0.521952
-0.429466	-0.591901	0.415361	-0.541007	-0.427891	-0.542612	0.411247	-0.594438	-0.687733	0.161124	0.478724	-0.521427	-0.0998949	0.423626	0.268765	-0.85926	-0.420623	-0.416612	-0.210303	-0.777999	-0.700301	-0.0867448	-0.378862	-0.598763	-0.695877	-0.151217	0.67195	-0.2034	-0.448149	-0.583291	0.466181	-0.491538	-0.133118	-0.725256	0.162446	-0.655664	-0.364361	-0.630017	0.444829	-0.521964
-0.429289	-0.592076	0.415722	-0.540677	-0.430029	-0.539778	0.411705	-0.595158	-0.677086	0.182425	0.468973	-0.536973	-0.0578114	0.420028	0.250609	-0.870304	-0.437675	-0.405326	-0.217619	-0.772524	-0.723698	-0.0540489	-0.39251	-0.565045	-0.695787	-0.151569	0.671935	-0.203496	-0.447792	-0.583583	0.466063	-0.491628	-0.132878	-0.725352	0.162407	-0.655615	-0.364173	-0.63008	0.444669	-0.522155
-0.4292	-0.592334	0.416821	-0.539618	-0.432424	-0.536958	0.41245	-0.595458	-0.666825	0.201952	0.46073	-0.549807	-0.0186799	0.415431	0.233783	-0.878871	-0.452243	-0.39583	-0.222996	-0.767508	-0.745054	-0.0210589	-0.404077	-0.530258	-0.695735	-0.151594	0.671976	-0.20352	-0.44771	-0.583661	0.466066	-0.491607	-0.133271	-0.725314	0.162857	-0.655467	-0.364156	-0.630033	0.444831	-0.522087
-0.429224	-0.592432	0.41814	-0.53847	-0.434951	-0.53496	0.41208	-0.595673	-0.659141	0.215394	0.454951	-0.558711	0.0123357	0.409306	0.223227	-0.884582	-0.464319	-0.387569	-0.226321	-0.763529	-0.761028	0.00817105	-0.414017	-0.499359	-0.695824	-0.151054	0.672165	-0.202993	-0.447936	-0.583484	0.466326	-0.491365	-0.13359	-0.725337	0.163427	-0.655234	-0.364194	-0.63001	0.445088	-0.521869
-0.429014	-0.592532	0.418513	-0.538237	-0.436935	-0.533636	0.41169	-0.595677	-0.654919	0.220545	0.450872	-0.564938	0.0324308	0.402557	0.219493	-0.888098	-0.474331	-0.383176	-0.229161	-0.758731	-0.770541	0.026171	-0.419582	-0.479097	-0.695879	-0.150727	0.672212	-0.202892	-0.447911	-0.583519	0.466448	-0.491231	-0.1348	-0.725217	0.164051	-0.654963	-0.364364	-0.630001	0.445915	-0.521054
-0.428951	-0.592401	0.418311	-0.538588	-0.437864	-0.533069	0.411899	-0.595358	-0.652766	0.220132	0.449565	-0.568621	0.0377383	0.40006	0.218995	-0.889139	-0.474331	-0.383176	-0.229161	-0.758731	-0.774555	0.0300922	-0.422085	-0.470111	-0.696335	-0.150066	0.671891	-0.202881	-0.448036	-0.583432	0.466949	-0.490744	-0.1348	-0.725217	0.164051	-0.654963	-0.364553	-0.629985	0.446637	-0.520322
-0.428068	-0.592511	0.416816	-0.540326	-0.438104	-0.532998	0.411802	-0.595312	-0.652261	0.218886	0.449487	-0.569742	0.0423183	0.396825	0.220795	-0.889937	-0.483332	-0.384417	-0.23197	-0.751535	-0.775007	0.0273925	-0.422492	-0.469164	-0.69671	-0.149261	0.671745	-0.20267	-0.448022	-0.583484	0.467234	-0.490423	-0.136235	-0.723767	0.161244	-0.656964	-0.364704	-0.630252	0.448333	-0.518431
-0.427207	-0.593142	0.415201	-0.541558	-0.438465	-0.533262	0.411297	-0.59516	-0.652178	0.21676	0.449148	-0.570916	0.0424986	0.395246	0.222213	-0.890279	-0.48553	-0.387205	-0.233344	-0.748253	-0.77381	0.0214648	-0.422594	-0.471352	-0.697664	-0.147804	0.671011	-0.202887	-0.447775	-0.583816	0.467861	-0.489655	-0.137809	-0.722113	0.157774	-0.659294	-0.36502	-0.630817	0.45061	-0.515539
-0.426363	-0.594438	0.413765	-0.541902	-0.438537	-0.534496	0.410107	-0.59482	-0.652797	0.214929	0.448637	-0.571303	0.0426398	0.393332	0.223546	-0.890786	-0.485781	-0.389399	-0.234539	-0.746577	-0.772705	0.0163502	-0.422044	-0.473855	-0.698943	-0.145902	0.669788	-0.2039	-0.447112	-0.584747	0.468344	-0.488687	-0.13951	-0.721144	0.153891	-0.660913	-0.365067	-0.632075	0.452885	-0.51196
-0.426606	-0.595608	0.413017	-0.540994	-0.438774	-0.536397	0.408385	-0.594119	-0.652983	0.213411	0.447562	-0.572501	0.0434878	0.39104	0.224376	-0.891545	-0.484841	-0.390228	-0.235598	-0.746422	-0.772633	0.0149594	-0.422479	-0.473631	-0.700221	-0.143506	0.668609	-0.205081	-0.446363	-0.58614	0.468839	-0.487227	-0.141596	-0.720642	0.150125	-0.661883	-0.369711	-0.631739	0.458181	-0.504272
-0.427212	-0.5962	0.413043	-0.539844	-0.438874	-0.537329	0.407298	-0.593949	-0.652837	0.212805	0.44704	-0.5733	0.0449895	0.389606	0.224905	-0.891965	-0.484569	-0.390511	-0.236807	-0.746068	-0.772947	0.014941	-0.422885	-0.472755	-0.700658	-0.142831	0.667912	-0.20633	-0.445964	-0.586979	0.469006	-0.486421	-0.142351	-0.720839	0.150161	-0.661497	-0.373831	-0.630673	0.461351	-0.499657
-0.42897	-0.598144	0.412912	-0.536388	-0.439191	-0.539132	0.40449	-0.594	-0.652828	0.210855	0.445234	-0.575433	0.0470904	0.385997	0.225807	-0.893196	-0.485635	-0.390605	-0.238463	-0.744796	-0.773564	0.0165154	-0.423776	-0.470893	-0.700889	-0.142365	0.666927	-0.209035	-0.44564	-0.588207	0.469621	-0.484638	-0.141826	-0.71964	0.149182	-0.663135	-0.382019	-0.628195	0.465523	-0.492666
-0.431967	-0.601142	0.412214	-0.531143	-0.439643	-0.541352	0.40069	-0.594222	-0.654275	0.209062	0.443002	-0.576166	0.0473301	0.382085	0.227043	-0.894552	-0.488136	-0.390566	-0.241358	-0.742245	-0.77453	0.0178361	-0.424795	-0.468332	-0.701007	-0.141844	0.665207	-0.214404	-0.443803	-0.589805	0.472226	-0.481842	-0.140781	-0.71753	0.149265	-0.665622	-0.390992	-0.623906	0.469489	-0.487285
-0.437419	-0.603872	0.411263	-0.524276	-0.440959	-0.543636	0.397835	-0.593079	-0.657159	0.207389	0.441581	-0.574576	0.0455075	0.378953	0.229553	-0.895337	-0.491649	-0.390243	-0.243234	-0.739478	-0.775634	0.0190101	-0.426779	-0.464639	-0.701281	-0.134235	0.66473	-0.219819	-0.43815	-0.591296	0.479534	-0.477955	-0.136171	-0.717926	0.144836	-0.66713	-0.396714	-0.619895	0.47138	-0.485952
-0.443561	-0.605764	0.410671	-0.517352	-0.441953	-0.547481	0.396375	-0.58977	-0.660611	0.204609	0.441586	-0.571603	0.042485	0.376362	0.233818	-0.895475	-0.494083	-0.389877	-0.244702	-0.737563	-0.776919	0.0202575	-0.427426	-0.461838	-0.703338	-0.116406	0.663101	-0.228172	-0.431435	-0.591249	0.495071	-0.468181	-0.135913	-0.718266	0.147003	-0.666342	-0.401271	-0.614978	0.473735	-0.486168
-0.445936	-0.606455	0.411214	-0.514058	-0.442297	-0.550103	0.396813	-0.58677	-0.66368	0.202463	0.441368	-0.568975	0.040628	0.375571	0.235663	-0.89541	-0.494726	-0.389743	-0.244202	-0.737369	-0.777768	0.0209845	-0.427893	-0.459939	-0.708092	-0.10453	0.658732	-0.231846	-0.421273	-0.59814	0.506218	-0.45662	-0.138298	-0.717399	0.151848	-0.665699	-0.402976	-0.612678	0.474754	-0.486667
-0.447928	-0.60795	0.412445	-0.509555	-0.442883	-0.550565	0.397128	-0.585682	-0.664916	0.20231	0.440767	-0.568051	0.0369217	0.375083	0.236437	-0.895571	-0.495945	-0.388625	-0.243273	-0.737446	-0.777905	0.0212494	-0.427816	-0.459768	-0.717322	-0.0825822	0.651354	-0.233169	-0.419533	-0.602933	0.504712	-0.453574	-0.136564	-0.716247	0.153243	-0.666976	-0.404866	-0.608863	0.476415	-0.488259
-0.446431	-0.610987	0.413821	-0.50611	-0.44329	-0.551187	0.397287	-0.58468	-0.666991	0.204064	0.439063	-0.566308	0.0341602	0.375201	0.234624	-0.896107	-0.49474	-0.388533	-0.243531	-0.738219	-0.777408	0.0210871	-0.428162	-0.460292	-0.726684	-0.086905	0.637518	-0.240723	-0.437741	-0.603511	0.495815	-0.445337	-0.132307	-0.715673	0.151906	-0.668754	-0.403676	-0.60606	0.477241	-0.491913
-0.444483	-0.613009	0.413997	-0.505235	-0.442686	-0.551038	0.398032	-0.58477	-0.66773	0.208123	0.437643	-0.565057	0.0322639	0.376892	0.230266	-0.896598	-0.493643	-0.389032	-0.242303	-0.739094	-0.77617	0.0205075	-0.429233	-0.46141	-0.735201	-0.101168	0.622543	-0.248364	-0.459867	-0.608021	0.468097	-0.446899	-0.131841	-0.713337	0.153376	-0.671002	-0.400173	-0.603669	0.479167	-0.495828
-0.443408	-0.613006	0.415486	-0.504961	-0.441535	-0.550031	0.399418	-0.585643	-0.667016	0.21273	0.437358	-0.564406	0.031683	0.379839	0.226179	-0.896416	-0.492119	-0.388221	-0.241645	-0.74075	-0.775519	0.0203782	-0.428709	-0.462993	-0.742791	-0.114866	0.609354	-0.252496	-0.485566	-0.60904	0.438691	-0.448159	-0.133819	-0.709511	0.156036	-0.674047	-0.39605	-0.600773	0.484187	-0.497775
-0.441247	-0.611705	0.417792	-0.506525	-0.439688	-0.548784	0.40109	-0.587058	-0.665007	0.217063	0.437448	-0.565056	0.0335767	0.382443	0.221854	-0.89632	-0.490781	-0.385723	-0.241426	-0.743011	-0.775117	0.0220637	-0.427152	-0.465025	-0.750858	-0.126398	0.595984	-0.255026	-0.510453	-0.605532	0.417023	-0.445938	-0.133179	-0.704582	0.15814	-0.678837	-0.389966	-0.597674	0.489413	-0.501185
-0.438365	-0.609761	0.420631	-0.509017	-0.437759	-0.546693	0.40283	-0.589256	-0.662541	0.220443	0.437407	-0.566673	0.0359413	0.384116	0.218394	-0.896363	-0.489326	-0.382243	-0.241606	-0.745705	-0.77439	0.0245987	-0.425579	-0.467544	-0.755265	-0.134987	0.585752	-0.261243	-0.508811	-0.622024	0.388741	-0.450642	-0.134592	-0.697714	0.162258	-0.684655	-0.381183	-0.593689	0.495314	-0.50685
-0.433352	-0.608134	0.422797	-0.513441	-0.436534	-0.543702	0.404076	-0.592072	-0.659624	0.224579	0.435068	-0.570243	0.039607	0.384158	0.212744	-0.897549	-0.488038	-0.377808	-0.242872	-0.748394	-0.772869	0.028835	-0.424015	-0.471225	-0.752478	-0.148852	0.581154	-0.271809	-0.48693	-0.645709	0.370564	-0.456772	-0.135337	-0.687797	0.166487	-0.693471	-0.370456	-0.588345	0.502132	-0.514272
-0.428523	-0.608681	0.423173	-0.516526	-0.43588	-0.542382	0.40486	-0.593227	-0.658219	0.226875	0.43325	-0.572338	0.0415565	0.383827	0.20932	-0.898407	-0.487022	-0.376001	-0.243738	-0.749683	-0.772869	0.028835	-0.424015	-0.471225	-0.748556	-0.158185	0.580686	-0.27829	-0.48693	-0.645709	0.370564	-0.456772	-0.133464	-0.682546	0.167839	-0.698676	-0.364184	-0.584921	0.505831	-0.519011
-0.428523	-0.608681	0.423173	-0.516526	-0.43588	-0.542382	0.40486	-0.593227	-0.658219	0.226875	0.43325	-0.572338	0.0415565	0.383827	0.20932	-0.898407	-0.487022	-0.376001	-0.243738	-0.749683	-0.770847	0.0328227	-0.424018	-0.474264	-0.748556	-0.158185	0.580686	-0.27829	-0.453778	-0.66499	0.371557	-0.462406	-0.133464	-0.682546	0.167839	-0.698676	-0.364184	-0.584921	0.505831	-0.519011
-0.417975	-0.609849	0.424976	-0.52228	-0.435368	-0.539561	0.407941	-0.594065	-0.656235	0.23157	0.429616	-0.575467	0.0444132	0.383255	0.203109	-0.899939	-0.484841	-0.373816	-0.243749	-0.752182	-0.769836	0.0340255	-0.424383	-0.475493	-0.73798	-0.17371	0.582643	-0.292811	-0.442099	-0.667477	0.381043	-0.462417	-0.127103	-0.672844	0.163024	-0.710316	-0.350479	-0.577112	0.513668	-0.529388
-0.40826	-0.610345	0.428114	-0.526802	-0.43587	-0.53747	0.411948	-0.592826	-0.655388	0.234064	0.427952	-0.576661	0.0462963	0.38393	0.197172	-0.900876	-0.484349	-0.373139	-0.243136	-0.753033	-0.767714	0.0352028	-0.42441	-0.478804	-0.733469	-0.169755	0.587596	-0.296542	-0.423288	-0.665947	0.402279	-0.464234	-0.127252	-0.659327	0.168718	-0.721546	-0.344811	-0.571853	0.518792	-0.533802
-0.402258	-0.611065	0.430037	-0.529015	-0.43574	-0.536986	0.414642	-0.59148	-0.653967	0.237111	0.426914	-0.577797	0.0472874	0.384397	0.195764	-0.900933	-0.482753	-0.373515	-0.243387	-0.75379	-0.76645	0.0347582	-0.424313	-0.480942	-0.728805	-0.156573	0.59674	-0.297035	-0.420526	-0.659535	0.415779	-0.464003	-0.126513	-0.65172	0.172052	-0.727773	-0.331985	-0.561971	0.522309	-0.548787
-0.388311	-0.612413	0.43425	-0.534408	-0.429103	-0.54135	0.425814	-0.584373	-0.651795	0.22844	0.436919	-0.576264	0.0493032	0.387841	0.207825	-0.896637	-0.47683	-0.378943	-0.241924	-0.75532	-0.760397	0.023649	-0.426008	-0.489648	-0.71647	-0.141042	0.611237	-0.305233	-0.398054	-0.653204	0.437388	-0.472832	-0.133146	-0.626216	0.168881	-0.749403	-0.314905	-0.541748	0.520734	-0.57981
-0.384802	-0.611444	0.432338	-0.539581	-0.426917	-0.542381	0.42858	-0.582996	-0.651181	0.22429	0.441032	-0.575455	0.049705	0.388809	0.213713	-0.894809	-0.471233	-0.385978	-0.232288	-0.75829	-0.75838	0.0189952	-0.42562	-0.493302	-0.707008	-0.144646	0.621454	-0.304979	-0.391376	-0.650677	0.440474	-0.478985	-0.135179	-0.619063	0.165251	-0.755764	-0.310916	-0.535145	0.518029	-0.590421
-0.368846	-0.612918	0.4255	-0.554288	-0.422306	-0.546839	0.427354	-0.583089	-0.649787	0.219316	0.444622	-0.576185	0.0521672	0.38861	0.220037	-0.893221	-0.46751	-0.38661	-0.228686	-0.76136	-0.755356	0.0138475	-0.421791	-0.501337	-0.694659	-0.149764	0.637357	-0.297987	-0.384113	-0.642822	0.44433	-0.49174	-0.138002	-0.608161	0.129466	-0.770931	-0.305012	-0.532649	0.504571	-0.607175
-0.362772	-0.612909	0.421717	-0.561154	-0.419529	-0.548732	0.426215	-0.584149	-0.648964	0.218885	0.443672	-0.578005	0.0538295	0.387523	0.219891	-0.893631	-0.465661	-0.386809	-0.227672	-0.762695	-0.754508	0.0122571	-0.419823	-0.504297	-0.690633	-0.150243	0.644052	-0.29266	-0.380684	-0.634469	0.446275	-0.503357	-0.143783	-0.604843	0.0991451	-0.776956	-0.301613	-0.541132	0.500466	-0.604764
-0.357939	-0.614436	0.424834	-0.560236	-0.413737	-0.550094	0.428177	-0.585562	-0.646707	0.218878	0.443742	-0.580478	0.056695	0.387317	0.219371	-0.893671	-0.464007	-0.38563	-0.220938	-0.766272	-0.754648	0.0098195	-0.415907	-0.507377	-0.683779	-0.148608	0.656831	-0.280953	-0.382429	-0.628377	0.44992	-0.506421	-0.137898	-0.616795	0.0913362	-0.769549	-0.304745	-0.563442	0.499147	-0.583537
-0.359144	-0.609289	0.42659	-0.563741	-0.406612	-0.548542	0.431025	-0.589904	-0.640079	0.216451	0.453638	-0.581086	0.0615712	0.393697	0.226159	-0.888855	-0.461228	-0.383533	-0.217538	-0.769967	-0.756867	0.00897177	-0.407703	-0.510735	-0.679814	-0.140865	0.673757	-0.253104	-0.39853	-0.606078	0.466406	-0.50627	-0.146042	-0.618078	0.0983139	-0.76615	-0.299679	-0.612702	0.469876	-0.560361
-0.357136	-0.608425	0.426054	-0.566349	-0.404945	-0.54745	0.431582	-0.591655	-0.637914	0.21574	0.457706	-0.580541	0.0633761	0.396367	0.228703	-0.886889	-0.459022	-0.380093	-0.215334	-0.773602	-0.757601	0.00934571	-0.405247	-0.511593	-0.677997	-0.142209	0.676822	-0.249016	-0.401424	-0.601163	0.469468	-0.507012	-0.149437	-0.634023	0.0930926	-0.753005	-0.303515	-0.626348	0.465179	-0.546969
-0.357136	-0.608425	0.426054	-0.566349	-0.404945	-0.54745	0.431582	-0.591655	-0.637914	0.21574	0.457706	-0.580541	0.0633761	0.396367	0.228703	-0.886889	-0.459022	-0.380093	-0.215334	-0.773602	-0.757601	0.00934571	-0.405247	-0.511593	-0.677997	-0.142209	0.676822	-0.249016	-0.404046	-0.596721	0.472027	-0.5078	-0.149437	-0.634023	0.0930926	-0.753005	-0.303515	-0.626348	0.465179	-0.546969
-0.354687	-0.607252	0.425037	-0.569899	-0.402409	-0.545646	0.432419	-0.594434	-0.634736	0.214699	0.463918	-0.579478	0.0666031	0.400247	0.232897	-0.883813	-0.457705	-0.376247	-0.214547	-0.776475	-0.758651	0.0113603	-0.401451	-0.512988	-0.67434	-0.147861	0.680856	-0.244619	-0.404104	-0.594438	0.472262	-0.510209	-0.14307	-0.661086	0.059394	-0.734145	-0.319949	-0.645221	0.465532	-0.514395
-0.355734	-0.605303	0.424916	-0.571408	-0.399892	-0.544863	0.43237	-0.596882	-0.633033	0.214394	0.466926	-0.579038	0.0678264	0.402431	0.234813	-0.88222	-0.456652	-0.373763	-0.214476	-0.778312	-0.758859	0.0129815	-0.399483	-0.514177	-0.670731	-0.153585	0.683204	-0.244466	-0.403468	-0.590639	0.472834	-0.514575	-0.142346	-0.686385	0.073068	-0.709418	-0.332396	-0.663269	0.455219	-0.492303
-0.355508	-0.605231	0.424289	-0.572092	-0.398844	-0.543389	0.43269	-0.598691	-0.631965	0.214104	0.468562	-0.578989	0.0682765	0.403706	0.235714	-0.881362	-0.455908	-0.372417	-0.213978	-0.77953	-0.759223	0.0132737	-0.397863	-0.514888	-0.670049	-0.154693	0.684289	-0.242597	-0.401897	-0.588406	0.473601	-0.517649	-0.141681	-0.714102	0.0724765	-0.681712	-0.356883	-0.663044	0.458431	-0.472069
-0.359115	-0.6057	0.422624	-0.570572	-0.398735	-0.541947	0.43288	-0.599932	-0.63111	0.216019	0.469362	-0.578564	0.0684545	0.405422	0.234712	-0.880828	-0.455607	-0.372417	-0.213506	-0.779835	-0.760238	0.0122937	-0.396828	-0.514213	-0.668289	-0.154399	0.685824	-0.243301	-0.400968	-0.585645	0.476697	-0.518656	-0.1456	-0.724176	0.0854114	-0.668636	-0.377864	-0.656218	0.454719	-0.468858
-0.36155	-0.606734	0.421124	-0.569044	-0.400046	-0.540513	0.432945	-0.600307	-0.630721	0.217354	0.469812	-0.578122	0.0683835	0.406545	0.23388	-0.880537	-0.456977	-0.372638	-0.212026	-0.779332	-0.761011	0.0111744	-0.396618	-0.513256	-0.668262	-0.153305	0.686838	-0.241199	-0.399951	-0.585001	0.477467	-0.519459	-0.147801	-0.732471	0.108323	-0.655673	-0.385601	-0.648182	0.451979	-0.476327
-0.367328	-0.609437	0.41881	-0.564141	-0.403837	-0.53842	0.431027	-0.601028	-0.630158	0.219364	0.47119	-0.576853	0.0684314	0.407777	0.233177	-0.88015	-0.457807	-0.373182	-0.211804	-0.778644	-0.76251	0.00829558	-0.39673	-0.510994	-0.665069	-0.157834	0.687824	-0.244273	-0.394184	-0.586553	0.475713	-0.523709	-0.145924	-0.739543	0.113689	-0.647191	-0.39629	-0.635643	0.452442	-0.483951
-0.367328	-0.609437	0.41881	-0.564141	-0.403837	-0.53842	0.431027	-0.601028	-0.630158	0.219364	0.47119	-0.576853	0.0688085	0.408695	0.232807	-0.879792	-0.458267	-0.374361	-0.212108	-0.777725	-0.76251	0.00829558	-0.39673	-0.510994	-0.665069	-0.157834	0.687824	-0.244273	-0.394184	-0.586553	0.475713	-0.523709	-0.144255	-0.742695	0.120081	-0.642787	-0.402561	-0.62547	0.454658	-0.489917
-0.37029	-0.610104	0.419521	-0.560946	-0.405471	-0.538361	0.430284	-0.600514	-0.630231	0.218697	0.472801	-0.575708	0.0694816	0.408965	0.234595	-0.879139	-0.457244	-0.377	-0.213125	-0.776773	-0.762579	0.00576691	-0.397853	-0.510052	-0.66319	-0.159974	0.688022	-0.247414	-0.392981	-0.586312	0.476846	-0.523853	-0.141891	-0.739382	0.124332	-0.646314	-0.396301	-0.626045	0.447706	-0.500572
-0.373112	-0.609866	0.42146	-0.557873	-0.406235	-0.539171	0.429763	-0.599643	-0.630402	0.215256	0.475291	-0.574767	0.070049	0.408304	0.239153	-0.878172	-0.455201	-0.381042	-0.213401	-0.775925	-0.761644	0.00215412	-0.399871	-0.509899	-0.661355	-0.15989	0.689577	-0.248049	-0.391765	-0.58656	0.477077	-0.524276	-0.136401	-0.738561	0.11816	-0.649585	-0.391511	-0.626752	0.441071	-0.509272
-0.37735	-0.606846	0.421684	-0.558146	-0.408296	-0.539668	0.427187	-0.599637	-0.629759	0.207044	0.476848	-0.577194	0.0705448	0.406731	0.244001	-0.877529	-0.453461	-0.384509	-0.213228	-0.775281	-0.759416	-0.00326682	-0.40229	-0.511311	-0.660086	-0.159464	0.691157	-0.247307	-0.394444	-0.58412	0.478321	-0.523858	-0.133215	-0.738591	0.127807	-0.648384	-0.391294	-0.624862	0.438944	-0.51358
-0.379751	-0.60319	0.418181	-0.563094	-0.410558	-0.540239	0.423198	-0.600406	-0.629127	0.205773	0.472191	-0.582144	0.0720091	0.402141	0.246553	-0.878811	-0.450576	-0.388375	-0.2177	-0.773791	-0.757308	-0.00586001	-0.404983	-0.512289	-0.659477	-0.159428	0.694237	-0.240222	-0.399976	-0.580377	0.478749	-0.523432	-0.126395	-0.741769	0.127758	-0.646127	-0.387983	-0.624284	0.432273	-0.522379
-0.381695	-0.602992	0.418096	-0.562055	-0.41213	-0.53951	0.422398	-0.600548	-0.62923	0.205931	0.469582	-0.584085	0.0745535	0.397107	0.243294	-0.881791	-0.449572	-0.392061	-0.22088	-0.771612	-0.756337	-0.00724618	-0.407268	-0.511893	-0.658348	-0.161814	0.694828	-0.240016	-0.400728	-0.579686	0.476657	-0.525527	-0.130984	-0.741621	0.136069	-0.643682	-0.388179	-0.62257	0.430305	-0.525891
-0.387501	-0.60229	0.418671	-0.558395	-0.415646	-0.537693	0.421356	-0.600486	-0.630035	0.206502	0.467025	-0.585065	0.0752686	0.394573	0.241704	-0.883304	-0.450948	-0.394214	-0.222433	-0.769263	-0.755631	-0.00947204	-0.410323	-0.510458	-0.656049	-0.168276	0.6952	-0.240789	-0.402453	-0.577988	0.472612	-0.529716	-0.129114	-0.74135	0.137751	-0.644015	-0.387689	-0.622229	0.428966	-0.527747
-0.388887	-0.602308	0.41615	-0.559295	-0.418764	-0.536626	0.418779	-0.601076	-0.630869	0.207476	0.466221	-0.584462	0.0744036	0.394318	0.240972	-0.883691	-0.452367	-0.394893	-0.224672	-0.767428	-0.756076	-0.0099697	-0.411399	-0.508921	-0.655574	-0.172079	0.694829	-0.240467	-0.405031	-0.576329	0.47083	-0.531144	-0.128145	-0.741425	0.13474	-0.644758	-0.386878	-0.622665	0.428279	-0.528385
-0.392374	-0.601326	0.416562	-0.557607	-0.421331	-0.535648	0.417357	-0.601144	-0.631788	0.208944	0.464783	-0.584092	0.0731625	0.394105	0.239326	-0.884337	-0.453518	-0.394978	-0.22604	-0.766302	-0.756474	-0.0101499	-0.411971	-0.507863	-0.65629	-0.170413	0.694966	-0.239301	-0.40774	-0.574254	0.472833	-0.529537	-0.13007	-0.740145	0.137884	-0.645178	-0.385313	-0.623847	0.427124	-0.529068
-0.395022	-0.600072	0.417009	-0.556754	-0.422547	-0.535128	0.41726	-0.600822	-0.632201	0.209709	0.463897	-0.584074	0.0727878	0.393805	0.238247	-0.884793	-0.453843	-0.394975	-0.226838	-0.765876	-0.756497	-0.0102361	-0.412099	-0.507722	-0.657075	-0.168742	0.694812	-0.238778	-0.4082	-0.573979	0.473529	-0.528858	-0.129096	-0.740019	0.137797	-0.645537	-0.384165	-0.624813	0.426183	-0.529523
-0.398992	-0.597514	0.41673	-0.556882	-0.424837	-0.534389	0.416454	-0.600423	-0.632617	0.210475	0.462966	-0.584088	0.0721973	0.393074	0.236102	-0.885741	-0.45435	-0.39527	-0.227895	-0.765109	-0.756221	-0.011067	-0.412547	-0.507753	-0.657982	-0.166158	0.694958	-0.237666	-0.409817	-0.573158	0.475655	-0.526585	-0.128208	-0.739322	0.136832	-0.646717	-0.381964	-0.62697	0.425012	-0.529506
-0.402494	-0.595018	0.416014	-0.55757	-0.426863	-0.53321	0.414512	-0.601378	-0.63431	0.213479	0.459692	-0.583747	0.0711847	0.392279	0.233439	-0.88688	-0.455013	-0.396183	-0.229103	-0.763881	-0.755489	-0.0124039	-0.413255	-0.508234	-0.658394	-0.1648	0.695158	-0.236883	-0.411265	-0.5727	0.477654	-0.52414	-0.129177	-0.738143	0.137875	-0.647649	-0.37866	-0.630056	0.422792	-0.529994
-0.404746	-0.593513	0.416112	-0.557472	-0.427993	-0.53231	0.413961	-0.601751	-0.634876	0.214578	0.458615	-0.583577	0.070606	0.392033	0.23218	-0.887365	-0.455282	-0.396816	-0.229636	-0.763232	-0.75524	-0.0134138	-0.41347	-0.508404	-0.659413	-0.163387	0.69486	-0.2359	-0.412322	-0.572328	0.478872	-0.522602	-0.128221	-0.738284	0.137556	-0.647746	-0.37718	-0.631355	0.421507	-0.530527
-0.409031	-0.590566	0.416217	-0.557395	-0.431294	-0.529773	0.413024	-0.602276	-0.636462	0.217722	0.455835	-0.582862	0.0685848	0.391746	0.228405	-0.88863	-0.457055	-0.397157	-0.230167	-0.761833	-0.755706	-0.0155398	-0.412429	-0.508498	-0.661423	-0.160301	0.694682	-0.232894	-0.415444	-0.571239	0.481808	-0.518607	-0.12623	-0.738866	0.138322	-0.64731	-0.373373	-0.63456	0.417978	-0.532184
-0.409991	-0.589911	0.416152	-0.557432	-0.433071	-0.528569	0.413218	-0.601926	-0.63752	0.219716	0.454291	-0.582162	0.0679185	0.391733	0.227138	-0.889011	-0.458015	-0.396842	-0.230164	-0.761422	-0.756567	-0.0158358	-0.411539	-0.507928	-0.661518	-0.160267	0.694648	-0.23275	-0.416968	-0.570923	0.483327	-0.516313	-0.126403	-0.738888	0.139454	-0.647008	-0.372499	-0.63543	0.417325	-0.532271
-0.410781	-0.589482	0.416365	-0.557145	-0.433071	-0.528569	0.413218	-0.601926	-0.63752	0.219716	0.454291	-0.582162	0.0671862	0.391789	0.226131	-0.889299	-0.458015	-0.396842	-0.230164	-0.761422	-0.756567	-0.0158358	-0.411539	-0.507928	-0.661948	-0.15969	0.694577	-0.232137	-0.416968	-0.570923	0.483327	-0.516313	-0.126891	-0.738788	0.140474	-0.646806	-0.37214	-0.635934	0.416989	-0.532184
-0.411319	-0.589254	0.416562	-0.556842	-0.433825	-0.528079	0.413497	-0.601622	-0.637917	0.220537	0.453908	-0.581715	0.0665596	0.391916	0.225511	-0.889447	-0.459706	-0.396496	-0.229858	-0.760675	-0.757017	-0.0159929	-0.411264	-0.507475	-0.662629	-0.158636	0.694531	-0.231051	-0.417816	-0.570682	0.484065	-0.515202	-0.127122	-0.738964	0.14183	-0.646263	-0.371596	-0.636534	0.416429	-0.532286
-0.412025	-0.589091	0.41673	-0.556367	-0.434798	-0.527598	0.41417	-0.600878	-0.638642	0.221645	0.453128	-0.581106	0.0654974	0.392038	0.224222	-0.889798	-0.460908	-0.396438	-0.229681	-0.760031	-0.757859	-0.0159058	-0.411105	-0.506349	-0.663705	-0.157611	0.694185	-0.229699	-0.419373	-0.57023	0.48523	-0.513337	-0.126074	-0.739501	0.142033	-0.64581	-0.370087	-0.637899	0.414981	-0.532834
-0.411968	-0.589436	0.416734	-0.556039	-0.435652	-0.527393	0.4148	-0.600004	-0.639097	0.222538	0.452567	-0.580702	0.0648895	0.392212	0.223378	-0.889978	-0.461497	-0.396505	-0.22974	-0.759621	-0.758334	-0.0156568	-0.411447	-0.505367	-0.664266	-0.157705	0.693551	-0.229926	-0.4196	-0.570674	0.485423	-0.512476	-0.125025	-0.740126	0.141377	-0.645442	-0.369066	-0.639017	0.414195	-0.532814
-0.412059	-0.589847	0.416693	-0.555567	-0.436072	-0.527314	0.414746	-0.599806	-0.639147	0.22328	0.452082	-0.58074	0.0644859	0.392394	0.222374	-0.890179	-0.461364	-0.397023	-0.230079	-0.759329	-0.758156	-0.0157104	-0.411871	-0.505287	-0.664717	-0.157593	0.693388	-0.229193	-0.419636	-0.571141	0.485168	-0.512168	-0.125144	-0.740114	0.14217	-0.645258	-0.368793	-0.639538	0.414049	-0.53249
-0.412233	-0.589938	0.416701	-0.555335	-0.436451	-0.52712	0.414682	-0.599745	-0.639145	0.223633	0.451874	-0.580768	0.0645881	0.392444	0.222023	-0.890237	-0.461266	-0.397006	-0.230133	-0.759381	-0.758029	-0.0158565	-0.411628	-0.505671	-0.664969	-0.157632	0.693244	-0.22887	-0.419782	-0.571457	0.485245	-0.511622	-0.124877	-0.740242	0.142208	-0.645155	-0.368313	-0.639975	0.413587	-0.532658
-0.412292	-0.590407	0.416879	-0.55466	-0.436549	-0.527084	0.414577	-0.599777	-0.639032	0.224342	0.451649	-0.580794	0.0647793	0.392727	0.221203	-0.890303	-0.46063	-0.396602	-0.230288	-0.759931	-0.758048	-0.0159092	-0.411277	-0.505927	-0.665793	-0.157289	0.692717	-0.228304	-0.41986	-0.571558	0.485296	-0.511397	-0.124213	-0.740998	0.142666	-0.644313	-0.36789	-0.64046	0.413147	-0.532708
-0.412532	-0.590662	0.416615	-0.554408	-0.436621	-0.527099	0.413972	-0.60013	-0.638969	0.224772	0.451617	-0.580723	0.0646456	0.393058	0.220892	-0.890243	-0.460085	-0.396108	-0.230533	-0.760444	-0.757852	-0.0156559	-0.410861	-0.506565	-0.666213	-0.157337	0.692551	-0.227548	-0.4203	-0.571533	0.485632	-0.510744	-0.123926	-0.741544	0.143121	-0.643639	-0.367936	-0.640676	0.413203	-0.532373
-0.412592	-0.590818	0.41653	-0.554261	-0.436639	-0.527041	0.413189	-0.600708	-0.638918	0.224855	0.451557	-0.580793	0.0646873	0.393105	0.22072	-0.890262	-0.45976	-0.396036	-0.230909	-0.760564	-0.757465	-0.0155364	-0.410923	-0.507096	-0.666378	-0.157432	0.692501	-0.22715	-0.420772	-0.571445	0.485938	-0.510162	-0.123803	-0.741726	0.143527	-0.643363	-0.367741	-0.640909	0.413079	-0.532323
-0.413241	-0.590951	0.416028	-0.554012	-0.436748	-0.527028	0.412631	-0.601023	-0.63846	0.224989	0.451549	-0.581251	0.064805	0.3932	0.220452	-0.890278	-0.459047	-0.395996	-0.231561	-0.760817	-0.757163	-0.0151696	-0.411109	-0.507409	-0.666923	-0.157653	0.692108	-0.226595	-0.420494	-0.571914	0.485748	-0.510048	-0.123482	-0.742161	0.144144	-0.642784	-0.367584	-0.641237	0.413191	-0.53195
-0.413378	-0.591008	0.415783	-0.554032	-0.436965	-0.527186	0.411854	-0.60126	-0.638269	0.22503	0.451433	-0.581535	0.0653293	0.392962	0.220366	-0.890366	-0.458784	-0.396071	-0.232006	-0.760801	-0.756847	-0.0148912	-0.411544	-0.507535	-0.667026	-0.157405	0.692196	-0.226195	-0.420221	-0.572264	0.485785	-0.509844	-0.123582	-0.742118	0.144629	-0.642706	-0.367515	-0.641355	0.413287	-0.53178
-0.413598	-0.591139	0.415193	-0.554172	-0.437079	-0.527157	0.411442	-0.601483	-0.638053	0.225353	0.450905	-0.582056	0.0660894	0.39249	0.219757	-0.890669	-0.458328	-0.396327	-0.232666	-0.760741	-0.756704	-0.014991	-0.411715	-0.507607	-0.667156	-0.157593	0.692102	-0.22597	-0.420273	-0.572302	0.485916	-0.509634	-0.123268	-0.742443	0.144522	-0.642415	-0.367069	-0.641751	0.413216	-0.531665
-0.414122	-0.591084	0.41451	-0.55435	-0.437542	-0.527062	0.410634	-0.601784	-0.637794	0.226177	0.449974	-0.58274	0.0669111	0.391855	0.218777	-0.891128	-0.458216	-0.39604	-0.233338	-0.760752	-0.756677	-0.014595	-0.41186	-0.507541	-0.667472	-0.157767	0.691889	-0.225568	-0.420339	-0.572495	0.485947	-0.509333	-0.124169	-0.742347	0.144861	-0.642275	-0.367222	-0.641831	0.414054	-0.53081
-0.414286	-0.591034	0.414445	-0.55433	-0.437756	-0.52689	0.410473	-0.601888	-0.637717	0.226566	0.449799	-0.582808	0.0672147	0.391862	0.218359	-0.891204	-0.458246	-0.395915	-0.233551	-0.760734	-0.756847	-0.0140112	-0.411973	-0.507214	-0.667571	-0.157775	0.691823	-0.225469	-0.420456	-0.572541	0.486015	-0.50912	-0.124118	-0.742421	0.144976	-0.642175	-0.367274	-0.641865	0.41426	-0.530573
-0.415094	-0.59055	0.41406	-0.554529	-0.43851	-0.526194	0.410544	-0.601899	-0.637779	0.227703	0.449439	-0.582576	0.0671492	0.392111	0.217449	-0.891322	-0.458894	-0.395515	-0.233862	-0.760456	-0.757158	-0.013549	-0.411919	-0.506804	-0.667827	-0.157243	0.691994	-0.224558	-0.42074	-0.572458	0.486168	-0.508832	-0.124112	-0.742693	0.145407	-0.641763	-0.367381	-0.641949	0.414552	-0.53017
-0.41602	-0.589995	0.413875	-0.554564	-0.439004	-0.525893	0.41091	-0.601552	-0.638291	0.228332	0.44907	-0.582052	0.0665628	0.392224	0.216954	-0.891437	-0.459203	-0.395445	-0.233964	-0.760274	-0.757443	-0.0134153	-0.412104	-0.506231	-0.667782	-0.157289	0.692042	-0.224513	-0.420898	-0.57242	0.48622	-0.508694	-0.124471	-0.742699	0.145883	-0.641579	-0.367598	-0.641968	0.414894	-0.529728
-0.416376	-0.589763	0.413802	-0.554597	-0.439282	-0.525741	0.411066	-0.601376	-0.638595	0.228635	0.448909	-0.581725	0.0661712	0.392281	0.216743	-0.891493	-0.459862	-0.395463	-0.233757	-0.75993	-0.757617	-0.0134274	-0.412234	-0.505865	-0.667761	-0.157186	0.692151	-0.22431	-0.421071	-0.572353	0.486258	-0.508591	-0.124386	-0.742802	0.145777	-0.6415	-0.367542	-0.642096	0.414892	-0.529613
-0.417306	-0.589185	0.413664	-0.554616	-0.439863	-0.525495	0.411242	-0.601045	-0.639258	0.229021	0.448427	-0.581216	0.0652669	0.392272	0.216396	-0.891648	-0.460447	-0.395797	-0.23378	-0.759395	-0.757873	-0.013743	-0.412567	-0.505201	-0.66797	-0.156791	0.692238	-0.223693	-0.421597	-0.572041	0.4865	-0.508275	-0.124698	-0.742906	0.146246	-0.641213	-0.367623	-0.642136	0.414937	-0.529473
