FULLBODY	1																																						
Frames:	116																																						
-0.455523	-0.563899	0.446497	-0.524554	-0.403827	-0.557953	0.366155	-0.625734	-0.708781	-0.194766	0.59811	-0.319313	-0.673328	-0.0930993	0.667841	-0.303232	-0.105595	-0.648922	0.0210148	-0.753199	-0.189174	-0.648468	-0.00632702	-0.737334	-0.661734	-0.183971	0.690639	-0.226451	-0.413682	-0.588585	0.488348	-0.493914	-0.137206	-0.732783	0.181278	-0.641359	-0.403543	-0.615966	0.472298	-0.484431
-0.456828	-0.564629	0.448264	-0.521116	-0.404513	-0.561361	0.367863	-0.621225	-0.710219	-0.203393	0.59634	-0.314004	-0.674664	-0.101628	0.667615	-0.297979	-0.101212	-0.653533	0.0286449	-0.749553	-0.184451	-0.654676	-0.00345007	-0.733052	-0.664487	-0.187752	0.690629	-0.215029	-0.414713	-0.590004	0.490663	-0.489039	-0.129407	-0.733792	0.189424	-0.63947	-0.400192	-0.618994	0.473376	-0.482295
-0.456951	-0.564467	0.448739	-0.520774	-0.404452	-0.561599	0.368534	-0.620652	-0.709823	-0.203827	0.596479	-0.314355	-0.674313	-0.101905	0.667801	-0.298261	-0.101212	-0.65363	0.0289184	-0.749459	-0.184302	-0.654824	-0.00319631	-0.732958	-0.664715	-0.187237	0.690814	-0.214178	-0.415137	-0.589735	0.490707	-0.488959	-0.129556	-0.733653	0.189826	-0.63948	-0.400388	-0.618914	0.47358	-0.482034
-0.456782	-0.564567	0.449175	-0.520438	-0.404595	-0.561412	0.368939	-0.620486	-0.709668	-0.203853	0.596533	-0.314583	-0.67411	-0.101787	0.667927	-0.298478	-0.101429	-0.653659	0.0290558	-0.749399	-0.184545	-0.654833	-0.00324516	-0.73289	-0.664786	-0.187242	0.690796	-0.214012	-0.415348	-0.589597	0.490715	-0.488938	-0.129564	-0.733644	0.189884	-0.639472	-0.400537	-0.618836	0.473771	-0.481823
-0.456659	-0.564659	0.449337	-0.520306	-0.404671	-0.561404	0.369182	-0.6203	-0.709666	-0.203863	0.596413	-0.314809	-0.673037	-0.100836	0.668708	-0.299472	-0.101747	-0.653675	0.0290498	-0.749341	-0.184941	-0.654789	-0.00312295	-0.732829	-0.664875	-0.187073	0.690843	-0.213731	-0.415451	-0.589536	0.49075	-0.488889	-0.129394	-0.733611	0.189817	-0.639564	-0.400476	-0.618894	0.473753	-0.481817
-0.456411	-0.56485	0.44988	-0.519848	-0.405782	-0.560187	0.36982	-0.620294	-0.71083	-0.203552	0.595007	-0.315047	-0.668086	-0.0907297	0.673293	-0.30349	-0.104982	-0.653107	0.0301031	-0.749349	-0.187038	-0.654599	-0.00281929	-0.732468	-0.665116	-0.18706	0.690747	-0.213305	-0.415626	-0.589497	0.490712	-0.488825	-0.129104	-0.733497	0.189718	-0.639783	-0.400243	-0.619029	0.473651	-0.481937
-0.456432	-0.564809	0.450071	-0.519709	-0.407234	-0.559284	0.37128	-0.619284	-0.714539	-0.199233	0.593615	-0.312028	-0.665017	-0.0812561	0.675821	-0.307271	-0.10705	-0.652552	0.0307264	-0.749514	-0.189837	-0.653183	-0.00553696	-0.732996	-0.665103	-0.187174	0.690685	-0.213444	-0.415698	-0.589477	0.490742	-0.488758	-0.129028	-0.733521	0.189722	-0.639769	-0.400172	-0.619082	0.473598	-0.481981
-0.456651	-0.564479	0.450442	-0.519553	-0.407914	-0.558809	0.371921	-0.618881	-0.716838	-0.195309	0.592905	-0.310582	-0.657356	-0.0499108	0.67906	-0.322907	-0.115113	-0.648183	0.0332036	-0.752001	-0.195552	-0.649267	-0.00610855	-0.734966	-0.665158	-0.187001	0.690675	-0.213455	-0.41584	-0.58935	0.490829	-0.488703	-0.129051	-0.733423	0.189402	-0.639972	-0.399912	-0.619227	0.473445	-0.48216
-0.456782	-0.564324	0.450715	-0.519369	-0.409672	-0.557339	0.37303	-0.618378	-0.723878	-0.182131	0.589013	-0.309665	-0.651363	-0.0305677	0.678694	-0.337886	-0.120776	-0.644218	0.0339267	-0.754483	-0.208458	-0.635413	-0.0217468	-0.743184	-0.665326	-0.186373	0.690747	-0.213249	-0.416189	-0.589071	0.490856	-0.488715	-0.128956	-0.733335	0.189017	-0.640205	-0.399871	-0.619255	0.473393	-0.482209
-0.457134	-0.56394	0.450863	-0.519348	-0.410497	-0.556217	0.373731	-0.618418	-0.727996	-0.173004	0.586421	-0.310166	-0.632632	0.0200367	0.674993	-0.379156	-0.130962	-0.632535	0.0264382	-0.762922	-0.218326	-0.624776	-0.0342356	-0.748877	-0.665389	-0.186191	0.690683	-0.213418	-0.4163	-0.588984	0.490731	-0.488851	-0.129131	-0.733159	0.188635	-0.640485	-0.400054	-0.619113	0.473363	-0.48227
-0.4593	-0.562347	0.451296	-0.518788	-0.412089	-0.552484	0.37471	-0.62011	-0.739337	-0.133253	0.576462	-0.321427	-0.584782	0.116098	0.651042	-0.469782	-0.152529	-0.605907	0.000481048	-0.780776	-0.268672	-0.577023	-0.0864466	-0.766411	-0.665734	-0.184795	0.690773	-0.213264	-0.417151	-0.588298	0.490561	-0.489123	-0.130267	-0.732856	0.18859	-0.640614	-0.400553	-0.618834	0.473285	-0.48229
-0.459882	-0.561788	0.451099	-0.519049	-0.413358	-0.549814	0.373281	-0.622496	-0.740686	-0.0966755	0.570548	-0.341339	-0.563284	0.150503	0.636475	-0.504935	-0.156126	-0.596947	-0.0178333	-0.786741	-0.316505	-0.532725	-0.134815	-0.77321	-0.665878	-0.184385	0.690744	-0.213263	-0.417767	-0.587951	0.490439	-0.489135	-0.130611	-0.73282	0.188482	-0.640616	-0.400762	-0.618777	0.47319	-0.482282
-0.460678	-0.560683	0.450199	-0.520319	-0.414209	-0.548112	0.372478	-0.623911	-0.741425	-0.0741243	0.565864	-0.352977	-0.510981	0.218108	0.599016	-0.576634	-0.165163	-0.577937	-0.0608438	-0.796874	-0.344969	-0.505821	-0.15875	-0.774558	-0.665827	-0.184219	0.690639	-0.213906	-0.417857	-0.587941	0.490264	-0.489246	-0.130878	-0.733009	0.187844	-0.640533	-0.401126	-0.618773	0.47291	-0.482259
-0.461891	-0.559497	0.449489	-0.521134	-0.416115	-0.544341	0.370676	-0.627009	-0.736488	-0.0265563	0.556205	-0.384078	-0.450597	0.281968	0.550449	-0.643787	-0.186542	-0.557911	-0.0948244	-0.803085	-0.406551	-0.444746	-0.205935	-0.771043	-0.666075	-0.183856	0.690403	-0.214207	-0.418239	-0.58785	0.490082	-0.489212	-0.131215	-0.733183	0.187488	-0.64037	-0.401467	-0.618815	0.472728	-0.4821
-0.46274	-0.558734	0.449316	-0.521347	-0.416964	-0.542695	0.369842	-0.628364	-0.731818	-0.00321298	0.550561	-0.401639	-0.418248	0.309781	0.521753	-0.675927	-0.200634	-0.547484	-0.108469	-0.805135	-0.437629	-0.412796	-0.230195	-0.764912	-0.666232	-0.183572	0.690344	-0.214154	-0.418581	-0.58773	0.490171	-0.488974	-0.131556	-0.73332	0.187752	-0.640066	-0.401571	-0.61891	0.472607	-0.482011
-0.464472	-0.557077	0.448645	-0.522157	-0.419618	-0.539109	0.368144	-0.630676	-0.712894	0.0643616	0.529876	-0.454831	-0.317865	0.375268	0.430569	-0.7568	-0.248732	-0.514377	-0.141441	-0.80842	-0.529262	-0.312028	-0.29585	-0.731432	-0.666648	-0.183037	0.690052	-0.214256	-0.41924	-0.587671	0.490273	-0.488378	-0.132245	-0.733583	0.188184	-0.639495	-0.402097	-0.619118	0.472647	-0.481264
-0.465068	-0.556558	0.448744	-0.522095	-0.420354	-0.538254	0.36795	-0.631029	-0.707008	0.0874103	0.522201	-0.468834	-0.285412	0.391883	0.397632	-0.77901	-0.261544	-0.503903	-0.15553	-0.808385	-0.583434	-0.245132	-0.331648	-0.699661	-0.666891	-0.182594	0.690049	-0.213888	-0.419775	-0.587615	0.490362	-0.487897	-0.13228	-0.733715	0.188372	-0.639281	-0.4022	-0.619224	0.472593	-0.481095
-0.466251	-0.555762	0.449695	-0.52107	-0.423953	-0.535366	0.36792	-0.631096	-0.685716	0.14655	0.497731	-0.51047	-0.192396	0.427153	0.311078	-0.826895	-0.297951	-0.474543	-0.19714	-0.804469	-0.629721	-0.181412	-0.361798	-0.663056	-0.667691	-0.181747	0.689838	-0.212791	-0.420227	-0.587622	0.4903	-0.487561	-0.132946	-0.733891	0.189918	-0.638483	-0.402729	-0.619335	0.472803	-0.480303
-0.466743	-0.555458	0.450302	-0.520428	-0.426394	-0.533749	0.368119	-0.630705	-0.674186	0.179088	0.480481	-0.531543	-0.136911	0.438187	0.260645	-0.849301	-0.324377	-0.456028	-0.214693	-0.800453	-0.666731	-0.122464	-0.384763	-0.626443	-0.668373	-0.181125	0.68963	-0.211854	-0.420601	-0.587645	0.490251	-0.48726	-0.133118	-0.73411	0.190982	-0.637877	-0.403026	-0.619446	0.472957	-0.47976
-0.467105	-0.555291	0.450762	-0.519883	-0.427892	-0.532805	0.368346	-0.630356	-0.668787	0.192525	0.472349	-0.540874	-0.11108	0.439879	0.24056	-0.858078	-0.33494	-0.447564	-0.224199	-0.798271	-0.69751	-0.0734748	-0.404013	-0.587244	-0.668587	-0.18081	0.689635	-0.21143	-0.420933	-0.587627	0.490299	-0.486947	-0.133445	-0.734114	0.191771	-0.637567	-0.40313	-0.619496	0.473046	-0.479519
-0.468229	-0.554667	0.451832	-0.518608	-0.431084	-0.530193	0.368992	-0.630005	-0.658947	0.214144	0.456622	-0.558057	-0.0662435	0.437292	0.206746	-0.872722	-0.354417	-0.431607	-0.240723	-0.793824	-0.710603	-0.0513082	-0.411133	-0.568666	-0.669084	-0.180126	0.689674	-0.21031	-0.42118	-0.587567	0.490381	-0.486723	-0.133715	-0.734196	0.193211	-0.636982	-0.403407	-0.619535	0.473349	-0.478936
-0.469147	-0.554264	0.453041	-0.517153	-0.433506	-0.527974	0.369392	-0.629972	-0.649786	0.231855	0.444203	-0.57158	-0.02802	0.430511	0.183844	-0.883219	-0.370549	-0.415885	-0.253158	-0.790976	-0.732807	-0.0095802	-0.420139	-0.535149	-0.669751	-0.17939	0.68962	-0.208993	-0.421761	-0.587358	0.49065	-0.486201	-0.134053	-0.734257	0.194977	-0.636302	-0.403465	-0.619683	0.473441	-0.478604
-0.470455	-0.553428	0.454199	-0.515843	-0.435857	-0.525022	0.370819	-0.629979	-0.641169	0.246251	0.435882	-0.58161	0.00140453	0.424309	0.168051	-0.889786	-0.383817	-0.404387	-0.260633	-0.788179	-0.748574	0.0226053	-0.42615	-0.507467	-0.670148	-0.178877	0.689624	-0.208145	-0.42224	-0.587246	0.49101	-0.485557	-0.134336	-0.734278	0.196414	-0.635776	-0.403451	-0.619965	0.473601	-0.478092
-0.47154	-0.552631	0.455228	-0.514798	-0.437555	-0.522521	0.371926	-0.630229	-0.634633	0.257035	0.430843	-0.587834	0.0245866	0.418914	0.158376	-0.893769	-0.388979	-0.399729	-0.262986	-0.787242	-0.756823	0.0469475	-0.428069	-0.491703	-0.67074	-0.177818	0.689722	-0.206815	-0.4228	-0.587129	0.491564	-0.484649	-0.134769	-0.734387	0.197832	-0.635119	-0.403316	-0.620352	0.473722	-0.477584
-0.471946	-0.55226	0.455596	-0.514498	-0.438296	-0.52156	0.372088	-0.630414	-0.632233	0.261337	0.429473	-0.589523	0.0335228	0.417102	0.154954	-0.894925	-0.395752	-0.394791	-0.26786	-0.784711	-0.758619	0.0512415	-0.430029	-0.486772	-0.670916	-0.177718	0.689631	-0.206631	-0.423019	-0.587105	0.491859	-0.484187	-0.134914	-0.734503	0.198343	-0.634794	-0.403211	-0.62062	0.473729	-0.477318
-0.472682	-0.551475	0.455956	-0.514346	-0.43931	-0.520316	0.372258	-0.630636	-0.628742	0.266666	0.428037	-0.591909	0.0451356	0.414772	0.150001	-0.896341	-0.400267	-0.39461	-0.270087	-0.781743	-0.758525	0.051362	-0.43243	-0.484774	-0.671215	-0.177613	0.6894	-0.206526	-0.422834	-0.587535	0.492022	-0.483662	-0.134918	-0.734695	0.198946	-0.634383	-0.403046	-0.621106	0.47373	-0.476824
-0.473155	-0.551077	0.456448	-0.513901	-0.440342	-0.519223	0.373032	-0.630359	-0.627355	0.269993	0.427442	-0.592303	0.0499232	0.414227	0.148211	-0.896637	-0.402128	-0.397165	-0.26945	-0.779711	-0.75603	0.0449955	-0.433697	-0.48816	-0.671267	-0.177506	0.689353	-0.206602	-0.421997	-0.58829	0.491804	-0.483697	-0.134653	-0.734956	0.199159	-0.634069	-0.402786	-0.621582	0.473624	-0.476529
-0.473582	-0.550933	0.457131	-0.513054	-0.440778	-0.519045	0.373478	-0.629937	-0.627721	0.270259	0.426885	-0.592195	0.0500065	0.413564	0.148224	-0.896936	-0.401773	-0.398624	-0.268426	-0.779503	-0.75499	0.0419334	-0.434253	-0.489546	-0.671239	-0.177387	0.689357	-0.206783	-0.421344	-0.588758	0.491633	-0.483871	-0.134609	-0.734991	0.199329	-0.633985	-0.402693	-0.62176	0.473608	-0.47639
-0.474164	-0.550965	0.458719	-0.51106	-0.44161	-0.5197	0.374989	-0.627914	-0.630708	0.269876	0.426057	-0.589788	0.0487042	0.412352	0.148818	-0.897467	-0.399539	-0.401291	-0.266556	-0.779924	-0.75418	0.0355607	-0.434049	-0.491477	-0.671266	-0.1761	0.689557	-0.207126	-0.419108	-0.590025	0.491209	-0.484699	-0.134416	-0.734877	0.199662	-0.634053	-0.402863	-0.621672	0.473886	-0.476085
-0.473833	-0.551331	0.459586	-0.510193	-0.441696	-0.520038	0.375427	-0.627311	-0.63172	0.269461	0.425786	-0.58909	0.0461677	0.411772	0.149818	-0.897701	-0.397701	-0.403407	-0.264054	-0.780623	-0.754332	0.0336794	-0.43419	-0.491251	-0.670963	-0.176066	0.689783	-0.207384	-0.418572	-0.590154	0.491252	-0.484961	-0.134506	-0.734548	0.199903	-0.634339	-0.40272	-0.621486	0.474091	-0.476245
-0.47342	-0.551957	0.46088	-0.50873	-0.441577	-0.520975	0.375957	-0.6263	-0.632829	0.267571	0.425449	-0.589005	0.044668	0.410737	0.15082	-0.898083	-0.397232	-0.405147	-0.262499	-0.780485	-0.754609	0.0309603	-0.434105	-0.49108	-0.670269	-0.176254	0.690052	-0.208569	-0.416968	-0.59066	0.491323	-0.485654	-0.13407	-0.733874	0.19929	-0.635404	-0.402139	-0.621337	0.474189	-0.476832
-0.473129	-0.552304	0.461723	-0.50786	-0.44148	-0.521433	0.37615	-0.62587	-0.632942	0.267078	0.425672	-0.588946	0.0445011	0.410418	0.151597	-0.898106	-0.397251	-0.406016	-0.261988	-0.780195	-0.754635	0.030186	-0.434786	-0.490486	-0.669759	-0.176154	0.690398	-0.209149	-0.415899	-0.590968	0.491578	-0.485938	-0.133805	-0.733433	0.198892	-0.636093	-0.401998	-0.621077	0.474522	-0.476959
-0.472481	-0.552562	0.463981	-0.50612	-0.441396	-0.521883	0.376082	-0.625596	-0.633056	0.264983	0.425726	-0.58973	0.0444942	0.408938	0.153604	-0.898441	-0.397529	-0.407352	-0.262062	-0.779332	-0.754331	0.0296541	-0.436481	-0.489478	-0.667672	-0.17686	0.691541	-0.211436	-0.412641	-0.592011	0.492857	-0.486151	-0.133365	-0.731957	0.197632	-0.638274	-0.400934	-0.620951	0.475048	-0.477494
-0.471526	-0.552476	0.465692	-0.505534	-0.440877	-0.522625	0.37572	-0.625559	-0.633042	0.263438	0.425948	-0.590276	0.0466256	0.406708	0.155961	-0.898939	-0.397595	-0.407293	-0.262325	-0.779241	-0.754533	0.0294954	-0.436602	-0.489069	-0.664564	-0.178047	0.693029	-0.215327	-0.407095	-0.59421	0.493822	-0.487163	-0.132863	-0.729807	0.195573	-0.641467	-0.399152	-0.621085	0.476323	-0.477543
-0.471001	-0.551767	0.467073	-0.505524	-0.44007	-0.52344	0.376075	-0.625234	-0.632548	0.262545	0.426034	-0.591142	0.0490878	0.404865	0.156856	-0.899484	-0.39645	-0.407469	-0.261949	-0.779859	-0.754358	0.0293646	-0.436563	-0.489382	-0.661696	-0.178348	0.694341	-0.21964	-0.399508	-0.597334	0.494368	-0.489066	-0.131938	-0.727372	0.192168	-0.645441	-0.396492	-0.621326	0.478072	-0.477698
-0.470432	-0.550793	0.467706	-0.506529	-0.439222	-0.523978	0.376476	-0.625137	-0.631839	0.261239	0.42591	-0.592565	0.0509775	0.403243	0.157491	-0.899996	-0.394833	-0.407208	-0.261959	-0.780812	-0.753895	0.0287148	-0.436062	-0.490578	-0.658431	-0.178546	0.696058	-0.223816	-0.391627	-0.600022	0.495213	-0.49129	-0.131774	-0.724086	0.189082	-0.650063	-0.392673	-0.621874	0.480513	-0.477691
-0.469105	-0.550132	0.467552	-0.508617	-0.438497	-0.524171	0.376231	-0.625632	-0.630597	0.260194	0.425406	-0.594707	0.052895	0.402232	0.157529	-0.900331	-0.393294	-0.406422	-0.262437	-0.781836	-0.753343	0.0292003	-0.435342	-0.492036	-0.65453	-0.179299	0.69821	-0.227916	-0.382185	-0.603079	0.494797	-0.495386	-0.132343	-0.719952	0.184574	-0.65581	-0.38794	-0.622584	0.484388	-0.476719
-0.46719	-0.550044	0.467029	-0.510949	-0.437609	-0.524568	0.376388	-0.625827	-0.629021	0.258837	0.425391	-0.596974	0.0558545	0.40077	0.158157	-0.900694	-0.391931	-0.405396	-0.262928	-0.782888	-0.752977	0.0303968	-0.434489	-0.493276	-0.650406	-0.179225	0.70149	-0.229702	-0.373401	-0.604907	0.494484	-0.500144	-0.133878	-0.715275	0.178843	-0.662174	-0.381692	-0.623961	0.48969	-0.47454
-0.464197	-0.550788	0.465738	-0.514044	-0.436664	-0.525261	0.376461	-0.625862	-0.627396	0.256355	0.425955	-0.599348	0.0572516	0.399948	0.15898	-0.900827	-0.391189	-0.404895	-0.263168	-0.783437	-0.752385	0.0324673	-0.434109	-0.494381	-0.645821	-0.178786	0.705734	-0.22998	-0.364426	-0.606335	0.49334	-0.506131	-0.135597	-0.712284	0.175359	-0.665968	-0.377311	-0.625495	0.492732	-0.472871
-0.462382	-0.551547	0.464227	-0.516228	-0.435984	-0.525728	0.376229	-0.626083	-0.62653	0.255379	0.426163	-0.600523	0.0586252	0.399251	0.159923	-0.900881	-0.389201	-0.403784	-0.264374	-0.784594	-0.751872	0.0337344	-0.433928	-0.495234	-0.645821	-0.178786	0.705734	-0.22998	-0.359992	-0.606735	0.492917	-0.509227	-0.143914	-0.702783	0.16308	-0.67734	-0.371199	-0.628442	0.496159	-0.470211
-0.45691	-0.555251	0.459909	-0.520973	-0.433881	-0.527203	0.376498	-0.626142	-0.625056	0.252829	0.42572	-0.603444	0.0633893	0.39661	0.16218	-0.901321	-0.38581	-0.402633	-0.2652	-0.786579	-0.750865	0.0357493	-0.433628	-0.496881	-0.641033	-0.177154	0.710857	-0.228856	-0.351171	-0.606918	0.491671	-0.516323	-0.163904	-0.688755	0.137184	-0.692772	-0.346866	-0.644213	0.514942	-0.446664
-0.454769	-0.55691	0.458452	-0.522358	-0.432291	-0.528437	0.376961	-0.625922	-0.624544	0.251495	0.426179	-0.604207	0.0645949	0.396061	0.163367	-0.901263	-0.383987	-0.402755	-0.265184	-0.787413	-0.750111	0.0361185	-0.433772	-0.497867	-0.639556	-0.177471	0.712062	-0.228997	-0.346377	-0.607382	0.490216	-0.520382	-0.176114	-0.683511	0.120978	-0.697969	-0.340239	-0.649913	0.524212	-0.432495
-0.452402	-0.558788	0.458114	-0.522703	-0.43052	-0.529849	0.37739	-0.625692	-0.624154	0.249861	0.427148	-0.604604	0.0654899	0.395801	0.165346	-0.900951	-0.383987	-0.402755	-0.265184	-0.787413	-0.749342	0.0358262	-0.433699	-0.499108	-0.63825	-0.177236	0.71355	-0.228189	-0.342537	-0.607324	0.489462	-0.523691	-0.176114	-0.683511	0.120978	-0.697969	-0.3364	-0.653906	0.536341	-0.414223
-0.446786	-0.562226	0.458393	-0.523603	-0.426786	-0.531457	0.378278	-0.626349	-0.623228	0.246651	0.429691	-0.605075	0.0665911	0.395932	0.169397	-0.90006	-0.378551	-0.404573	-0.262976	-0.789851	-0.74805	0.0333034	-0.43312	-0.501716	-0.636077	-0.177426	0.716125	-0.226032	-0.33655	-0.607319	0.4881	-0.528824	-0.200623	-0.675449	0.0629593	-0.706793	-0.332103	-0.656674	0.553008	-0.390728
-0.444163	-0.562677	0.461589	-0.52254	-0.423416	-0.532936	0.379237	-0.6268	-0.621852	0.243635	0.433466	-0.605021	0.0677276	0.396236	0.171498	-0.899444	-0.376528	-0.404996	-0.261942	-0.790943	-0.74713	0.0309035	-0.431087	-0.504981	-0.635662	-0.175615	0.718973	-0.21948	-0.335744	-0.605527	0.489241	-0.530335	-0.214079	-0.670283	0.0528173	-0.708591	-0.333089	-0.656089	0.551216	-0.393396
-0.443076	-0.562332	0.464113	-0.521599	-0.422116	-0.533467	0.37985	-0.626853	-0.620996	0.241511	0.435207	-0.605501	0.0700471	0.396656	0.176645	-0.898083	-0.372329	-0.404627	-0.259855	-0.793803	-0.746707	0.0301955	-0.429642	-0.506876	-0.635748	-0.174799	0.720274	-0.215583	-0.33625	-0.604326	0.490247	-0.530457	-0.228685	-0.663733	0.0497781	-0.710411	-0.349133	-0.646242	0.534727	-0.417785
-0.440582	-0.561452	0.467307	-0.521807	-0.41996	-0.534817	0.38012	-0.626987	-0.619421	0.237678	0.436858	-0.607439	0.0724254	0.395568	0.180379	-0.897633	-0.368714	-0.402827	-0.259644	-0.796471	-0.745341	0.0300576	-0.427137	-0.510997	-0.635889	-0.176563	0.721142	-0.210772	-0.337488	-0.602171	0.492348	-0.530175	-0.251063	-0.656382	0.0454092	-0.709978	-0.381563	-0.620063	0.515845	-0.451481
-0.438561	-0.561391	0.469068	-0.521996	-0.417935	-0.536763	0.380419	-0.626496	-0.618467	0.234694	0.437179	-0.609338	0.0745366	0.393498	0.182838	-0.897872	-0.365865	-0.401478	-0.259831	-0.798402	-0.743363	0.0305322	-0.425852	-0.514907	-0.637197	-0.177339	0.721801	-0.2038	-0.34157	-0.598839	0.496946	-0.527036	-0.289214	-0.641074	0.0566764	-0.708638	-0.422282	-0.580241	0.497551	-0.487279
-0.438621	-0.560235	0.471273	-0.521202	-0.416572	-0.537649	0.381633	-0.625906	-0.618337	0.23226	0.437298	-0.610315	0.0751842	0.39207	0.184749	-0.898051	-0.363081	-0.401039	-0.26017	-0.799782	-0.741433	0.0308607	-0.425909	-0.517616	-0.637553	-0.180355	0.722295	-0.198212	-0.344247	-0.597417	0.5004	-0.523628	-0.302618	-0.638198	0.0603023	-0.705329	-0.452752	-0.538231	0.478682	-0.525534
-0.439515	-0.559151	0.472445	-0.52055	-0.415992	-0.537641	0.38306	-0.625426	-0.61852	0.231805	0.437529	-0.610137	0.0747528	0.392323	0.185682	-0.897784	-0.361123	-0.400711	-0.259969	-0.800897	-0.74061	0.0312124	-0.425816	-0.518848	-0.637661	-0.181833	0.722447	-0.195948	-0.345122	-0.5979	0.504284	-0.518753	-0.312413	-0.636868	0.0639723	-0.701929	-0.473896	-0.500849	0.463299	-0.55671
-0.441913	-0.556819	0.474359	-0.519278	-0.416141	-0.537397	0.384138	-0.624875	-0.6191	0.231929	0.438335	-0.608922	0.0741226	0.392841	0.185756	-0.897595	-0.360913	-0.400236	-0.259802	-0.801283	-0.740655	0.0315969	-0.42561	-0.518931	-0.637812	-0.18485	0.722774	-0.191374	-0.34469	-0.598912	0.505967	-0.516227	-0.317701	-0.635746	0.0655811	-0.700423	-0.482391	-0.486814	0.457502	-0.566571
-0.447811	-0.55153	0.474486	-0.519754	-0.4173	-0.537593	0.385886	-0.622854	-0.620724	0.233309	0.438812	-0.606393	0.0721907	0.394427	0.184905	-0.897232	-0.362331	-0.398452	-0.259758	-0.801547	-0.741597	0.0333058	-0.424749	-0.518183	-0.638958	-0.190794	0.721974	-0.184618	-0.342352	-0.603634	0.512321	-0.505913	-0.33014	-0.631423	0.063445	-0.698776	-0.49832	-0.465113	0.447272	-0.579046
-0.45303	-0.546581	0.471064	-0.523557	-0.418475	-0.537688	0.384803	-0.622653	-0.622111	0.234471	0.438124	-0.605019	0.0709236	0.394332	0.184065	-0.897548	-0.363826	-0.398089	-0.260102	-0.800939	-0.741882	0.0342447	-0.425028	-0.517484	-0.640936	-0.194091	0.721247	-0.177008	-0.340544	-0.607953	0.517015	-0.497111	-0.334203	-0.632256	0.0667619	-0.695776	-0.505483	-0.456477	0.449068	-0.57832
-0.459029	-0.543084	0.469846	-0.523065	-0.419772	-0.537429	0.383056	-0.62308	-0.622849	0.236454	0.436417	-0.604722	0.0700444	0.394067	0.181669	-0.898221	-0.364615	-0.39745	-0.261874	-0.80032	-0.742533	0.0355914	-0.425418	-0.516137	-0.64422	-0.197994	0.719675	-0.166874	-0.337649	-0.613549	0.520608	-0.488383	-0.336302	-0.633278	0.0770315	-0.692767	-0.511344	-0.450435	0.452403	-0.575298
-0.4623	-0.543802	0.469622	-0.519629	-0.422419	-0.535782	0.381131	-0.62389	-0.623219	0.239848	0.434307	-0.604523	0.0696667	0.394446	0.177642	-0.89889	-0.364968	-0.396399	-0.264332	-0.799871	-0.743951	0.0385409	-0.426147	-0.513274	-0.647907	-0.204307	0.716881	-0.156704	-0.334987	-0.619485	0.524704	-0.478234	-0.333987	-0.637683	0.0876304	-0.688574	-0.515466	-0.449302	0.455788	-0.569806
-0.463452	-0.544798	0.469883	-0.517317	-0.425409	-0.534422	0.37956	-0.623983	-0.623642	0.241665	0.433273	-0.604106	0.0695577	0.394589	0.175724	-0.899212	-0.365441	-0.395924	-0.26585	-0.799388	-0.745527	0.0418436	-0.427432	-0.509647	-0.649821	-0.207498	0.71528	-0.151826	-0.333291	-0.625893	0.530159	-0.464873	-0.331654	-0.641622	0.0925316	-0.685394	-0.516351	-0.451461	0.457776	-0.565691
-0.469539	-0.545824	0.473458	-0.507392	-0.429528	-0.532431	0.379224	-0.623066	-0.624669	0.248482	0.430536	-0.602233	0.0671577	0.397061	0.168623	-0.899666	-0.371458	-0.395247	-0.270069	-0.795525	-0.747887	0.0444937	-0.429522	-0.504179	-0.656578	-0.216798	0.709324	-0.136984	-0.33339	-0.63286	0.537282	-0.446842	-0.318323	-0.655935	0.111884	-0.675205	-0.520577	-0.457925	0.469058	-0.547073
-0.465051	-0.550998	0.477806	-0.501827	-0.432787	-0.532465	0.381718	-0.619247	-0.627293	0.244128	0.434933	-0.598112	0.0648243	0.39813	0.175308	-0.898085	-0.373602	-0.400878	-0.268541	-0.792215	-0.748519	0.0411687	-0.433544	-0.500063	-0.660962	-0.224181	0.703283	-0.135146	-0.333021	-0.640056	0.54633	-0.42538	-0.316393	-0.662963	0.101628	-0.670855	-0.518096	-0.470897	0.482745	-0.526108
-0.46837	-0.54948	0.478902	-0.499354	-0.432297	-0.537231	0.382769	-0.61481	-0.630809	0.236637	0.438679	-0.594679	0.0595603	0.397206	0.184969	-0.896921	-0.376421	-0.408006	-0.264214	-0.788688	-0.747929	0.0329997	-0.437114	-0.498443	-0.673047	-0.22054	0.693172	-0.133723	-0.328753	-0.650126	0.554493	-0.402238	-0.31068	-0.670473	0.120563	-0.662879	-0.517586	-0.480481	0.498875	-0.50236
-0.473978	-0.548743	0.482841	-0.49101	-0.435652	-0.536172	0.383907	-0.612652	-0.634145	0.233482	0.437687	-0.593108	0.0531227	0.39573	0.187925	-0.897363	-0.379084	-0.411247	-0.261374	-0.786673	-0.750188	0.0271506	-0.437451	-0.495093	-0.68599	-0.208542	0.684014	-0.134364	-0.319306	-0.658639	0.566623	-0.378387	-0.290961	-0.684017	0.127787	-0.656607	-0.51139	-0.498183	0.495486	-0.49476
-0.477315	-0.550505	0.485158	-0.483463	-0.439663	-0.535428	0.38482	-0.609858	-0.638367	0.233929	0.434308	-0.590882	0.0484706	0.393693	0.18624	-0.898872	-0.383681	-0.411434	-0.259413	-0.784994	-0.753391	0.0257212	-0.436871	-0.490799	-0.700448	-0.191374	0.672357	-0.143824	-0.301234	-0.66713	0.581423	-0.355166	-0.27201	-0.696429	0.136811	-0.64983	-0.514555	-0.504436	0.502384	-0.477899
-0.47943	-0.551096	0.485836	-0.480004	-0.441133	-0.535927	0.385298	-0.608055	-0.640664	0.234487	0.432621	-0.58941	0.0462126	0.392539	0.185321	-0.899685	-0.38582	-0.41219	-0.258887	-0.783722	-0.754605	0.0242149	-0.438947	-0.487146	-0.706558	-0.181138	0.667287	-0.150642	-0.274005	-0.67805	0.593087	-0.336775	-0.265132	-0.702016	0.140801	-0.645797	-0.515199	-0.507734	0.504856	-0.471059
-0.485505	-0.551485	0.487829	-0.471352	-0.443883	-0.53615	0.388476	-0.603819	-0.645212	0.234859	0.430243	-0.586032	0.0401254	0.391395	0.184434	-0.900657	-0.389724	-0.414984	-0.256984	-0.780937	-0.755003	0.0231377	-0.440046	-0.485587	-0.709091	-0.167109	0.664005	-0.168409	-0.268052	-0.67922	0.598838	-0.328939	-0.257513	-0.706855	0.152299	-0.640974	-0.517013	-0.512666	0.509674	-0.458371
-0.486833	-0.554374	0.485644	-0.468842	-0.445208	-0.538398	0.391423	-0.598919	-0.649364	0.232473	0.430553	-0.582157	0.0346569	0.391096	0.187314	-0.90042	-0.391533	-0.416384	-0.255623	-0.779733	-0.755184	0.0197578	-0.442192	-0.4835	-0.711823	-0.147485	0.66489	-0.171688	-0.30482	-0.655305	0.616752	-0.311895	-0.252489	-0.709769	0.157229	-0.638558	-0.513462	-0.521626	0.508128	-0.453949
-0.487578	-0.555287	0.485391	-0.467246	-0.445306	-0.539767	0.392808	-0.596705	-0.651286	0.230674	0.431064	-0.580345	0.0322753	0.390674	0.189611	-0.900211	-0.392194	-0.421061	-0.252329	-0.77796	-0.7551	0.0168382	-0.443289	-0.482738	-0.712982	-0.135021	0.666348	-0.171483	-0.315396	-0.644879	0.615687	-0.324941	-0.238219	-0.71751	0.160032	-0.634681	-0.510192	-0.527001	0.50544	-0.454427
-0.491493	-0.557252	0.489696	-0.456183	-0.446692	-0.541738	0.397415	-0.590803	-0.655855	0.227576	0.431888	-0.575792	0.0256437	0.390372	0.193365	-0.899757	-0.39141	-0.426769	-0.245215	-0.77752	-0.755941	0.00784481	-0.443888	-0.481097	-0.705417	-0.103839	0.678267	-0.177645	-0.350273	-0.613072	0.596504	-0.381622	-0.223452	-0.723753	0.165928	-0.631442	-0.498413	-0.541493	0.496416	-0.460371
-0.49226	-0.557174	0.490594	-0.454484	-0.447179	-0.542739	0.398306	-0.588912	-0.656941	0.226973	0.431403	-0.575155	0.0240041	0.390064	0.193435	-0.89992	-0.391391	-0.427729	-0.243464	-0.777551	-0.756275	0.00539417	-0.443427	-0.481032	-0.700548	-0.0994012	0.681544	-0.186681	-0.3656	-0.598162	0.593799	-0.394895	-0.221556	-0.724316	0.169812	-0.630432	-0.496644	-0.54371	0.49604	-0.460074
-0.492904	-0.556529	0.492754	-0.452233	-0.448261	-0.54395	0.40002	-0.585803	-0.658839	0.226522	0.430301	-0.573986	0.0213236	0.389509	0.192904	-0.900342	-0.390525	-0.430807	-0.240567	-0.77719	-0.755926	9.71E-05	-0.443738	-0.481324	-0.688798	-0.0890797	0.690048	-0.20361	-0.378896	-0.582405	0.575327	-0.431556	-0.219186	-0.723371	0.178727	-0.62988	-0.495091	-0.546031	0.49802	-0.45685
-0.491676	-0.555985	0.491956	-0.455099	-0.449595	-0.544134	0.401711	-0.583448	-0.66067	0.226315	0.428626	-0.573216	0.0193424	0.38819	0.192238	-0.901099	-0.388622	-0.434552	-0.238772	-0.776611	-0.755001	-0.00461876	-0.444955	-0.481629	-0.678503	-0.0855023	0.695861	-0.21932	-0.394683	-0.566409	0.557548	-0.461028	-0.216449	-0.723231	0.182318	-0.629957	-0.493014	-0.547935	0.502084	-0.452345
-0.489186	-0.555456	0.489759	-0.460762	-0.449733	-0.544523	0.401357	-0.583222	-0.661533	0.228429	0.425965	-0.573365	0.0187899	0.387056	0.18929	-0.902222	-0.387613	-0.437011	-0.237405	-0.776155	-0.754517	-0.00757047	-0.445779	-0.481589	-0.671038	-0.0884221	0.698565	-0.232156	-0.420973	-0.538091	0.555508	-0.473974	-0.212534	-0.723465	0.180386	-0.631577	-0.48698	-0.553049	0.504806	-0.44962
-0.489829	-0.550673	0.49062	-0.464887	-0.449484	-0.542912	0.400429	-0.585549	-0.66	0.23147	0.423612	-0.575651	0.0206115	0.386505	0.185024	-0.903302	-0.385979	-0.436617	-0.23826	-0.776929	-0.754886	-0.00736282	-0.445228	-0.481523	-0.666609	-0.0844507	0.703137	-0.232592	-0.435641	-0.519688	0.553025	-0.484051	-0.207912	-0.723135	0.179838	-0.633646	-0.481006	-0.557557	0.509366	-0.445319
-0.492368	-0.538502	0.487716	-0.479295	-0.450092	-0.537646	0.398135	-0.591476	-0.653965	0.234983	0.423081	-0.581476	0.0248566	0.387082	0.18181	-0.903601	-0.382981	-0.433788	-0.241691	-0.778934	-0.75548	-0.00178991	-0.442458	-0.483195	-0.660547	-0.0775026	0.715216	-0.214796	-0.442721	-0.508866	0.555521	-0.48626	-0.209786	-0.718078	0.182738	-0.637934	-0.46497	-0.567673	0.521667	-0.435217
-0.489947	-0.538056	0.484082	-0.485914	-0.450488	-0.53626	0.396875	-0.593276	-0.65208	0.235495	0.423614	-0.582997	0.0305296	0.387607	0.18036	-0.903493	-0.38011	-0.429896	-0.246647	-0.780942	-0.755275	0.000857183	-0.441986	-0.483949	-0.659047	-0.0816641	0.717392	-0.210565	-0.438641	-0.513298	0.551546	-0.489812	-0.212401	-0.713567	0.171311	-0.64526	-0.457043	-0.572587	0.529704	-0.427399
-0.488586	-0.537648	0.474002	-0.497535	-0.449535	-0.534882	0.39499	-0.596492	-0.648904	0.236651	0.423837	-0.585903	0.0353449	0.387625	0.179335	-0.903514	-0.377468	-0.42785	-0.250196	-0.782217	-0.753748	0.00509377	-0.442037	-0.486252	-0.654967	-0.0930441	0.721119	-0.205787	-0.429413	-0.521715	0.540895	-0.500849	-0.234702	-0.702927	0.152614	-0.653848	-0.440818	-0.585951	0.552251	-0.396686
-0.484896	-0.540339	0.47264	-0.499521	-0.445923	-0.534256	0.394054	-0.600371	-0.64536	0.239116	0.425027	-0.587951	0.0380472	0.388864	0.176521	-0.903426	-0.377425	-0.424392	-0.252015	-0.783538	-0.753937	0.0109313	-0.439749	-0.487935	-0.651302	-0.100958	0.725425	-0.198421	-0.423195	-0.522252	0.539831	-0.506696	-0.249589	-0.696569	0.109022	-0.663785	-0.409501	-0.612343	0.574412	-0.356926
-0.485351	-0.538527	0.4732	-0.500504	-0.444296	-0.534497	0.395256	-0.600572	-0.644356	0.23829	0.427003	-0.587955	0.0401172	0.390566	0.178925	-0.902128	-0.375668	-0.422502	-0.25074	-0.785809	-0.753984	0.0113414	-0.438822	-0.488687	-0.650625	-0.101018	0.726861	-0.195338	-0.422673	-0.521588	0.541084	-0.50648	-0.266397	-0.691246	0.0683164	-0.66824	-0.400027	-0.61896	0.574255	-0.356508
-0.488559	-0.531448	0.477276	-0.50108	-0.441733	-0.533682	0.39809	-0.601315	-0.642456	0.235882	0.431927	-0.587408	0.0408252	0.393498	0.183229	-0.899955	-0.373059	-0.420758	-0.249833	-0.788272	-0.754212	0.0112083	-0.436572	-0.49035	-0.651858	-0.0942744	0.730097	-0.182075	-0.426187	-0.5168	0.547692	-0.501315	-0.299589	-0.673012	0.0563024	-0.673893	-0.400308	-0.619662	0.567186	-0.366159
-0.489012	-0.525536	0.479786	-0.504464	-0.440882	-0.532312	0.399627	-0.602134	-0.641504	0.234088	0.433941	-0.587683	0.0416343	0.393984	0.185837	-0.899171	-0.371755	-0.418027	-0.25053	-0.790118	-0.754607	0.0124133	-0.434164	-0.49185	-0.651207	-0.096586	0.731864	-0.176001	-0.427588	-0.514992	0.550292	-0.49913	-0.329988	-0.656563	0.0506264	-0.676365	-0.420797	-0.602226	0.558312	-0.38541
-0.488273	-0.521973	0.480271	-0.508402	-0.441047	-0.530845	0.400342	-0.602833	-0.641592	0.235164	0.432748	-0.588037	0.041898	0.393484	0.184054	-0.899744	-0.372434	-0.415538	-0.251773	-0.790716	-0.754669	0.0154824	-0.433105	-0.492601	-0.650062	-0.102561	0.732655	-0.173543	-0.427374	-0.514663	0.552257	-0.497479	-0.357814	-0.641992	0.0502233	-0.676235	-0.449934	-0.572712	0.546095	-0.413933
-0.490601	-0.517263	0.480745	-0.510523	-0.44199	-0.52873	0.401585	-0.603174	-0.642183	0.236945	0.431337	-0.587713	0.0416133	0.393272	0.182846	-0.900096	-0.373	-0.414672	-0.252533	-0.790661	-0.754946	0.0183987	-0.433264	-0.491935	-0.649037	-0.106993	0.733687	-0.170315	-0.426931	-0.514941	0.555637	-0.493795	-0.369384	-0.635969	0.0510991	-0.675638	-0.464574	-0.555608	0.538714	-0.430415
-0.492338	-0.514475	0.480433	-0.511959	-0.442672	-0.527402	0.401977	-0.603576	-0.642469	0.237902	0.430984	-0.587272	0.0407311	0.393565	0.180914	-0.900399	-0.374497	-0.413098	-0.254001	-0.790307	-0.755324	0.0196594	-0.433313	-0.491263	-0.648627	-0.108444	0.734307	-0.168276	-0.426136	-0.515764	0.557554	-0.491457	-0.383828	-0.630735	0.0504634	-0.672535	-0.489384	-0.520435	0.520181	-0.468041
-0.496334	-0.508739	0.478489	-0.515641	-0.444317	-0.524152	0.402224	-0.605031	-0.642744	0.241022	0.430326	-0.586181	0.0393596	0.394926	0.178206	-0.900404	-0.376207	-0.410809	-0.255882	-0.790082	-0.756594	0.0224169	-0.432814	-0.489627	-0.64783	-0.111415	0.735367	-0.164736	-0.423015	-0.518891	0.561374	-0.486486	-0.389438	-0.629185	0.0532456	-0.670544	-0.509409	-0.485311	0.500201	-0.504752
-0.50221	-0.501445	0.47105	-0.52388	-0.448085	-0.517801	0.402262	-0.60769	-0.64264	0.247958	0.42846	-0.584768	0.0386956	0.396718	0.174232	-0.900422	-0.378756	-0.407558	-0.258228	-0.789784	-0.759703	0.0281349	-0.431109	-0.486009	-0.646404	-0.119956	0.735602	-0.163284	-0.413232	-0.5283	0.565707	-0.479703	-0.391119	-0.628535	0.0574117	-0.669831	-0.527491	-0.452882	0.485217	-0.530298
-0.504214	-0.499306	0.467533	-0.527138	-0.449764	-0.515318	0.401831	-0.608844	-0.64264	0.247958	0.42846	-0.584768	0.0380911	0.398691	0.168642	-0.900641	-0.381965	-0.404132	-0.261139	-0.789041	-0.759703	0.0281349	-0.431109	-0.486009	-0.646404	-0.119956	0.735602	-0.163284	-0.40968	-0.531734	0.567488	-0.476843	-0.388966	-0.628883	0.0586826	-0.670648	-0.538025	-0.435023	0.471501	-0.546782
-0.505632	-0.498016	0.464967	-0.529265	-0.451546	-0.51281	0.401355	-0.609956	-0.642612	0.254438	0.426477	-0.583463	0.0377038	0.399715	0.165576	-0.900772	-0.383736	-0.402661	-0.262659	-0.78843	-0.761948	0.0325459	-0.430772	-0.482505	-0.646072	-0.126445	0.73531	-0.161001	-0.405905	-0.535516	0.569234	-0.473746	-0.386717	-0.629839	0.0597428	-0.670957	-0.541644	-0.430234	0.465942	-0.551741
-0.507093	-0.49836	0.461006	-0.531005	-0.455413	-0.507349	0.400136	-0.612443	-0.642693	0.260845	0.423972	-0.582368	0.0369339	0.40149	0.159015	-0.901197	-0.387568	-0.399811	-0.266198	-0.786817	-0.763973	0.0374875	-0.430898	-0.478819	-0.647085	-0.130809	0.734719	-0.156071	-0.399033	-0.542467	0.574085	-0.465755	-0.381506	-0.63083	0.0676579	-0.672257	-0.546079	-0.425967	0.456606	-0.558445
-0.507381	-0.499124	0.459126	-0.531642	-0.46022	-0.501412	0.39817	-0.615016	-0.642954	0.268213	0.420795	-0.581036	0.0369339	0.40149	0.159015	-0.901197	-0.389511	-0.398368	-0.268322	-0.785867	-0.766524	0.0425958	-0.430977	-0.474221	-0.647085	-0.130809	0.734719	-0.156071	-0.39316	-0.548965	0.579578	-0.456236	-0.381506	-0.63083	0.0676579	-0.672257	-0.547015	-0.426327	0.453438	-0.559834
-0.511561	-0.501137	0.456614	-0.527893	-0.464809	-0.497259	0.396296	-0.616146	-0.643699	0.27524	0.417645	-0.579196	0.0334147	0.405532	0.143549	-0.90212	-0.395626	-0.393535	-0.273564	-0.783437	-0.768967	0.0490772	-0.431172	-0.469438	-0.650769	-0.141465	0.732246	-0.14249	-0.386966	-0.556304	0.584107	-0.446769	-0.367405	-0.641172	0.0924013	-0.667364	-0.550242	-0.427652	0.456798	-0.552886
-0.517	-0.501094	0.458792	-0.520698	-0.469049	-0.493875	0.394905	-0.616547	-0.644375	0.281744	0.414986	-0.577224	0.0308357	0.408017	0.136499	-0.902186	-0.398732	-0.391158	-0.277289	-0.781741	-0.770899	0.0546786	-0.431795	-0.465057	-0.654146	-0.147439	0.729679	-0.133881	-0.381103	-0.564084	0.588907	-0.435612	-0.35581	-0.650916	0.107023	-0.662008	-0.550373	-0.43328	0.464492	-0.541853
-0.519982	-0.500909	0.462266	-0.514799	-0.473802	-0.487945	0.394005	-0.618208	-0.644031	0.290538	0.412249	-0.575206	0.0291527	0.409652	0.132313	-0.902125	-0.399775	-0.390345	-0.279278	-0.780906	-0.772984	0.0574185	-0.43257	-0.460523	-0.656525	-0.150296	0.727672	-0.129918	-0.374353	-0.571575	0.598653	-0.418063	-0.34931	-0.657176	0.118832	-0.657253	-0.550611	-0.436275	0.469414	-0.534922
-0.522086	-0.500956	0.481886	-0.494222	-0.475519	-0.484676	0.394517	-0.619135	-0.643916	0.293721	0.413946	-0.572494	0.0277498	0.41433	0.12701	-0.900794	-0.399822	-0.392023	-0.282169	-0.779	-0.773585	0.0549961	-0.433692	-0.458752	-0.660196	-0.155785	0.72358	-0.127687	-0.369293	-0.57569	0.603171	-0.410352	-0.331064	-0.671937	0.10943	-0.653393	-0.553306	-0.437524	0.467129	-0.533119
-0.519359	-0.496484	0.502587	-0.480807	-0.476776	-0.482022	0.398317	-0.617805	-0.641641	0.288678	0.423844	-0.570367	0.0281349	0.420153	0.136192	-0.896734	-0.403031	-0.392997	-0.276819	-0.778775	-0.773521	0.0497155	-0.431953	-0.461097	-0.668892	-0.15858	0.717467	-0.112593	-0.373397	-0.577264	0.61546	-0.385421	-0.330348	-0.673621	0.13354	-0.647513	-0.557005	-0.444594	0.487476	-0.504429
-0.518198	-0.494622	0.509884	-0.476276	-0.475557	-0.483291	0.404144	-0.613957	-0.639824	0.281586	0.426898	-0.573666	0.0280039	0.420801	0.139621	-0.895906	-0.403307	-0.393004	-0.275159	-0.779217	-0.772937	0.0475737	-0.430213	-0.46392	-0.672769	-0.156459	0.715596	-0.104044	-0.387386	-0.56856	0.624091	-0.370382	-0.334319	-0.67278	0.146944	-0.643433	-0.561945	-0.438936	0.495595	-0.495922
-0.50666	-0.498524	0.529423	-0.463121	-0.474191	-0.488393	0.41135	-0.606141	-0.641435	0.27653	0.426735	-0.574447	0.0256211	0.420572	0.142625	-0.895612	-0.406992	-0.390732	-0.269557	-0.7804	-0.774322	0.0494699	-0.428099	-0.463368	-0.679422	-0.156277	0.711461	-0.0882439	-0.395114	-0.567531	0.623155	-0.365336	-0.345443	-0.663292	0.170673	-0.641548	-0.565204	-0.439412	0.494309	-0.493072
-0.4957	-0.507122	0.534602	-0.459685	-0.471589	-0.496276	0.41757	-0.597452	-0.645658	0.270615	0.427618	-0.571871	0.0182941	0.419196	0.148504	-0.895481	-0.415573	-0.39057	-0.258553	-0.779683	-0.774463	0.0473682	-0.428599	-0.46289	-0.680836	-0.160248	0.709949	-0.082192	-0.401894	-0.567276	0.620095	-0.363541	-0.343829	-0.668522	0.166729	-0.638014	-0.56493	-0.444266	0.490057	-0.493281
-0.493491	-0.509177	0.536466	-0.457613	-0.469982	-0.500752	0.423854	-0.590519	-0.648054	0.267936	0.429274	-0.569175	0.0152874	0.419415	0.151916	-0.894863	-0.417542	-0.392957	-0.254626	-0.778723	-0.774785	0.039828	-0.42968	-0.462057	-0.6806	-0.161842	0.709991	-0.0806378	-0.407892	-0.565055	0.618931	-0.362298	-0.34607	-0.66745	0.167872	-0.637625	-0.564773	-0.4452	0.48904	-0.493628
-0.490298	-0.512073	0.538766	-0.455105	-0.469777	-0.501869	0.426293	-0.587972	-0.652223	0.26199	0.433338	-0.564079	0.0100837	0.419748	0.160149	-0.893344	-0.41981	-0.398218	-0.247886	-0.777004	-0.775162	0.0355368	-0.429802	-0.461662	-0.679438	-0.165262	0.71054	-0.0786486	-0.40992	-0.564534	0.617973	-0.362459	-0.35255	-0.663796	0.174072	-0.636224	-0.564533	-0.446305	0.486377	-0.495532
-0.487589	-0.514466	0.539799	-0.454091	-0.469155	-0.503311	0.430287	-0.584316	-0.655674	0.257802	0.436513	-0.559541	0.00626306	0.419796	0.166577	-0.892179	-0.41957	-0.403296	-0.242379	-0.776252	-0.776088	0.0275906	-0.430028	-0.460437	-0.67968	-0.165893	0.710354	-0.0768889	-0.412304	-0.564134	0.616398	-0.36306	-0.355613	-0.662322	0.176009	-0.635523	-0.563529	-0.447908	0.484294	-0.497266
-0.486883	-0.514842	0.540146	-0.454009	-0.468468	-0.5046	0.433378	-0.581464	-0.658297	0.256113	0.436994	-0.556855	0.00309531	0.419386	0.168673	-0.891995	-0.419708	-0.405348	-0.238623	-0.776272	-0.777243	0.0237018	-0.429559	-0.459141	-0.679494	-0.166804	0.710099	-0.0788953	-0.411964	-0.564816	0.615329	-0.364198	-0.358893	-0.66154	0.174998	-0.634773	-0.562504	-0.449281	0.484242	-0.497238
-0.487334	-0.514458	0.539209	-0.455074	-0.467969	-0.506275	0.434359	-0.579674	-0.65956	0.256007	0.436082	-0.556124	0.00131927	0.419038	0.168106	-0.89227	-0.419875	-0.405379	-0.237292	-0.776573	-0.778101	0.0227534	-0.428761	-0.458481	-0.679746	-0.16678	0.709653	-0.080766	-0.410237	-0.566171	0.614155	-0.36602	-0.362202	-0.660105	0.173955	-0.634674	-0.56235	-0.449284	0.484925	-0.496744
-0.487515	-0.514328	0.538622	-0.455722	-0.468607	-0.505772	0.433693	-0.580097	-0.659733	0.256645	0.435352	-0.556197	0.00118152	0.418819	0.167127	-0.892557	-0.419678	-0.405262	-0.237478	-0.776684	-0.778415	0.0231738	-0.428492	-0.458178	-0.679646	-0.166904	0.709641	-0.0814465	-0.40925	-0.566722	0.613365	-0.367594	-0.363363	-0.659282	0.174042	-0.634841	-0.562345	-0.449224	0.484624	-0.497097
-0.487686	-0.514463	0.537385	-0.456845	-0.469317	-0.504893	0.432883	-0.580893	-0.659034	0.259302	0.4337	-0.557082	0.0030735	0.418568	0.163775	-0.893291	-0.418727	-0.404268	-0.239084	-0.777222	-0.77861	0.0246161	-0.428291	-0.457959	-0.679179	-0.167134	0.709942	-0.0822429	-0.410009	-0.565848	0.613606	-0.36769	-0.363763	-0.658674	0.173425	-0.635413	-0.562243	-0.448876	0.482919	-0.499182
-0.487872	-0.5145	0.536757	-0.457343	-0.469379	-0.504818	0.43258	-0.581134	-0.658651	0.26003	0.433451	-0.55739	0.00372349	0.418739	0.162824	-0.893382	-0.418663	-0.403805	-0.239496	-0.777371	-0.778614	0.0254236	-0.428247	-0.45795	-0.679114	-0.167143	0.709957	-0.0826392	-0.41036	-0.565473	0.613785	-0.367577	-0.364215	-0.658453	0.172618	-0.635602	-0.562206	-0.448701	0.482844	-0.499453
-0.488604	-0.514291	0.535726	-0.458006	-0.469298	-0.504817	0.432057	-0.581589	-0.657932	0.261166	0.433218	-0.557889	0.00429487	0.41927	0.161571	-0.893358	-0.418516	-0.403208	-0.24027	-0.77752	-0.778484	0.0265498	-0.428228	-0.458125	-0.678798	-0.166614	0.710321	-0.0831665	-0.409315	-0.565804	0.613543	-0.368635	-0.36614	-0.657722	0.172234	-0.635357	-0.562072	-0.448492	0.483199	-0.499449
-0.489639	-0.513618	0.53441	-0.459192	-0.469337	-0.504635	0.431736	-0.581954	-0.657351	0.261325	0.433568	-0.558228	0.0045025	0.419845	0.161319	-0.893133	-0.418045	-0.403038	-0.240846	-0.777683	-0.778202	0.0269447	-0.428354	-0.458463	-0.678451	-0.166571	0.710514	-0.0844291	-0.40926	-0.565676	0.613927	-0.368253	-0.366495	-0.657811	0.171952	-0.635137	-0.562186	-0.448088	0.483793	-0.499108
-0.491048	-0.512593	0.532537	-0.461005	-0.469583	-0.504422	0.430587	-0.58279	-0.657055	0.261564	0.433776	-0.558303	0.0048704	0.419963	0.161593	-0.893026	-0.417179	-0.403196	-0.241561	-0.777845	-0.777612	0.0270391	-0.428612	-0.459217	-0.678294	-0.166599	0.710618	-0.0847605	-0.411092	-0.564335	0.615564	-0.365528	-0.366458	-0.657387	0.170981	-0.635859	-0.561985	-0.448255	0.484078	-0.498907
-0.491979	-0.512048	0.530832	-0.462581	-0.469792	-0.504273	0.430458	-0.582847	-0.657065	0.261791	0.433697	-0.558245	0.00499391	0.419964	0.161186	-0.893098	-0.415979	-0.40349	-0.242088	-0.778171	-0.777362	0.027045	-0.428845	-0.459422	-0.677991	-0.167138	0.710735	-0.0851361	-0.411965	-0.56383	0.615942	-0.364686	-0.367084	-0.656527	0.170129	-0.636614	-0.56162	-0.448516	0.48473	-0.49845
-0.492472	-0.51168	0.530436	-0.462917	-0.469957	-0.50422	0.430209	-0.582942	-0.657194	0.261983	0.433606	-0.558074	0.00451453	0.420101	0.160847	-0.893097	-0.415436	-0.40383	-0.242352	-0.778203	-0.776742	0.0268298	-0.429476	-0.459894	-0.677941	-0.16714	0.710788	-0.0850913	-0.413079	-0.563261	0.616276	-0.36374	-0.367877	-0.656048	0.170461	-0.636561	-0.56119	-0.448886	0.485304	-0.498043
-0.494061	-0.51053	0.530238	-0.462721	-0.470465	-0.504033	0.429946	-0.58289	-0.657728	0.262959	0.432745	-0.557654	0.00367091	0.420132	0.159727	-0.893288	-0.41482	-0.404269	-0.24273	-0.778186	-0.776526	0.0268056	-0.42973	-0.460022	-0.678003	-0.166143	0.711064	-0.0842376	-0.413715	-0.562825	0.616532	-0.363258	-0.369347	-0.655362	0.171801	-0.636057	-0.56083	-0.449108	0.48601	-0.497561
-0.494304	-0.510409	0.530127	-0.462723	-0.47094	-0.503645	0.429959	-0.582832	-0.657895	0.263365	0.43249	-0.557464	0.00320574	0.42033	0.1592	-0.89329	-0.41486	-0.404353	-0.242894	-0.77807	-0.776435	0.026829	-0.429905	-0.460011	-0.677846	-0.166089	0.711245	-0.0840836	-0.413872	-0.562734	0.616586	-0.363128	-0.369734	-0.655183	0.172109	-0.635933	-0.560699	-0.449101	0.486461	-0.497274
-0.49557	-0.509683	0.529908	-0.46242	-0.472367	-0.502776	0.430295	-0.582178	-0.658629	0.264787	0.431327	-0.556824	0.00217808	0.420308	0.157464	-0.893611	-0.415678	-0.404551	-0.243459	-0.777353	-0.776252	0.0270088	-0.430426	-0.459823	-0.67768	-0.165301	0.711677	-0.0833203	-0.414281	-0.562449	0.616667	-0.362966	-0.370493	-0.655019	0.172661	-0.635511	-0.560094	-0.449348	0.48742	-0.496791
-0.495631	-0.50963	0.529866	-0.462461	-0.472941	-0.502445	0.43037	-0.581943	-0.658822	0.265385	0.430765	-0.556746	0.0019552	0.420192	0.156645	-0.893811	-0.416787	-0.404633	-0.243986	-0.776551	-0.776428	0.0277052	-0.431151	-0.458803	-0.677553	-0.165284	0.711807	-0.0832766	-0.414509	-0.562256	0.616704	-0.362942	-0.371151	-0.654504	0.17296	-0.635575	-0.559926	-0.449418	0.487684	-0.49666
-0.495966	-0.509318	0.52982	-0.462496	-0.473937	-0.501916	0.430278	-0.581657	-0.659228	0.266276	0.429852	-0.556545	0.00151649	0.419987	0.155356	-0.894133	-0.417186	-0.404805	-0.244364	-0.776128	-0.776533	0.0285335	-0.432328	-0.457466	-0.67743	-0.164901	0.712073	-0.0827582	-0.414877	-0.561954	0.616673	-0.36304	-0.371701	-0.65428	0.173361	-0.635376	-0.559665	-0.449392	0.488036	-0.496632
-0.496093	-0.509246	0.529729	-0.462545	-0.474286	-0.501761	0.430259	-0.58152	-0.659369	0.266637	0.429432	-0.55653	0.00123872	0.419915	0.154795	-0.894264	-0.417922	-0.405341	-0.244862	-0.775295	-0.776575	0.0287286	-0.432821	-0.456916	-0.677432	-0.164762	0.71213	-0.0825242	-0.415373	-0.561503	0.616884	-0.362815	-0.372246	-0.654106	0.174281	-0.634983	-0.559543	-0.449323	0.488249	-0.496622
-0.496022	-0.509328	0.52972	-0.46254	-0.475516	-0.500966	0.429847	-0.581506	-0.659474	0.267512	0.428455	-0.556739	0.00115266	0.419561	0.153465	-0.89466	-0.418573	-0.405801	-0.245691	-0.774441	-0.776786	0.0291718	-0.433657	-0.455735	-0.677397	-0.164122	0.71245	-0.08132	-0.416936	-0.560168	0.617561	-0.361931	-0.37443	-0.653241	0.175928	-0.634136	-0.559147	-0.449262	0.48935	-0.496039
-0.496105	-0.509232	0.529815	-0.462449	-0.475835	-0.500766	0.429738	-0.581498	-0.659486	0.267855	0.42809	-0.55684	0.00110873	0.419523	0.152916	-0.894772	-0.41861	-0.405831	-0.245922	-0.774331	-0.776752	0.0294185	-0.433947	-0.4555	-0.677368	-0.163835	0.712552	-0.0812437	-0.417006	-0.559998	0.617757	-0.36178	-0.374406	-0.653353	0.176291	-0.633934	-0.559004	-0.449265	0.489501	-0.496048
-0.496241	-0.50903	0.529477	-0.462911	-0.476687	-0.500079	0.429503	-0.581565	-0.659472	0.268322	0.427511	-0.557076	0.0010498	0.419368	0.152211	-0.894965	-0.418635	-0.405748	-0.246922	-0.774043	-0.776556	0.0300849	-0.434504	-0.45526	-0.677011	-0.16387	0.712861	-0.0814373	-0.416287	-0.560398	0.617601	-0.362256	-0.374578	-0.65283	0.176873	-0.634208	-0.558502	-0.449659	0.489507	-0.496251
