FULLBODY	1
Frames:	173
0.0133317	0.0489609	-0.0801437	0.995491	0.996676	0.0681192	0.0446616	-0.00157489	0.997244	0.0273262	-0.00651917	0.0686717	0.997642	0.00721459	0.0225669	0.0644077	0.994936	0.00657992	-0.0135021	-0.0993836	0.999052	-0.0100255	0.0338268	-0.0255154	0.994259	0.0819986	0.0653119	0.0214394	0.981246	0.0135772	-0.0167428	0.191552	0.990768	0.112758	0.0611418	-0.043898	0.963919	-0.0205623	0.00297964	0.265385	
0.0133758	0.0489642	-0.080079	0.995495	0.996657	0.0683857	0.0446642	-0.0016694	0.997244	0.0271896	-0.00639966	0.0687352	0.997647	0.00721731	0.0224637	0.0643782	0.994957	0.00638019	-0.0134681	-0.0991853	0.999044	-0.0100746	0.0338637	-0.0257414	0.99425	0.0822004	0.0651988	0.0214266	0.981224	0.0133358	-0.0166205	0.191691	0.990751	0.112897	0.061192	-0.0438521	0.963932	-0.0207197	0.00292484	0.265325	
0.0134453	0.0489313	-0.0800064	0.995502	0.996637	0.068713	0.0446121	-0.00170327	0.997262	0.0269919	-0.0062125	0.0685611	0.997634	0.00712728	0.0223093	0.0646313	0.99498	0.00612179	-0.0134832	-0.0989685	0.999038	-0.0100868	0.0340283	-0.0257695	0.994242	0.0823655	0.0650961	0.0214587	0.981202	0.0131021	-0.0165564	0.191824	0.990737	0.113043	0.0612025	-0.0437619	0.963956	-0.020933	0.00288308	0.265219	
0.0135033	0.0489515	-0.0799051	0.995508	0.996613	0.0690486	0.044633	-0.00171153	0.997258	0.0267515	-0.00624273	0.0687134	0.99764	0.00713081	0.0224517	0.0644882	0.994991	0.00586275	-0.0135293	-0.0988678	0.999036	-0.0101196	0.0341667	-0.0256506	0.994234	0.0825167	0.0650403	0.0214453	0.981194	0.0128762	-0.0164526	0.191892	0.990724	0.113163	0.0612255	-0.0437215	0.963974	-0.0211127	0.00289269	0.265141	
0.013554	0.0489772	-0.0797676	0.995517	0.996587	0.0694212	0.0446274	-0.00174028	0.997246	0.0264854	-0.00632651	0.0689872	0.997654	0.00715578	0.0227541	0.064168	0.994988	0.00556588	-0.0135561	-0.0989164	0.999036	-0.0101319	0.0341825	-0.0256243	0.99423	0.0826069	0.0649942	0.0213991	0.981177	0.0126802	-0.0163793	0.191994	0.990712	0.113243	0.0612651	-0.0437223	0.963986	-0.0212945	0.00288908	0.265083	
0.013608	0.0490337	-0.0796107	0.995526	0.996565	0.0697471	0.0446168	-0.00178373	0.997248	0.0262133	-0.00628145	0.0690666	0.997654	0.00695569	0.02284	0.0641561	0.994982	0.00533103	-0.0135811	-0.0989883	0.999037	-0.0101687	0.0341699	-0.0255718	0.994226	0.082628	0.0650089	0.0214629	0.981167	0.0126846	-0.0164246	0.192044	0.990711	0.113242	0.0613349	-0.0436571	0.964009	-0.0214101	0.00288959	0.264989	
0.0136438	0.0490862	-0.0794081	0.995539	0.996512	0.0705874	0.0444714	-0.00197351	0.997253	0.0253843	-0.00608979	0.0693251	0.997672	0.00723803	0.022618	0.0639329	0.995011	0.00450919	-0.0136139	-0.0987265	0.999032	-0.0101852	0.0343327	-0.0255544	0.994229	0.0825658	0.0650124	0.0215428	0.98116	0.0126791	-0.0164284	0.192079	0.990711	0.113221	0.0614161	-0.0435986	0.964047	-0.0215435	0.00284593	0.264842	
0.0136885	0.0491448	-0.0792361	0.99555	0.996499	0.0708088	0.0444106	-0.00195507	0.997233	0.0254799	-0.00630226	0.0695518	0.997673	0.00701877	0.0228572	0.0638523	0.994993	0.00454741	-0.0137225	-0.0988928	0.999031	-0.0102442	0.0343588	-0.0255299	0.994221	0.0826611	0.0649353	0.0217778	0.981179	0.0125684	-0.0163331	0.191999	0.990709	0.113234	0.061483	-0.0435108	0.964077	-0.0216593	0.00285453	0.264723	
0.0137499	0.0492226	-0.0791025	0.995556	0.996492	0.0709424	0.0443448	-0.0018998	0.997242	0.0252216	-0.00614442	0.0695355	0.997683	0.00728478	0.0225719	0.0637646	0.994995	0.00426603	-0.01361	-0.0989041	0.999038	-0.00998797	0.0342512	-0.0254793	0.99422	0.0826639	0.0648944	0.0219644	0.981195	0.0125923	-0.0162441	0.191921	0.990706	0.113264	0.0615763	-0.0433716	0.964087	-0.0217286	0.002871	0.264679	
0.0137547	0.049307	-0.0789627	0.995562	0.996472	0.0712578	0.0442909	-0.00212422	0.99722	0.0253169	-0.00643576	0.069782	0.997679	0.00704337	0.0228077	0.0637778	0.995001	0.0042993	-0.0136974	-0.0988245	0.999042	-0.0102391	0.0342209	-0.0252641	0.994219	0.0826319	0.0649138	0.0220734	0.981195	0.0126664	-0.0162381	0.191916	0.990704	0.113273	0.061668	-0.0432548	0.96412	-0.0217881	0.00286409	0.264555	
0.0137286	0.0494887	-0.0787749	0.995569	0.996467	0.0713571	0.0442373	-0.00231804	0.997206	0.0253447	-0.00637794	0.0699747	0.997675	0.00699057	0.0227802	0.0638424	0.995038	0.00427514	-0.0136499	-0.0984589	0.999039	-0.0102658	0.0342102	-0.0253874	0.994216	0.0825347	0.0650409	0.0221909	0.981207	0.0127419	-0.0162392	0.19185	0.990684	0.113363	0.0619395	-0.0430949	0.964167	-0.0219946	0.00281195	0.26437	
0.0137286	0.0494887	-0.0787749	0.995569	0.996437	0.0718675	0.0440758	-0.00230708	0.997215	0.0251959	-0.00647429	0.0698917	0.997678	0.00698913	0.0227778	0.0638031	0.995068	0.00403367	-0.0137329	-0.0981611	0.999034	-0.0102315	0.0343471	-0.0254427	0.994207	0.0826775	0.0649748	0.0222522	0.981211	0.0127676	-0.0162046	0.191831	0.990668	0.113509	0.0619564	-0.0430544	0.964177	-0.022018	0.00282375	0.264329	
0.0137524	0.0495712	-0.0787376	0.995567	0.996413	0.0722064	0.0440811	-0.00215534	0.997219	0.0251238	-0.00664431	0.0698533	0.997679	0.0071121	0.0227632	0.063782	0.995047	0.00395617	-0.0138709	-0.0983574	0.999033	-0.0102276	0.0344874	-0.0252848	0.994195	0.0827812	0.0650048	0.0223073	0.981215	0.0127738	-0.0161583	0.191815	0.990653	0.113625	0.0620596	-0.0429425	0.964214	-0.0220742	0.00281873	0.264189	
0.0138221	0.0496842	-0.0787281	0.995561	0.996385	0.0726038	0.0440639	-0.00201742	0.997226	0.0250325	-0.00667788	0.0697852	0.997674	0.00714465	0.022709	0.0638686	0.995028	0.00385703	-0.0139165	-0.098547	0.999031	-0.0102449	0.0344961	-0.025356	0.99418	0.0828872	0.0650594	0.0224265	0.981224	0.0128193	-0.0161172	0.19177	0.990629	0.113777	0.0622255	-0.0428507	0.964225	-0.0221445	0.00280479	0.264143	
0.0138102	0.0497328	-0.07871	0.99556	0.996369	0.0729058	0.043914	-0.00212461	0.997227	0.0249967	-0.00663815	0.069775	0.997673	0.00708188	0.0226041	0.0639342	0.995057	0.00380863	-0.0139116	-0.0982569	0.999023	-0.0101959	0.0346033	-0.0255287	0.994171	0.083008	0.0650394	0.0224498	0.981227	0.0128443	-0.0160693	0.191755	0.990606	0.113909	0.0623507	-0.0428682	0.964228	-0.0222183	0.00275466	0.264128	
0.0138367	0.0497997	-0.0787709	0.995552	0.996343	0.0733167	0.0438115	-0.00222567	0.997225	0.024811	-0.00653766	0.0698812	0.997666	0.00709449	0.0225827	0.0640423	0.995086	0.00371046	-0.0139665	-0.0979585	0.99902	-0.0101828	0.0347285	-0.0254984	0.994151	0.083195	0.0650614	0.0225578	0.981233	0.0128512	-0.0160419	0.191728	0.990573	0.114135	0.0624819	-0.0428394	0.964255	-0.0223083	0.00274733	0.264023	
0.0138555	0.0498523	-0.0788521	0.995543	0.996312	0.0737966	0.0437129	-0.00234363	0.997219	0.0245228	-0.00646645	0.0700819	0.997671	0.00712826	0.0226871	0.0639276	0.995106	0.00352992	-0.0140589	-0.097741	0.999013	-0.0102081	0.0348538	-0.0255793	0.994134	0.0834029	0.0650222	0.0226688	0.981247	0.0128823	-0.0159603	0.19166	0.990537	0.114386	0.0626214	-0.0427784	0.964273	-0.0223842	0.00271164	0.263949	
0.0138049	0.0499292	-0.0789771	0.99553	0.996271	0.0743677	0.0436585	-0.00261397	0.997215	0.0242248	-0.00643862	0.0702362	0.997671	0.00703893	0.0228015	0.0639011	0.995144	0.00325209	-0.0142086	-0.0973443	0.999	-0.0102098	0.0350818	-0.0257876	0.994111	0.0836305	0.0650517	0.0227353	0.981259	0.0129407	-0.0159066	0.191598	0.9905	0.114618	0.0627864	-0.0427946	0.964301	-0.0224	0.00267515	0.263846	
0.0137974	0.0499935	-0.0790888	0.995518	0.996232	0.0749316	0.0435904	-0.00271453	0.99721	0.0238795	-0.0063752	0.0704378	0.99767	0.00704264	0.0229283	0.0638627	0.995159	0.00297817	-0.0143831	-0.097179	0.998989	-0.0102316	0.0353208	-0.0258791	0.994087	0.0838593	0.0651072	0.0227941	0.981271	0.0129733	-0.0159011	0.191537	0.990465	0.114861	0.0629197	-0.0427354	0.964317	-0.0224168	0.002672	0.263786	
0.0138069	0.0500497	-0.0792585	0.995501	0.996188	0.0755518	0.0435225	-0.00282532	0.997206	0.0235389	-0.0063421	0.0706126	0.997666	0.00710595	0.0230338	0.0638923	0.99516	0.00265196	-0.014503	-0.0971527	0.99898	-0.0103064	0.0355358	-0.025883	0.99406	0.0841227	0.0651522	0.0228698	0.981286	0.0130315	-0.0158644	0.19146	0.990432	0.115125	0.0630148	-0.0426505	0.964335	-0.0223895	0.00270714	0.26372	
0.0137949	0.0500956	-0.0793927	0.995488	0.996146	0.0761243	0.0434707	-0.0029925	0.997206	0.0233029	-0.00633741	0.0706964	0.997659	0.00706574	0.0231022	0.0639703	0.995182	0.00230747	-0.0145979	-0.0969203	0.998963	-0.0104375	0.0357496	-0.0261739	0.99404	0.0843385	0.0651631	0.0229237	0.981297	0.0131265	-0.0158214	0.1914	0.990399	0.115351	0.06313	-0.0426399	0.96435	-0.0223347	0.00269912	0.263673	
0.0137404	0.0501288	-0.0795492	0.995475	0.996108	0.0766534	0.0433939	-0.00322856	0.9972	0.0231645	-0.00625791	0.0708278	0.997657	0.00701649	0.023081	0.0640126	0.995218	0.00201195	-0.0146459	-0.0965525	0.99895	-0.0105539	0.0360803	-0.0261866	0.994019	0.0845666	0.0651742	0.0229376	0.981309	0.0132399	-0.0158116	0.191332	0.990362	0.11558	0.0632537	-0.0427009	0.964345	-0.0222973	0.00267139	0.263692	
0.0136872	0.0501936	-0.0797517	0.995456	0.996061	0.0772655	0.0433611	-0.00346213	0.997196	0.0229918	-0.00623984	0.0709347	0.997654	0.0070406	0.0230684	0.0640628	0.995241	0.00159026	-0.0144689	-0.0963548	0.998955	-0.0105154	0.03615	-0.0259046	0.993992	0.0848321	0.0652239	0.0229853	0.981321	0.0133709	-0.0158238	0.191258	0.990319	0.115853	0.0633866	-0.0427539	0.964351	-0.0222508	0.00266944	0.263678	
0.0136927	0.0502123	-0.0799406	0.99544	0.996019	0.0778268	0.043325	-0.00352367	0.997202	0.0229399	-0.00631552	0.0708662	0.997645	0.00674517	0.0232768	0.0641663	0.995239	0.00125021	-0.0141215	-0.0964307	0.998975	-0.0105083	0.0358644	-0.0255571	0.993971	0.0850496	0.0652389	0.0230577	0.981326	0.0135713	-0.0158649	0.191214	0.990283	0.116149	0.063469	-0.0426772	0.964367	-0.0223669	0.00263402	0.263609	
0.0136262	0.0502202	-0.0801386	0.995425	0.99598	0.078331	0.0432844	-0.00371391	0.997202	0.0226328	-0.00623189	0.0709712	0.997651	0.00728281	0.0227628	0.0641991	0.995282	0.000971167	-0.0136207	-0.0960599	0.998999	-0.010506	0.0354385	-0.0251751	0.99395	0.0852862	0.0652473	0.0230755	0.981319	0.0137547	-0.0158815	0.191239	0.990239	0.116496	0.0635334	-0.0426392	0.964401	-0.0222998	0.00266124	0.263487	
0.0135583	0.0502724	-0.0803518	0.995406	0.995947	0.0787604	0.0432636	-0.00390286	0.997222	0.0229466	-0.00614585	0.0706034	0.997641	0.00698288	0.0224828	0.0644798	0.995355	0.00070238	-0.0128963	-0.0954005	0.999031	-0.0105055	0.0350026	-0.0245149	0.993925	0.0855453	0.0652591	0.0231525	0.981336	0.0139342	-0.0158845	0.191139	0.990192	0.116838	0.0636523	-0.0426246	0.964411	-0.0223491	0.00262531	0.263448	
0.0135041	0.050309	-0.0806139	0.995383	0.995921	0.079112	0.0431924	-0.00405367	0.997232	0.0229638	-0.00609499	0.0704504	0.997625	0.00688799	0.0225791	0.0647078	0.995406	0.000374661	-0.0120527	-0.094977	0.999061	-0.0105029	0.0346733	-0.0237551	0.993896	0.0858535	0.0652349	0.0233101	0.981356	0.0140988	-0.0158723	0.19102	0.990141	0.117201	0.0637886	-0.0426222	0.964408	-0.0223387	0.00257467	0.263462	
0.0134404	0.0503374	-0.0809152	0.995358	0.995894	0.0794633	0.043158	-0.00420736	0.997237	0.0228956	-0.00608023	0.0704013	0.997655	0.00695148	0.0223319	0.0643205	0.995436	-9.42921e-05	-0.0111902	-0.0947682	0.999091	-0.0104579	0.0343547	-0.0229887	0.993866	0.0862115	0.0651803	0.0234532	0.981386	0.0142522	-0.0158267	0.19086	0.990091	0.117585	0.0638709	-0.042582	0.964413	-0.0222717	0.00256883	0.263448	
0.013364	0.0503737	-0.0812531	0.99533	0.99586	0.0799062	0.0431142	-0.00437761	0.997235	0.0227923	-0.00597861	0.0704793	0.997689	0.00671514	0.0222915	0.0638289	0.99547	-0.00101481	-0.0100466	-0.0945352	0.999143	-0.0101004	0.0338397	-0.0215994	0.993831	0.0866125	0.0651259	0.0235795	0.981415	0.0143899	-0.015779	0.190703	0.990029	0.118055	0.0639581	-0.0425964	0.964416	-0.0222445	0.00257203	0.263439	
0.0133627	0.0504229	-0.0816256	0.995297	0.995826	0.0803476	0.0430523	-0.00451377	0.997188	0.0218945	-0.00566926	0.0714527	0.997764	0.00700098	0.0220205	0.0627122	0.995552	-0.00228503	-0.00866764	-0.0937888	0.999209	-0.00953644	0.0329521	-0.0201356	0.993796	0.0870039	0.0650702	0.0237747	0.981446	0.0145917	-0.0157168	0.190534	0.989958	0.118521	0.0641425	-0.0426866	0.964371	-0.0221647	0.00251348	0.263612	
0.0134206	0.0504528	-0.0820747	0.995258	0.995791	0.0808345	0.0429373	-0.00471153	0.997173	0.0218592	-0.00548841	0.0716858	0.99778	0.00607737	0.0221698	0.0625083	0.995728	-0.00384161	-0.00745066	-0.0919492	0.999255	-0.00901436	0.0322439	-0.0192154	0.993759	0.0874343	0.065003	0.0239291	0.981462	0.0148429	-0.0156666	0.190439	0.989884	0.118977	0.0643436	-0.0428312	0.964317	-0.0220001	0.00244336	0.263823	
0.0135266	0.0504838	-0.082565	0.995214	0.995768	0.0811651	0.0428401	-0.00480486	0.997007	0.0195536	-0.00501447	0.0746242	0.99799	0.00701725	0.021561	0.0591838	0.995839	-0.00597857	-0.00679136	-0.0906782	0.999259	-0.00802203	0.0323473	-0.0192794	0.993725	0.087825	0.0649605	0.0240224	0.981447	0.0151991	-0.0156366	0.19049	0.989805	0.119442	0.0645984	-0.0429647	0.964292	-0.0217712	0.00232927	0.263934	
0.0135397	0.050476	-0.0829465	0.995183	0.995779	0.0810826	0.0427606	-0.00472099	0.996892	0.0178241	-0.00445211	0.0766019	0.998153	0.00688911	0.0208574	0.0566409	0.995604	-0.00846042	-0.00671013	-0.0930398	0.999253	-0.00703881	0.0328236	-0.0191338	0.993711	0.0880356	0.0649181	0.0239695	0.981428	0.0156366	-0.0156669	0.190551	0.989749	0.119768	0.0647962	-0.0430557	0.964288	-0.0215118	0.0021592	0.263973	
0.0133608	0.0505157	-0.0831854	0.995163	0.995805	0.0807965	0.0426554	-0.00501319	0.996708	0.01486	-0.00377004	0.0796166	0.99841	0.00710538	0.0199846	0.0522309	0.995148	-0.011614	-0.00692119	-0.097452	0.999275	-0.00650815	0.0338391	-0.0161932	0.99371	0.0881085	0.064923	0.0237272	0.981407	0.0160379	-0.0156804	0.190621	0.9897	0.119926	0.0650935	-0.0432922	0.964309	-0.0213063	0.00193972	0.263915	
0.0133606	0.050539	-0.0833181	0.995151	0.99582	0.0807053	0.0423722	-0.00579473	0.99636	0.0103394	-0.0029264	0.0845604	0.998785	0.00700239	0.0193169	0.0447934	0.994902	-0.0162184	-0.00698962	-0.0992865	0.999303	-0.00637659	0.0351377	-0.0108858	0.993714	0.0880804	0.0648911	0.023756	0.981398	0.0163581	-0.0156974	0.190641	0.989686	0.119975	0.0652525	-0.0432524	0.96429	-0.0211102	0.00182682	0.263999	
0.0137799	0.0506087	-0.0833644	0.995138	0.995823	0.0807689	0.0420914	-0.00642978	0.995977	0.00428068	-0.00176264	0.0894898	0.999115	0.00589437	0.0191143	0.0370104	0.994992	-0.0225176	-0.00690635	-0.0971438	0.99933	-0.00617821	0.035588	-0.00582682	0.99372	0.0878652	0.0649112	0.0242422	0.981396	0.0167029	-0.0157312	0.190617	0.989716	0.119856	0.0653303	-0.0427627	0.964312	-0.0208878	0.00180838	0.263938	
0.0143903	0.0506611	-0.0833272	0.99513	0.995854	0.0804505	0.0419423	-0.00657791	0.995697	-0.00329082	-0.000283309	0.0926142	0.999372	0.00442583	0.0187752	0.0297407	0.995182	-0.0300408	-0.00639767	-0.0931089	0.999399	-0.00578959	0.0341402	-0.00129535	0.993735	0.0874807	0.0649568	0.0248626	0.981368	0.0170303	-0.0157956	0.19073	0.989765	0.11958	0.065469	-0.0421944	0.964278	-0.0206395	0.00169975	0.264083	
0.0149533	0.0506762	-0.0832063	0.995131	0.995913	0.0798177	0.0416322	-0.0072353	0.99549	-0.0126615	0.00190666	0.0939941	0.999588	-0.00956535	0.019998	0.0182402	0.99534	-0.0389506	-0.00573565	-0.0880279	0.999483	-0.00534455	0.0316188	0.00231737	0.993799	0.0865826	0.0651236	0.0250197	0.981304	0.0174881	-0.0159786	0.191	0.989829	0.119146	0.065478	-0.0418861	0.964185	-0.0204458	0.00166179	0.264436	
0.0153968	0.0506917	-0.083156	0.995127	0.99596	0.0793095	0.0415299	-0.0070566	0.994843	-0.0369778	0.00681632	0.0941953	0.999775	0.000755944	0.0151339	0.0148664	0.994335	-0.0619325	-0.00665373	-0.0861298	0.999638	-0.00440694	0.0258431	0.00600863	0.993832	0.0860797	0.065224	0.0251621	0.981259	0.0176837	-0.01607	0.191205	0.989885	0.118697	0.0654909	-0.041829	0.964091	-0.0202181	0.00162191	0.264795	
0.0163427	0.0505564	-0.0832754	0.995109	0.996017	0.0787315	0.0413417	-0.0065523	0.99389	-0.0506962	0.00974357	0.0975545	0.999859	-0.000180626	0.0136075	0.00979933	0.993243	-0.0748516	-0.00754823	-0.088371	0.999676	-0.00394937	0.0232007	0.00971285	0.993849	0.0856975	0.0652264	0.025815	0.9812	0.0179095	-0.0162225	0.191477	0.989996	0.11795	0.0654238	-0.0414128	0.963914	-0.0195732	0.00144482	0.265491	
0.0169202	0.0505538	-0.0833714	0.995092	0.996066	0.0781575	0.0412205	-0.00663751	0.992579	-0.0654485	0.0127829	0.10169	0.999919	-0.00154764	0.0119108	0.00413882	0.993352	-0.0742165	-0.00736574	-0.0876897	0.999614	-0.0181514	0.0186032	0.00976449	0.993876	0.0851967	0.0652958	0.0262549	0.981167	0.0182616	-0.0163456	0.191602	0.990059	0.11753	0.0654505	-0.0410656	0.963799	-0.0192492	0.00136741	0.265931	
0.0174935	0.0505598	-0.0836188	0.995061	0.996119	0.0775753	0.0410492	-0.00657662	0.991102	-0.0812821	0.0155574	0.104248	0.999942	-0.00274855	0.0104119	-0.000420505	0.990156	-0.104502	-0.00928241	-0.0926466	0.999727	-0.00248049	0.0176762	0.0150558	0.9939	0.0847225	0.0653315	0.0267715	0.981137	0.0188179	-0.0164793	0.191686	0.990113	0.117132	0.0655489	-0.0407303	0.963698	-0.0187834	0.00115892	0.266331	
0.0180207	0.0505654	-0.0839497	0.995023	0.99617	0.0770513	0.0408629	-0.00625054	0.989353	-0.0987255	0.0181502	0.105375	0.999948	-0.00285687	0.00928934	-0.00320888	0.988101	-0.12108	-0.00999525	-0.0943156	0.999765	-0.00115994	0.0145752	0.016033	0.993928	0.0842261	0.0653902	0.027148	0.981087	0.0195014	-0.0166417	0.19186	0.99017	0.116707	0.0656368	-0.0404181	0.963596	-0.0181775	0.000965631	0.266743	
0.0187208	0.0505339	-0.0844739	0.994967	0.996234	0.076405	0.0405879	-0.00573452	0.987233	-0.11684	0.0207514	0.106252	0.99995	-0.00270509	0.00858581	-0.00446508	0.98568	-0.138421	-0.0104338	-0.0957348	0.999785	6.09578e-05	0.011379	0.0173256	0.993941	0.0838338	0.0654992	0.0276169	0.981011	0.0202828	-0.0168948	0.192147	0.990232	0.116408	0.0656008	-0.0398331	0.96349	-0.0173953	0.000821442	0.267178	
0.0195689	0.0505146	-0.0850576	0.994902	0.996283	0.0759575	0.0403003	-0.00518628	0.984514	-0.135802	0.0233789	0.108371	0.999824	0.0171802	0.0042504	-0.0062022	0.982855	-0.157274	-0.0105068	-0.0956593	0.99979	0.00155358	0.00833997	0.0186713	0.99395	0.0834522	0.0656072	0.0281974	0.980943	0.0211106	-0.0171495	0.192382	0.990302	0.116055	0.0656077	-0.0391036	0.963421	-0.0165056	0.000627768	0.267484	
0.0208755	0.0503728	-0.0865613	0.994753	0.996453	0.074094	0.0395769	-0.00510825	0.977558	-0.174762	0.0280977	0.114231	0.999904	-0.0015685	0.00772672	-0.0114234	0.976048	-0.19681	-0.00857833	-0.0923147	0.999753	0.00568196	0.000458404	0.0214662	0.993951	0.0830945	0.0656898	0.0290217	0.980795	0.02256	-0.0176077	0.192932	0.990344	0.115835	0.0657706	-0.0384017	0.963198	-0.0151202	0.000101224	0.268366	
0.0215664	0.050237	-0.0874009	0.994672	0.996452	0.0742686	0.0392852	-0.00494864	0.973152	-0.195624	0.0305172	0.117367	0.999875	-0.00152165	0.00754957	-0.0137855	0.971446	-0.218573	-0.00796761	-0.0919508	0.999704	0.00733415	-0.00393416	0.0228503	0.993954	0.0829204	0.065703	0.0293878	0.980709	0.023334	-0.0179001	0.19325	0.99037	0.11579	0.0656597	-0.0380622	0.96305	-0.0143513	-6.51972e-05	0.26894	
0.0222175	0.0501101	-0.0882449	0.994589	0.996473	0.0741445	0.0390477	-0.00447889	0.968129	-0.216939	0.0331217	0.12069	0.999841	-0.00107031	0.00736929	-0.0162012	0.965992	-0.241348	-0.00741154	-0.0925027	0.999637	0.00890864	-0.00805508	0.0241105	0.993873	0.0837533	0.0655667	0.0300513	0.98073	0.0232075	-0.017841	0.193161	0.990402	0.115601	0.0657012	-0.0377395	0.96293	-0.0134777	-0.000393467	0.269413	
0.0225776	0.0498824	-0.0891577	0.994511	0.996521	0.0736913	0.0386967	-0.00428481	0.962328	-0.238413	0.0358191	0.125706	0.999778	-0.000484277	0.00798279	-0.0194917	0.95988	-0.264391	-0.00661672	-0.0931913	0.99952	0.0104568	-0.012237	0.0264888	0.993998	0.0824412	0.0655992	0.029475	0.980483	0.025171	-0.0184096	0.194116	0.99042	0.115517	0.0656164	-0.0376547	0.962829	-0.012616	-0.000705822	0.269816	
0.0229816	0.0496629	-0.0901401	0.994425	0.996552	0.0734523	0.0383622	-0.00426168	0.955916	-0.260413	0.038792	0.130019	0.999689	-0.000235705	0.00800211	-0.0236348	0.95323	-0.287949	-0.00580773	-0.0916765	0.99944	0.011456	-0.0155412	0.0273203	0.994008	0.0823624	0.0655542	0.0294459	0.98037	0.0260192	-0.0186966	0.194543	0.990433	0.115578	0.0654292	-0.0374668	0.962734	-0.011817	-0.00092968	0.27019	
0.0235454	0.0494734	-0.0911179	0.994332	0.996608	0.0728887	0.0380006	-0.00403494	0.949383	-0.282679	0.0406708	0.130804	0.999657	0.000390366	0.00845083	-0.0248024	0.945835	-0.312394	-0.00465587	-0.0882296	0.99945	0.0128696	-0.0183446	0.0244558	0.994014	0.0822625	0.0654807	0.0296801	0.980313	0.0266785	-0.0189014	0.194725	0.990448	0.115638	0.0652769	-0.0371361	0.962617	-0.0110483	-0.0011312	0.270639	
0.0239039	0.0492741	-0.0920805	0.994244	0.996658	0.0723814	0.0376517	-0.00402275	0.942225	-0.305491	0.0421381	0.130809	0.999643	0.00181326	0.00943045	-0.0249445	0.937538	-0.336958	-0.00384671	-0.0864128	0.999412	0.0139875	-0.0218675	0.0223798	0.994026	0.0821888	0.0654541	0.0295537	0.980169	0.0276311	-0.0192399	0.19528	0.990456	0.115675	0.0651801	-0.0369962	0.962544	-0.0103202	-0.00141291	0.270925	
0.0240468	0.0490456	-0.0929867	0.994168	0.996673	0.0723042	0.0374053	-0.00405849	0.93411	-0.328444	0.0441958	0.132704	0.999572	0.00289393	0.0106873	-0.0270872	0.928279	-0.36164	-0.00377632	-0.0866074	0.999304	0.0143887	-0.0250471	0.0235958	0.994038	0.0821717	0.0655418	0.0290047	0.980073	0.0279892	-0.0194584	0.19569	0.990471	0.115643	0.0649994	-0.0370036	0.962472	-0.00958239	-0.00166041	0.271206	
0.0243925	0.0488345	-0.0938866	0.994085	0.996842	0.0702107	0.0369184	-0.00359928	0.92601	-0.348952	0.0467483	0.136206	0.999195	-0.0205496	0.0178633	-0.0294581	0.919067	-0.384414	-0.0028969	-0.0867972	0.999188	0.0145492	-0.0282856	0.0247205	0.994111	0.0812894	0.0660058	0.0278858	0.979752	0.0292988	-0.0201714	0.197032	0.990502	0.115617	0.0647462	-0.0366852	0.962344	-0.00903907	-0.00191326	0.271676	
0.0247446	0.0486619	-0.0947415	0.994004	0.99691	0.0695117	0.0364274	-0.00354003	0.916863	-0.370498	0.0496489	0.140104	0.999101	-0.0198897	0.0189239	-0.0322954	0.908704	-0.40836	-0.00178825	-0.0865752	0.999076	0.015138	-0.0322339	0.0240774	0.994109	0.0813419	0.0661965	0.0273485	0.979607	0.0298133	-0.0204702	0.197644	0.990527	0.115622	0.0645333	-0.0363625	0.96225	-0.00836454	-0.00209313	0.272032	
0.0251374	0.0484863	-0.0955277	0.993927	0.996997	0.0685566	0.035874	-0.00304632	0.897123	-0.413787	0.0552971	0.144546	0.999196	0.00499417	0.0149703	-0.0368528	0.88573	-0.456125	0.000905168	-0.0862007	0.998842	0.0161826	-0.0394732	0.0222552	0.994112	0.0813357	0.0663782	0.0268341	0.979468	0.0303406	-0.0207746	0.198219	0.990641	0.114901	0.0642709	-0.0360256	0.96218	-0.00701573	-0.00234024	0.272314	
0.0255881	0.048288	-0.0963675	0.993844	0.99713	0.067005	0.0351674	-0.00216556	0.887443	-0.433183	0.0590857	0.145966	0.999169	0.00547832	0.0143569	-0.0377467	0.874126	-0.478007	0.00390125	-0.0860141	0.998695	0.0175168	-0.0438722	0.0194248	0.994104	0.0814231	0.0665735	0.0263766	0.979308	0.0308617	-0.0210598	0.198897	0.990646	0.115048	0.0641123	-0.0356879	0.962126	-0.00645518	-0.00248509	0.272517	
0.0259738	0.0481248	-0.0972245	0.993759	0.997258	0.0654308	0.034545	-0.00112221	0.877405	-0.451914	0.0634628	0.148008	0.999193	0.00620454	0.0143856	-0.036981	0.862465	-0.498687	0.00656452	-0.0861561	0.998547	0.0184973	-0.0475608	0.0172899	0.994091	0.0815561	0.0668597	0.0257071	0.979135	0.0313968	-0.0213469	0.199634	0.990567	0.115908	0.0640098	-0.0352861	0.962109	-0.00657686	-0.00247353	0.272576	
0.0262886	0.0478253	-0.0989801	0.993592	0.997345	0.0645541	0.0337066	-0.000195011	0.867287	-0.46957	0.0672976	0.150956	0.999141	0.00661735	0.0156386	-0.0378025	0.850745	-0.518314	0.00873435	-0.0866419	0.998447	0.0187343	-0.049725	0.0167289	0.994011	0.0826467	0.0669463	0.025103	0.979008	0.031962	-0.0215733	0.200139	0.990519	0.116515	0.0639111	-0.03481	0.962056	-0.00553327	-0.00282971	0.272781	
0.0263143	0.0478233	-0.0997805	0.993511	0.997475	0.0628418	0.0330963	9.48969e-05	0.857243	-0.486949	0.0702568	0.151919	0.999101	0.00666685	0.0160054	-0.0386807	0.838679	-0.537224	0.00944114	-0.0889855	0.998329	0.0191352	-0.0519344	0.0166326	0.99399	0.0828457	0.0672545	0.0244448	0.978918	0.0325986	-0.0217225	0.200462	0.990487	0.116797	0.0640272	-0.034555	0.962024	-0.00505672	-0.00302209	0.272901	
0.0264775	0.0478011	-0.100613	0.993424	0.997585	0.0614911	0.0322962	-2.2182e-05	0.846897	-0.504216	0.0729261	0.15236	0.999099	0.0066841	0.0164745	-0.038539	0.826533	-0.555273	0.00833113	-0.0918947	0.998239	0.0193736	-0.0533178	0.0173393	0.993959	0.083107	0.0674987	0.0241446	0.978838	0.0332984	-0.0218897	0.200722	0.990455	0.117131	0.0642014	-0.0340165	0.962039	-0.00454497	-0.00325857	0.272856	
0.0269186	0.0478626	-0.101511	0.993318	0.997718	0.059853	0.0312583	-9.87325e-05	0.836464	-0.520497	0.0760127	0.153727	0.999071	0.00685698	0.0171285	-0.0389384	0.814727	-0.572223	0.00776464	-0.0933811	0.998192	0.01949	-0.0541819	0.0172151	0.993913	0.0834089	0.0678242	0.0240891	0.978711	0.0340904	-0.0220714	0.201186	0.990407	0.117609	0.0644601	-0.0332621	0.96211	-0.00417036	-0.00352208	0.272607	
0.0271258	0.0479326	-0.102476	0.99321	0.997862	0.0580813	0.0299649	-0.000133214	0.826386	-0.535605	0.0792899	0.15468	0.999052	0.00658799	0.0176369	-0.0392475	0.803205	-0.588193	0.00840253	-0.0939173	0.998121	0.0201439	-0.0559259	0.0148714	0.993866	0.0838153	0.068137	0.023706	0.978602	0.0349548	-0.0222153	0.20155	0.990323	0.118242	0.0648191	-0.0328184	0.96215	-0.00370749	-0.00366043	0.272472	
0.0270303	0.0479593	-0.103532	0.993101	0.998018	0.0560837	0.0285385	-5.69719e-05	0.816559	-0.549789	0.0829822	0.155165	0.999042	0.00609879	0.01777	-0.0395129	0.79167	-0.603395	0.00814454	-0.0954272	0.998029	0.0211435	-0.0572305	0.0146557	0.993811	0.0843989	0.0684949	0.0229065	0.978503	0.0357915	-0.0223828	0.201864	0.99021	0.118983	0.0651944	-0.0328062	0.962128	-0.00330238	-0.0039154	0.272551	
0.0268764	0.0479567	-0.10465	0.992989	0.998205	0.0535026	0.0268949	-0.000378322	0.806744	-0.562944	0.0871751	0.157031	0.999006	0.00584065	0.0182211	-0.0402648	0.780489	-0.617448	0.00637234	-0.0977416	0.997928	0.0217193	-0.0583807	0.0160881	0.993749	0.0851015	0.0687336	0.0222609	0.978442	0.0366276	-0.022492	0.201998	0.990093	0.119762	0.0655278	-0.0328449	0.962091	-0.00275299	-0.00419102	0.272683	
0.0268347	0.0480143	-0.105854	0.992859	0.998379	0.0509397	0.0253835	-0.00107604	0.796703	-0.575493	0.0917276	0.160181	0.998924	0.00549451	0.0187846	-0.0420353	0.769513	-0.630764	0.00386279	-0.0998527	0.997829	0.0219524	-0.0599357	0.0161989	0.993667	0.0859882	0.0688939	0.0220364	0.9784	0.0374102	-0.0224964	0.20206	0.989963	0.120699	0.0659326	-0.0325313	0.962169	-0.00217526	-0.00445833	0.272409	
0.0269937	0.0481031	-0.107154	0.992711	0.998549	0.048232	0.0238763	-0.00186611	0.786445	-0.587496	0.0967185	0.164312	0.998823	0.0052891	0.0194616	-0.0441112	0.758968	-0.643247	0.00139593	-0.100985	0.997756	0.0222196	-0.0610141	0.0163009	0.993565	0.087035	0.0690257	0.0221034	0.978399	0.0381598	-0.0224535	0.201928	0.989818	0.121826	0.0663552	-0.0318817	0.962266	-0.00164921	-0.00468923	0.272064	
0.0269937	0.0481036	-0.108593	0.992555	0.99871	0.0455705	0.0223171	-0.00204377	0.776557	-0.598781	0.101936	0.167417	0.99867	0.00469937	0.0195373	-0.0474853	0.748423	-0.655258	-0.000925307	-0.102465	0.997735	0.0224754	-0.0611111	0.0168698	0.993455	0.0883334	0.0689893	0.0220076	0.978449	0.0388451	-0.0222931	0.201574	0.989624	0.123255	0.0667728	-0.0315245	0.962344	-0.00127202	-0.00494278	0.271788	
0.0269745	0.0480968	-0.110168	0.992382	0.998859	0.0429003	0.0208561	-0.00212205	0.76741	-0.609557	0.105577	0.16845	0.998578	0.00386478	0.0192713	-0.0495554	0.737978	-0.666704	-0.00355768	-0.104315	0.997723	0.0226428	-0.0612649	0.0168193	0.993321	0.0898172	0.0690591	0.0218497	0.97849	0.0395331	-0.0222586	0.201245	0.989383	0.124954	0.0672549	-0.0313663	0.962366	-0.00105621	-0.00521727	0.271703	
0.0271292	0.048089	-0.111883	0.992186	0.999008	0.0400194	0.0193768	-0.00260407	0.758015	-0.619946	0.109366	0.170643	0.998499	0.00378332	0.019365	-0.0510892	0.727943	-0.67739	-0.00634608	-0.105833	0.997671	0.0229917	-0.0619217	0.0170219	0.993165	0.091384	0.0692697	0.0217557	0.978514	0.0412413	-0.0224629	0.200761	0.98911	0.12686	0.0677684	-0.0312386	0.962353	-0.000863476	-0.00547369	0.271746	
0.0272763	0.0480056	-0.113719	0.991978	0.999285	0.0336365	0.016952	-0.00328783	0.750474	-0.62672	0.114307	0.17591	0.998162	-0.0138482	0.0262629	-0.0528401	0.720597	-0.685148	-0.00818086	-0.106044	0.997643	0.0235535	-0.062351	0.016338	0.993011	0.0929786	0.0694657	0.0214219	0.978427	0.0424058	-0.0227421	0.200909	0.988809	0.1289	0.0683099	-0.0312154	0.962383	-4.83868e-05	-0.0057234	0.271635	
0.0273428	0.047937	-0.115602	0.991761	0.999364	0.0316467	0.0160218	-0.00356075	0.728336	-0.649327	0.122974	0.181048	0.997824	0.00293032	0.0225659	-0.0618842	0.710271	-0.695533	-0.0114795	-0.107783	0.997634	0.0239613	-0.0627174	0.0147826	0.992858	0.0946045	0.0695973	0.020959	0.978336	0.0437505	-0.0229504	0.201042	0.988493	0.130993	0.0689088	-0.0312059	0.962343	0.000316402	-0.00617005	0.271769	
0.0273037	0.0479637	-0.117646	0.991521	0.999451	0.0293515	0.0148129	-0.00404096	0.718625	-0.658773	0.126317	0.183413	0.997651	0.00279043	0.0236331	-0.0642421	0.687535	-0.717125	-0.0186687	-0.1126	0.997496	0.0241936	-0.0645412	0.0158389	0.992707	0.0960417	0.0700306	0.0200915	0.978108	0.0454261	-0.0234145	0.201725	0.988084	0.133516	0.070204	-0.0305663	0.962394	0.000372461	-0.00724143	0.27156	
0.0272482	0.0479224	-0.119778	0.991269	0.999527	0.0271742	0.013733	-0.00441383	0.708531	-0.668253	0.130001	0.185799	0.997602	0.00322102	0.0250158	-0.0644492	0.678067	-0.725786	-0.0213731	-0.114027	0.997009	0.041117	-0.0622331	0.0202294	0.992512	0.0979677	0.0702742	0.0195707	0.977962	0.0467652	-0.0237421	0.202087	0.987789	0.135641	0.070284	-0.0305741	0.962323	0.00121615	-0.00724345	0.271808	
0.0266655	0.0480062	-0.124133	0.990745	0.999527	0.0273837	0.0129369	-0.00540847	0.696936	-0.677907	0.135678	0.190562	0.997344	0.00475109	0.0265654	-0.0676486	0.668437	-0.734154	-0.0250881	-0.116532	0.997347	0.024553	-0.0669365	0.0146707	0.992076	0.102302	0.0706012	0.0183277	0.97781	0.0478887	-0.0238667	0.202548	0.987062	0.140536	0.0714351	-0.0292631	0.962744	0.00134103	-0.00818706	0.270287	
0.0259744	0.0480917	-0.126199	0.990498	0.999603	0.0246402	0.0121239	-0.00635331	0.686855	-0.685674	0.141036	0.195425	0.996989	0.00476114	0.0280514	-0.0721312	0.659424	-0.74157	-0.029487	-0.119846	0.997196	0.024695	-0.0687891	0.0160685	0.991824	0.104646	0.0710077	0.0171059	0.97777	0.0486154	-0.0240368	0.202544	0.986655	0.143005	0.0721478	-0.0292631	0.962867	0.00151605	-0.00869681	0.269831	
0.0250717	0.0482037	-0.128185	0.990261	0.999671	0.021701	0.0116844	-0.00713962	0.677156	-0.693607	0.145532	0.197966	0.996825	0.00519557	0.0291637	-0.0739073	0.650808	-0.748511	-0.0335653	-0.122692	0.997078	0.0247317	-0.0697482	0.0189715	0.991586	0.107029	0.070943	0.0164009	0.977855	0.049222	-0.0238263	0.20201	0.986219	0.145489	0.0730184	-0.0295425	0.962947	0.00152064	-0.00934269	0.269525	
0.0240137	0.0482799	-0.130095	0.990034	0.999724	0.0187503	0.0115489	-0.00814147	0.667525	-0.701315	0.149055	0.200872	0.99663	0.00542437	0.0316378	-0.0754924	0.642145	-0.755363	-0.0375438	-0.125167	0.996961	0.0250606	-0.0712086	0.0192354	0.991317	0.109534	0.070998	0.0159093	0.978046	0.0494839	-0.0237314	0.201034	0.985811	0.147909	0.0735202	-0.0298973	0.963015	0.00157459	-0.00966523	0.26927	
0.0228522	0.0483712	-0.132057	0.989797	0.999772	0.0152502	0.0116414	-0.00934924	0.658488	-0.708096	0.152522	0.204279	0.996302	0.00520235	0.0341293	-0.0786824	0.63384	-0.76157	-0.0419794	-0.128438	0.996773	0.025702	-0.073532	0.0194096	0.991021	0.112236	0.0709676	0.0156009	0.978276	0.0496157	-0.0236451	0.199887	0.985417	0.150348	0.0737468	-0.0301802	0.963107	0.00181766	-0.00977686	0.268937	
0.0215853	0.0484394	-0.133918	0.989572	0.999813	0.0111871	0.011189	-0.0111562	0.649853	-0.714065	0.156247	0.2083	0.995982	0.00492471	0.0358924	-0.0818955	0.626129	-0.767286	-0.0463485	-0.130716	0.996561	0.0267259	-0.0755249	0.0211479	0.990729	0.114888	0.0708345	0.0154561	0.978492	0.0496027	-0.0235708	0.198839	0.985029	0.152704	0.0739838	-0.0304152	0.96326	0.00193026	-0.00993147	0.26838	
0.0202795	0.0483711	-0.135687	0.989362	0.99983	0.00717211	0.0102966	-0.013479	0.641057	-0.719564	0.160734	0.213162	0.99577	0.00455024	0.0374235	-0.0837959	0.618182	-0.773064	-0.0515672	-0.132532	0.996322	0.028325	-0.0779692	0.0214694	0.990453	0.117423	0.0705744	0.0152869	0.97869	0.0495849	-0.0235901	0.197866	0.98464	0.155063	0.0740905	-0.0308181	0.963422	0.00188146	-0.0100827	0.267792	
0.0191893	0.0482595	-0.137205	0.98918	0.999827	0.00362448	0.00923667	-0.0157589	0.632148	-0.724724	0.165734	0.218393	0.995509	0.00343235	0.0390541	-0.0861706	0.609446	-0.779212	-0.0576347	-0.134469	0.996079	0.0292724	-0.0803787	0.0225525	0.990187	0.119737	0.070452	0.0151319	0.978874	0.0494632	-0.0237532	0.196962	0.984271	0.157262	0.0741589	-0.0313041	0.963524	0.00162026	-0.010187	0.267425	
0.0185169	0.0481505	-0.138548	0.989011	0.999804	-4.78279e-05	0.00819157	-0.0180459	0.623431	-0.729897	0.170159	0.222778	0.995234	0.00222216	0.0400474	-0.0888802	0.600477	-0.785448	-0.0640371	-0.135638	0.995925	0.0292613	-0.0815057	0.0251831	0.989934	0.121784	0.0704803	0.015251	0.979042	0.049394	-0.024047	0.196111	0.983926	0.159328	0.0741643	-0.0316925	0.963552	0.00125703	-0.0101686	0.267326	
0.0183075	0.0480152	-0.139787	0.988847	0.999766	-0.00362941	0.00725263	-0.0200345	0.614323	-0.735759	0.173495	0.2262	0.995085	0.00175313	0.041214	-0.0900278	0.59103	-0.791857	-0.0708	-0.136505	0.995845	0.0287466	-0.0820081	0.0272397	0.989696	0.123616	0.0705577	0.0155454	0.979162	0.0493521	-0.0243385	0.195484	0.983604	0.161288	0.0741294	-0.0318544	0.963531	0.000878671	-0.0100971	0.267404	
0.0182305	0.0477779	-0.141003	0.988687	0.999726	-0.00646783	0.0065725	-0.0215248	0.605042	-0.74224	0.175935	0.228147	0.994942	0.00098825	0.0425213	-0.091003	0.580495	-0.798622	-0.0784432	-0.138112	0.99579	0.0283025	-0.0823021	0.0287561	0.989447	0.12548	0.0707599	0.0155394	0.979239	0.0491093	-0.0247169	0.19511	0.983289	0.163228	0.0739561	-0.0320986	0.963482	0.000531697	-0.00993863	0.267587	
0.0182698	0.0475793	-0.141924	0.988565	0.999675	-0.00931957	0.00647781	-0.022812	0.595825	-0.749052	0.177223	0.229141	0.994714	0.000270155	0.0439389	-0.0928069	0.569545	-0.805206	-0.0870458	-0.140306	0.995763	0.0278669	-0.0820464	0.03078	0.989211	0.127195	0.0710557	0.0152853	0.979312	0.0485603	-0.0250508	0.194839	0.98301	0.164893	0.0738023	-0.0324805	0.963445	0.000184079	-0.00973239	0.267729	
0.0182476	0.0473269	-0.142646	0.988473	0.999615	-0.0118605	0.00664488	-0.0241699	0.586412	-0.755767	0.178709	0.230217	0.994422	-0.000315537	0.0453907	-0.0952067	0.557974	-0.811921	-0.0958096	-0.142373	0.995764	0.0276754	-0.0815575	0.032183	0.988997	0.128821	0.0712179	0.0147993	0.979423	0.0478615	-0.0252468	0.194428	0.982738	0.166439	0.0736653	-0.0331324	0.963335	-0.000229669	-0.00949944	0.268135	
0.0182841	0.0471107	-0.143287	0.98839	0.99955	-0.014641	0.0068471	-0.0252777	0.57686	-0.76193	0.181349	0.231966	0.994126	-0.000694871	0.0467707	-0.0975965	0.546776	-0.818101	-0.104401	-0.144386	0.9958	0.0270588	-0.0804744	0.0342619	0.988777	0.130452	0.0713991	0.0142897	0.97952	0.0470167	-0.0254143	0.194122	0.982498	0.167799	0.073496	-0.0337611	0.963253	-0.000438744	-0.00923426	0.268438	
0.0183518	0.0468907	-0.143879	0.988313	0.999483	-0.0172734	0.00681023	-0.0262423	0.567389	-0.767919	0.184181	0.233339	0.993892	-0.00136975	0.0474993	-0.0995996	0.53583	-0.823868	-0.113123	-0.146051	0.995909	0.0263192	-0.0789132	0.0352941	0.988581	0.131989	0.0713321	0.0140526	0.979631	0.0462649	-0.0254462	0.19374	0.982271	0.169013	0.0733951	-0.0345067	0.963171	-0.000437001	-0.00910672	0.268734	
0.0186043	0.0466931	-0.144383	0.988245	0.999408	-0.0196993	0.00684114	-0.0273526	0.557874	-0.773963	0.186392	0.234554	0.993706	-0.00223623	0.0478417	-0.101266	0.524709	-0.829208	-0.123543	-0.147755	0.996071	0.0256469	-0.0772157	0.0349597	0.988409	0.133332	0.0711951	0.0141639	0.979745	0.0457621	-0.0254848	0.193275	0.982077	0.170066	0.0733738	-0.034909	0.963109	-0.000326177	-0.00912661	0.268957	
0.0187985	0.0465196	-0.145009	0.988157	0.999325	-0.0220601	0.0068082	-0.02856	0.548535	-0.779425	0.189447	0.236042	0.993519	-0.00345925	0.0476045	-0.103161	0.513691	-0.834055	-0.134668	-0.149461	0.996225	0.0249662	-0.0755246	0.0347489	0.98824	0.134582	0.0711555	0.0143925	0.979834	0.04563	-0.0257236	0.192823	0.981856	0.171272	0.0733356	-0.0353156	0.96306	-0.000231894	-0.00911112	0.269134	
0.0189469	0.0463696	-0.145629	0.98807	0.99923	-0.02432	0.00692108	-0.0299967	0.539043	-0.784552	0.193093	0.237964	0.993408	-0.0043224	0.0476963	-0.104152	0.502924	-0.83843	-0.146063	-0.15089	0.996351	0.0242573	-0.0740602	0.0348112	0.988086	0.135654	0.071218	0.0145578	0.979889	0.0467297	-0.026627	0.192159	0.981619	0.172555	0.0732803	-0.0357498	0.963029	-0.000264443	-0.00905611	0.269245	
0.0191007	0.0462979	-0.146413	0.987955	0.999136	-0.0264682	0.00769984	-0.031097	0.530113	-0.789262	0.197128	0.239138	0.993358	-0.017555	0.052178	-0.101043	0.492303	-0.842235	-0.157831	-0.152863	0.996448	0.0236466	-0.0727065	0.0353017	0.987934	0.136703	0.0712397	0.0149192	0.97988	0.0473731	-0.0271537	0.191973	0.981331	0.174085	0.0732981	-0.0362216	0.96305	0.000209622	-0.00910628	0.269168	
0.0192338	0.0463876	-0.147215	0.987829	0.998978	-0.0291957	0.0101766	-0.0329669	0.510916	-0.799685	0.205539	0.23921	0.993024	-0.00713668	0.0463521	-0.108182	0.482225	-0.845114	-0.170751	-0.155194	0.996607	0.0228735	-0.0707197	0.0353507	0.987732	0.137953	0.071362	0.0161939	0.980015	0.0478667	-0.027767	0.191069	0.981015	0.175724	0.0734053	-0.0366496	0.963002	4.99189e-05	-0.00896599	0.269345	
0.0195328	0.0465599	-0.147987	0.9877	0.998905	-0.0304963	0.0114751	-0.0335597	0.501466	-0.804453	0.209957	0.239385	0.992864	-0.00798873	0.046037	-0.109717	0.471398	-0.84859	-0.182292	-0.156362	0.996786	0.0216526	-0.0684928	0.0354485	0.987568	0.13912	0.0712014	0.0169047	0.980047	0.0484195	-0.0278691	0.190752	0.980717	0.177288	0.0735588	-0.0367679	0.963001	2.97123e-05	-0.00886191	0.269351	
0.020001	0.0467783	-0.148857	0.987549	0.998839	-0.0316435	0.0125614	-0.0340758	0.491798	-0.809177	0.214643	0.239368	0.992777	-0.00910576	0.0453528	-0.110699	0.448605	-0.855763	-0.204529	-0.156814	0.997072	0.0190017	-0.0646486	0.0361613	0.987363	0.140503	0.0711846	0.0174982	0.980068	0.0487869	-0.0279937	0.190533	0.980408	0.178909	0.0737988	-0.0366939	0.962994	0.000122424	-0.00878171	0.26938	
0.0207807	0.047101	-0.150375	0.987288	0.998828	-0.0320095	0.013516	-0.0336822	0.481991	-0.813595	0.220635	0.238891	0.992651	-0.0106272	0.044582	-0.112	0.438646	-0.858273	-0.215193	-0.157003	0.997192	0.0175773	-0.0631655	0.0361775	0.987044	0.142612	0.0712621	0.0180748	0.980071	0.049014	-0.0280109	0.190458	0.9798	0.181916	0.074354	-0.0370198	0.962825	-0.000549395	-0.00856819	0.269989	
0.0207716	0.0470784	-0.151005	0.987193	0.998791	-0.0329469	0.014563	-0.033441	0.471625	-0.818174	0.227245	0.237743	0.992464	-0.011494	0.0446489	-0.113531	0.428665	-0.860639	-0.225184	-0.157603	0.997289	0.0162794	-0.0616256	0.0367638	0.986872	0.143955	0.0710722	0.0175758	0.980049	0.0491136	-0.0280287	0.19054	0.979497	0.183327	0.0744643	-0.0378332	0.962759	-0.000470805	-0.0085254	0.270226	
0.0204515	0.0471274	-0.151604	0.987105	0.998739	-0.0338078	0.0159246	-0.0335337	0.461173	-0.82307	0.232997	0.23577	0.99233	-0.0120781	0.0451197	-0.114453	0.418886	-0.862615	-0.235417	-0.158142	0.997391	0.0150684	-0.0601981	0.0368897	0.986696	0.145317	0.0708964	0.0169371	0.980045	0.0492129	-0.0280542	0.190531	0.979173	0.184687	0.0747151	-0.0390986	0.962691	-0.000405195	-0.00852962	0.27047	
0.0198915	0.0471625	-0.152223	0.98702	0.998652	-0.0351813	0.0173046	-0.0340254	0.450992	-0.827568	0.238818	0.233888	0.992066	-0.012753	0.0455986	-0.116464	0.410006	-0.864011	-0.245587	-0.158328	0.997506	0.0139693	-0.0590099	0.0361119	0.986526	0.146644	0.0706359	0.0165196	0.98006	0.0494435	-0.0281507	0.19038	0.978837	0.1861	0.0749438	-0.0403593	0.962655	-0.000330284	-0.00858319	0.270595	
0.0193076	0.0471222	-0.152917	0.986926	0.998569	-0.0363614	0.0185239	-0.0345759	0.440376	-0.831899	0.245406	0.231924	0.991768	-0.0133399	0.0459586	-0.118769	0.401247	-0.865285	-0.255336	-0.158384	0.997586	0.0132238	-0.0587254	0.0346288	0.98635	0.148063	0.0701894	0.0162564	0.980062	0.049739	-0.028208	0.190284	0.978511	0.187717	0.0748122	-0.041009	0.962762	-0.000357293	-0.00846507	0.270216	
0.0184818	0.0469749	-0.153545	0.986851	0.998487	-0.0376631	0.0195642	-0.034964	0.429654	-0.83604	0.252551	0.229459	0.991521	-0.014084	0.0464074	-0.120554	0.39285	-0.866777	-0.263442	-0.158003	0.997646	0.0124821	-0.0581654	0.0341039	0.986179	0.149539	0.0695516	0.0158572	0.980083	0.0499434	-0.0282315	0.190119	0.978205	0.189366	0.074419	-0.0414312	0.962894	-0.000491649	-0.00830783	0.269753	
0.0174142	0.046726	-0.15416	0.986787	0.998427	-0.0383623	0.0205869	-0.0353243	0.41849	-0.840186	0.260456	0.226089	0.991324	-0.014974	0.0466575	-0.121967	0.384007	-0.868534	-0.270866	-0.157539	0.997705	0.0114379	-0.0570695	0.0345874	0.986115	0.150179	0.0693088	0.0148029	0.979953	0.0508081	-0.0287713	0.19048	0.97789	0.191039	0.0739427	-0.0420357	0.962998	-0.000747	-0.00819693	0.269383	
0.0163104	0.0465098	-0.154753	0.986723	0.99836	-0.0389573	0.0216735	-0.0359095	0.406825	-0.844253	0.268306	0.223031	0.991046	-0.0156011	0.0473999	-0.123846	0.375026	-0.870021	-0.278867	-0.157012	0.997781	0.00998052	-0.0556495	0.0351688	0.985788	0.152849	0.0681109	0.0148646	0.980201	0.0497804	-0.0282403	0.189552	0.977567	0.192723	0.0734992	-0.0426314	0.963109	-0.00105723	-0.00810682	0.268987	
0.0154742	0.0463694	-0.155206	0.986672	0.998267	-0.0401984	0.0225831	-0.0365771	0.395216	-0.848154	0.275729	0.220027	0.990752	-0.0164389	0.0478582	-0.125894	0.366526	-0.870859	-0.287856	-0.156214	0.997848	0.00839037	-0.0539016	0.0363691	0.985608	0.15435	0.0673621	0.0146453	0.980286	0.049644	-0.0281212	0.189168	0.97724	0.194298	0.0733683	-0.0432105	0.963157	-0.00145074	-0.00817874	0.268811	
0.015086	0.046237	-0.155594	0.986623	0.998173	-0.0414398	0.0232614	-0.0373099	0.396723	-0.847739	0.274824	0.220048	0.990597	-0.0296745	0.0569956	-0.120781	0.358086	-0.87187	-0.296183	-0.154576	0.997924	0.00673812	-0.0524403	0.0367644	0.985422	0.155782	0.066782	0.0147045	0.980357	0.049421	-0.0281148	0.188858	0.976938	0.195687	0.073264	-0.0439418	0.963121	-0.00168704	-0.00813019	0.268941	
0.0149732	0.0461036	-0.15597	0.986572	0.998075	-0.0428356	0.023895	-0.0379593	0.398315	-0.847317	0.27372	0.220176	0.990214	-0.0428235	0.0660533	-0.115235	0.349902	-0.873103	-0.303314	-0.152515	0.997965	0.00514939	-0.0514972	0.0372477	0.985212	0.157319	0.0663084	0.0145275	0.980367	0.049036	-0.0280361	0.188917	0.976584	0.197207	0.0735688	-0.0445012	0.96309	-0.00206308	-0.00841758	0.269039	
0.0148733	0.0458581	-0.156508	0.986499	0.997984	-0.0442892	0.024334	-0.038393	0.360047	-0.85925	0.295782	0.211111	0.9901	-0.0197029	0.0492418	-0.129959	0.341836	-0.874855	-0.30853	-0.150287	0.997935	0.00392073	-0.0509699	0.0388793	0.984959	0.15913	0.0658543	0.0140296	0.980342	0.0484481	-0.027942	0.189212	0.976197	0.198948	0.0736292	-0.0451506	0.962941	-0.00231637	-0.00852694	0.269567	
0.0146869	0.0455859	-0.157261	0.986395	0.997889	-0.0459825	0.0247932	-0.0385808	0.36235	-0.858459	0.295082	0.211368	0.989883	-0.0323302	0.0581617	-0.125317	0.334262	-0.877214	-0.31131	-0.147824	0.997903	0.0027497	-0.0505951	0.0402673	0.984665	0.161195	0.0653332	0.0134985	0.980382	0.0478281	-0.0277394	0.189193	0.975687	0.200925	0.0740835	-0.0466423	0.962654	-0.00248572	-0.00886134	0.270578	
0.0146993	0.0454053	-0.158181	0.986256	0.99778	-0.047785	0.0250853	-0.0390119	0.339308	-0.865202	0.306907	0.205191	0.989738	-0.0215524	0.05012	-0.132068	0.327329	-0.879424	-0.313818	-0.14487	0.997891	0.00140796	-0.0500146	0.0413532	0.984367	0.163235	0.0647693	0.0134693	0.980452	0.0475713	-0.0275092	0.188931	0.975131	0.202662	0.074879	-0.0494053	0.962205	-0.00218098	-0.00911812	0.272165	
0.0152108	0.0452333	-0.159248	0.986085	0.997677	-0.0497718	0.0250341	-0.0392004	0.330077	-0.867276	0.312535	0.202986	0.989551	-0.0224623	0.0505739	-0.133142	0.321117	-0.880706	-0.317728	-0.142445	0.997854	0.000172347	-0.0494176	0.0429671	0.984071	0.165177	0.0642403	0.013956	0.980489	0.0476715	-0.0274031	0.188727	0.974588	0.204218	0.0754805	-0.0526853	0.9616	-0.00161461	-0.00888279	0.274308	
0.015992	0.0450324	-0.160605	0.985861	0.997615	-0.0513727	0.0247632	-0.0388775	0.332552	-0.866406	0.311561	0.204154	0.989571	-0.0327715	0.0590036	-0.127252	0.315113	-0.881809	-0.321707	-0.140074	0.997873	-0.00099689	-0.0489615	0.0430357	0.98373	0.167304	0.0638316	0.0145042	0.980442	0.0480007	-0.027474	0.188877	0.974079	0.20635	0.074871	-0.0546264	0.961336	-0.00130749	-0.00758341	0.275271	
0.0168297	0.0448136	-0.162338	0.985573	0.997564	-0.052666	0.0243562	-0.0387159	0.312879	-0.870423	0.324236	0.198346	0.98933	-0.023996	0.0508195	-0.134414	0.309545	-0.882842	-0.325334	-0.137583	0.997871	-0.00216543	-0.0482189	0.0438686	0.983285	0.169987	0.0634771	0.0150007	0.980367	0.0480912	-0.0275544	0.189232	0.973443	0.209313	0.0740442	-0.0558017	0.961169	-0.00147694	-0.00611958	0.275889	
0.017587	0.0446098	-0.164285	0.985247	0.997502	-0.0540404	0.0239505	-0.0386704	0.305611	-0.871955	0.328414	0.196062	0.989174	-0.02502	0.0507282	-0.135408	0.304597	-0.884118	-0.327737	-0.134701	0.997873	-0.00345142	-0.0469182	0.0451305	0.982747	0.173157	0.0631578	0.015353	0.98034	0.0477775	-0.0275213	0.189455	0.972742	0.212518	0.0737157	-0.056354	0.961084	-0.00176329	-0.00530761	0.276199	
0.0182682	0.0444483	-0.16626	0.98491	0.997426	-0.0554235	0.0236149	-0.0388806	0.298396	-0.873363	0.332416	0.194153	0.988952	-0.0253694	0.0507696	-0.136942	0.299763	-0.885153	-0.330447	-0.132105	0.997861	-0.00452434	-0.0462725	0.0459572	0.982169	0.176489	0.0628245	0.0157928	0.980379	0.0472326	-0.0273798	0.18941	0.972085	0.215561	0.0734401	-0.0564835	0.960967	-0.00173705	-0.00469169	0.276618	
0.019156	0.0443917	-0.168479	0.984519	0.997367	-0.0568221	0.0230575	-0.0387121	0.291847	-0.874546	0.336112	0.192412	0.988827	-0.0257282	0.0508715	-0.137737	0.29563	-0.886143	-0.332624	-0.129287	0.997841	-0.00573774	-0.045643	0.0468781	0.981533	0.180042	0.0624989	0.0164871	0.980467	0.0467304	-0.0270923	0.18912	0.971378	0.218778	0.0734252	-0.0562997	0.960966	-0.00153276	-0.00417551	0.27663	
0.0197863	0.0443278	-0.170705	0.984126	0.997311	-0.0581006	0.0225731	-0.0385484	0.285767	-0.875573	0.339673	0.190607	0.988669	-0.0263103	0.050979	-0.138716	0.291459	-0.887141	-0.334641	-0.126683	0.997775	-0.00680696	-0.0448436	0.0488589	0.980923	0.18338	0.0622663	0.0168588	0.980471	0.046571	-0.0269816	0.189155	0.970632	0.221908	0.0735284	-0.0567873	0.960973	-0.00116121	-0.00367098	0.276617	
0.0200422	0.0443366	-0.172695	0.983773	0.997232	-0.0596442	0.0221398	-0.0384749	0.279847	-0.876453	0.343234	0.188961	0.988507	-0.0264899	0.0510296	-0.139814	0.287313	-0.888125	-0.336559	-0.124148	0.997724	-0.00750595	-0.0443746	0.0502114	0.980379	0.186307	0.0621383	0.0169255	0.98044	0.0466979	-0.0269748	0.189283	0.969941	0.224565	0.0738544	-0.0577177	0.961013	-0.000550865	-0.00331845	0.276482	
0.0201342	0.0444149	-0.174596	0.983432	0.997136	-0.061198	0.0217107	-0.0387845	0.274009	-0.87729	0.346455	0.187751	0.988386	-0.0264927	0.0515627	-0.140469	0.283138	-0.889004	-0.338789	-0.121357	0.997666	-0.00818349	-0.043934	0.0516287	0.979861	0.18902	0.0620608	0.017112	0.980456	0.0470245	-0.0270625	0.18911	0.969295	0.22703	0.0741452	-0.0585384	0.961022	0.000209891	-0.00299238	0.276456	
0.0201367	0.044408	-0.176402	0.98311	0.997031	-0.0627855	0.021391	-0.0391157	0.268473	-0.877973	0.349721	0.186497	0.988261	-0.0266993	0.0518372	-0.141207	0.278937	-0.889897	-0.340801	-0.118878	0.997613	-0.00894149	-0.0435877	0.0528059	0.979367	0.191499	0.0621457	0.0174982	0.980488	0.0474627	-0.0274604	0.188777	0.968702	0.229426	0.0741485	-0.0590148	0.961109	0.000899596	-0.00260663	0.276155	
0.020054	0.044333	-0.178209	0.982789	0.996922	-0.064544	0.0210059	-0.0392223	0.263461	-0.878392	0.353159	0.185186	0.988198	-0.0270059	0.05192	-0.141562	0.27502	-0.89087	-0.342278	-0.116448	0.99761	-0.00958495	-0.0432642	0.0530219	0.978853	0.19401	0.0623674	0.0178242	0.980466	0.0477816	-0.0280973	0.188718	0.968117	0.231925	0.0739174	-0.059126	0.961219	0.00140663	-0.0021622	0.275774	
0.0198779	0.0442412	-0.180014	0.982468	0.996815	-0.0663093	0.0205912	-0.0392354	0.25873	-0.878627	0.356588	0.184169	0.988148	-0.027225	0.0524398	-0.141676	0.271068	-0.892072	-0.343086	-0.114111	0.997608	-0.0102625	-0.0430102	0.0531407	0.978307	0.196668	0.0624896	0.0182016	0.980478	0.0477966	-0.0286397	0.188568	0.967524	0.234502	0.0735134	-0.0591717	0.961294	0.00175581	-0.00160027	0.275514	
0.0197117	0.0441631	-0.181969	0.982114	0.996729	-0.0677098	0.0201128	-0.039274	0.254006	-0.879198	0.359156	0.183026	0.988146	-0.0274628	0.0525097	-0.14162	0.267165	-0.893259	-0.343785	-0.11191	0.997565	-0.0111786	-0.0428697	0.0538574	0.97767	0.199729	0.0626119	0.0186991	0.980594	0.0480386	-0.0293267	0.187798	0.966855	0.237303	0.0733073	-0.0591958	0.961338	0.00194459	-0.00117628	0.275362	
0.019641	0.0440295	-0.183957	0.981751	0.996415	-0.0729697	0.018908	-0.0384053	0.247032	-0.880287	0.362351	0.181029	0.988134	-0.0282751	0.0529092	-0.141393	0.267506	-0.893522	-0.34313	-0.111	0.997527	-0.0120233	-0.0429765	0.0543059	0.976759	0.203886	0.063199	0.0194257	0.980866	0.0464429	-0.0300134	0.186665	0.966216	0.239929	0.0731049	-0.0592916	0.961434	0.00356253	-0.000812129	0.275012	
0.01916	0.0437089	-0.185943	0.981401	0.996328	-0.0741496	0.0183445	-0.0386804	0.243736	-0.881136	0.362918	0.18023	0.988038	-0.0282077	0.0530927	-0.142005	0.257679	-0.896148	-0.344753	-0.108007	0.997436	-0.0134258	-0.0420973	0.0562853	0.97617	0.206676	0.0633507	0.0190673	0.980968	0.0465054	-0.0305598	0.186024	0.96548	0.243032	0.0723449	-0.059581	0.961532	0.00368307	-0.0001229	0.274667	
0.0190214	0.0430696	-0.190542	0.980549	0.996409	-0.0729801	0.0176476	-0.0391323	0.241299	-0.881773	0.363152	0.17992	0.987895	-0.0282373	0.0534101	-0.142874	0.255395	-0.896503	-0.345827	-0.107044	0.997379	-0.0145454	-0.0409696	0.0578329	0.97511	0.211688	0.0631724	0.0189074	0.980941	0.0459791	-0.0308858	0.186246	0.964285	0.248117	0.0712168	-0.0593363	0.961657	0.00336039	0.000718273	0.274233	
0.0189724	0.0427488	-0.192873	0.980108	0.996329	-0.0742474	0.0172036	-0.0389794	0.239531	-0.882097	0.363608	0.179774	0.987825	-0.0281686	0.0536507	-0.143283	0.253516	-0.896625	-0.347109	-0.106343	0.997393	-0.0153558	-0.0401367	0.0579614	0.974567	0.214205	0.0630797	0.0188566	0.980927	0.0457368	-0.0310514	0.186351	0.963679	0.250754	0.0701561	-0.0593494	0.961734	0.00564769	0.00160975	0.273922	
0.0188894	0.0425884	-0.1954	0.979616	0.996264	-0.0751879	0.0169221	-0.0389751	0.237786	-0.882321	0.364219	0.179753	0.98785	-0.0280186	0.0538272	-0.143076	0.251938	-0.896947	-0.347833	-0.105004	0.997419	-0.0162967	-0.0390582	0.0580044	0.973996	0.216726	0.063329	0.0187258	0.9809	0.0499161	-0.0324695	0.185175	0.962991	0.25345	0.0696255	-0.0596951	0.961824	0.00685971	0.00229936	0.273574	
0.0188045	0.0424182	-0.198055	0.979092	0.996182	-0.0763146	0.0168533	-0.0389075	0.236966	-0.882236	0.364899	0.179879	0.987855	-0.0282357	0.0539817	-0.14294	0.250847	-0.897155	-0.348448	-0.103793	0.997401	-0.0171525	-0.0379156	0.0588211	0.973403	0.219342	0.0635326	0.0184243	0.980828	0.0515172	-0.0331088	0.185005	0.96224	0.256249	0.0692569	-0.0602858	0.961839	0.00799036	0.00292457	0.273485	
0.0185475	0.0423208	-0.200889	0.978524	0.99609	-0.0775502	0.0167019	-0.0388751	0.240449	-0.881071	0.3645	0.181763	0.987764	-0.0316639	0.0565161	-0.141867	0.250238	-0.897273	-0.349004	-0.102368	0.997406	-0.0176794	-0.0373405	0.0589419	0.972748	0.222213	0.06383	0.0175534	0.980782	0.0530505	-0.033517	0.184742	0.961407	0.259319	0.0688746	-0.0608759	0.961853	0.00895464	0.00363617	0.273395	
0.0181899	0.0422255	-0.203698	0.977954	0.996033	-0.0782866	0.0166062	-0.0389062	0.235752	-0.881672	0.366402	0.181178	0.987923	-0.0279202	0.0544096	-0.142368	0.24923	-0.897797	-0.348896	-0.100576	0.997389	-0.0180321	-0.0371156	0.0592668	0.972081	0.225116	0.0640628	0.0166709	0.980664	0.0528906	-0.0336467	0.185385	0.9606	0.262303	0.0683857	-0.0613849	0.961888	0.0100138	0.00436382	0.273225	
0.0178517	0.042014	-0.206447	0.977392	0.995968	-0.0791724	0.0164368	-0.0388566	0.235305	-0.881361	0.367096	0.181864	0.987942	-0.0278209	0.0545097	-0.142213	0.248579	-0.898137	-0.348897	-0.0991397	0.997315	-0.0185218	-0.0368968	0.0604906	0.971452	0.227842	0.0640874	0.0161845	0.980629	0.0560236	-0.0344671	0.184498	0.959808	0.265225	0.0679486	-0.0616994	0.961959	0.0110411	0.00484688	0.272929	
0.0176184	0.0417864	-0.20888	0.976889	0.995885	-0.0804003	0.0161631	-0.0385796	0.234784	-0.881171	0.367573	0.182496	0.98799	-0.0277895	0.0544058	-0.141927	0.248056	-0.898422	-0.348934	-0.0977325	0.997286	-0.0190619	-0.0364531	0.0610653	0.970987	0.229816	0.064072	0.0162266	0.980476	0.0582389	-0.0353063	0.18447	0.959101	0.267902	0.0675962	-0.0615176	0.962141	0.0119713	0.00511951	0.27224	
0.0171786	0.0414663	-0.211147	0.976423	0.995819	-0.0814285	0.0159438	-0.0382149	0.234023	-0.881029	0.368203	0.182889	0.988018	-0.0279268	0.0544228	-0.141697	0.247253	-0.898783	-0.348913	-0.0965115	0.99726	-0.0198273	-0.0361321	0.0614249	0.97061	0.231486	0.0638392	0.0159621	0.980295	0.0606346	-0.0360939	0.184507	0.958429	0.270376	0.0670659	-0.06175	0.962349	0.0128109	0.00546605	0.271461	
0.0165024	0.0410706	-0.213222	0.976001	0.99575	-0.0823772	0.0158632	-0.0380164	0.233222	-0.881093	0.36849	0.183025	0.988009	-0.0281195	0.0545418	-0.14168	0.246088	-0.899052	-0.349307	-0.0955531	0.997221	-0.0205459	-0.0356382	0.0621145	0.970261	0.233069	0.0635905	0.0151039	0.98015	0.0628283	-0.0367163	0.184421	0.957753	0.272797	0.0665085	-0.062194	0.962476	0.0133335	0.00572114	0.270978	
0.0157844	0.0406599	-0.215088	0.97562	0.995667	-0.0833855	0.0158285	-0.0379879	0.232142	-0.881254	0.368557	0.183485	0.987936	-0.0278745	0.0549922	-0.142064	0.244802	-0.899365	-0.349716	-0.0944079	0.997206	-0.021337	-0.0346621	0.0626313	0.969922	0.234624	0.063307	0.0139853	0.98001	0.0646084	-0.0371594	0.184457	0.957165	0.274893	0.0658658	-0.0626915	0.96257	0.0139432	0.00600444	0.270607	
0.0152856	0.040283	-0.216854	0.975253	0.995584	-0.0843846	0.0158174	-0.0379702	0.231167	-0.881631	0.368092	0.183839	0.987891	-0.0277543	0.0554235	-0.142231	0.243808	-0.899259	-0.350976	-0.0933082	0.997163	-0.0224195	-0.0336618	0.0634776	0.96957	0.236185	0.0630042	0.0134928	0.979928	0.0660188	-0.0376247	0.184301	0.956617	0.276913	0.0652556	-0.0628077	0.962711	0.014397	0.00623933	0.270077	
0.0148297	0.039872	-0.21853	0.974903	0.995525	-0.0852373	0.0158127	-0.037614	0.230133	-0.88192	0.368011	0.183912	0.987803	-0.0276841	0.0553734	-0.142876	0.242826	-0.899272	-0.35188	-0.0923371	0.997147	-0.0232683	-0.0331212	0.0637185	0.969219	0.23774	0.0626088	0.0132147	0.979915	0.0671773	-0.0380152	0.18387	0.956063	0.278922	0.0647183	-0.0629034	0.962759	0.0146332	0.00635194	0.269889	
0.0144867	0.0394039	-0.219938	0.97461	0.995475	-0.0861001	0.0157331	-0.0369913	0.229199	-0.882111	0.368076	0.184033	0.987746	-0.0277651	0.0556658	-0.14314	0.24175	-0.899728	-0.351773	-0.0911136	0.997107	-0.0238437	-0.032495	0.0644473	0.968953	0.238958	0.0621378	0.0129574	0.979867	0.0682771	-0.0383859	0.183644	0.955581	0.280663	0.0643103	-0.0629048	0.962807	0.0147692	0.00625066	0.269712	
0.0141075	0.0389974	-0.221201	0.974346	0.995424	-0.0868437	0.0157045	-0.0366399	0.228279	-0.882349	0.367987	0.184215	0.987716	-0.0277969	0.0561697	-0.143143	0.240803	-0.900142	-0.351697	-0.0898198	0.997053	-0.0244104	-0.0322	0.0652141	0.968698	0.240081	0.0618654	0.0125557	0.979834	0.0683969	-0.038524	0.183746	0.955163	0.282147	0.0639173	-0.0630216	0.96283	0.0150118	0.0061679	0.269622	
0.0138817	0.0386778	-0.222329	0.974105	0.995371	-0.0875682	0.0158225	-0.0363106	0.227509	-0.882581	0.367819	0.184393	0.987665	-0.0277634	0.0564076	-0.143407	0.239952	-0.900266	-0.352223	-0.0887839	0.997018	-0.0246699	-0.0325837	0.0654525	0.968434	0.241219	0.061681	0.012033	0.979823	0.0698087	-0.0390184	0.183169	0.954837	0.283373	0.0634907	-0.0628909	0.962901	0.0154497	0.00614237	0.269341	
0.0138626	0.0383988	-0.223326	0.973889	0.995333	-0.0881705	0.0159178	-0.0358331	0.226868	-0.882746	0.367779	0.184467	0.987614	-0.0278339	0.0565516	-0.143683	0.239117	-0.900685	-0.352034	-0.0875326	0.996998	-0.0247906	-0.0330772	0.0654732	0.968199	0.242193	0.0615825	0.0118377	0.979773	0.0697996	-0.0391241	0.183415	0.954588	0.284321	0.0630731	-0.0628089	0.962939	0.0161108	0.00621319	0.269167	
0.013902	0.0380578	-0.224345	0.973667	0.995318	-0.0885468	0.0159837	-0.0352895	0.226252	-0.882894	0.367915	0.184246	0.987617	-0.0277374	0.0566182	-0.143661	0.238322	-0.901401	-0.351061	-0.0862327	0.996947	-0.0247616	-0.0331658	0.0662033	0.967968	0.243191	0.0613071	0.0116878	0.979802	0.0708275	-0.0395096	0.182786	0.954326	0.285234	0.0627772	-0.0629451	0.962972	0.0167911	0.00621382	0.269008	
0.0139222	0.0377192	-0.225339	0.97345	0.995305	-0.0888204	0.0160455	-0.0349521	0.225682	-0.883061	0.367854	0.184265	0.987578	-0.0275327	0.0568524	-0.143875	0.237625	-0.901888	-0.350568	-0.0850495	0.99691	-0.0248125	-0.0331973	0.066736	0.967734	0.244197	0.0610619	0.0114432	0.979763	0.071172	-0.0396662	0.182828	0.954034	0.28615	0.062668	-0.0633249	0.963005	0.0172986	0.00613376	0.268859	
0.0140195	0.037465	-0.22622	0.973254	0.995279	-0.0891957	0.0161175	-0.0346935	0.225318	-0.88319	0.367757	0.184289	0.987519	-0.0275671	0.0568259	-0.144285	0.237274	-0.902075	-0.350563	-0.0840669	0.996915	-0.0249936	-0.0334542	0.066455	0.967493	0.245195	0.0608901	0.0113921	0.979738	0.071038	-0.0396615	0.183013	0.953744	0.287071	0.0626909	-0.0635041	0.962996	0.0175148	0.00597112	0.268879	
0.0142585	0.0372047	-0.227056	0.973066	0.995257	-0.089587	0.0161648	-0.0342981	0.225072	-0.883196	0.367833	0.184408	0.987514	-0.0274331	0.0569468	-0.144291	0.237006	-0.902187	-0.350676	-0.0831432	0.996903	-0.0251623	-0.0332458	0.0666773	0.967263	0.246155	0.0606439	0.011493	0.979722	0.0713121	-0.0399555	0.182926	0.953479	0.288015	0.0625089	-0.0633882	0.962959	0.0174057	0.00604545	0.269019	
0.0144721	0.0369083	-0.227721	0.972919	0.995156	-0.0907375	0.0165624	-0.0340169	0.225533	-0.882996	0.368024	0.18442	0.987453	-0.028463	0.0578748	-0.14414	0.237155	-0.902233	-0.350529	-0.0828433	0.996897	-0.0253647	-0.0328294	0.0669037	0.966961	0.24743	0.0603349	0.0111427	0.97968	0.0707087	-0.0396386	0.183454	0.953261	0.288789	0.0622717	-0.0633808	0.963032	0.017795	0.00608243	0.268731	
0.0145856	0.0366892	-0.228199	0.972814	0.995206	-0.0902368	0.0163482	-0.0339852	0.224257	-0.883187	0.368503	0.184104	0.987373	-0.0284646	0.0580034	-0.144639	0.236003	-0.902523	-0.350828	-0.081698	0.996884	-0.0255372	-0.033034	0.0669277	0.966852	0.247904	0.0601197	0.011272	0.979829	0.0706015	-0.0395673	0.182715	0.953052	0.289432	0.0623281	-0.0635344	0.963138	0.0180396	0.0060457	0.268335	
0.0147915	0.0364012	-0.22868	0.972708	0.995126	-0.0911759	0.0167105	-0.0336573	0.223507	-0.883517	0.368605	0.18323	0.987332	-0.0272884	0.0573439	-0.145401	0.235212	-0.902823	-0.350732	-0.0810735	0.99683	-0.0258832	-0.033305	0.0674563	0.966596	0.24892	0.0601351	0.0107614	0.979788	0.0700743	-0.0394774	0.183157	0.952787	0.290193	0.0624526	-0.0639093	0.963082	0.0178531	0.00600338	0.268547	
0.0149876	0.0360794	-0.229155	0.972606	0.995123	-0.0912125	0.0167123	-0.0336357	0.223277	-0.883718	0.368489	0.182773	0.987283	-0.0271153	0.0575085	-0.145704	0.234846	-0.90291	-0.350826	-0.0807579	0.996821	-0.0260765	-0.0331687	0.0675905	0.966458	0.249514	0.0598824	0.0107346	0.97977	0.0700725	-0.0394006	0.183268	0.952574	0.290868	0.0624691	-0.0639974	0.963077	0.0177533	0.00595372	0.268576	
0.0155473	0.0357052	-0.230015	0.972408	0.995165	-0.0909061	0.0164535	-0.0333515	0.22328	-0.883691	0.368744	0.182386	0.98727	-0.0269914	0.0575008	-0.145821	0.234741	-0.902918	-0.350971	-0.0803399	0.996838	-0.0263471	-0.0328645	0.0673825	0.966213	0.250492	0.0596532	0.0112528	0.979768	0.0700532	-0.0394251	0.183284	0.95227	0.291938	0.0625359	-0.0635809	0.963111	0.0176452	0.00586859	0.268463	
0.0158998	0.0355877	-0.230479	0.972296	0.995171	-0.0908616	0.0164785	-0.0332736	0.22341	-0.883708	0.368825	0.181981	0.987283	-0.0270332	0.0575147	-0.145721	0.234613	-0.902908	-0.351185	-0.0798904	0.996853	-0.026539	-0.0324791	0.0672722	0.966033	0.251183	0.0596383	0.0114769	0.979773	0.0699215	-0.0393229	0.183329	0.952058	0.2926	0.0628227	-0.0634398	0.963173	0.0175107	0.00583066	0.268247	
0.0162437	0.0354999	-0.230917	0.97219	0.995163	-0.0909795	0.016525	-0.0331655	0.223744	-0.883662	0.368963	0.181514	0.987285	-0.0270071	0.0572671	-0.145805	0.234858	-0.902731	-0.351538	-0.0796194	0.996867	-0.0267518	-0.0323565	0.0670288	0.965845	0.251903	0.0595944	0.0116572	0.979773	0.0697304	-0.0391176	0.183444	0.951836	0.293265	0.0630847	-0.0634413	0.963199	0.017315	0.00590932	0.268167	
0.0165665	0.0354162	-0.23144	0.972063	0.995166	-0.0909761	0.0165245	-0.0330896	0.224058	-0.883576	0.369182	0.181096	0.987294	-0.0269017	0.057072	-0.145843	0.235136	-0.902562	-0.351844	-0.0793609	0.996903	-0.0267666	-0.032463	0.0664409	0.965638	0.252695	0.0595917	0.0117162	0.979761	0.0695426	-0.0389052	0.183628	0.951529	0.294164	0.0634885	-0.0634813	0.963233	0.016847	0.00590057	0.268074	
0.0167456	0.0353249	-0.231952	0.971941	0.99517	-0.090932	0.0165838	-0.0330621	0.224343	-0.883547	0.369344	0.180556	0.987317	-0.0268726	0.0569027	-0.145758	0.23528	-0.902494	-0.351986	-0.0790805	0.996907	-0.0268305	-0.0321754	0.0664862	0.965394	0.253616	0.0596443	0.0116432	0.979783	0.0692279	-0.038692	0.183675	0.951204	0.295072	0.063857	-0.0637676	0.963208	0.0163707	0.00597727	0.268192	
0.016855	0.0352602	-0.232379	0.97184	0.995157	-0.091076	0.0165364	-0.0330789	0.224495	-0.883537	0.36945	0.180197	0.987337	-0.0268567	0.0566857	-0.145708	0.23554	-0.902382	-0.352184	-0.0787033	0.99691	-0.0270653	-0.0316787	0.0665925	0.965169	0.254454	0.0597053	0.0117064	0.979838	0.0688964	-0.0385028	0.183543	0.950921	0.295826	0.0642855	-0.064061	0.963205	0.0159879	0.00600454	0.268224	
0.0168854	0.0351964	-0.232755	0.971752	0.995143	-0.0912036	0.0165199	-0.0331493	0.224498	-0.883561	0.369544	0.179885	0.987328	-0.0268443	0.0566646	-0.145778	0.235918	-0.902024	-0.352875	-0.0785768	0.996923	-0.0273291	-0.0315633	0.0663432	0.964995	0.255087	0.0597948	0.0117798	0.979841	0.068868	-0.0384518	0.183548	0.950703	0.296382	0.0647396	-0.0642702	0.963249	0.0159103	0.00595505	0.268072	
0.0167674	0.0351106	-0.233178	0.971655	0.995127	-0.0913665	0.0165829	-0.0331456	0.224453	-0.883593	0.369602	0.179661	0.987328	-0.0267002	0.0568065	-0.145752	0.236266	-0.901609	-0.35366	-0.0787682	0.996939	-0.0274086	-0.031405	0.0661509	0.964829	0.25573	0.0597199	0.01185	0.979844	0.0689564	-0.0383323	0.183525	0.950463	0.297008	0.0652362	-0.0644218	0.963313	0.0158699	0.00576163	0.267848	
0.0164443	0.0350026	-0.233687	0.971543	0.995114	-0.0914271	0.0166945	-0.033328	0.224429	-0.883579	0.36981	0.179332	0.987306	-0.0267736	0.056793	-0.145896	0.236615	-0.90148	-0.353735	-0.0788653	0.99696	-0.0276093	-0.0311198	0.0658747	0.964644	0.256458	0.05964	0.0116012	0.979871	0.0691276	-0.0381857	0.183345	0.950197	0.297724	0.0654841	-0.0647945	0.963329	0.0158495	0.00576753	0.267794	
0.0160414	0.0348937	-0.234303	0.971405	0.995105	-0.0914463	0.0168697	-0.033463	0.224483	-0.883494	0.370095	0.179097	0.98729	-0.0267777	0.0568747	-0.145967	0.237189	-0.901343	-0.35363	-0.0791687	0.99696	-0.0277983	-0.0309612	0.0658696	0.964404	0.257375	0.0596673	0.0110468	0.979886	0.0692743	-0.0380211	0.183243	0.949883	0.298583	0.0657405	-0.0651878	0.963337	0.0157185	0.00575595	0.267771	
0.0156731	0.0348001	-0.234829	0.971287	0.995076	-0.091759	0.0170134	-0.0333777	0.224641	-0.883278	0.370623	0.178874	0.987305	-0.0267078	0.0568923	-0.145871	0.237921	-0.901132	-0.353561	-0.0796829	0.996954	-0.0277676	-0.0307571	0.0660802	0.96421	0.258112	0.0596687	0.0107803	0.979892	0.0695102	-0.0379627	0.183139	0.949599	0.299392	0.0659458	-0.0654067	0.963379	0.0155798	0.00577811	0.267629	
0.0154815	0.0346995	-0.235288	0.971183	0.995046	-0.0921277	0.0170058	-0.0332708	0.224758	-0.883161	0.370878	0.178775	0.98729	-0.0267932	0.0569234	-0.145948	0.23853	-0.900991	-0.353436	-0.080013	0.996964	-0.0277666	-0.0306018	0.0659958	0.964065	0.258665	0.0596079	0.010902	0.979911	0.069885	-0.0379671	0.182891	0.949363	0.300129	0.0660161	-0.0653844	0.963422	0.01546	0.0058933	0.267476	
0.0152828	0.0346343	-0.235743	0.971078	0.995014	-0.092478	0.0169127	-0.0332929	0.224925	-0.883034	0.371067	0.178801	0.987237	-0.0269428	0.0570615	-0.14622	0.239074	-0.900998	-0.353042	-0.0800516	0.996972	-0.0279448	-0.0304943	0.0658465	0.963899	0.259273	0.0596698	0.0107459	0.979915	0.0701145	-0.0379209	0.182789	0.949113	0.300835	0.0662333	-0.0655401	0.963466	0.0153259	0.0060146	0.267324	
0.0151624	0.0344972	-0.236165	0.970982	0.994975	-0.092941	0.016761	-0.0332579	0.225136	-0.88292	0.371207	0.178806	0.987221	-0.0268047	0.0571412	-0.146323	0.239629	-0.901054	-0.352484	-0.0802187	0.996967	-0.0280424	-0.030574	0.0658487	0.963718	0.259953	0.0596931	0.0104118	0.979953	0.0701699	-0.0377362	0.182603	0.948838	0.30162	0.0664214	-0.0657329	0.963499	0.0150404	0.00611006	0.26722	
0.0152617	0.0344874	-0.236554	0.970886	0.994934	-0.0933727	0.0167114	-0.0332836	0.225399	-0.882979	0.37091	0.1788	0.987223	-0.0265977	0.0572692	-0.146298	0.240004	-0.900918	-0.352524	-0.0804475	0.996952	-0.0280248	-0.0307195	0.0660162	0.963531	0.260593	0.0599397	0.0102911	0.979968	0.0701535	-0.0376558	0.182549	0.948583	0.302332	0.0667878	-0.0657586	0.963475	0.0146859	0.00615137	0.267325	
0.0154734	0.0345275	-0.236942	0.970787	0.994928	-0.0934343	0.0166132	-0.0333437	0.22547	-0.88299	0.370876	0.178727	0.987187	-0.0265738	0.0573277	-0.146521	0.240022	-0.900909	-0.352557	-0.0803464	0.996944	-0.0280679	-0.030724	0.0661189	0.963355	0.261174	0.0602192	0.0104383	0.980013	0.0701734	-0.0375833	0.182315	0.948335	0.302987	0.0672708	-0.0658369	0.96343	0.014353	0.00619068	0.267504	
0.0157215	0.0345756	-0.237152	0.97073	0.994931	-0.093421	0.0165064	-0.0333455	0.225309	-0.882998	0.370961	0.178714	0.987179	-0.0264695	0.0574449	-0.146553	0.239724	-0.901107	-0.352322	-0.0800434	0.996945	-0.02816	-0.0307021	0.066074	0.963235	0.261545	0.0605197	0.0104652	0.980042	0.0702377	-0.0374601	0.182158	0.948137	0.303488	0.0678227	-0.0658108	0.963398	0.013974	0.00612729	0.26764	
0.0159613	0.034541	-0.237304	0.97069	0.994924	-0.0935187	0.016442	-0.0333175	0.225396	-0.882926	0.371143	0.178582	0.987183	-0.0264663	0.0574967	-0.146503	0.239665	-0.901234	-0.352053	-0.0799815	0.996933	-0.0282471	-0.0308358	0.066157	0.963141	0.261847	0.0607399	0.0103287	0.980039	0.0702728	-0.037326	0.182189	0.947992	0.303834	0.0682722	-0.0658459	0.963371	0.0137653	0.00606771	0.267749	
0.0162687	0.0345028	-0.237428	0.970656	0.994914	-0.093698	0.0164679	-0.0331012	0.225673	-0.882935	0.371061	0.178355	0.98714	-0.0264554	0.0573364	-0.146855	0.239808	-0.901168	-0.352069	-0.0802198	0.996917	-0.0283071	-0.0309704	0.0662978	0.96306	0.262087	0.0609827	0.0103402	0.980061	0.0702992	-0.0372565	0.182074	0.947896	0.304065	0.0687304	-0.0656834	0.963377	0.0137147	0.00589635	0.267733	
0.0166434	0.0344454	-0.237527	0.970627	0.994912	-0.0938823	0.0163589	-0.032683	0.226014	-0.882862	0.37107	0.178268	0.987094	-0.0263768	0.0573158	-0.147191	0.240153	-0.901163	-0.351844	-0.08024	0.996932	-0.0283497	-0.0310232	0.0660275	0.963034	0.262177	0.0609356	0.0107189	0.980171	0.0704448	-0.0370548	0.181466	0.947791	0.304337	0.06922	-0.0654149	0.963365	0.0135857	0.00564572	0.26779	
0.0170431	0.0342901	-0.23765	0.970596	0.994928	-0.0939224	0.0161855	-0.0321564	0.226359	-0.882634	0.371462	0.178141	0.987062	-0.026346	0.0572931	-0.147415	0.240606	-0.901265	-0.351277	-0.0802112	0.996922	-0.0283582	-0.0309544	0.0662132	0.962927	0.262486	0.0613645	0.0103325	0.980107	0.0703432	-0.0371182	0.181834	0.947678	0.304626	0.0696891	-0.0652106	0.963316	0.0134459	0.0053476	0.26798	
0.0174095	0.0341709	-0.237702	0.970581	0.994925	-0.0940222	0.0160902	-0.0320111	0.226746	-0.882563	0.371492	0.177937	0.987068	-0.0264869	0.056987	-0.147468	0.241103	-0.901145	-0.351262	-0.0801397	0.996929	-0.028185	-0.0308864	0.0662201	0.962917	0.262496	0.0614789	0.0103467	0.980093	0.0705105	-0.0370924	0.181853	0.947605	0.304802	0.0700687	-0.0650498	0.963327	0.0133574	0.00516242	0.267948	
0.0176915	0.0340814	-0.237651	0.970591	0.994945	-0.0938632	0.0160655	-0.0318846	0.22671	-0.882484	0.371838	0.177653	0.98706	-0.0263947	0.0566541	-0.147671	0.241311	-0.901091	-0.351308	-0.0799157	0.996936	-0.0281201	-0.0308676	0.0661506	0.96294	0.26239	0.0615674	0.0103374	0.980084	0.0707543	-0.0370967	0.181806	0.947559	0.304851	0.0704679	-0.0650541	0.963286	0.013263	0.00489047	0.268105	
