FULLBODY	1
Frames:	238
-0.557658	0.452788	0.362378	0.593871	1	0	0	0	-0.72558	0.23421	0.366478	-0.533266	-0.66267	-0.132564	-0.0170787	0.736888	0.563284	0.485049	0.147522	0.652438	0.548513	0.512117	0.251901	0.611077	-0.72607	-0.00851231	0.666131	-0.170351	-0.682551	-0.0892457	0.725363	-0.00281055	0.213331	0.720809	-0.113361	0.649672	-0.225469	0.757452	-0.0192635	0.61242	
-0.557658	0.452788	0.362378	0.593871	1	0	0	0	-0.726356	0.233374	0.366395	-0.532634	-0.663053	-0.131728	-0.01789	0.736674	0.563284	0.485049	0.147522	0.652438	0.548513	0.512117	0.251901	0.611077	-0.72607	-0.00851231	0.666131	-0.170351	-0.682551	-0.0892457	0.725363	-0.00281055	0.213331	0.720809	-0.113361	0.649672	-0.225469	0.757452	-0.0192635	0.61242	
-0.558083	0.451321	0.361439	0.595159	1	0	0	0	-0.727018	0.23251	0.366354	-0.532136	-0.663053	-0.131728	-0.01789	0.736674	0.563749	0.48495	0.14606	0.652439	0.5492	0.512344	0.250828	0.610711	-0.728187	-0.00341739	0.662115	-0.17702	-0.679927	-0.0935377	0.727289	-0.000478671	0.217176	0.719479	-0.107468	0.650873	-0.227896	0.758262	-0.0214302	0.610445	
-0.558083	0.451321	0.361439	0.595159	1	0	0	0	-0.727612	0.231563	0.366257	-0.531804	-0.66406	-0.130503	-0.0184521	0.735971	0.564335	0.484504	0.144511	0.652609	0.55	0.512124	0.249469	0.610732	-0.730498	0.00225561	0.657999	-0.182771	-0.677282	-0.0976098	0.729216	0.00229567	0.221603	0.71766	-0.101418	0.652358	-0.230444	0.759155	-0.0236466	0.608292	
-0.559438	0.448457	0.359866	0.597002	1	0	0	0	-0.728069	0.230809	0.3662	-0.531545	-0.66406	-0.130503	-0.0184521	0.735971	0.564835	0.48395	0.143189	0.652879	0.550866	0.511587	0.248038	0.610985	-0.732433	0.00827647	0.654235	-0.188281	-0.67475	-0.101558	0.731006	0.00533036	0.225881	0.715796	-0.0952063	0.653873	-0.232669	0.760219	-0.0262573	0.606006	
-0.560457	0.447019	0.358978	0.597659	1	0	0	0	-0.728394	0.230323	0.366182	-0.531323	-0.664646	-0.130595	-0.0179335	0.735438	0.565215	0.483465	0.142237	0.653117	0.55172	0.510874	0.246822	0.611303	-0.7341	0.012751	0.650381	-0.194781	-0.672272	-0.105266	0.732737	0.00816003	0.230754	0.713945	-0.0889262	0.655078	-0.235147	0.761391	-0.0288528	0.603454	
-0.561565	0.445744	0.357954	0.598186	1	0	0	0	-0.728624	0.229919	0.366057	-0.531269	-0.665302	-0.130565	-0.0173474	0.734864	0.56538	0.483219	0.14177	0.653258	0.552526	0.510218	0.246002	0.611454	-0.736027	0.0166769	0.64619	-0.201057	-0.66989	-0.108688	0.734379	0.0110806	0.235932	0.711187	-0.0825666	0.657063	-0.237708	0.762632	-0.0313114	0.600755	
-0.562644	0.444505	0.35691	0.598718	1	0	0	0	-0.728825	0.22943	0.365804	-0.531379	-0.666025	-0.130072	-0.0168087	0.734309	0.565338	0.483115	0.14176	0.653373	0.55316	0.509874	0.245707	0.611286	-0.737496	0.0215811	0.642593	-0.206657	-0.667475	-0.111919	0.736036	0.014201	0.240473	0.708666	-0.0756761	0.658968	-0.240534	0.763781	-0.0334002	0.598052	
-0.563844	0.443141	0.355791	0.599266	1	0	0	0	-0.729041	0.228907	0.365517	-0.531505	-0.666917	-0.129506	-0.0160339	0.733616	0.565181	0.483093	0.141973	0.653479	0.553666	0.509756	0.245791	0.610893	-0.738954	0.0273061	0.638803	-0.212446	-0.665087	-0.115034	0.737639	0.0177696	0.245	0.706068	-0.0685144	0.660869	-0.243433	0.764867	-0.0353443	0.595373	
-0.564984	0.441688	0.354549	0.6	1	0	0	0	-0.729286	0.228569	0.365169	-0.531554	-0.668066	-0.12904	-0.0150667	0.732673	0.564999	0.482966	0.142132	0.653696	0.55418	0.509623	0.245982	0.61046	-0.74076	0.0325607	0.634274	-0.218884	-0.662713	-0.118257	0.739162	0.0215714	0.250406	0.702772	-0.0619981	0.662997	-0.246572	0.765939	-0.0368976	0.592603	
-0.566159	0.440111	0.353216	0.600837	1	0	0	0	-0.729511	0.228334	0.364762	-0.531626	-0.669342	-0.128423	-0.0140799	0.731635	0.564957	0.48267	0.14208	0.653962	0.554643	0.509463	0.246211	0.610081	-0.742879	0.0373921	0.629069	-0.225843	-0.660204	-0.121853	0.74071	0.0251213	0.256166	0.699633	-0.055863	0.66466	-0.249866	0.767041	-0.0381274	0.589713	
-0.567321	0.438519	0.351984	0.601627	1	0	0	0	-0.729739	0.22808	0.364297	-0.53174	-0.670623	-0.127503	-0.0131078	0.730641	0.56491	0.482212	0.141871	0.654385	0.555053	0.509228	0.24647	0.609799	-0.744726	0.0429708	0.624196	-0.232198	-0.657586	-0.125741	0.742281	0.0280749	0.261409	0.696733	-0.0491317	0.666194	-0.25302	0.768135	-0.0394122	0.586853	
-0.568549	0.436805	0.350682	0.602475	1	0	0	0	-0.729962	0.227857	0.36381	-0.531863	-0.671901	-0.126463	-0.0120267	0.729665	0.564812	0.481681	0.141683	0.654902	0.555517	0.508791	0.246605	0.609688	-0.746531	0.0486303	0.619262	-0.238412	-0.655095	-0.129435	0.743738	0.030827	0.261409	0.696733	-0.0491317	0.666194	-0.256338	0.768927	-0.0404111	0.584303	
-0.569846	0.434871	0.34926	0.603474	1	0	0	0	-0.730118	0.227701	0.363501	-0.531928	-0.674438	-0.125204	-0.00925162	0.727579	0.564594	0.48108	0.141554	0.65556	0.556125	0.508131	0.246518	0.609718	-0.748315	0.0531599	0.613746	-0.245997	-0.652629	-0.133052	0.745135	0.033853	0.272324	0.690161	-0.0363037	0.669477	-0.25927	0.76961	-0.0415155	0.582028	
-0.571153	0.432799	0.347697	0.604629	1	0	0	0	-0.729977	0.228103	0.363613	-0.531872	-0.674438	-0.125204	-0.00925162	0.727579	0.564367	0.480322	0.141344	0.656355	0.556856	0.507275	0.246276	0.609862	-0.750356	0.0570188	0.607884	-0.253362	-0.650291	-0.136766	0.746347	0.037188	0.277516	0.687071	-0.0297039	0.670847	-0.262354	0.77011	-0.0428603	0.579882	
-0.572514	0.430512	0.346183	0.605842	1	0	0	0	-0.729913	0.228634	0.363729	-0.531653	-0.675693	-0.124922	-0.00777625	0.72648	0.564073	0.479446	0.141035	0.657315	0.557585	0.506434	0.246042	0.609989	-0.753006	0.0615306	0.60117	-0.260367	-0.647841	-0.140556	0.747604	0.0404289	0.282221	0.683989	-0.022335	0.672318	-0.26552	0.770642	-0.0445388	0.577604	
-0.57402	0.428127	0.344651	0.606979	1	0	0	0	-0.730099	0.228857	0.363616	-0.531379	-0.677022	-0.124543	-0.00621721	0.725322	0.563779	0.478484	0.140641	0.658351	0.55824	0.505735	0.245948	0.610008	-0.755228	0.0673046	0.595067	-0.266451	-0.645325	-0.144292	0.748907	0.0432894	0.286512	0.680802	-0.0143648	0.673953	-0.268361	0.77137	-0.0460604	0.575195	
-0.575645	0.425715	0.343056	0.608039	1	0	0	0	-0.730413	0.228838	0.36351	-0.531027	-0.680023	-0.123929	-0.00278214	0.722635	0.56336	0.477584	0.140303	0.659435	0.558861	0.505119	0.245987	0.609934	-0.757053	0.0735769	0.589408	-0.272132	-0.642802	-0.147698	0.750259	0.0458419	0.290843	0.677552	-0.00646259	0.675494	-0.271365	0.772121	-0.0469485	0.5727	
-0.577313	0.42334	0.34128	0.609115	1	0	0	0	-0.730795	0.22883	0.363455	-0.530543	-0.680023	-0.123929	-0.00278214	0.722635	0.56295	0.476771	0.140074	0.660421	0.55941	0.50447	0.246087	0.609928	-0.758641	0.0799952	0.583917	-0.27768	-0.640453	-0.150709	0.751482	0.0488038	0.295433	0.673969	0.00111485	0.677114	-0.271365	0.772121	-0.0469485	0.5727	
-0.579025	0.420986	0.339335	0.610207	1	0	0	0	-0.731183	0.228823	0.36351	-0.529974	-0.681506	-0.123712	-0.00128639	0.721279	0.562408	0.476108	0.139973	0.661382	0.559927	0.503854	0.246337	0.609862	-0.759832	0.086395	0.578758	-0.28325	-0.638241	-0.153534	0.752581	0.0519361	0.299924	0.670552	0.00874713	0.678476	-0.278698	0.772767	-0.0472827	0.568263	
-0.580518	0.418534	0.337427	0.611532	1	0	0	0	-0.731709	0.22861	0.363458	-0.529375	-0.68447	-0.122924	0.0011153	0.718602	0.561799	0.475558	0.140092	0.662269	0.560262	0.503555	0.246977	0.609542	-0.760842	0.0929198	0.573561	-0.288987	-0.636039	-0.156244	0.753651	0.0552412	0.304764	0.667065	0.0161557	0.679619	-0.282081	0.772955	-0.0476196	0.566307	
-0.582052	0.415889	0.335791	0.612778	1	0	0	0	-0.732371	0.228172	0.363398	-0.52869	-0.68447	-0.122924	0.0011153	0.718602	0.561013	0.475221	0.140415	0.663109	0.560436	0.503692	0.248006	0.608851	-0.761765	0.100131	0.568531	-0.294041	-0.63377	-0.159077	0.754735	0.0583535	0.310058	0.663043	0.0231651	0.680956	-0.285225	0.773255	-0.0484159	0.564252	
-0.583656	0.413144	0.334228	0.613962	1	0	0	0	-0.733001	0.227579	0.363521	-0.527986	-0.685982	-0.122796	0.0025145	0.717177	0.560105	0.47506	0.140964	0.663874	0.560364	0.50415	0.249274	0.608019	-0.762621	0.107138	0.563644	-0.298723	-0.631352	-0.162211	0.755909	0.0606966	0.315821	0.65838	0.0294815	0.682586	-0.287803	0.773756	-0.0498043	0.56213	
-0.585307	0.410482	0.332587	0.615066	1	0	0	0	-0.733451	0.227231	0.364006	-0.527177	-0.68869	-0.123756	0.00563606	0.714394	0.559059	0.475061	0.141564	0.664628	0.560319	0.50454	0.250452	0.607252	-0.763477	0.113512	0.55853	-0.303747	-0.626604	-0.168426	0.758177	0.0645608	0.32741	0.648661	0.0411036	0.685823	-0.28972	0.774383	-0.0516736	0.560109	
-0.586759	0.407954	0.330968	0.616237	1	0	0	0	-0.733451	0.227231	0.364006	-0.527177	-0.68869	-0.123756	0.00563606	0.714394	0.557931	0.475112	0.142155	0.665413	0.560367	0.504828	0.251426	0.606566	-0.763477	0.113512	0.55853	-0.303747	-0.626604	-0.168426	0.758177	0.0645608	0.32741	0.648661	0.0411036	0.685823	-0.291287	0.774969	-0.0538307	0.558281	
-0.58812	0.405346	0.329353	0.617524	1	0	0	0	-0.73393	0.226873	0.365417	-0.525686	-0.689724	-0.124354	0.00699967	0.713279	0.556824	0.475162	0.142541	0.66622	0.560449	0.505244	0.252348	0.60576	-0.765407	0.124952	0.547214	-0.314796	-0.624306	-0.17115	0.759227	0.067261	0.333018	0.643843	0.0467764	0.687297	-0.292845	0.775406	-0.0561846	0.556624	
-0.589468	0.402676	0.328081	0.618662	1	0	0	0	-0.734222	0.226474	0.366114	-0.524964	-0.69068	-0.124952	0.00832019	0.712236	0.555819	0.475075	0.142628	0.667103	0.560597	0.505589	0.252972	0.605075	-0.766022	0.131399	0.541887	-0.319849	-0.622058	-0.173807	0.760219	0.07002	0.338992	0.639046	0.0521864	0.688463	-0.294635	0.775677	-0.0586338	0.555047	
-0.590748	0.400024	0.326882	0.619795	1	0	0	0	-0.734425	0.226133	0.367033	-0.524185	-0.691567	-0.125837	0.00972475	0.7112	0.555046	0.474749	0.142412	0.668024	0.560986	0.50549	0.253119	0.604736	-0.766553	0.138034	0.536574	-0.324703	-0.619806	-0.176319	0.761224	0.0727304	0.345529	0.634148	0.0573644	0.68933	-0.296389	0.775976	-0.0610383	0.553434	
-0.592057	0.397414	0.325716	0.620838	1	0	0	0	-0.734452	0.226061	0.368188	-0.523368	-0.692356	-0.126998	0.0110914	0.710205	0.554547	0.474062	0.141773	0.669061	0.561658	0.504852	0.252779	0.604788	-0.767111	0.144465	0.531054	-0.329623	-0.617569	-0.178744	0.762213	0.0754373	0.351966	0.62903	0.0626483	0.690301	-0.298073	0.776293	-0.0637297	0.551779	
-0.593418	0.394851	0.324422	0.62185	1	0	0	0	-0.734426	0.226045	0.369329	-0.522607	-0.693023	-0.128209	0.0122494	0.709317	0.55428	0.473087	0.140848	0.670167	0.562497	0.503993	0.252281	0.604932	-0.767442	0.151098	0.525646	-0.334513	-0.615308	-0.180928	0.76324	0.0782675	0.358242	0.623689	0.0680634	0.691406	-0.299548	0.776575	-0.0668074	0.550217	
-0.594707	0.392451	0.323009	0.622873	1	0	0	0	-0.734477	0.225818	0.370324	-0.521929	-0.694179	-0.130338	0.014095	0.707764	0.554011	0.472145	0.139985	0.671234	0.563267	0.503407	0.251973	0.604831	-0.76762	0.15838	0.520444	-0.338842	-0.612915	-0.183241	0.764342	0.0808678	0.364592	0.618246	0.0735616	0.692411	-0.300947	0.776927	-0.0699367	0.548566	
-0.596045	0.39028	0.321311	0.623836	1	0	0	0	-0.734562	0.225376	0.371311	-0.521299	-0.694179	-0.130338	0.014095	0.707764	0.553633	0.471375	0.139483	0.672191	0.563906	0.503167	0.252	0.604425	-0.767946	0.165541	0.514994	-0.342983	-0.610447	-0.185688	0.765461	0.0833263	0.370954	0.612929	0.0791377	0.693144	-0.302366	0.77721	-0.0729011	0.546996	
-0.59728	0.38821	0.319515	0.624867	1	0	0	0	-0.734682	0.225096	0.37235	-0.520509	-0.694702	-0.13132	0.014761	0.707054	0.553328	0.470789	0.139306	0.672889	0.564715	0.502846	0.252083	0.603901	-0.768103	0.172498	0.509644	-0.347167	-0.607954	-0.188321	0.76653	0.0857862	0.377408	0.607398	0.0846806	0.693874	-0.303715	0.777542	-0.0756607	0.5454	
-0.598578	0.386094	0.317647	0.625889	1	0	0	0	-0.734829	0.224921	0.37337	-0.519646	-0.695681	-0.13286	0.0153544	0.705791	0.553073	0.470149	0.139108	0.673587	0.565828	0.502198	0.252066	0.603406	-0.767883	0.179507	0.504768	-0.351201	-0.605463	-0.191052	0.76759	0.0878655	0.383345	0.602026	0.0908225	0.694523	-0.30515	0.777802	-0.078229	0.543863	
-0.599921	0.384003	0.315828	0.626809	1	0	0	0	-0.735033	0.224665	0.374295	-0.518802	-0.695681	-0.13286	0.0153544	0.705791	0.55288	0.469457	0.138816	0.674288	0.567004	0.501634	0.252212	0.60271	-0.767883	0.179507	0.504768	-0.351201	-0.602957	-0.193692	0.7687	0.0895896	0.388633	0.596522	0.0975591	0.69542	-0.30515	0.777802	-0.078229	0.543863	
-0.601267	0.381909	0.314139	0.627646	1	0	0	0	-0.735361	0.224371	0.375003	-0.517952	-0.696753	-0.134062	0.0149245	0.704513	0.552674	0.468891	0.138703	0.674873	0.567991	0.50148	0.252666	0.601717	-0.766955	0.191882	0.495213	-0.360173	-0.600348	-0.196367	0.769853	0.0913725	0.393873	0.591193	0.104041	0.696082	-0.309214	0.777754	-0.0825767	0.540987	
-0.601267	0.381909	0.314139	0.627646	1	0	0	0	-0.735775	0.223911	0.375548	-0.517169	-0.697213	-0.134542	0.0146087	0.703974	0.552493	0.468385	0.13877	0.675359	0.568977	0.501362	0.253113	0.600696	-0.766955	0.191882	0.495213	-0.360173	-0.600348	-0.196367	0.769853	0.0913725	0.399372	0.585776	0.109919	0.696625	-0.309214	0.777754	-0.0825767	0.540987	
-0.603569	0.377946	0.311117	0.629339	1	0	0	0	-0.736201	0.223352	0.37616	-0.516359	-0.697213	-0.134542	0.0146087	0.703974	0.552392	0.467876	0.138827	0.675783	0.570054	0.501064	0.253446	0.599782	-0.765264	0.203297	0.485969	-0.369967	-0.595205	-0.201371	0.772099	0.095102	0.405528	0.579869	0.114884	0.697209	-0.313196	0.77757	-0.0865706	0.538329	
-0.60443	0.376082	0.309799	0.630279	1	0	0	0	-0.736596	0.222795	0.376751	-0.515604	-0.697887	-0.134936	0.013638	0.70325	0.552369	0.467503	0.138904	0.676044	0.571056	0.50081	0.25391	0.598844	-0.76444	0.209011	0.481107	-0.374809	-0.590586	-0.205275	0.773979	0.100135	0.417153	0.566897	0.124445	0.699375	-0.315294	0.777455	-0.0885072	0.536954	
-0.60529	0.3742	0.308707	0.631109	1	0	0	0	-0.737008	0.222253	0.377221	-0.514905	-0.698118	-0.134908	0.013163	0.703034	0.552434	0.46718	0.139031	0.676188	0.571934	0.500704	0.254513	0.597838	-0.763898	0.214256	0.475796	-0.379699	-0.590586	-0.205275	0.773979	0.100135	0.417153	0.566897	0.124445	0.699375	-0.317571	0.777228	-0.090394	0.535625	
-0.606184	0.372308	0.307829	0.631798	1	0	0	0	-0.737417	0.221668	0.377644	-0.514261	-0.698118	-0.134908	0.013163	0.703034	0.552443	0.467014	0.139255	0.676249	0.572626	0.500883	0.255318	0.596681	-0.763343	0.219169	0.470404	-0.384698	-0.588298	-0.207144	0.774933	0.102349	0.422356	0.561277	0.12942	0.699881	-0.319925	0.776909	-0.0923781	0.534347	
-0.606957	0.370556	0.306976	0.6325	1	0	0	0	-0.737744	0.221252	0.378044	-0.513677	-0.698321	-0.13485	0.0128153	0.70285	0.552399	0.467004	0.139489	0.676244	0.573033	0.501449	0.256353	0.59537	-0.762595	0.223934	0.465163	-0.389777	-0.586073	-0.208964	0.775834	0.104564	0.427397	0.556211	0.134421	0.699923	-0.322205	0.776546	-0.0944636	0.533139	
-0.607586	0.369086	0.306193	0.633135	1	0	0	0	-0.738034	0.221172	0.378404	-0.513029	-0.698424	-0.134701	0.0125329	0.702782	0.552436	0.467045	0.139552	0.676172	0.573332	0.50224	0.257466	0.593933	-0.761635	0.2286	0.46013	-0.394886	-0.583844	-0.210928	0.7767	0.106649	0.43241	0.551499	0.139529	0.699573	-0.32433	0.776217	-0.0967639	0.531915	
-0.608178	0.367837	0.305323	0.633714	1	0	0	0	-0.738289	0.221162	0.378688	-0.512457	-0.698418	-0.134388	0.0121215	0.702855	0.552518	0.467119	0.139423	0.67608	0.573668	0.5029	0.258442	0.592624	-0.760775	0.233139	0.454804	-0.400026	-0.581724	-0.212699	0.777498	0.108871	0.438088	0.545601	0.144006	0.699758	-0.326464	0.775872	-0.0992608	0.530652	
-0.608726	0.366783	0.304366	0.634259	1	0	0	0	-0.738532	0.221101	0.378861	-0.512004	-0.698305	-0.133846	0.0114702	0.703082	0.55281	0.467153	0.13921	0.675862	0.574222	0.503161	0.258903	0.591665	-0.760038	0.237419	0.44926	-0.405142	-0.579646	-0.214495	0.77824	0.111105	0.443814	0.539527	0.14839	0.699944	-0.328646	0.775528	-0.101703	0.529344	
-0.609233	0.365848	0.303468	0.634742	1	0	0	0	-0.738907	0.220928	0.378779	-0.5116	-0.698078	-0.1332	0.0108357	0.70344	0.553209	0.467085	0.138826	0.675662	0.575066	0.503071	0.258844	0.590947	-0.759172	0.241465	0.443936	-0.410211	-0.57764	-0.216239	0.778939	0.113259	0.449128	0.533888	0.153091	0.699865	-0.33083	0.77512	-0.104152	0.528103	
-0.609613	0.365138	0.302698	0.635154	1	0	0	0	-0.739342	0.220806	0.378686	-0.511092	-0.697726	-0.132831	0.010576	0.703862	0.553843	0.466939	0.138108	0.67539	0.576031	0.503062	0.25857	0.590134	-0.758448	0.244972	0.438342	-0.415453	-0.57568	-0.217965	0.779605	0.115327	0.453754	0.529303	0.158377	0.699187	-0.332991	0.774721	-0.106615	0.526837	
-0.609917	0.364596	0.30206	0.635477	1	0	0	0	-0.739767	0.220959	0.378795	-0.51033	-0.697257	-0.133013	0.0107372	0.70429	0.554551	0.466905	0.137307	0.674996	0.576834	0.5035	0.258438	0.589033	-0.757638	0.248594	0.432815	-0.420544	-0.573762	-0.219696	0.780252	0.117204	0.458209	0.525309	0.163707	0.698065	-0.335282	0.774237	-0.109081	0.525589	
-0.610048	0.363986	0.301647	0.635897	1	0	0	0	-0.740136	0.221368	0.379113	-0.50938	-0.696635	-0.133652	0.0110922	0.704779	0.555262	0.466993	0.136493	0.674515	0.577497	0.504248	0.258521	0.587705	-0.756562	0.252335	0.427549	-0.425609	-0.571896	-0.221445	0.780842	0.119093	0.462845	0.521296	0.168513	0.69687	-0.337487	0.773781	-0.111688	0.5243	
-0.610126	0.363305	0.301539	0.636263	1	0	0	0	-0.740517	0.221688	0.379411	-0.508465	-0.694948	-0.135089	0.0111341	0.706169	0.55587	0.467164	0.135782	0.67404	0.578235	0.50506	0.258683	0.58621	-0.755511	0.256373	0.422233	-0.430343	-0.57006	-0.223175	0.781405	0.12096	0.46801	0.516506	0.172223	0.69608	-0.339434	0.773436	-0.114463	0.522953	
-0.610227	0.362513	0.301418	0.636674	1	0	0	0	-0.740962	0.221634	0.379594	-0.507702	-0.694948	-0.135089	0.0111341	0.706169	0.556376	0.467372	0.135134	0.673608	0.579312	0.505645	0.258678	0.584643	-0.754699	0.260095	0.416504	-0.435091	-0.568309	-0.224763	0.781933	0.122829	0.472989	0.511091	0.175806	0.695815	-0.34133	0.773155	-0.117178	0.521531	
-0.610227	0.362513	0.301418	0.636674	1	0	0	0	-0.741425	0.221347	0.379637	-0.507119	-0.694019	-0.135523	0.0108678	0.707002	0.556819	0.46759	0.134481	0.673221	0.580706	0.506061	0.258493	0.582979	-0.753626	0.264005	0.41111	-0.439702	-0.566636	-0.226258	0.782461	0.124445	0.478085	0.505489	0.179178	0.695565	-0.343084	0.772934	-0.119698	0.520133	
-0.609778	0.361629	0.301033	0.637788	1	0	0	0	-0.741843	0.221252	0.379814	-0.506417	-0.692433	-0.136404	0.0103996	0.708394	0.557231	0.467868	0.133866	0.67281	0.58203	0.506664	0.258295	0.581219	-0.752725	0.267888	0.405299	-0.444267	-0.56505	-0.227593	0.782982	0.125931	0.482918	0.500403	0.182803	0.69496	-0.34471	0.772823	-0.122121	0.518658	
-0.609308	0.361376	0.300887	0.63845	1	0	0	0	-0.742267	0.221371	0.380089	-0.505536	-0.692433	-0.136404	0.0103996	0.708394	0.557621	0.468227	0.13329	0.672351	0.583132	0.507639	0.258193	0.579307	-0.752006	0.27153	0.398944	-0.449001	-0.563611	-0.228539	0.783492	0.127487	0.487508	0.495575	0.18662	0.694201	-0.346258	0.772741	-0.124484	0.517185	
-0.608711	0.361043	0.301054	0.639128	1	0	0	0	-0.742844	0.221291	0.380142	-0.504683	-0.691847	-0.136847	0.0101373	0.708885	0.558046	0.468485	0.132631	0.671949	0.584211	0.508696	0.258209	0.577282	-0.751197	0.275191	0.392494	-0.453786	-0.562319	-0.229257	0.783951	0.129074	0.492007	0.490559	0.190362	0.693573	-0.347851	0.772799	-0.126596	0.515514	
-0.608269	0.360328	0.301341	0.639817	1	0	0	0	-0.743457	0.220946	0.380089	-0.503971	-0.691342	-0.137095	0.00974875	0.709335	0.558509	0.468578	0.131726	0.671677	0.58543	0.509559	0.258241	0.575268	-0.75043	0.278632	0.385855	-0.458622	-0.562319	-0.229257	0.783951	0.129074	0.496445	0.485305	0.194022	0.693092	-0.347851	0.772799	-0.126596	0.515514	
-0.608269	0.360328	0.301341	0.639817	1	0	0	0	-0.743945	0.220626	0.380206	-0.503302	-0.690399	-0.137702	0.00919717	0.710142	0.558509	0.468578	0.131726	0.671677	0.586912	0.510094	0.258224	0.573289	-0.749435	0.282337	0.3795	-0.463263	-0.562319	-0.229257	0.783951	0.129074	0.496445	0.485305	0.194022	0.693092	-0.350241	0.77329	-0.130674	0.512131	
-0.607259	0.358808	0.302269	0.641192	1	0	0	0	-0.744324	0.220519	0.380519	-0.502552	-0.690399	-0.137702	0.00919717	0.710142	0.559219	0.468714	0.130349	0.67126	0.588495	0.510446	0.258165	0.571375	-0.749435	0.282337	0.3795	-0.463263	-0.55913	-0.230392	0.785382	0.132167	0.505447	0.474501	0.200259	0.692292	-0.350785	0.773968	-0.132759	0.510195	
-0.60656	0.358314	0.30275	0.641902	1	0	0	0	-0.744591	0.220531	0.380981	-0.501801	-0.689966	-0.138401	0.00922105	0.710428	0.559243	0.468837	0.130254	0.671172	0.589973	0.510914	0.258225	0.569402	-0.747279	0.290146	0.366962	-0.471941	-0.557875	-0.230676	0.786125	0.132559	0.510186	0.468541	0.202915	0.692102	-0.350969	0.774962	-0.134855	0.508004	
-0.605858	0.357809	0.303166	0.64265	1	0	0	0	-0.744744	0.220589	0.381534	-0.501127	-0.689567	-0.139395	0.00919912	0.710621	0.55909	0.468986	0.130179	0.671211	0.591188	0.51157	0.25859	0.567384	-0.746464	0.293836	0.360136	-0.476187	-0.556659	-0.230666	0.786919	0.132976	0.514696	0.462081	0.205931	0.692215	-0.35092	0.77614	-0.136559	0.50578	
-0.605858	0.357809	0.303166	0.64265	1	0	0	0	-0.74487	0.22053	0.382067	-0.50056	-0.689167	-0.140363	0.00906943	0.71082	0.558904	0.469218	0.129998	0.671239	0.592221	0.51234	0.259079	0.565385	-0.74614	0.296912	0.352495	-0.480484	-0.555391	-0.230504	0.787792	0.133385	0.518827	0.455868	0.209277	0.692247	-0.350916	0.777439	-0.137784	0.503451	
-0.605858	0.357809	0.303166	0.64265	1	0	0	0	-0.745035	0.220282	0.382596	-0.50002	-0.68886	-0.141192	0.00890612	0.710956	0.558904	0.469218	0.129998	0.671239	0.593063	0.513154	0.259494	0.563571	-0.746148	0.299562	0.344227	-0.484802	-0.554005	-0.230295	0.788782	0.133663	0.522773	0.450144	0.212723	0.691974	-0.350916	0.777439	-0.137784	0.503451	
-0.603621	0.356773	0.305374	0.644284	1	0	0	0	-0.745249	0.21993	0.383191	-0.499399	-0.688637	-0.142234	0.00881909	0.710964	0.558572	0.470053	0.129804	0.670969	0.593624	0.513919	0.259787	0.562146	-0.745804	0.302327	0.336703	-0.488882	-0.552534	-0.230092	0.789883	0.133601	0.526565	0.44496	0.216345	0.691328	-0.350749	0.780226	-0.139427	0.498781	
-0.603057	0.356466	0.306395	0.644497	1	0	0	0	-0.745489	0.219461	0.383794	-0.498784	-0.688532	-0.1436	0.0085864	0.710795	0.558611	0.47045	0.129366	0.670742	0.59384	0.514773	0.259915	0.561076	-0.745489	0.305036	0.329181	-0.492788	-0.550881	-0.230149	0.79114	0.132889	0.530556	0.439831	0.219633	0.690521	-0.350254	0.781922	-0.140178	0.496256	
-0.602877	0.355981	0.30737	0.644469	1	0	0	0	-0.745704	0.218876	0.38432	-0.498315	-0.688417	-0.145464	0.00690097	0.710545	0.558693	0.470772	0.128735	0.670569	0.59367	0.515732	0.259976	0.560347	-0.744988	0.307727	0.321906	-0.496662	-0.549052	-0.230527	0.792502	0.131681	0.534766	0.434049	0.222389	0.690051	-0.349361	0.783844	-0.140858	0.493654	
-0.602801	0.355564	0.308265	0.644344	1	0	0	0	-0.745876	0.218243	0.384876	-0.497906	-0.688417	-0.145464	0.00690097	0.710545	0.558671	0.471107	0.128031	0.670487	0.593355	0.516628	0.259913	0.559884	-0.744291	0.310173	0.314859	-0.500687	-0.547404	-0.230874	0.793714	0.130632	0.538889	0.427484	0.22514	0.690049	-0.34829	0.785866	-0.141405	0.491033	
-0.602244	0.354978	0.309437	0.644626	1	0	0	0	-0.746085	0.2175	0.385448	-0.497474	-0.688512	-0.146869	0.00477025	0.710181	0.558464	0.47159	0.126497	0.670611	0.593271	0.517755	0.259139	0.559291	-0.743598	0.312337	0.30791	-0.504677	-0.544808	-0.23145	0.795582	0.129095	0.545892	0.414805	0.23182	0.690071	-0.346185	0.789616	-0.141922	0.486334	
-0.601766	0.354383	0.310577	0.644851	1	0	0	0	-0.746309	0.216738	0.386152	-0.496925	-0.68854	-0.148058	0.00389585	0.709913	0.558464	0.47159	0.126497	0.670611	0.593646	0.518004	0.25835	0.559028	-0.743598	0.312337	0.30791	-0.504677	-0.543369	-0.232092	0.796586	0.127804	0.549312	0.408768	0.23475	0.689969	-0.346185	0.789616	-0.141922	0.486334	
-0.601766	0.354383	0.310577	0.644851	1	0	0	0	-0.746454	0.216182	0.38706	-0.496242	-0.68854	-0.148058	0.00389585	0.709913	0.558314	0.471691	0.126021	0.670754	0.593646	0.518004	0.25835	0.559028	-0.741903	0.316233	0.294543	-0.51266	-0.543369	-0.232092	0.796586	0.127804	0.549312	0.408768	0.23475	0.689969	-0.344917	0.791375	-0.142239	0.484278	
-0.601431	0.353481	0.311702	0.645116	1	0	0	0	-0.746551	0.215721	0.388058	-0.495517	-0.688589	-0.150558	0.00161157	0.709348	0.558015	0.471679	0.125656	0.67108	0.594228	0.518133	0.257375	0.558739	-0.74096	0.318399	0.28807	-0.516349	-0.540483	-0.233808	0.798561	0.124547	0.552775	0.402665	0.237117	0.689983	-0.343522	0.793146	-0.142547	0.482278	
-0.601292	0.352751	0.312872	0.645078	1	0	0	0	-0.746602	0.215139	0.389016	-0.494942	-0.688589	-0.150558	0.00161157	0.709348	0.557596	0.47156	0.125282	0.671583	0.594782	0.518261	0.256454	0.558455	-0.740159	0.320084	0.281743	-0.519934	-0.540483	-0.233808	0.798561	0.124547	0.556315	0.396834	0.238839	0.689922	-0.342014	0.794924	-0.142959	0.480297	
-0.601154	0.352291	0.313632	0.645089	1	0	0	0	-0.746609	0.214628	0.389891	-0.494465	-0.688642	-0.151941	0.0004861	0.709003	0.557101	0.471467	0.124805	0.672146	0.595187	0.518438	0.255619	0.55824	-0.739425	0.321431	0.27553	-0.523466	-0.539514	-0.234595	0.799159	0.123433	0.559256	0.391363	0.240851	0.68997	-0.340535	0.79667	-0.143302	0.478349	
-0.600924	0.35219	0.31416	0.645101	1	0	0	0	-0.746589	0.214406	0.390802	-0.493871	-0.688786	-0.153527	-0.000547293	0.708521	0.556503	0.471679	0.12454	0.672542	0.595432	0.518614	0.254775	0.558203	-0.738893	0.322519	0.26952	-0.526666	-0.538554	-0.23531	0.799778	0.122245	0.56178	0.38658	0.242918	0.689892	-0.339144	0.798417	-0.143517	0.476356	
-0.600365	0.352392	0.314803	0.645199	1	0	0	0	-0.746567	0.214381	0.391808	-0.493118	-0.689028	-0.155137	-0.00151509	0.707934	0.555774	0.472172	0.12458	0.672792	0.595441	0.518959	0.253869	0.558285	-0.73847	0.323501	0.26394	-0.529476	-0.537605	-0.236003	0.800391	0.121065	0.564181	0.382086	0.244512	0.689872	-0.338038	0.799958	-0.143611	0.474524	
-0.599816	0.352506	0.315547	0.645283	1	0	0	0	-0.746658	0.214224	0.392689	-0.492347	-0.689412	-0.15636	-0.00268671	0.707287	0.554982	0.472816	0.124672	0.672976	0.594899	0.519817	0.253194	0.55837	-0.737984	0.324763	0.259286	-0.531676	-0.536657	-0.236526	0.801036	0.119988	0.566259	0.377858	0.245749	0.690059	-0.337162	0.801312	-0.143695	0.472834	
-0.599475	0.352557	0.316433	0.645139	1	0	0	0	-0.746856	0.213773	0.393262	-0.491786	-0.689836	-0.156926	-0.00418008	0.706741	0.554294	0.473525	0.124581	0.673061	0.593903	0.52082	0.252687	0.558726	-0.737586	0.326178	0.255448	-0.533218	-0.535728	-0.236861	0.801677	0.119188	0.568092	0.37428	0.246764	0.69014	-0.336387	0.802481	-0.14384	0.471358	
-0.599285	0.352663	0.317207	0.644877	1	0	0	0	-0.747048	0.213179	0.393647	-0.491442	-0.690416	-0.156648	-0.00692053	0.706215	0.553703	0.474235	0.124278	0.673104	0.592931	0.521349	0.251827	0.559652	-0.737381	0.327372	0.252121	-0.534352	-0.534241	-0.237163	0.802671	0.118572	0.569692	0.371072	0.247641	0.69024	-0.335619	0.803534	-0.144098	0.470029	
-0.599039	0.353124	0.31773	0.644596	1	0	0	0	-0.747046	0.212882	0.39417	-0.491156	-0.690508	-0.15677	-0.00745216	0.706092	0.553235	0.474758	0.123922	0.673186	0.592183	0.521386	0.250503	0.561002	-0.737461	0.32801	0.249186	-0.535227	-0.534241	-0.237163	0.802671	0.118572	0.570728	0.368344	0.24871	0.69046	-0.335098	0.804391	-0.14419	0.468907	
-0.59875	0.353752	0.317968	0.644403	1	0	0	0	-0.74688	0.213011	0.394851	-0.490805	-0.690456	-0.157498	-0.00727487	0.705983	0.552844	0.475017	0.123423	0.673417	0.591653	0.52128	0.248987	0.562334	-0.737697	0.328182	0.246685	-0.535953	-0.533587	-0.237336	0.803098	0.11828	0.571311	0.365912	0.249686	0.690919	-0.334947	0.804938	-0.144118	0.468098	
-0.598405	0.354477	0.318184	0.644218	1	0	0	0	-0.746669	0.213435	0.395549	-0.49038	-0.690456	-0.157498	-0.00727487	0.705983	0.552651	0.474968	0.122697	0.673741	0.591208	0.521205	0.247633	0.563468	-0.737802	0.328298	0.245285	-0.536381	-0.533082	-0.237508	0.803422	0.118011	0.571602	0.364442	0.250559	0.691139	-0.335124	0.805163	-0.14388	0.467657	
-0.598333	0.354794	0.318316	0.644045	1	0	0	0	-0.746469	0.213895	0.396009	-0.490112	-0.69029	-0.158502	-0.00667525	0.705927	0.552618	0.474772	0.121862	0.674058	0.590913	0.521084	0.246594	0.564344	-0.737683	0.328358	0.245044	-0.536617	-0.532785	-0.237521	0.803635	0.117875	0.571589	0.364128	0.251298	0.691047	-0.335465	0.805068	-0.143595	0.467663	
-0.598351	0.354866	0.318456	0.643919	1	0	0	0	-0.74633	0.214241	0.396192	-0.490026	-0.689744	-0.159951	-0.00525915	0.706145	0.552639	0.474566	0.121231	0.6743	0.590785	0.520913	0.245923	0.564929	-0.737602	0.328391	0.245447	-0.536525	-0.532803	-0.237356	0.803666	0.117917	0.571347	0.364628	0.251719	0.69083	-0.335793	0.804719	-0.143398	0.468089	
-0.598327	0.354908	0.318491	0.643901	1	0	0	0	-0.746234	0.214535	0.396181	-0.490051	-0.689744	-0.159951	-0.00525915	0.706145	0.552601	0.474419	0.120981	0.67448	0.590787	0.520734	0.245587	0.565238	-0.737409	0.328486	0.246744	-0.536136	-0.533017	-0.237199	0.803571	0.117913	0.570982	0.365634	0.251576	0.690653	-0.33597	0.8042	-0.143359	0.468866	
-0.59841	0.354734	0.318424	0.643953	1	0	0	0	-0.746171	0.214915	0.396075	-0.490067	-0.689259	-0.160777	-0.00407513	0.706439	0.552553	0.474329	0.121106	0.67456	0.590941	0.520473	0.245537	0.565339	-0.737195	0.328582	0.248683	-0.535477	-0.534513	-0.236369	0.802765	0.118294	0.569216	0.370281	0.250862	0.689894	-0.336163	0.80347	-0.143334	0.469985	
-0.598814	0.354191	0.318217	0.643978	1	0	0	0	-0.746163	0.215306	0.395893	-0.490054	-0.689072	-0.161031	-0.00368715	0.706566	0.552462	0.474269	0.121476	0.67461	0.591184	0.520278	0.245738	0.565177	-0.736976	0.32855	0.251274	-0.534587	-0.534513	-0.236369	0.802765	0.118294	0.569216	0.370281	0.250862	0.689894	-0.336448	0.802528	-0.143251	0.471413	
-0.599472	0.353355	0.317792	0.644036	1	0	0	0	-0.746191	0.215471	0.395612	-0.490166	-0.689072	-0.161031	-0.00368715	0.706566	0.552353	0.474217	0.121981	0.674644	0.591486	0.520202	0.246148	0.564753	-0.73688	0.328304	0.254359	-0.533409	-0.535735	-0.235645	0.802096	0.118745	0.567974	0.373348	0.250217	0.689498	-0.336827	0.801343	-0.143114	0.473197	
-0.600019	0.352705	0.317169	0.64419	1	0	0	0	-0.746302	0.215336	0.395146	-0.490432	-0.688985	-0.160828	-0.00364366	0.706697	0.552311	0.474105	0.122461	0.674671	0.591933	0.520088	0.24666	0.564166	-0.7369	0.328087	0.257938	-0.531795	-0.53827	-0.234071	0.800786	0.11924	0.566601	0.376732	0.249283	0.689126	-0.337361	0.799947	-0.142881	0.475245	
-0.600508	0.352187	0.316512	0.644341	1	0	0	0	-0.746425	0.215054	0.39453	-0.490864	-0.689078	-0.160428	-0.0039007	0.706696	0.552441	0.473829	0.122877	0.674683	0.59239	0.519882	0.247202	0.563638	-0.736811	0.327663	0.26225	-0.530068	-0.53827	-0.234071	0.800786	0.11924	0.56484	0.380791	0.248455	0.68864	-0.337982	0.798361	-0.142579	0.477555	
-0.601108	0.351543	0.315871	0.644447	1	0	0	0	-0.74655	0.214676	0.393852	-0.491383	-0.689078	-0.160428	-0.0039007	0.706696	0.552789	0.473408	0.123202	0.674634	0.592971	0.51943	0.247599	0.56327	-0.736803	0.326939	0.267009	-0.528146	-0.539736	-0.233173	0.800023	0.119492	0.562779	0.385211	0.247461	0.688227	-0.338596	0.796656	-0.142308	0.480043	
-0.601784	0.350864	0.315336	0.644449	1	0	0	0	-0.746654	0.214304	0.393129	-0.491967	-0.689244	-0.159911	-0.00411455	0.70665	0.553155	0.472944	0.123595	0.674587	0.593638	0.518788	0.247871	0.563039	-0.737058	0.326032	0.271742	-0.525933	-0.541553	-0.232038	0.799029	0.120129	0.560733	0.38971	0.245925	0.687913	-0.339126	0.794832	-0.142159	0.482728	
-0.602439	0.350313	0.315011	0.644295	1	0	0	0	-0.746723	0.214086	0.392488	-0.492468	-0.689513	-0.159493	-0.0041207	0.706482	0.553424	0.472547	0.124183	0.674537	0.594342	0.518147	0.248164	0.562757	-0.737514	0.324742	0.276621	-0.523542	-0.543585	-0.230884	0.797871	0.120871	0.558675	0.394293	0.243909	0.687694	-0.339584	0.792968	-0.142124	0.485474	
-0.602913	0.350045	0.3149	0.644051	1	0	0	0	-0.746708	0.214165	0.392039	-0.492814	-0.689818	-0.159337	-0.00390723	0.706221	0.553538	0.472353	0.124976	0.674432	0.594905	0.517752	0.248597	0.562336	-0.737977	0.323092	0.281859	-0.521111	-0.545659	-0.22994	0.796632	0.121492	0.556508	0.398996	0.241497	0.68759	-0.340087	0.790978	-0.142198	0.488338	
-0.603231	0.350014	0.315006	0.643719	1	0	0	0	-0.746599	0.214424	0.391751	-0.493096	-0.690159	-0.159385	-0.0035699	0.705879	0.553586	0.472407	0.125909	0.674182	0.59516	0.517802	0.249196	0.561754	-0.738482	0.321162	0.287289	-0.518618	-0.547768	-0.229155	0.795337	0.121975	0.5543	0.404123	0.238654	0.687372	-0.340583	0.78895	-0.142384	0.491211	
-0.603535	0.349946	0.315431	0.643262	1	0	0	0	-0.746493	0.214659	0.391403	-0.493431	-0.690475	-0.159469	-0.00328452	0.705552	0.55368	0.472611	0.126786	0.673797	0.595132	0.518059	0.249824	0.561267	-0.739025	0.319056	0.293014	-0.515934	-0.549837	-0.228331	0.794021	0.122777	0.55191	0.409764	0.235667	0.686986	-0.34105	0.786904	-0.142662	0.49408	
-0.603804	0.349959	0.315945	0.64275	1	0	0	0	-0.74636	0.214852	0.390978	-0.493885	-0.69104	-0.159419	-0.00273438	0.705012	0.553806	0.472844	0.127505	0.673395	0.594958	0.518345	0.250402	0.560929	-0.739755	0.316795	0.298795	-0.512957	-0.551896	-0.227496	0.792695	0.123658	0.549293	0.415934	0.232536	0.686443	-0.341651	0.784744	-0.142941	0.49701	
-0.604114	0.349802	0.316575	0.642235	1	0	0	0	-0.746215	0.215211	0.390532	-0.494299	-0.69104	-0.159419	-0.00273438	0.705012	0.554024	0.473079	0.128136	0.67293	0.594781	0.518437	0.2508	0.560854	-0.740827	0.314212	0.304233	-0.509793	-0.553912	-0.226791	0.791336	0.124638	0.546753	0.422285	0.228739	0.685868	-0.342293	0.782572	-0.143246	0.499897	
-0.604448	0.349643	0.317275	0.641662	1	0	0	0	-0.746042	0.215847	0.390162	-0.494575	-0.691307	-0.15953	-0.0024061	0.704726	0.554238	0.473358	0.128781	0.672434	0.594559	0.518495	0.251102	0.560901	-0.741836	0.311603	0.309986	-0.50645	-0.555952	-0.226342	0.789904	0.125455	0.544177	0.42872	0.224473	0.685334	-0.343017	0.780379	-0.143616	0.502715	
-0.60484	0.34941	0.318048	0.641036	1	0	0	0	-0.745829	0.216593	0.389816	-0.494843	-0.69189	-0.159548	-0.00198852	0.704151	0.554359	0.473714	0.12962	0.671923	0.594224	0.518666	0.251453	0.560941	-0.742695	0.308674	0.316229	-0.503114	-0.558093	-0.226051	0.788383	0.126036	0.541413	0.435232	0.220017	0.684863	-0.343666	0.778304	-0.144029	0.505363	
-0.60484	0.34941	0.318048	0.641036	1	0	0	0	-0.745594	0.217339	0.38939	-0.495205	-0.692105	-0.159624	-0.00188482	0.703923	0.554487	0.474089	0.130573	0.671368	0.593822	0.518911	0.251868	0.560954	-0.743629	0.305404	0.322463	-0.499762	-0.562891	-0.225593	0.784891	0.127312	0.538424	0.441759	0.215396	0.68451	-0.344261	0.776269	-0.144343	0.507993	
-0.605532	0.348989	0.3188	0.640238	1	0	0	0	-0.745331	0.218083	0.388911	-0.495651	-0.692299	-0.15966	-0.00170037	0.703724	0.554654	0.47433	0.131566	0.670866	0.593637	0.518881	0.252111	0.561069	-0.744594	0.302109	0.328765	-0.496209	-0.562891	-0.225593	0.784891	0.127312	0.535351	0.448213	0.210529	0.684239	-0.344702	0.774417	-0.144574	0.510449	
-0.605773	0.348952	0.319048	0.639907	1	0	0	0	-0.745049	0.218713	0.388376	-0.496216	-0.692299	-0.15966	-0.00170037	0.703724	0.555019	0.474187	0.132358	0.670509	0.593759	0.518502	0.252323	0.561194	-0.745633	0.298709	0.335119	-0.492443	-0.565295	-0.225214	0.783154	0.128024	0.532056	0.454543	0.205695	0.684103	-0.344976	0.772766	-0.144738	0.512714	
-0.605999	0.348927	0.319348	0.639556	1	0	0	0	-0.74478	0.219299	0.387746	-0.496854	-0.693015	-0.158172	-0.00104369	0.703357	0.555526	0.473761	0.133005	0.670262	0.594104	0.517839	0.252715	0.561265	-0.746708	0.294991	0.341621	-0.488572	-0.569827	-0.224417	0.779919	0.129077	0.528526	0.461039	0.200927	0.683909	-0.345176	0.771227	-0.14451	0.514956	
-0.60621	0.349013	0.31962	0.639174	1	0	0	0	-0.744484	0.219936	0.387013	-0.497586	-0.693015	-0.158172	-0.00104369	0.703357	0.556059	0.473258	0.133904	0.669996	0.594608	0.517054	0.25328	0.5612	-0.74772	0.29119	0.348406	-0.484496	-0.569827	-0.224417	0.779919	0.129077	0.524843	0.467408	0.196031	0.683843	-0.345129	0.769793	-0.143872	0.517307	
-0.60653	0.348842	0.319869	0.638838	1	0	0	0	-0.744192	0.220692	0.386163	-0.498349	-0.693863	-0.15594	0.000621792	0.70302	0.556571	0.47281	0.135167	0.669634	0.595102	0.516301	0.254121	0.560989	-0.748879	0.287283	0.355095	-0.480162	-0.571973	-0.223958	0.778435	0.129342	0.521115	0.473462	0.190937	0.68397	-0.344907	0.768465	-0.143052	0.519651	
-0.60653	0.348842	0.319869	0.638838	1	0	0	0	-0.743942	0.221589	0.385147	-0.49911	-0.693863	-0.15594	0.000621792	0.70302	0.556571	0.47281	0.135167	0.669634	0.595499	0.515693	0.255249	0.560616	-0.748879	0.287283	0.355095	-0.480162	-0.574059	-0.223451	0.777031	0.129418	0.517146	0.479473	0.185757	0.684222	-0.344907	0.768465	-0.143052	0.519651	
-0.607326	0.348579	0.32034	0.637989	1	0	0	0	-0.743729	0.222506	0.383986	-0.499913	-0.694793	-0.15359	0.00276577	0.702613	0.55779	0.471813	0.137887	0.668767	0.596003	0.515017	0.256425	0.560164	-0.751362	0.279048	0.368214	-0.471174	-0.57603	-0.222791	0.775784	0.129275	0.512951	0.485636	0.180476	0.684447	-0.343792	0.766432	-0.141169	0.52389	
-0.607608	0.348825	0.320593	0.637459	1	0	0	0	-0.743537	0.223384	0.382786	-0.500727	-0.694793	-0.15359	0.00276577	0.702613	0.558557	0.471231	0.139182	0.668269	0.596734	0.514111	0.257563	0.559696	-0.752555	0.274846	0.375013	-0.466354	-0.577921	-0.221935	0.774656	0.129076	0.508626	0.491805	0.175193	0.684642	-0.342794	0.765749	-0.140101	0.525826	
-0.607764	0.349271	0.320767	0.636978	1	0	0	0	-0.743321	0.224318	0.381581	-0.501549	-0.695678	-0.150778	0.00527569	0.702332	0.559387	0.470616	0.140454	0.667742	0.597613	0.513093	0.258616	0.559206	-0.753835	0.270501	0.381725	-0.461355	-0.581651	-0.219893	0.772552	0.128425	0.504186	0.498102	0.17002	0.684678	-0.341682	0.765241	-0.138762	0.527641	
-0.607644	0.350104	0.320833	0.636602	1	0	0	0	-0.743078	0.225388	0.38043	-0.502303	-0.695678	-0.150778	0.00527569	0.702332	0.560287	0.469917	0.141707	0.667215	0.598489	0.512192	0.259694	0.558596	-0.755057	0.26587	0.388414	-0.456439	-0.581651	-0.219893	0.772552	0.128425	0.499506	0.504481	0.164855	0.684701	-0.340535	0.764873	-0.137216	0.529317	
-0.607343	0.351096	0.321068	0.636225	1	0	0	0	-0.742837	0.226545	0.379235	-0.503041	-0.696064	-0.149207	0.00658497	0.702274	0.56125	0.469124	0.14289	0.666711	0.599359	0.511478	0.260899	0.557755	-0.756144	0.261038	0.395234	-0.451548	-0.581651	-0.219893	0.772552	0.128425	0.494565	0.511002	0.159768	0.684658	-0.339186	0.764622	-0.135623	0.530953	
-0.607343	0.351096	0.321068	0.636225	1	0	0	0	-0.742837	0.226545	0.379235	-0.503041	-0.696407	-0.147579	0.00791025	0.702264	0.562287	0.468304	0.14406	0.666161	0.600248	0.510853	0.262226	0.556748	-0.756144	0.261038	0.395234	-0.451548	-0.585108	-0.21776	0.770759	0.127124	0.489529	0.517051	0.154519	0.68494	-0.337563	0.764434	-0.134158	0.532629	
-0.607343	0.351096	0.321068	0.636225	1	0	0	0	-0.742431	0.228803	0.376472	-0.504692	-0.696698	-0.145891	0.00931052	0.702311	0.562287	0.468304	0.14406	0.666161	0.601327	0.510088	0.263503	0.555683	-0.758245	0.2508	0.408367	-0.442041	-0.586663	-0.216902	0.769994	0.126052	0.484637	0.522506	0.148911	0.685521	-0.337563	0.764434	-0.134158	0.532629	
-0.606194	0.354576	0.322778	0.634523	1	0	0	0	-0.742223	0.23012	0.37501	-0.505488	-0.696943	-0.144212	0.0107143	0.702395	0.56425	0.46684	0.14667	0.664959	0.602578	0.509169	0.264604	0.554645	-0.759196	0.245735	0.414611	-0.437416	-0.588078	-0.21632	0.769289	0.124755	0.479813	0.527975	0.143207	0.68594	-0.334012	0.764374	-0.130901	0.535755	
-0.605771	0.35582	0.323602	0.63381	1	0	0	0	-0.741963	0.231534	0.37356	-0.506296	-0.697147	-0.142474	0.0120971	0.702525	0.565232	0.466011	0.148027	0.664405	0.603892	0.508258	0.265677	0.553538	-0.759966	0.240979	0.420879	-0.432713	-0.58934	-0.21593	0.768664	0.123321	0.475056	0.533614	0.137448	0.686065	-0.332393	0.76442	-0.128907	0.537177	
-0.605771	0.35582	0.323602	0.63381	1	0	0	0	-0.741963	0.231534	0.37356	-0.506296	-0.697473	-0.138634	0.014848	0.702916	0.566241	0.465037	0.149316	0.66394	0.60526	0.507253	0.266761	0.552444	-0.759966	0.240979	0.420879	-0.432713	-0.590476	-0.215665	0.768134	0.121647	0.470213	0.539057	0.131912	0.686233	-0.332393	0.76442	-0.128907	0.537177	
-0.605771	0.35582	0.323602	0.63381	1	0	0	0	-0.741427	0.234022	0.370432	-0.508232	-0.697473	-0.138634	0.014848	0.702916	0.567236	0.464072	0.150601	0.663476	0.606669	0.506214	0.267891	0.551303	-0.759966	0.240979	0.420879	-0.432713	-0.590476	-0.215665	0.768134	0.121647	0.465138	0.544197	0.12667	0.686623	-0.332393	0.76442	-0.128907	0.537177	
-0.604232	0.360432	0.326615	0.631121	1	0	0	0	-0.741139	0.235293	0.368848	-0.509216	-0.697577	-0.136704	0.0164221	0.703156	0.568202	0.46316	0.151913	0.662986	0.60798	0.505333	0.269098	0.550077	-0.761487	0.227644	0.439769	-0.418233	-0.592316	-0.215303	0.767421	0.117778	0.45988	0.549324	0.12149	0.687018	-0.328884	0.764839	-0.121684	0.540417	
-0.603564	0.362299	0.327968	0.62999	1	0	0	0	-0.740742	0.236779	0.367405	-0.510147	-0.6979	-0.133285	0.019952	0.703401	0.569129	0.46236	0.153275	0.662436	0.609153	0.504533	0.270339	0.548905	-0.761972	0.223364	0.445785	-0.41326	-0.593898	-0.215069	0.766925	0.113386	0.454587	0.554598	0.116187	0.687221	-0.327383	0.76501	-0.119489	0.541574	
-0.602963	0.364281	0.329416	0.628665	1	0	0	0	-0.740285	0.23842	0.366059	-0.511013	-0.6979	-0.133285	0.019952	0.703401	0.570024	0.461649	0.154731	0.661825	0.610177	0.50372	0.271447	0.547966	-0.762414	0.219242	0.451707	-0.40819	-0.593898	-0.215069	0.766925	0.113386	0.449124	0.559792	0.111052	0.687451	-0.325518	0.765314	-0.117558	0.542691	
-0.602292	0.366448	0.330876	0.627281	1	0	0	0	-0.739805	0.24009	0.364653	-0.511931	-0.698081	-0.131696	0.0215917	0.703472	0.570923	0.460972	0.156214	0.661172	0.611094	0.50278	0.272406	0.547331	-0.762947	0.215139	0.457366	-0.403043	-0.594745	-0.214691	0.766665	0.11141	0.443518	0.564989	0.106089	0.687623	-0.323469	0.765735	-0.115734	0.543713	
-0.60158	0.368801	0.332275	0.625844	1	0	0	0	-0.73938	0.241648	0.36314	-0.512887	-0.698574	-0.128161	0.0242947	0.703548	0.571764	0.460335	0.157682	0.660541	0.611922	0.501801	0.273327	0.546846	-0.763684	0.210604	0.462505	-0.398147	-0.596381	-0.213383	0.766344	0.1073	0.437744	0.570387	0.101633	0.687539	-0.3214	0.766172	-0.113939	0.544703	
-0.600853	0.371163	0.333655	0.62441	1	0	0	0	-0.738944	0.243086	0.361609	-0.513916	-0.698879	-0.12629	0.0256733	0.703534	0.572495	0.459804	0.159132	0.65993	0.612513	0.501001	0.274392	0.546383	-0.764421	0.205952	0.467536	-0.393261	-0.597073	-0.212523	0.766357	0.105041	0.432061	0.575719	0.0971883	0.687332	-0.319434	0.766631	-0.112004	0.545613	
-0.600025	0.373642	0.335111	0.622946	1	0	0	0	-0.73849	0.244546	0.36018	-0.514879	-0.698879	-0.12629	0.0256733	0.703534	0.573097	0.459419	0.160714	0.659291	0.612908	0.500384	0.275515	0.54594	-0.765047	0.20152	0.472559	-0.388304	-0.597073	-0.212523	0.766357	0.105041	0.426593	0.580748	0.0925437	0.687158	-0.317887	0.766902	-0.109802	0.546583	
-0.599113	0.376209	0.336562	0.621495	1	0	0	0	-0.738	0.246044	0.358824	-0.515813	-0.699666	-0.122629	0.0282571	0.7033	0.573696	0.459027	0.162324	0.658648	0.613207	0.499698	0.27649	0.54574	-0.765607	0.197354	0.47749	-0.383276	-0.598479	-0.210264	0.766468	0.100686	0.420782	0.585931	0.0882909	0.6869	-0.316613	0.767047	-0.107419	0.547592	
-0.598074	0.378889	0.337929	0.620125	1	0	0	0	-0.737553	0.247449	0.357383	-0.516781	-0.699666	-0.122629	0.0282571	0.7033	0.574327	0.458508	0.163775	0.658101	0.613453	0.498844	0.277291	0.545838	-0.766103	0.193455	0.482405	-0.378084	-0.598479	-0.210264	0.766468	0.100686	0.414379	0.591359	0.0846319	0.686602	-0.315627	0.766993	-0.104902	0.548723	
-0.596905	0.381553	0.339339	0.618846	1	0	0	0	-0.737142	0.248707	0.355883	-0.517797	-0.70058	-0.119012	0.0302149	0.70293	0.575072	0.4578	0.164962	0.657647	0.613614	0.497884	0.278049	0.546149	-0.766716	0.189747	0.487082	-0.372684	-0.599213	-0.208744	0.766569	0.0986978	0.401495	0.601859	0.0769772	0.686033	-0.314449	0.76693	-0.10233	0.549971	
-0.595634	0.384244	0.340783	0.617611	1	0	0	0	-0.736756	0.249798	0.354344	-0.518876	-0.701011	-0.117056	0.030962	0.702797	0.575811	0.457089	0.166119	0.657203	0.613666	0.496939	0.278884	0.546525	-0.767381	0.18637	0.491651	-0.366976	-0.599213	-0.208744	0.766569	0.0986978	0.401495	0.601859	0.0769772	0.686033	-0.312931	0.766971	-0.100002	0.551208	
-0.594337	0.386967	0.342334	0.616301	1	0	0	0	-0.736375	0.2508	0.35274	-0.520025	-0.701011	-0.117056	0.030962	0.702797	0.576511	0.456449	0.167411	0.656706	0.613591	0.49604	0.279853	0.54693	-0.768015	0.183298	0.496139	-0.361111	-0.600904	-0.20479	0.766756	0.0951908	0.39569	0.606818	0.0727456	0.685499	-0.311085	0.767133	-0.0979223	0.552398	
-0.59172	0.392326	0.345033	0.613921	1	0	0	0	-0.736006	0.251682	0.351103	-0.521228	-0.701488	-0.114916	0.0316515	0.702643	0.577647	0.455575	0.170592	0.655495	0.613047	0.494692	0.282347	0.547479	-0.768729	0.180081	0.500366	-0.355332	-0.602692	-0.200074	0.766983	0.0920348	0.383754	0.616309	0.0658599	0.684513	-0.309166	0.767303	-0.0959765	0.55358	
-0.590429	0.394956	0.346334	0.612745	1	0	0	0	-0.735258	0.253703	0.347933	-0.523425	-0.702474	-0.110486	0.0332072	0.702296	0.578039	0.455417	0.172584	0.654738	0.612685	0.494241	0.283774	0.547554	-0.77015	0.173207	0.508559	-0.343855	-0.602692	-0.200074	0.766983	0.0920348	0.377811	0.621049	0.0624744	0.683852	-0.305608	0.767713	-0.0915091	0.555739	
-0.589234	0.397472	0.347809	0.611431	1	0	0	0	-0.734935	0.254921	0.346345	-0.524339	-0.702474	-0.110486	0.0332072	0.702296	0.578313	0.455408	0.174771	0.653922	0.612284	0.493854	0.285146	0.547639	-0.770544	0.169906	0.513144	-0.337753	-0.604537	-0.194685	0.76726	0.089128	0.371976	0.625578	0.0589099	0.683239	-0.304212	0.767884	-0.0885998	0.556739	
-0.588138	0.399874	0.349459	0.609978	1	0	0	0	-0.734935	0.254921	0.346345	-0.524339	-0.703448	-0.106248	0.0349545	0.70189	0.578625	0.455399	0.176833	0.653097	0.611732	0.493578	0.286526	0.547784	-0.770544	0.169906	0.513144	-0.337753	-0.605592	-0.191877	0.767274	0.0879342	0.36576	0.629777	0.0555853	0.683016	-0.304212	0.767884	-0.0885998	0.556739	
-0.588138	0.399874	0.349459	0.609978	1	0	0	0	-0.734935	0.254921	0.346345	-0.524339	-0.703861	-0.104234	0.0359291	0.701729	0.578625	0.455399	0.176833	0.653097	0.611732	0.493578	0.286526	0.547784	-0.770544	0.169906	0.513144	-0.337753	-0.606725	-0.189105	0.767205	0.0867207	0.359034	0.634118	0.0527071	0.682796	-0.304212	0.767884	-0.0885998	0.556739	
-0.587084	0.402228	0.351272	0.608402	1	0	0	0	-0.734349	0.257362	0.343085	-0.526107	-0.703861	-0.104234	0.0359291	0.701729	0.578978	0.455309	0.178619	0.65236	0.61114	0.493359	0.287787	0.547981	-0.771653	0.162903	0.521298	-0.32598	-0.606725	-0.189105	0.767205	0.0867207	0.359034	0.634118	0.0527071	0.682796	-0.301774	0.76813	-0.082145	0.558713	
-0.585961	0.404629	0.35325	0.606745	1	0	0	0	-0.733971	0.258728	0.341643	-0.526903	-0.704408	-0.100469	0.0377302	0.701635	0.579491	0.455085	0.18015	0.651639	0.610659	0.49294	0.288847	0.548337	-0.772288	0.159278	0.524953	-0.320354	-0.607896	-0.186351	0.767089	0.0854979	0.352628	0.638216	0.049481	0.682558	-0.300133	0.7684	-0.0790966	0.559665	
-0.584822	0.407081	0.355314	0.604996	1	0	0	0	-0.733565	0.260117	0.340301	-0.527652	-0.704408	-0.100469	0.0377302	0.701635	0.580167	0.454734	0.181432	0.650927	0.610382	0.492214	0.289688	0.548854	-0.772784	0.155406	0.528649	-0.314935	-0.609139	-0.183781	0.76686	0.0842657	0.346862	0.64206	0.0458314	0.682162	-0.298319	0.768622	-0.0763174	0.560716	
-0.583776	0.409477	0.357473	0.603115	1	0	0	0	-0.733171	0.261401	0.339024	-0.528387	-0.704528	-0.098925	0.0387199	0.70168	0.580866	0.45426	0.182582	0.650312	0.61017	0.491522	0.290489	0.549285	-0.772932	0.151677	0.532602	-0.309684	-0.610492	-0.181437	0.766502	0.0827929	0.34141	0.645932	0.0423652	0.681481	-0.296438	0.76897	-0.0737401	0.56158	
-0.582812	0.411854	0.359618	0.601149	1	0	0	0	-0.732769	0.262763	0.337858	-0.529016	-0.704636	-0.0976964	0.039859	0.70168	0.581469	0.453826	0.183731	0.649752	0.609915	0.491084	0.291406	0.549476	-0.772733	0.147759	0.536833	-0.304731	-0.611872	-0.179288	0.766076	0.0812121	0.336069	0.6498	0.0389559	0.680662	-0.2946	0.769311	-0.071195	0.562408	
-0.581821	0.414274	0.361791	0.599139	1	0	0	0	-0.732259	0.264405	0.33688	-0.529526	-0.704707	-0.0967443	0.0410185	0.701674	0.581945	0.45354	0.185066	0.649147	0.609734	0.490733	0.292317	0.549506	-0.772262	0.143564	0.541289	-0.300013	-0.613363	-0.177185	0.765545	0.0795697	0.330865	0.653532	0.0351304	0.679846	-0.292977	0.769431	-0.0684259	0.563435	
-0.580892	0.416547	0.363874	0.5972	1	0	0	0	-0.731707	0.266144	0.336005	-0.529975	-0.704686	-0.0958104	0.0419558	0.701768	0.582338	0.453337	0.186593	0.648499	0.609779	0.490244	0.293073	0.549489	-0.771476	0.139336	0.546085	-0.295298	-0.614945	-0.175133	0.764904	0.0780597	0.325523	0.65718	0.0312906	0.679095	-0.291596	0.769426	-0.0653854	0.564518	
-0.579894	0.41881	0.36604	0.595261	1	0	0	0	-0.731212	0.267684	0.335129	-0.530437	-0.704662	-0.0947748	0.0425872	0.701894	0.582684	0.453102	0.188088	0.64792	0.609943	0.489778	0.293816	0.549326	-0.770786	0.134891	0.550575	-0.290794	-0.616624	-0.173041	0.764163	0.0767308	0.320034	0.660635	0.0273961	0.67852	-0.290455	0.769264	-0.0622509	0.56568	
-0.578765	0.421073	0.368275	0.593382	1	0	0	0	-0.730744	0.26897	0.334263	-0.530977	-0.704599	-0.093785	0.0429696	0.702067	0.583074	0.452773	0.189407	0.647415	0.610137	0.489395	0.294612	0.549026	-0.770029	0.130946	0.555107	-0.285945	-0.616624	-0.173041	0.764163	0.0767308	0.313756	0.6645	0.0241604	0.6778	-0.289171	0.769027	-0.0592432	0.566981	
-0.577625	0.423315	0.370688	0.591392	1	0	0	0	-0.730326	0.270126	0.333493	-0.531449	-0.704491	-0.091945	0.0434053	0.702392	0.583491	0.452429	0.19062	0.646924	0.610404	0.489026	0.295336	0.548669	-0.769174	0.127312	0.55963	-0.281029	-0.621732	-0.167302	0.761712	0.0724816	0.3073	0.668814	0.0212234	0.676612	-0.287701	0.768737	-0.0564799	0.568403	
-0.576485	0.425582	0.373109	0.58935	1	0	0	0	-0.729973	0.271121	0.332751	-0.531892	-0.704491	-0.091945	0.0434053	0.702392	0.583974	0.451998	0.191642	0.646487	0.610769	0.488437	0.295889	0.548489	-0.769174	0.127312	0.55963	-0.281029	-0.621732	-0.167302	0.761712	0.0724816	0.301183	0.673175	0.0181323	0.675127	-0.287701	0.768737	-0.0564799	0.568403	
-0.575402	0.427751	0.375499	0.587317	1	0	0	0	-0.729731	0.271847	0.332019	-0.532311	-0.704637	-0.0905336	0.0439276	0.702396	0.58447	0.451481	0.19239	0.646178	0.611053	0.487941	0.296474	0.548298	-0.767182	0.119576	0.5686	-0.271711	-0.623401	-0.16561	0.760886	0.0706859	0.295955	0.676996	0.0143385	0.673708	-0.284431	0.768187	-0.0516551	0.571243	
-0.574342	0.429932	0.377785	0.585293	1	0	0	0	-0.729478	0.272469	0.331346	-0.53276	-0.704819	-0.0898387	0.0440797	0.702294	0.584925	0.450956	0.193052	0.645936	0.611245	0.487648	0.297204	0.54795	-0.766031	0.115385	0.573177	-0.267115	-0.625125	-0.163937	0.760011	0.0687464	0.29095	0.680818	0.0101713	0.672109	-0.282563	0.767899	-0.0494591	0.57275	
-0.57336	0.43191	0.379963	0.583387	1	0	0	0	-0.7292	0.273095	0.330695	-0.533224	-0.704819	-0.0898387	0.0440797	0.702294	0.585258	0.450592	0.193932	0.645623	0.61134	0.487368	0.297993	0.547664	-0.765008	0.111036	0.577551	-0.262428	-0.626811	-0.162179	0.759182	0.0667039	0.285974	0.684661	0.00596192	0.670389	-0.280771	0.767545	-0.0471761	0.574297	
-0.572381	0.43385	0.382038	0.58155	1	0	0	0	-0.728961	0.273725	0.329992	-0.533662	-0.705006	-0.0890423	0.0441119	0.702205	0.585466	0.450356	0.195068	0.645258	0.61141	0.486918	0.298731	0.547585	-0.765008	0.111036	0.577551	-0.262428	-0.628534	-0.160184	0.758353	0.0647004	0.280764	0.688733	0.00176471	0.668442	-0.280771	0.767545	-0.0471761	0.574297	
-0.571311	0.435853	0.384032	0.579789	1	0	0	0	-0.728731	0.274386	0.329325	-0.534049	-0.705549	-0.087503	0.0440187	0.701859	0.585654	0.450134	0.196291	0.644871	0.611385	0.486446	0.299435	0.547647	-0.763725	0.102008	0.58501	-0.253144	-0.630261	-0.157931	0.757556	0.0627498	0.274788	0.693198	-0.00173158	0.666307	-0.280771	0.767545	-0.0471761	0.574297	
-0.570172	0.437848	0.385885	0.578174	1	0	0	0	-0.728429	0.275031	0.328876	-0.534406	-0.705549	-0.087503	0.0440187	0.701859	0.58576	0.44994	0.197524	0.644534	0.611211	0.48603	0.300245	0.547768	-0.763208	0.0977698	0.588493	-0.248255	-0.632013	-0.155506	0.756761	0.0607517	0.268847	0.697437	-0.00522791	0.664286	-0.276061	0.765894	-0.0391829	0.579362	
-0.568921	0.43992	0.38772	0.576604	1	0	0	0	-0.728093	0.275705	0.328632	-0.534666	-0.705799	-0.087101	0.0440544	0.701655	0.585736	0.449932	0.19871	0.644196	0.610922	0.485689	0.300988	0.547985	-0.76256	0.0936019	0.592095	-0.243238	-0.633683	-0.153089	0.756016	0.058731	0.262818	0.701835	-0.00869869	0.662026	-0.274317	0.765343	-0.0365342	0.581089	
-0.567604	0.442083	0.389631	0.574957	1	0	0	0	-0.727717	0.276422	0.328633	-0.534808	-0.70631	-0.0874025	0.0443763	0.701083	0.585572	0.450113	0.199936	0.643839	0.610465	0.485461	0.301688	0.548311	-0.76184	0.0894257	0.595732	-0.238131	-0.635319	-0.150525	0.755323	0.0565631	0.256993	0.706009	-0.012651	0.659808	-0.272491	0.764779	-0.0339385	0.582846	
-0.566369	0.44427	0.391322	0.573339	1	0	0	0	-0.727333	0.277168	0.328753	-0.53487	-0.70631	-0.0874025	0.0443763	0.701083	0.585322	0.450301	0.201068	0.643583	0.609783	0.485531	0.302429	0.548599	-0.761133	0.0849097	0.599287	-0.23307	-0.636937	-0.147865	0.754642	0.0544235	0.251507	0.709825	-0.0170181	0.657725	-0.27049	0.76421	-0.0313789	0.584666	
-0.565144	0.446495	0.39291	0.571731	1	0	0	0	-0.726954	0.277916	0.328899	-0.534908	-0.706469	-0.0877038	0.0443327	0.700888	0.584969	0.450607	0.202025	0.64339	0.6088	0.485952	0.303304	0.548835	-0.760397	0.0802235	0.602802	-0.228015	-0.63864	-0.144958	0.753907	0.0524441	0.246247	0.713312	-0.0216737	0.655804	-0.268384	0.763696	-0.0287584	0.586439	
-0.563867	0.448829	0.394363	0.570162	1	0	0	0	-0.726623	0.278553	0.329059	-0.534927	-0.706573	-0.0881304	0.0436176	0.700775	0.584549	0.451168	0.202999	0.643071	0.607619	0.486528	0.304076	0.549206	-0.759716	0.0752459	0.606159	-0.223026	-0.640502	-0.141873	0.753046	0.050502	0.240841	0.716627	-0.0263277	0.654025	-0.266278	0.763147	-0.0259016	0.588245	
-0.56258	0.451224	0.395731	0.568592	1	0	0	0	-0.726362	0.278985	0.329316	-0.534899	-0.706573	-0.0881304	0.0436176	0.700775	0.58408	0.451902	0.203954	0.64268	0.606349	0.487025	0.304614	0.549871	-0.758879	0.0704497	0.60971	-0.2177	-0.642478	-0.138655	0.752093	0.0485084	0.235148	0.720129	-0.0310542	0.652039	-0.264277	0.762458	-0.0227856	0.590167	
-0.56125	0.453636	0.397124	0.567015	1	0	0	0	-0.726162	0.279287	0.329736	-0.534754	-0.706573	-0.0885957	0.0432465	0.700739	0.583513	0.452689	0.204836	0.64236	0.605001	0.487555	0.304923	0.550714	-0.757989	0.0657299	0.613244	-0.212283	-0.644509	-0.13527	0.7511	0.0464585	0.229166	0.723552	-0.0358419	0.650131	-0.262196	0.76167	-0.0196324	0.592222	
-0.559987	0.455853	0.39846	0.565546	1	0	0	0	-0.725977	0.279531	0.330352	-0.534497	-0.706594	-0.0894561	0.0428539	0.700632	0.582868	0.453542	0.20561	0.642097	0.603474	0.488242	0.305083	0.551691	-0.756899	0.0609314	0.616928	-0.206862	-0.64663	-0.131778	0.750029	0.0442835	0.223239	0.727033	-0.0408312	0.648012	-0.25999	0.760872	-0.0165287	0.594312	
-0.558659	0.458042	0.399888	0.564081	1	0	0	0	-0.725807	0.279779	0.331121	-0.534122	-0.706601	-0.0904976	0.0422625	0.700528	0.582118	0.454441	0.206287	0.641925	0.601825	0.489067	0.305179	0.552708	-0.755775	0.0561833	0.620589	-0.201286	-0.648864	-0.128159	0.748842	0.0422591	0.217127	0.730585	-0.0461361	0.645734	-0.257904	0.760127	-0.0133218	0.596251	
-0.557443	0.459977	0.40127	0.562727	1	0	0	0	-0.725681	0.279821	0.331841	-0.533825	-0.70656	-0.0921907	0.0401693	0.700472	0.581299	0.455366	0.206808	0.641844	0.600149	0.489889	0.30515	0.553817	-0.754704	0.0513214	0.624086	-0.195719	-0.65357	-0.120974	0.746185	0.0376796	0.211138	0.734078	-0.0518787	0.643319	-0.255868	0.759196	-0.0100666	0.598374	
-0.556265	0.46188	0.402627	0.561362	1	0	0	0	-0.725731	0.279361	0.332325	-0.533697	-0.70656	-0.0921907	0.0401693	0.700472	0.580508	0.456234	0.207233	0.641806	0.598537	0.490534	0.304924	0.555114	-0.753513	0.0465503	0.627678	-0.189926	-0.65357	-0.120974	0.746185	0.0376796	0.205292	0.737147	-0.057967	0.641178	-0.253346	0.758393	-0.00703479	0.600505	
-0.5551	0.463743	0.404015	0.559981	1	0	0	0	-0.725896	0.278499	0.332736	-0.533667	-0.706355	-0.093382	0.0381565	0.700633	0.579668	0.457036	0.20756	0.64189	0.59702	0.491038	0.304509	0.556527	-0.752049	0.0418821	0.631579	-0.183783	-0.658714	-0.113408	0.743073	0.0328126	0.199404	0.740037	-0.0640045	0.63913	-0.250419	0.757581	-0.00414825	0.602781	
-0.554035	0.465541	0.405323	0.558596	1	0	0	0	-0.726029	0.277708	0.333412	-0.533477	-0.706355	-0.093382	0.0381565	0.700633	0.578621	0.457945	0.207814	0.642104	0.595427	0.491828	0.304284	0.557659	-0.750249	0.0373755	0.635862	-0.177226	-0.658714	-0.113408	0.743073	0.0328126	0.192992	0.742926	-0.0698671	0.637129	-0.247109	0.756787	-0.00111325	0.605152	
-0.553053	0.467381	0.40662	0.557089	1	0	0	0	-0.726027	0.277239	0.334452	-0.533072	-0.706056	-0.0962466	0.0369193	0.700613	0.577376	0.459116	0.208168	0.642274	0.593582	0.493122	0.304415	0.55841	-0.748198	0.0326572	0.64031	-0.170695	-0.66401	-0.105823	0.739725	0.0264423	0.186383	0.745647	-0.0756702	0.635252	-0.24423	0.755875	0.0025799	0.607452	
-0.552209	0.469111	0.40783	0.555586	1	0	0	0	-0.725957	0.276989	0.335683	-0.532522	-0.7058	-0.0980878	0.0362566	0.70065	0.575889	0.460634	0.208735	0.642338	0.591445	0.494847	0.304823	0.558929	-0.746227	0.0275756	0.644495	-0.164349	-0.66401	-0.105823	0.739725	0.0264423	0.179661	0.748152	-0.0813308	0.633542	-0.241902	0.75465	0.00660771	0.609871	
-0.55145	0.470748	0.408874	0.554186	1	0	0	0	-0.725946	0.276766	0.336902	-0.531884	-0.7058	-0.0980878	0.0362566	0.70065	0.574308	0.462322	0.209355	0.642339	0.589242	0.49649	0.305073	0.559663	-0.744259	0.0219524	0.6485	-0.158251	-0.666831	-0.102093	0.737828	0.0228754	0.172909	0.750531	-0.0867469	0.631886	-0.239742	0.753271	0.0108632	0.612363	
-0.550781	0.472258	0.409792	0.552887	1	0	0	0	-0.725937	0.276399	0.338044	-0.531361	-0.705084	-0.101779	0.0347104	0.700923	0.572753	0.463854	0.209746	0.642495	0.587146	0.497908	0.305054	0.560615	-0.74218	0.0158061	0.652425	-0.152516	-0.6724	-0.0949042	0.733933	0.0146644	0.159089	0.754799	-0.0964742	0.629016	-0.237233	0.751951	0.0151392	0.614867	
-0.550144	0.473756	0.410686	0.551574	1	0	0	0	-0.725926	0.275848	0.339179	-0.53094	-0.704518	-0.103727	0.0341154	0.701235	0.571318	0.465035	0.209789	0.642905	0.585365	0.498803	0.304827	0.561804	-0.740052	0.00937101	0.656238	-0.146925	-0.6724	-0.0949042	0.733933	0.0146644	0.159089	0.754799	-0.0964742	0.629016	-0.234507	0.750594	0.0192848	0.617449	
-0.549549	0.475195	0.41147	0.550343	1	0	0	0	-0.725919	0.275137	0.340385	-0.530545	-0.704518	-0.103727	0.0341154	0.701235	0.569943	0.465872	0.209484	0.643618	0.583893	0.499398	0.304483	0.562993	-0.737834	0.00260223	0.659952	-0.141623	-0.675192	-0.0910674	0.731922	0.010572	0.151459	0.757081	-0.100181	0.627576	-0.231563	0.749228	0.0230996	0.620082	
-0.548987	0.476529	0.412233	0.549179	1	0	0	0	-0.725975	0.274278	0.341751	-0.530036	-0.703263	-0.108568	0.0335318	0.70179	0.56847	0.466545	0.20913	0.644548	0.582479	0.500169	0.30438	0.563828	-0.735363	-0.00386211	0.66382	-0.13627	-0.678103	-0.0869866	0.729767	0.0070053	0.143337	0.759102	-0.103155	0.62656	-0.228455	0.747786	0.0266911	0.622826	
-0.548556	0.477653	0.412986	0.548066	1	0	0	0	-0.726047	0.273546	0.343411	-0.529242	-0.702595	-0.111664	0.033185	0.701991	0.566757	0.467364	0.209015	0.6455	0.581005	0.501334	0.304434	0.564285	-0.732754	-0.0100894	0.667677	-0.131063	-0.681017	-0.0828631	0.727555	0.00371125	0.135167	0.761133	-0.106082	0.625422	-0.225178	0.746325	0.0302958	0.6256	
-0.54806	0.478787	0.413763	0.546986	1	0	0	0	-0.726028	0.273141	0.345461	-0.528142	-0.702595	-0.111664	0.033185	0.701991	0.564953	0.468479	0.20915	0.646229	0.579453	0.5026	0.304248	0.564855	-0.729911	-0.0163431	0.671596	-0.126184	-0.683812	-0.0788694	0.725383	0.000263658	0.127447	0.762932	-0.109225	0.624309	-0.221965	0.744754	0.0339901	0.628425	
-0.547608	0.479837	0.41457	0.545906	1	0	0	0	-0.725982	0.272766	0.347798	-0.526864	-0.701813	-0.115083	0.0325261	0.702251	0.563367	0.469597	0.209109	0.646815	0.577756	0.503377	0.303664	0.566214	-0.727063	-0.0229134	0.675286	-0.121828	-0.686476	-0.0751073	0.723256	-0.00316833	0.127447	0.762932	-0.109225	0.624309	-0.218661	0.743286	0.0376318	0.631108	
-0.547137	0.480911	0.415389	0.54481	1	0	0	0	-0.726056	0.271927	0.350328	-0.525518	-0.699638	-0.122899	0.0305104	0.703186	0.562001	0.470537	0.20839	0.647552	0.576002	0.503917	0.302717	0.568025	-0.724484	-0.0296479	0.678451	-0.118101	-0.688961	-0.0715208	0.721232	-0.00644435	0.113182	0.765612	-0.115992	0.622554	-0.214968	0.742004	0.0409066	0.633676	
-0.546656	0.481972	0.416099	0.543812	1	0	0	0	-0.726262	0.270443	0.353115	-0.524132	-0.698219	-0.127673	0.0292601	0.703799	0.560622	0.471494	0.207113	0.64846	0.571678	0.505686	0.301091	0.571673	-0.721899	-0.0356013	0.681572	-0.114258	-0.693103	-0.0654284	0.717747	-0.0129127	0.100177	0.766151	-0.124305	0.622515	-0.210961	0.740897	0.0439353	0.63611	
-0.54609	0.483039	0.416832	0.542872	1	0	0	0	-0.726554	0.268425	0.356396	-0.522541	-0.698219	-0.127673	0.0292601	0.703799	0.558899	0.472831	0.205693	0.649425	0.571678	0.505686	0.301091	0.571673	-0.719497	-0.041256	0.684369	-0.110733	-0.693103	-0.0654284	0.717747	-0.0129127	0.100177	0.766151	-0.124305	0.622515	-0.206824	0.739946	0.0468166	0.638367	
-0.545376	0.484162	0.417678	0.541938	1	0	0	0	-0.72699	0.265813	0.360235	-0.520635	-0.696528	-0.133508	0.0281101	0.704439	0.556526	0.474727	0.204222	0.650543	0.5692	0.507249	0.300552	0.573043	-0.717519	-0.046644	0.686672	-0.10711	-0.694838	-0.0629487	0.716221	-0.0162947	0.093883	0.765942	-0.128337	0.622936	-0.202637	0.739102	0.0497501	0.640462	
-0.54447	0.485403	0.418552	0.541065	1	0	0	0	-0.727451	0.263219	0.365332	-0.517748	-0.694685	-0.140605	0.0269538	0.704923	0.55318	0.477287	0.202667	0.652008	0.566377	0.509881	0.300594	0.573482	-0.715246	-0.051965	0.689264	-0.103143	-0.696459	-0.0603784	0.714784	-0.0195778	0.0882389	0.765783	-0.132854	0.623009	-0.198429	0.738403	0.0526766	0.642349	
-0.543384	0.486792	0.419311	0.54032	1	0	0	0	-0.727877	0.260788	0.371579	-0.513919	-0.692837	-0.148968	0.0252341	0.705087	0.548421	0.481046	0.201387	0.653661	0.562847	0.514666	0.301115	0.572409	-0.712847	-0.0566913	0.692001	-0.0988385	-0.697978	-0.0574549	0.713467	-0.0221402	0.0830759	0.765449	-0.137822	0.62305	-0.194295	0.737739	0.0555908	0.644127	
-0.542153	0.488278	0.419903	0.539756	1	0	0	0	-0.72852	0.25851	0.37827	-0.509258	-0.688819	-0.167543	0.0179773	0.705078	0.542313	0.48619	0.200708	0.655158	0.558342	0.521179	0.301617	0.570661	-0.710823	-0.0607187	0.694356	-0.0944134	-0.699296	-0.0546612	0.712325	-0.024301	0.0785064	0.765076	-0.143755	0.62276	-0.190248	0.73714	0.0586368	0.645749	
-0.540756	0.48984	0.420486	0.539287	1	0	0	0	-0.729642	0.255753	0.384997	-0.503975	-0.688819	-0.167543	0.0179773	0.705078	0.534805	0.492219	0.200626	0.656851	0.553464	0.527965	0.301334	0.569323	-0.709155	-0.0639448	0.69637	-0.0898783	-0.700394	-0.0523683	0.711336	-0.0265731	0.0741319	0.764182	-0.149708	0.622992	-0.186289	0.736623	0.061746	0.647202	
-0.539326	0.49137	0.421142	0.538815	1	0	0	0	-0.731424	0.252069	0.391711	-0.498038	-0.686667	-0.17736	0.0123065	0.704897	0.526192	0.498698	0.199958	0.65912	0.548693	0.534585	0.300155	0.568386	-0.707032	-0.0673062	0.698742	-0.0856513	-0.701317	-0.0508049	0.710431	-0.0293337	0.0696624	0.763189	-0.155155	0.623392	-0.182421	0.736286	0.0647493	0.648393	
-0.537967	0.492862	0.421755	0.538332	1	0	0	0	-0.733667	0.24725	0.39865	-0.491607	-0.684384	-0.187721	0.00502214	0.704524	0.516496	0.50558	0.198374	0.662018	0.54362	0.541974	0.298567	0.567098	-0.704868	-0.0706787	0.701044	-0.0818707	-0.702062	-0.0494586	0.709673	-0.0320478	0.0652701	0.762464	-0.160252	0.623464	-0.17846	0.735984	0.0674595	0.64956	
-0.536683	0.494347	0.42237	0.537769	1	0	0	0	-0.736125	0.241106	0.405738	-0.485143	-0.681821	-0.198811	-0.00426736	0.703972	0.505662	0.513421	0.19617	0.664998	0.536967	0.550938	0.296441	0.565912	-0.703026	-0.0734677	0.70307	-0.0777818	-0.702722	-0.0483509	0.708976	-0.0345995	0.0610876	0.761914	-0.165323	0.623236	-0.174441	0.735825	0.0699323	0.65057	
-0.535451	0.495777	0.42304	0.537153	1	0	0	0	-0.739261	0.232728	0.412128	-0.479042	-0.675547	-0.21974	-0.0294811	0.703194	0.494054	0.522454	0.193721	0.667402	0.528399	0.560809	0.292329	0.56642	-0.701592	-0.0754003	0.704792	-0.0731568	-0.70418	-0.0463809	0.707413	-0.039316	0.057334	0.761134	-0.169843	0.623331	-0.170575	0.735797	0.0722951	0.651368	
-0.534192	0.497266	0.423856	0.536386	1	0	0	0	-0.742911	0.223157	0.418894	-0.472029	-0.671962	-0.229868	-0.0439638	0.702634	0.482107	0.531732	0.190515	0.66973	0.518767	0.569951	0.285165	0.56984	-0.700015	-0.0775523	0.706573	-0.0686963	-0.70418	-0.0463809	0.707413	-0.039316	0.0527103	0.760183	-0.173174	0.623982	-0.167036	0.735909	0.0747129	0.651885	
-0.53304	0.498709	0.424836	0.535419	1	0	0	0	-0.746814	0.212469	0.426206	-0.464192	-0.671962	-0.229868	-0.0439638	0.702634	0.470149	0.540397	0.184858	0.672873	0.508698	0.577868	0.275295	0.575767	-0.698236	-0.0803245	0.708413	-0.0645422	-0.704893	-0.0453685	0.706628	-0.0417689	0.0474894	0.759798	-0.175582	0.624198	-0.164017	0.736037	0.0773854	0.652196	
-0.532103	0.50001	0.425912	0.53428	1	0	0	0	-0.750952	0.201125	0.433946	-0.455314	-0.662537	-0.255327	-0.0723266	0.700444	0.458201	0.548402	0.17588	0.677033	0.498244	0.58528	0.264472	0.582456	-0.696486	-0.083153	0.710171	-0.0604128	-0.705571	-0.0442162	0.705898	-0.0438467	0.0420259	0.759554	-0.177125	0.624451	-0.161481	0.736088	0.0801888	0.652432	
-0.531254	0.501274	0.4269	0.533151	1	0	0	0	-0.754852	0.190009	0.442946	-0.444853	-0.662537	-0.255327	-0.0723266	0.700444	0.445373	0.556659	0.165213	0.681527	0.486742	0.593621	0.253928	0.588402	-0.694685	-0.0863269	0.711856	-0.0567529	-0.706209	-0.0432765	0.70519	-0.0458536	0.0367935	0.759398	-0.178124	0.624687	-0.159163	0.736188	0.0826891	0.652577	
-0.530452	0.502453	0.427753	0.532155	1	0	0	0	-0.757833	0.179626	0.453775	-0.433027	-0.656063	-0.271618	-0.0866785	0.698778	0.430939	0.566706	0.155132	0.684887	0.473408	0.603012	0.243323	0.594185	-0.692517	-0.0900352	0.713737	-0.0537879	-0.706873	-0.0425521	0.704417	-0.0481303	0.0317121	0.75888	-0.178326	0.625535	-0.15681	0.736263	0.0845211	0.652827	
-0.529778	0.503489	0.428515	0.531234	1	0	0	0	-0.759803	0.170006	0.465599	-0.420731	-0.638358	-0.306171	-0.11881	0.696162	0.415316	0.577834	0.146518	0.687134	0.45861	0.612389	0.231706	0.600807	-0.692517	-0.0900352	0.713737	-0.0537879	-0.708265	-0.0419004	0.702661	-0.0535892	0.0265669	0.758768	-0.177884	0.626038	-0.154295	0.736264	0.0856719	0.653275	
-0.52919	0.504407	0.429222	0.530378	1	0	0	0	-0.76138	0.160549	0.477591	-0.40796	-0.638358	-0.306171	-0.11881	0.696162	0.399546	0.588616	0.137613	0.689172	0.442707	0.621471	0.219404	0.607986	-0.688196	-0.0981373	0.717244	-0.0481268	-0.708265	-0.0419004	0.702661	-0.0535892	0.0218938	0.758993	-0.177614	0.626022	-0.15182	0.736201	0.0863749	0.653834	
-0.528827	0.505023	0.430139	0.52941	1	0	0	0	-0.762947	0.149916	0.489633	-0.394584	-0.627926	-0.322413	-0.135544	0.69526	0.383505	0.599371	0.127601	0.690939	0.425089	0.630861	0.208021	0.614851	-0.686287	-0.102108	0.718706	-0.0452379	-0.709114	-0.0417604	0.701595	-0.0563656	0.0181536	0.758754	-0.177668	0.626416	-0.149913	0.736057	0.0871715	0.65433	
-0.528641	0.505384	0.431132	0.528442	1	0	0	0	-0.76414	0.138655	0.50208	-0.380499	-0.60395	-0.356557	-0.168624	0.692587	0.366365	0.61119	0.117593	0.691662	0.405007	0.641131	0.198132	0.621019	-0.684117	-0.106508	0.720287	-0.042731	-0.71126	-0.0407949	0.69905	-0.0614241	0.0152507	0.758165	-0.177837	0.627158	-0.149132	0.735787	0.0885101	0.654632	
-0.528674	0.505357	0.432214	0.527551	1	0	0	0	-0.764473	0.128104	0.515094	-0.365854	-0.590208	-0.373786	-0.186282	0.690824	0.347114	0.624457	0.109447	0.691077	0.383127	0.651697	0.188318	0.626929	-0.682277	-0.111281	0.721435	-0.0405659	-0.712509	-0.0398308	0.697643	-0.063554	0.0130652	0.758031	-0.177932	0.627342	-0.149292	0.735527	0.0902308	0.654652	
-0.528843	0.505051	0.43339	0.526709	1	0	0	0	-0.764058	0.117783	0.528077	-0.351394	-0.590208	-0.373786	-0.186282	0.690824	0.32664	0.638245	0.103585	0.689362	0.36052	0.661195	0.176197	0.633878	-0.680366	-0.116105	0.722589	-0.0385558	-0.712509	-0.0398308	0.697643	-0.063554	0.0113155	0.758036	-0.177783	0.627413	-0.150052	0.735232	0.0919649	0.654569	
-0.529234	0.504404	0.434588	0.525948	1	0	0	0	-0.764058	0.117783	0.528077	-0.351394	-0.575937	-0.389852	-0.204878	0.688721	0.307059	0.65067	0.0981514	0.687539	0.338272	0.668424	0.161084	0.642521	-0.678112	-0.12066	0.724069	-0.0364629	-0.713787	-0.0384603	0.69624	-0.0654036	0.00968077	0.757734	-0.177099	0.627997	-0.15089	0.73501	0.0930871	0.654468	
-0.52991	0.503483	0.435852	0.525103	1	0	0	0	-0.761658	0.0940573	0.552938	-0.324484	-0.548206	-0.417635	-0.243298	0.682538	0.288944	0.661796	0.0911334	0.685734	0.317065	0.673238	0.144991	0.652072	-0.676443	-0.124789	0.725025	-0.0345177	-0.716596	-0.0348684	0.693328	-0.067601	0.00837211	0.757425	-0.176373	0.628593	-0.151304	0.73487	0.0929315	0.654551	
-0.530911	0.502334	0.437053	0.524193	1	0	0	0	-0.759573	0.0821004	0.565857	-0.310023	-0.535022	-0.430434	-0.261365	0.678355	0.271611	0.672973	0.0825413	0.683024	0.295428	0.676894	0.130558	0.661431	-0.675097	-0.128456	0.725716	-0.0328538	-0.716596	-0.0348684	0.693328	-0.067601	0.00718653	0.757269	-0.175668	0.628993	-0.15125	0.734709	0.0916676	0.654923	
-0.532209	0.501103	0.438089	0.523189	1	0	0	0	-0.756933	0.0709297	0.57919	-0.294213	-0.535022	-0.430434	-0.261365	0.678355	0.252731	0.684947	0.0755329	0.679168	0.271491	0.680893	0.119458	0.669632	-0.67397	-0.130506	0.726482	-0.0309416	-0.71797	-0.0328537	0.69203	-0.0673294	0.00642925	0.757047	-0.175329	0.629363	-0.150947	0.734711	0.0899529	0.655227	
-0.533553	0.500012	0.438719	0.522336	1	0	0	0	-0.754104	0.0604956	0.592263	-0.277294	-0.508563	-0.457892	-0.289939	0.669054	0.232477	0.696541	0.0709268	0.675096	0.245329	0.685484	0.111608	0.676364	-0.673879	-0.130995	0.72654	-0.0294517	-0.719953	-0.0287928	0.690362	-0.0651055	0.00591811	0.756884	-0.175207	0.629598	-0.150524	0.734917	0.0881139	0.655344	
-0.534597	0.499254	0.43873	0.521985	1	0	0	0	-0.751472	0.0507222	0.604525	-0.259359	-0.494841	-0.473013	-0.29991	0.664413	0.211026	0.706415	0.069217	0.672053	0.218247	0.689894	0.105695	0.682088	-0.674313	-0.129682	0.726449	-0.0274975	-0.719953	-0.0287928	0.690362	-0.0651055	0.00575355	0.757031	-0.175461	0.629353	-0.150433	0.734862	0.0864989	0.655641	
-0.535075	0.498905	0.438152	0.522313	1	0	0	0	-0.749188	0.0432261	0.615867	-0.239909	-0.494841	-0.473013	-0.29991	0.664413	0.189636	0.71366	0.0689085	0.670805	0.192067	0.69299	0.100454	0.687593	-0.674956	-0.126568	0.726508	-0.0245265	-0.720507	-0.027605	0.689951	-0.0638444	0.0062066	0.757122	-0.176193	0.629034	-0.150534	0.734717	0.0854279	0.655921	
-0.534926	0.498876	0.437349	0.523166	1	0	0	0	-0.747529	0.0373395	0.625537	-0.220249	-0.465484	-0.504088	-0.312609	0.656883	0.1682	0.718866	0.0694183	0.670911	0.167536	0.694549	0.0957905	0.693078	-0.675963	-0.123179	0.726241	-0.0217878	-0.721449	-0.0272903	0.689167	-0.0617729	0.00676397	0.757564	-0.177314	0.62818	-0.15093	0.734538	0.0851914	0.656062	
-0.534277	0.499064	0.436624	0.524255	1	0	0	0	-0.746654	0.0321943	0.633338	-0.200884	-0.450938	-0.517578	-0.31758	0.654149	0.146661	0.723169	0.0708845	0.671188	0.144007	0.695124	0.0924203	0.698229	-0.677265	-0.120178	0.725594	-0.0195573	-0.721449	-0.0272903	0.689167	-0.0617729	0.00683388	0.758201	-0.178232	0.627151	-0.151598	0.734112	0.0857456	0.656311	
-0.533438	0.499404	0.436008	0.525297	1	0	0	0	-0.745842	0.0277221	0.640346	-0.181408	-0.450938	-0.517578	-0.31758	0.654149	0.125279	0.726293	0.0728679	0.671933	0.12042	0.694799	0.0904905	0.703253	-0.678477	-0.118066	0.724849	-0.0179863	-0.721797	-0.0279428	0.688816	-0.0613251	0.00639436	0.758693	-0.178885	0.626374	-0.152225	0.733659	0.0866976	0.656548	
-0.532788	0.499709	0.435529	0.526063	1	0	0	0	-0.744878	0.0241536	0.64676	-0.162097	-0.420586	-0.54311	-0.319422	0.65277	0.104342	0.728034	0.0753386	0.673353	0.0967186	0.693544	0.0898596	0.708215	-0.679215	-0.117265	0.724303	-0.0173707	-0.722156	-0.0290888	0.688433	-0.0608653	0.0052136	0.759274	-0.178958	0.62566	-0.152922	0.733116	0.0877619	0.656851	
-0.532513	0.499845	0.435293	0.526408	1	0	0	0	-0.744137	0.0226335	0.652198	-0.14278	-0.420586	-0.54311	-0.319422	0.65277	0.0842734	0.728994	0.0778369	0.674839	0.0733632	0.691231	0.0900948	0.713233	-0.679386	-0.117752	0.724057	-0.0176194	-0.722156	-0.0290888	0.688433	-0.0608653	0.00337072	0.75966	-0.178328	0.625383	-0.153637	0.732514	0.0889711	0.657194	
-0.532616	0.499809	0.435308	0.526325	1	0	0	0	-0.743908	0.023234	0.656294	-0.123853	-0.387891	-0.566512	-0.311944	0.656731	0.0662774	0.729408	0.0793763	0.676218	0.050783	0.687833	0.0908965	0.718362	-0.679216	-0.118545	0.72408	-0.01794	-0.722378	-0.0292806	0.688214	-0.0606097	0.00145449	0.759793	-0.177261	0.625533	-0.15446	0.731844	0.0903103	0.657564	
-0.533006	0.499655	0.435551	0.525875	1	0	0	0	-0.744139	0.0260305	0.659111	-0.105607	-0.387891	-0.566512	-0.311944	0.656731	0.05023	0.729456	0.0803001	0.677439	0.0293418	0.683542	0.0920173	0.723493	-0.678883	-0.11954	0.724219	-0.0182917	-0.722684	-0.0291466	0.687921	-0.0603632	-0.000352789	0.759798	-0.176019	0.625879	-0.155245	0.731139	0.0914447	0.658006	
-0.533543	0.499451	0.435705	0.525396	1	0	0	0	-0.744534	0.0307293	0.660998	-0.0883583	-0.371957	-0.57636	-0.305802	0.66026	0.0361116	0.729199	0.0809524	0.678537	0.0094578	0.678603	0.0931187	0.728518	-0.678883	-0.11954	0.724219	-0.0182917	-0.722813	-0.0290788	0.687794	-0.0602944	-0.00161869	0.759911	-0.174913	0.62605	-0.155946	0.730619	0.0922449	0.658307	
-0.534033	0.499307	0.43574	0.525006	1	0	0	0	-0.744817	0.0367728	0.662309	-0.0723976	-0.356679	-0.584329	-0.298886	0.664836	0.0235596	0.728409	0.0816687	0.679849	-0.00851308	0.673313	0.0940097	0.733307	-0.678082	-0.121185	0.724679	-0.0189623	-0.722834	-0.0292802	0.687761	-0.0603179	-0.00218072	0.75993	-0.174163	0.626233	-0.156409	0.730371	0.0925496	0.658429	
-0.534319	0.499346	0.435688	0.524722	1	0	0	0	-0.744921	0.0439539	0.663181	-0.0578979	-0.342063	-0.590628	-0.291315	0.670289	0.0123032	0.72717	0.0828783	0.681325	-0.0242504	0.667966	0.0947346	0.737739	-0.678082	-0.121185	0.724679	-0.0189623	-0.722749	-0.0294968	0.687842	-0.0603119	-0.002262	0.759923	-0.173705	0.626369	-0.156724	0.730211	0.0925065	0.658538	
-0.534425	0.499525	0.435483	0.524613	1	0	0	0	-0.744941	0.0519482	0.663577	-0.045066	-0.327956	-0.595516	-0.282828	0.676619	0.00220866	0.72535	0.084547	0.683165	-0.0376721	0.662824	0.0955034	0.741704	-0.678076	-0.120921	0.724722	-0.0192245	-0.722592	-0.0296403	0.688005	-0.0602577	-0.00193107	0.759647	-0.173649	0.626721	-0.156898	0.730103	0.0922875	0.658646	
-0.534224	0.499929	0.435137	0.52472	1	0	0	0	-0.744719	0.0602492	0.66377	-0.0342551	-0.313911	-0.599352	-0.273237	0.683797	-0.00683509	0.723183	0.0866381	0.685167	-0.0488409	0.6581	0.0965073	0.745121	-0.678076	-0.120921	0.724722	-0.0192245	-0.722454	-0.0296341	0.688156	-0.0601951	-0.00111924	0.759187	-0.17408	0.627161	-0.156946	0.729943	0.0919273	0.658863	
-0.533736	0.500511	0.434711	0.525015	1	0	0	0	-0.744208	0.0677837	0.663989	-0.0260553	-0.300072	-0.602143	-0.262772	0.691615	-0.0150789	0.720743	0.0892779	0.687264	-0.0580663	0.653927	0.0980661	0.747924	-0.677762	-0.11994	0.725167	-0.0196493	-0.722333	-0.0294344	0.688301	-0.0600801	-0.000200502	0.758708	-0.174836	0.62753	-0.156899	0.72977	0.091556	0.659117	
-0.533076	0.501208	0.43422	0.525427	1	0	0	0	-0.743626	0.0739252	0.664168	-0.0208948	-0.287195	-0.603661	-0.252448	0.699559	-0.0224026	0.718211	0.0921906	0.689327	-0.0657753	0.650388	0.100564	0.750037	-0.677429	-0.119307	0.725579	-0.0197733	-0.72223	-0.0290723	0.688447	-0.0598235	0.000478366	0.758241	-0.175446	0.627924	-0.156817	0.729627	0.0912272	0.659341	
-0.532321	0.501946	0.433769	0.52586	1	0	0	0	-0.743151	0.078374	0.664253	-0.0187809	-0.267311	-0.602356	-0.235065	0.714462	-0.0287064	0.715677	0.0952945	0.691305	-0.0723135	0.647495	0.10433	0.751423	-0.677429	-0.119307	0.725579	-0.0197733	-0.722145	-0.0285273	0.688587	-0.0594963	0.00119736	0.757817	-0.175946	0.628295	-0.156945	0.729428	0.0911693	0.659539	
-0.531545	0.502761	0.433427	0.526149	1	0	0	0	-0.742818	0.0812681	0.664261	-0.0193514	-0.267311	-0.602356	-0.235065	0.714462	-0.0340471	0.713336	0.0986134	0.693014	-0.0777214	0.645246	0.109195	0.752126	-0.677139	-0.117677	0.726119	-0.0196281	-0.722052	-0.0279039	0.688732	-0.0592429	0.00194681	0.7576	-0.176322	0.628449	-0.157211	0.729282	0.0913774	0.659608	
-0.530835	0.503571	0.433182	0.526293	1	0	0	0	-0.742739	0.082836	0.664072	-0.0220039	-0.26066	-0.600131	-0.228102	0.721019	-0.0383704	0.711114	0.101922	0.694591	-0.0818955	0.643563	0.114798	0.752291	-0.677059	-0.116647	0.726367	-0.019369	-0.721944	-0.0272045	0.688898	-0.0589583	0.00264214	0.757522	-0.176517	0.628486	-0.157507	0.729195	0.091597	0.659603	
-0.530218	0.504384	0.432947	0.526329	1	0	0	0	-0.743125	0.0836431	0.663391	-0.0260909	-0.254171	-0.593641	-0.217531	0.731893	-0.0416757	0.709078	0.105158	0.695998	-0.0846962	0.642438	0.120844	0.751995	-0.676978	-0.115561	0.726621	-0.0191989	-0.721846	-0.0264401	0.689055	-0.0586797	0.0030325	0.75732	-0.176292	0.628791	-0.15773	0.729186	0.0916653	0.65955	
-0.529662	0.505197	0.43271	0.526304	1	0	0	0	-0.743955	0.0842987	0.66218	-0.0307063	-0.254171	-0.593641	-0.217531	0.731893	-0.0436959	0.707362	0.107975	0.697188	-0.0860828	0.641872	0.127143	0.751282	-0.676898	-0.11459	0.726849	-0.0192232	-0.721808	-0.0257162	0.689141	-0.0584527	0.0034538	0.756979	-0.175815	0.629333	-0.157801	0.729236	0.0914995	0.659501	
-0.529134	0.505985	0.432517	0.526236	1	0	0	0	-0.745303	0.0850321	0.660335	-0.0353536	-0.256149	-0.585963	-0.209854	0.739592	-0.0443617	0.706039	0.110148	0.698146	-0.086038	0.641843	0.1336	0.750191	-0.676849	-0.113817	0.727011	-0.0194062	-0.721834	-0.0249627	0.689155	-0.0582902	0.0039536	0.756544	-0.175319	0.629991	-0.157833	0.7292	0.0913295	0.659557	
-0.528806	0.506613	0.432444	0.526023	1	0	0	0	-0.747059	0.0860489	0.657972	-0.0396379	-0.258698	-0.582413	-0.205557	0.742709	-0.0436687	0.70503	0.111929	0.698926	-0.0846875	0.642302	0.140147	0.748755	-0.676867	-0.112945	0.72713	-0.0194176	-0.721836	-0.0243766	0.68917	-0.0583386	0.00456718	0.756315	-0.175006	0.630349	-0.157671	0.729247	0.0911111	0.659574	
-0.528646	0.506975	0.432505	0.525784	1	0	0	0	-0.748948	0.0873091	0.655413	-0.0434458	-0.258698	-0.582413	-0.205557	0.742709	-0.0419301	0.704471	0.113563	0.699333	-0.0824221	0.643213	0.14706	0.746898	-0.676888	-0.112165	0.727233	-0.0193452	-0.721777	-0.0239392	0.689233	-0.058507	0.00526557	0.756084	-0.174922	0.630643	-0.157422	0.729261	0.0909528	0.65964	
-0.528676	0.507065	0.432574	0.525611	1	0	0	0	-0.750809	0.0884376	0.652881	-0.0470219	-0.265335	-0.57641	-0.194972	0.747887	-0.0395444	0.704429	0.115188	0.699248	-0.0795808	0.644587	0.154499	0.744516	-0.676982	-0.111633	0.727226	-0.019375	-0.721569	-0.0233667	0.689417	-0.0591316	0.00585722	0.75577	-0.174819	0.631043	-0.157158	0.729295	0.0910375	0.659653	
-0.528856	0.506941	0.432651	0.525485	1	0	0	0	-0.752543	0.0897056	0.650459	-0.0503444	-0.265335	-0.57641	-0.194972	0.747887	-0.0366247	0.704706	0.116734	0.698871	-0.076156	0.646411	0.162358	0.741615	-0.677031	-0.111345	0.727219	-0.0195708	-0.721569	-0.0233667	0.689417	-0.0591316	0.00644631	0.755488	-0.174811	0.631377	-0.156916	0.729298	0.0912814	0.659674	
-0.529106	0.506699	0.432749	0.525387	1	0	0	0	-0.75411	0.0911033	0.64819	-0.0535508	-0.269008	-0.574164	-0.188515	0.749955	-0.0331902	0.705279	0.118108	0.698234	-0.0719171	0.648659	0.170384	0.738267	-0.677006	-0.111347	0.727233	-0.0199183	-0.721423	-0.0231776	0.68954	-0.0595512	0.00699923	0.755131	-0.17481	0.631799	-0.156645	0.729308	0.0916611	0.659674	
-0.529416	0.506347	0.43284	0.52534	1	0	0	0	-0.755475	0.0928918	0.646096	-0.0564705	-0.272751	-0.572455	-0.181346	0.751675	-0.029179	0.706101	0.11922	0.697392	-0.0667385	0.651332	0.178303	0.734521	-0.676926	-0.111508	0.727269	-0.020417	-0.721272	-0.0230711	0.689654	-0.0601009	0.00749088	0.754922	-0.174721	0.632067	-0.156279	0.729338	0.0920364	0.659676	
-0.529791	0.505917	0.433072	0.525183	1	0	0	0	-0.756617	0.0947597	0.644239	-0.0592242	-0.280449	-0.570521	-0.165949	0.753867	-0.024819	0.707183	0.119993	0.696331	-0.0606707	0.654375	0.18601	0.730419	-0.676926	-0.111508	0.727269	-0.020417	-0.720915	-0.0231872	0.689913	-0.0613521	0.00776571	0.7549	-0.174526	0.632144	-0.155793	0.729382	0.0923739	0.659695	
-0.530235	0.505443	0.433403	0.52492	1	0	0	0	-0.757443	0.0966866	0.642744	-0.0617429	-0.284593	-0.570064	-0.158375	0.754288	-0.0199762	0.708426	0.120354	0.695161	-0.0538184	0.657751	0.193544	0.725953	-0.676826	-0.112596	0.727146	-0.0220531	-0.720915	-0.0231872	0.689913	-0.0613521	0.00784291	0.754909	-0.17414	0.632238	-0.155268	0.729423	0.0926743	0.659732	
-0.53072	0.504941	0.433718	0.524652	1	0	0	0	-0.757909	0.0983457	0.641702	-0.0642007	-0.284593	-0.570064	-0.158375	0.754288	-0.014893	0.709703	0.12014	0.694022	-0.0463273	0.661395	0.200917	0.72114	-0.676653	-0.113314	0.727167	-0.0230021	-0.7207	-0.0233136	0.690077	-0.0619807	0.00784435	0.754913	-0.173663	0.632365	-0.154793	0.72946	0.0929987	0.659756	
-0.531304	0.504354	0.433996	0.524395	1	0	0	0	-0.758054	0.0996044	0.641081	-0.0667012	-0.289066	-0.569781	-0.151374	0.754239	-0.00969842	0.711193	0.119371	0.69272	-0.0383907	0.66522	0.208133	0.716023	-0.676402	-0.11389	0.727283	-0.0238392	-0.720467	-0.0234976	0.690256	-0.0626191	0.00786951	0.754805	-0.173055	0.63266	-0.154337	0.729493	0.0934116	0.659768	
-0.531855	0.503793	0.434234	0.524179	1	0	0	0	-0.757859	0.100162	0.640932	-0.0694525	-0.293849	-0.569618	-0.145214	0.753725	-0.00449654	0.712751	0.118213	0.69137	-0.0301154	0.66919	0.215125	0.710633	-0.676402	-0.11389	0.727283	-0.0238392	-0.720192	-0.023702	0.690481	-0.0632295	0.00808416	0.754781	-0.172572	0.632819	-0.154337	0.729493	0.0934116	0.659768	
-0.53242	0.503187	0.434491	0.523975	1	0	0	0	-0.757373	0.0999701	0.641198	-0.0725073	-0.299002	-0.569508	-0.140106	0.752748	0.000677678	0.714386	0.11666	0.689959	-0.0215882	0.673253	0.221747	0.705048	-0.676419	-0.114719	0.727086	-0.0253544	-0.719909	-0.0239234	0.690716	-0.0637885	0.00815436	0.754929	-0.172057	0.632781	-0.153635	0.729545	0.0944391	0.659729	
-0.532952	0.502592	0.434879	0.523683	1	0	0	0	-0.756602	0.0991714	0.641856	-0.0757551	-0.310039	-0.569541	-0.133433	0.749463	0.00572818	0.716134	0.114838	0.688427	-0.0128158	0.677374	0.227756	0.699376	-0.676423	-0.115031	0.72701	-0.0260184	-0.71934	-0.0243394	0.691204	-0.0647645	0.00812676	0.755102	-0.17143	0.632745	-0.153357	0.729567	0.0950172	0.659685	
-0.533452	0.502048	0.435346	0.523308	1	0	0	0	-0.755635	0.0977934	0.642802	-0.0791034	-0.315718	-0.569693	-0.131792	0.747264	0.0106108	0.717751	0.112908	0.687002	-0.0038964	0.681475	0.233062	0.693728	-0.676251	-0.115408	0.727085	-0.0267034	-0.71934	-0.0243394	0.691204	-0.0647645	0.00814045	0.75517	-0.170837	0.632824	-0.15313	0.72956	0.0956036	0.659661	
-0.5339	0.501605	0.435767	0.522924	1	0	0	0	-0.754497	0.0958146	0.644003	-0.0825446	-0.321449	-0.56999	-0.131121	0.744708	0.0152874	0.719299	0.110951	0.685613	0.0136895	0.689195	0.241756	0.682918	-0.676055	-0.115765	0.727188	-0.0273306	-0.718788	-0.0248037	0.691679	-0.0656313	0.0082537	0.755336	-0.169942	0.632865	-0.152959	0.729501	0.0961997	0.65968	
