FULLBODY	1																																						
Frames:	143																																						
0.487238	0.511416	-0.510981	0.489848	0.492116	0.498221	-0.417668	0.578923	0.737641	0.190467	-0.60316	0.236233	0.716729	0.0263663	-0.667082	0.201508	0.113315	0.634485	-0.0449254	0.763263	0.250048	0.662229	-0.0151053	0.706188	0.708734	0.00834547	-0.70531	0.0128171	0.477916	0.539851	-0.519381	0.458695	0.0575711	0.736366	-0.125589	0.662327	0.441647	0.574852	-0.53669	0.431806
0.486363	0.510425	-0.515501	0.487007	0.475858	0.515219	-0.423022	0.573725	0.733788	0.212228	-0.597058	0.245023	0.710455	0.044329	-0.670029	0.210594	0.109149	0.635237	-0.0575383	0.762397	0.255017	0.664143	-0.0282727	0.702197	0.72311	0.00958493	-0.690666	-0.000853466	0.485443	0.545759	-0.517334	0.445934	0.0495371	0.738939	-0.130749	0.659106	0.432699	0.582733	-0.535024	0.432369
0.487179	0.509734	-0.515552	0.486862	0.476135	0.515225	-0.424099	0.572694	0.733951	0.21235	-0.59745	0.243467	0.710636	0.0442	-0.670349	0.208986	0.109977	0.635165	-0.0594126	0.762195	0.255414	0.664249	-0.0299515	0.701883	0.723234	0.00880161	-0.690545	-0.00150836	0.486008	0.545339	-0.517716	0.44539	0.0498347	0.739018	-0.131366	0.658872	0.431995	0.58343	-0.534549	0.43272
0.487768	0.509227	-0.51596	0.486371	0.476655	0.514962	-0.424959	0.57186	0.734291	0.211841	-0.598002	0.241524	0.710882	0.043725	-0.670762	0.206915	0.110781	0.635068	-0.0606036	0.762065	0.255995	0.664204	-0.0314031	0.701651	0.723321	0.00822482	-0.69046	-0.0021325	0.486488	0.545002	-0.51794	0.445018	0.0500555	0.73904	-0.131851	0.658734	0.431414	0.584058	-0.534175	0.432915
0.488212	0.508771	-0.516469	0.485861	0.477321	0.51443	-0.425741	0.571201	0.734491	0.211682	-0.598505	0.239805	0.711201	0.0433735	-0.671056	0.20493	0.111632	0.634956	-0.0615612	0.761958	0.25682	0.664078	-0.0322495	0.70143	0.723357	0.00788239	-0.690425	-0.00244324	0.486938	0.544651	-0.518117	0.444749	0.0504566	0.739074	-0.13268	0.658498	0.431152	0.584398	-0.533944	0.433002
0.488626	0.508333	-0.51684	0.48551	0.477842	0.514087	-0.426529	0.570486	0.734867	0.211176	-0.598907	0.238089	0.711563	0.0427859	-0.671294	0.203008	0.112245	0.634798	-0.0621807	0.761949	0.257804	0.663998	-0.0326091	0.701128	0.723439	0.00738088	-0.690343	-0.00290309	0.487044	0.544578	-0.518115	0.444725	0.0507589	0.739001	-0.13323	0.658446	0.430864	0.584708	-0.533736	0.433127
0.489085	0.507847	-0.517206	0.485165	0.478409	0.513701	-0.427285	0.569793	0.735223	0.210805	-0.598954	0.237197	0.711718	0.042322	-0.671575	0.201628	0.113342	0.634749	-0.0630313	0.761758	0.258989	0.663886	-0.0336122	0.70075	0.723424	0.00715044	-0.690361	-0.00305508	0.487329	0.544323	-0.518225	0.444596	0.0506045	0.738819	-0.132873	0.658734	0.430425	0.585058	-0.533557	0.43331
0.489963	0.507032	-0.517836	0.48446	0.479187	0.513115	-0.428154	0.569014	0.735975	0.21083	-0.597734	0.23792	0.710854	0.0419251	-0.672056	0.203149	0.116326	0.633739	-0.0650595	0.761978	0.261988	0.663825	-0.0370793	0.699517	0.723399	0.00660022	-0.69039	-0.00341243	0.487614	0.543977	-0.518369	0.44454	0.0507852	0.738577	-0.132945	0.658976	0.429947	0.585355	-0.533383	0.433598
0.490628	0.506417	-0.518266	0.483969	0.480627	0.512159	-0.428994	0.568028	0.736925	0.210237	-0.596684	0.238138	0.708177	0.0325373	-0.674135	0.207287	0.122229	0.630745	-0.0687331	0.763215	0.266467	0.662795	-0.0389195	0.698701	0.723356	0.00586106	-0.690438	-0.00404977	0.487842	0.543654	-0.518331	0.444729	0.0507852	0.738577	-0.132945	0.658976	0.430054	0.585185	-0.53383	0.433171
0.491146	0.505947	-0.518542	0.48364	0.481522	0.511534	-0.429696	0.567301	0.740899	0.204549	-0.594195	0.236983	0.705995	0.0252737	-0.675189	0.212254	0.125747	0.628511	-0.0691119	0.76445	0.269815	0.661152	-0.0388437	0.698977	0.723379	0.00547028	-0.690416	-0.0043363	0.487856	0.54354	-0.518202	0.445004	0.0509122	0.73808	-0.132862	0.65954	0.430211	0.584956	-0.534108	0.432981
0.492858	0.504508	-0.519293	0.482594	0.483678	0.509854	-0.431032	0.565965	0.745168	0.197835	-0.58973	0.240426	0.700893	0.00571269	-0.674895	0.230726	0.136792	0.62086	-0.0693726	0.768771	0.283068	0.653913	-0.0383269	0.700572	0.723264	0.00398131	-0.69054	-0.00527591	0.487999	0.543117	-0.518061	0.445527	0.0519028	0.737394	-0.133908	0.660019	0.430447	0.584491	-0.534601	0.432768
0.493916	0.503574	-0.519611	0.482147	0.484689	0.509165	-0.431687	0.56522	0.747675	0.192325	-0.587215	0.243253	0.697304	-0.00709067	-0.673966	0.243898	0.143982	0.615799	-0.0685559	0.771596	0.291336	0.649121	-0.0347855	0.701823	0.723228	0.00328393	-0.69058	-0.0055044	0.488135	0.542817	-0.51807	0.445732	0.0529215	0.737085	-0.13471	0.66012	0.430774	0.584059	-0.535145	0.432352
0.494849	0.502648	-0.519851	0.481896	0.485882	0.508488	-0.432367	0.564285	0.750904	0.184788	-0.584053	0.246736	0.693161	-0.0210849	-0.672203	0.259278	0.151121	0.609823	-0.0655769	0.775228	0.30171	0.643211	-0.0301838	0.703093	0.723175	0.00227424	-0.690636	-0.00594337	0.488337	0.542458	-0.518115	0.445896	0.0538402	0.736808	-0.135231	0.660248	0.430945	0.583794	-0.535509	0.432089
0.497214	0.500515	-0.519965	0.48156	0.488624	0.506304	-0.433162	0.56327	0.754113	0.176276	-0.580706	0.251039	0.682195	-0.0560026	-0.666573	0.295219	0.167109	0.595683	-0.0549278	0.783721	0.326616	0.628562	-0.0139269	0.705718	0.722986	8.74E-05	-0.690828	-0.00690946	0.488741	0.541686	-0.518336	0.446135	0.0544559	0.736647	-0.135624	0.660296	0.430891	0.583511	-0.535739	0.432241
0.499759	0.498362	-0.519913	0.481213	0.489859	0.505192	-0.433483	0.562949	0.760336	0.15496	-0.573928	0.261692	0.666831	-0.0942291	-0.656439	0.33992	0.182864	0.579608	-0.0347527	0.793352	0.340905	0.620418	-0.00230657	0.706301	0.722801	-0.00198843	-0.691013	-0.00749811	0.488872	0.541097	-0.518496	0.44652	0.0550636	0.736211	-0.135805	0.660695	0.43072	0.583323	-0.535987	0.432357
0.501115	0.49724	-0.519745	0.481146	0.492281	0.502717	-0.433896	0.562734	0.766597	0.130214	-0.565249	0.275439	0.657439	-0.114168	-0.649107	0.365239	0.191691	0.570985	-0.0236397	0.797918	0.374546	0.600809	0.025559	0.705755	0.722721	-0.00286927	-0.691091	-0.00769998	0.488835	0.540929	-0.518424	0.446848	0.0564494	0.735604	-0.136083	0.661197	0.430856	0.583082	-0.53629	0.432171
0.503524	0.495229	-0.519262	0.481226	0.494537	0.500364	-0.434122	0.562679	0.771162	0.104285	-0.554757	0.294411	0.634859	-0.155861	-0.63093	0.417837	0.210353	0.553941	0.000793395	0.805544	0.411817	0.578758	0.0596398	0.701348	0.722558	-0.0042681	-0.691251	-0.00795585	0.489045	0.540368	-0.518491	0.447218	0.0578186	0.735434	-0.136877	0.661104	0.431265	0.582555	-0.536849	0.43178
0.504602	0.494238	-0.518992	0.481407	0.496046	0.498753	-0.434061	0.562828	0.772163	0.0903272	-0.550264	0.304655	0.622498	-0.176691	-0.619474	0.444442	0.219547	0.545587	0.014233	0.80866	0.431356	0.566807	0.0787667	0.697466	0.722514	-0.0048672	-0.691293	-0.00794196	0.489082	0.540179	-0.518486	0.447412	0.0584869	0.735244	-0.137125	0.661205	0.431457	0.582366	-0.537122	0.431502
0.506726	0.492286	-0.518579	0.481621	0.498499	0.496145	-0.433749	0.563206	0.773981	0.0596154	-0.540474	0.324481	0.594939	-0.217485	-0.593385	0.49663	0.238606	0.529197	0.0422543	0.813162	0.4711	0.541737	0.117025	0.686215	0.722468	-0.0063084	-0.691325	-0.00830305	0.48917	0.539907	-0.518461	0.447675	0.0598084	0.735027	-0.137609	0.661228	0.431918	0.581999	-0.537792	0.430702
0.508844	0.490179	-0.517958	0.482205	0.500707	0.493674	-0.433146	0.563882	0.774955	0.0276567	-0.53118	0.34136	0.564534	-0.255776	-0.564536	0.545141	0.259731	0.513186	0.0660767	0.815361	0.511178	0.514984	0.153147	0.670846	0.722443	-0.00754096	-0.691333	-0.00884643	0.489585	0.539523	-0.518598	0.447524	0.0608004	0.734963	-0.138529	0.661017	0.432113	0.581975	-0.538011	0.430264
0.510336	0.488584	-0.517639	0.482589	0.503251	0.490777	-0.432805	0.564408	0.774812	-0.00165875	-0.520812	0.358355	0.532138	-0.290294	-0.533581	0.589788	0.281952	0.497004	0.0837686	0.816378	0.549909	0.488376	0.187277	0.651165	0.722511	-0.00842696	-0.691246	-0.00922519	0.489725	0.539427	-0.518635	0.447445	0.0614901	0.73482	-0.138996	0.661014	0.432299	0.582052	-0.538357	0.42954
0.511833	0.48699	-0.517486	0.48278	0.504229	0.489747	-0.432925	0.564338	0.774513	-0.0165044	-0.516377	0.364982	0.498971	-0.321751	-0.501918	0.628954	0.29283	0.489214	0.0904885	0.816537	0.567828	0.475599	0.204386	0.640003	0.722551	-0.00882141	-0.691196	-0.00953517	0.489814	0.539479	-0.518589	0.447336	0.0618784	0.734848	-0.139443	0.660852	0.432407	0.582174	-0.538508	0.429077
0.511833	0.48699	-0.517486	0.48278	0.504229	0.489747	-0.432925	0.564338	0.774513	-0.0165044	-0.516377	0.364982	0.498971	-0.321751	-0.501918	0.628954	0.29283	0.489214	0.0904885	0.816537	0.567828	0.475599	0.204386	0.640003	0.722551	-0.00882141	-0.691196	-0.00953517	0.489814	0.539479	-0.518589	0.447336	0.0618784	0.734848	-0.139443	0.660852	0.432407	0.582174	-0.538508	0.429077
0.512267	0.486494	-0.517236	0.483087	0.506201	0.48773	-0.433086	0.564196	0.773147	-0.0445989	-0.50797	0.377122	0.482727	-0.335877	-0.486554	0.646086	0.312661	0.475735	0.104392	0.815488	0.601291	0.44984	0.236739	0.61648	0.72261	-0.00903933	-0.691129	-0.00968744	0.48983	0.539529	-0.518608	0.447236	0.0623078	0.735031	-0.140085	0.660472	0.432482	0.582204	-0.538646	0.428787
0.513057	0.485629	-0.517333	0.483015	0.508453	0.485641	-0.43378	0.563439	0.77073	-0.0692783	-0.500776	0.387813	0.449229	-0.360774	-0.456699	0.677836	0.32771	0.463751	0.1202	0.814306	0.631232	0.425631	0.267031	0.590829	0.722704	-0.00952877	-0.691019	-0.0100891	0.489934	0.539596	-0.518781	0.446842	0.0627149	0.73506	-0.140643	0.660283	0.432543	0.58235	-0.53883	0.428295
0.513655	0.48499	-0.517517	0.482824	0.510364	0.483983	-0.435089	0.562126	0.767486	-0.0914072	-0.494748	0.397284	0.416135	-0.381049	-0.428535	0.705685	0.34111	0.453503	0.133219	0.812546	0.657285	0.403239	0.295863	0.563772	0.722728	-0.00969636	-0.690989	-0.0101622	0.489952	0.539615	-0.518824	0.446749	0.062947	0.735133	-0.141115	0.660079	0.432596	0.582442	-0.538932	0.42799
0.514368	0.484247	-0.518051	0.482239	0.511993	0.482432	-0.436159	0.561148	0.763891	-0.110067	-0.489827	0.405493	0.382226	-0.398219	-0.401567	0.7308	0.353921	0.445403	0.144479	0.809618	0.679247	0.382832	0.322205	0.536887	0.722789	-0.0106603	-0.690899	-0.0110117	0.490088	0.53949	-0.518951	0.446604	0.0632419	0.735047	-0.14172	0.660016	0.432765	0.582411	-0.539149	0.427587
0.514815	0.483798	-0.518764	0.481444	0.513389	0.481108	-0.437234	0.560173	0.761909	-0.118938	-0.488137	0.408742	0.34732	-0.413769	-0.37673	0.752488	0.363953	0.438665	0.156395	0.80663	0.698951	0.363442	0.345195	0.510115	0.722904	-0.0111889	-0.690759	-0.0116956	0.490211	0.539415	-0.518851	0.446674	0.0636806	0.73502	-0.142608	0.659813	0.432909	0.582301	-0.53932	0.427374
0.514973	0.483639	-0.519056	0.481122	0.514399	0.480529	-0.437614	0.559445	0.757068	-0.134277	-0.485727	0.415797	0.330005	-0.420549	-0.364659	0.762404	0.368796	0.436111	0.162471	0.804611	0.707396	0.355181	0.356366	0.496427	0.722895	-0.0113974	-0.690759	-0.0120499	0.490165	0.539455	-0.518715	0.446833	0.0637778	0.734979	-0.142922	0.659782	0.432871	0.582315	-0.539318	0.427396
0.515321	0.483414	-0.519492	0.480504	0.515182	0.47994	-0.438573	0.558479	0.75339	-0.147555	-0.483137	0.420963	0.296918	-0.430643	-0.341083	0.781056	0.377459	0.431338	0.172481	0.801076	0.722562	0.338891	0.377422	0.469692	0.72289	-0.0117064	-0.69075	-0.0125733	0.490124	0.53949	-0.518559	0.447018	0.0638399	0.734839	-0.143277	0.659855	0.432852	0.582317	-0.539336	0.427392
0.515391	0.483514	-0.519634	0.480174	0.515862	0.479594	-0.438973	0.557834	0.749705	-0.156931	-0.48013	0.427539	0.265898	-0.436487	-0.319191	0.798057	0.386678	0.425758	0.181446	0.797676	0.736312	0.323394	0.394773	0.444314	0.722927	-0.0117205	-0.690706	-0.0127961	0.489777	0.539839	-0.518161	0.447439	0.0635789	0.734827	-0.14319	0.659912	0.43258	0.582514	-0.539149	0.427634
0.515433	0.483791	-0.519361	0.480146	0.516569	0.47885	-0.439626	0.557305	0.747424	-0.16712	-0.476351	0.431878	0.23455	-0.438588	-0.299406	0.814238	0.396334	0.41974	0.187805	0.794649	0.749021	0.30849	0.409574	0.419584	0.72298	-0.0113391	-0.690656	-0.0128526	0.489395	0.540243	-0.517772	0.44782	0.0630467	0.73482	-0.14277	0.660061	0.432271	0.582712	-0.53887	0.428026
0.51548	0.484036	-0.519249	0.479968	0.516957	0.478333	-0.440013	0.557082	0.746197	-0.171906	-0.47435	0.434317	0.219406	-0.438768	-0.290837	0.821436	0.400368	0.416639	0.191358	0.79341	0.75552	0.300195	0.415649	0.407809	0.722962	-0.0111197	-0.690678	-0.0128561	0.489081	0.540605	-0.517425	0.448127	0.0627635	0.734793	-0.142602	0.660155	0.432177	0.582792	-0.538766	0.428145
0.515589	0.484007	-0.519305	0.479819	0.51789	0.47698	-0.440508	0.556985	0.745085	-0.176265	-0.472166	0.436851	0.192135	-0.437235	-0.274292	0.83467	0.408891	0.410127	0.197811	0.790869	0.767529	0.285046	0.426238	0.384668	0.722991	-0.0111544	-0.690646	-0.0129833	0.48902	0.540709	-0.517296	0.448216	0.0626873	0.73476	-0.142663	0.660186	0.431996	0.582913	-0.538697	0.42825
0.516005	0.483728	-0.519345	0.479611	0.518695	0.475639	-0.440896	0.557076	0.741598	-0.190983	-0.464997	0.444225	0.16647	-0.433527	-0.261541	0.846131	0.417105	0.404057	0.203565	0.78824	0.777974	0.269764	0.435445	0.363828	0.723046	-0.0116744	-0.690564	-0.0137526	0.489126	0.540743	-0.517241	0.448124	0.062755	0.734804	-0.143146	0.660025	0.431916	0.583009	-0.538683	0.428218
0.516463	0.48335	-0.519584	0.47924	0.519851	0.473751	-0.441692	0.556977	0.738234	-0.20016	-0.459895	0.451047	0.144949	-0.429771	-0.2505	0.855299	0.424112	0.399089	0.208834	0.78565	0.786351	0.258685	0.444056	0.342853	0.723138	-0.0120027	-0.690455	-0.014137	0.489034	0.541016	-0.517043	0.448123	0.0630607	0.734811	-0.14364	0.659882	0.431837	0.58317	-0.538723	0.428027
0.516895	0.48296	-0.519903	0.478821	0.520683	0.472111	-0.442711	0.556783	0.735117	-0.210127	-0.454933	0.456603	0.123411	-0.425918	-0.240538	0.863426	0.430065	0.394141	0.212084	0.784039	0.794137	0.246708	0.451463	0.323515	0.723167	-0.0120823	-0.690421	-0.0142239	0.489019	0.54111	-0.516997	0.448079	0.063072	0.734882	-0.143825	0.659761	0.431694	0.583415	-0.538607	0.427984
0.517004	0.482804	-0.520156	0.478586	0.521154	0.47128	-0.44309	0.556745	0.733288	-0.214954	-0.452891	0.459317	0.113495	-0.424395	-0.235868	0.866818	0.432299	0.392071	0.213497	0.783464	0.797612	0.240798	0.455295	0.313909	0.723233	-0.0119448	-0.690356	-0.0141083	0.488967	0.541246	-0.516927	0.448052	0.0629593	0.734934	-0.143861	0.659706	0.431647	0.583547	-0.538475	0.428018
0.517004	0.482804	-0.520156	0.478586	0.521154	0.47128	-0.44309	0.556745	0.733288	-0.214954	-0.452891	0.459317	0.113495	-0.424395	-0.235868	0.866818	0.432299	0.392071	0.213497	0.783464	0.797612	0.240798	0.455295	0.313909	0.723284	-0.0119996	-0.6903	-0.014225	0.488957	0.541396	-0.516838	0.447985	0.0629593	0.734934	-0.143861	0.659706	0.431647	0.583547	-0.538475	0.428018
0.517286	0.482257	-0.520978	0.477938	0.522117	0.469843	-0.443458	0.556764	0.729942	-0.224722	-0.449465	0.463322	0.0933996	-0.420504	-0.227703	0.873272	0.435649	0.388647	0.216923	0.782374	0.803888	0.228884	0.461949	0.296614	0.723352	-0.0119934	-0.690227	-0.0142734	0.48895	0.541555	-0.516698	0.447962	0.0624793	0.735114	-0.143809	0.659562	0.431287	0.584065	-0.537873	0.42843
0.517381	0.481704	-0.521512	0.477812	0.522963	0.468639	-0.443796	0.556715	0.726983	-0.23144	-0.446818	0.467211	0.0767814	-0.416175	-0.22126	0.878605	0.439113	0.385247	0.217437	0.781975	0.809213	0.21618	0.466007	0.285094	0.72344	-0.0115141	-0.690154	-0.0137352	0.488682	0.542069	-0.516335	0.44805	0.0622217	0.735093	-0.143398	0.659699	0.430771	0.584712	-0.537187	0.428927
0.518267	0.480334	-0.522096	0.477593	0.523548	0.467127	-0.444308	0.557028	0.724813	-0.235133	-0.445664	0.469832	0.0671198	-0.413461	-0.217808	0.881535	0.442628	0.382329	0.21888	0.781023	0.812379	0.211768	0.465265	0.280575	0.723503	-0.0115631	-0.690091	-0.0135846	0.48848	0.542468	-0.51614	0.448013	0.0615668	0.735325	-0.14283	0.659626	0.430105	0.585448	-0.536302	0.429698
0.518847	0.479352	-0.522481	0.477528	0.523679	0.465318	-0.445445	0.55751	0.722986	-0.235231	-0.446159	0.472123	0.0653383	-0.413155	-0.217721	0.881834	0.447881	0.380194	0.21801	0.779312	0.81372	0.2148	0.460439	0.282341	0.723571	-0.0116245	-0.69003	-0.0129449	0.488112	0.54287	-0.516056	0.448023	0.0613743	0.735344	-0.141962	0.65981	0.429697	0.585897	-0.535824	0.430091
0.518847	0.479352	-0.522481	0.477528	0.523679	0.465318	-0.445445	0.55751	0.722986	-0.235231	-0.446159	0.472123	0.0653383	-0.413155	-0.217721	0.881834	0.447881	0.380194	0.21801	0.779312	0.81372	0.2148	0.460439	0.282341	0.723571	-0.0116245	-0.69003	-0.0129449	0.488112	0.54287	-0.516056	0.448023	0.0613743	0.735344	-0.141962	0.65981	0.429697	0.585897	-0.535824	0.430091
0.519647	0.478349	-0.522914	0.47719	0.523386	0.463738	-0.447468	0.557483	0.722438	-0.234884	-0.447434	0.471928	0.0657054	-0.41393	-0.219187	0.88108	0.451561	0.3787	0.216527	0.778329	0.815213	0.219543	0.453219	0.286043	0.723626	-0.0126258	-0.689956	-0.0129377	0.487945	0.543094	-0.515975	0.448027	0.0612707	0.735476	-0.14159	0.659753	0.429449	0.586245	-0.535223	0.430612
0.519764	0.478004	-0.523379	0.476898	0.52348	0.462878	-0.44871	0.55711	0.722408	-0.235059	-0.448231	0.47113	0.066214	-0.415026	-0.219056	0.880559	0.4527	0.377868	0.214328	0.77868	0.816097	0.221514	0.450407	0.286444	0.723667	-0.0132378	-0.689898	-0.0131044	0.487827	0.543251	-0.515812	0.448153	0.0613918	0.73548	-0.141526	0.659751	0.429679	0.586126	-0.535235	0.430531
0.518741	0.478001	-0.525267	0.475938	0.52362	0.461207	-0.451813	0.555855	0.722755	-0.237089	-0.450302	0.467591	0.0675912	-0.41803	-0.21874	0.879111	0.452412	0.376913	0.210317	0.780402	0.818206	0.22335	0.445943	0.285988	0.723783	-0.0139711	-0.689763	-0.0130154	0.487785	0.543453	-0.515093	0.448781	0.0620844	0.735398	-0.141938	0.659688	0.430251	0.585823	-0.5352	0.430415
0.516707	0.478261	-0.527598	0.475312	0.523514	0.459539	-0.455055	0.554691	0.723336	-0.238384	-0.452581	0.46382	0.0697586	-0.421546	-0.218689	0.877273	0.451729	0.376334	0.20656	0.782078	0.819865	0.22459	0.443055	0.284752	0.72391	-0.014512	-0.689618	-0.0130401	0.487921	0.543451	-0.514826	0.448942	0.0626337	0.735399	-0.142427	0.65953	0.430695	0.585651	-0.534865	0.43062
0.514163	0.478322	-0.530247	0.47506	0.522728	0.45787	-0.458409	0.55405	0.723498	-0.239142	-0.455361	0.460443	0.0722994	-0.425402	-0.219186	0.875079	0.45142	0.376146	0.203934	0.783036	0.820592	0.225728	0.441452	0.284246	0.72415	-0.0152607	-0.689342	-0.0134761	0.4884	0.543183	-0.514385	0.44925	0.0629024	0.735186	-0.142116	0.659809	0.430851	0.585745	-0.534505	0.430784
0.511708	0.477696	-0.533045	0.47521	0.522006	0.455561	-0.461746	0.553864	0.723268	-0.238982	-0.458041	0.458225	0.0741801	-0.428566	-0.220536	0.873036	0.451686	0.37511	0.201371	0.784042	0.821464	0.226218	0.439616	0.284183	0.724365	-0.0161394	-0.689077	-0.0144313	0.488729	0.543077	-0.513753	0.449744	0.0630856	0.734943	-0.14175	0.660141	0.430873	0.585826	-0.534133	0.431113
0.509981	0.476748	-0.535041	0.475776	0.521028	0.45404	-0.463915	0.554221	0.723068	-0.23823	-0.460257	0.456708	0.0750555	-0.430361	-0.222389	0.871607	0.451651	0.374257	0.200358	0.784729	0.822306	0.225763	0.438114	0.284429	0.724417	-0.0154789	-0.689042	-0.0142107	0.488732	0.543082	-0.513149	0.450424	0.0623532	0.734676	-0.140554	0.660763	0.430487	0.586058	-0.533561	0.43189
0.507409	0.477426	-0.536063	0.476694	0.519989	0.452988	-0.465588	0.554654	0.723003	-0.237912	-0.461165	0.456062	0.0753759	-0.431712	-0.223755	0.870561	0.452174	0.372379	0.198564	0.785777	0.822874	0.22526	0.437335	0.284383	0.724262	-0.0144862	-0.689242	-0.0134443	0.487727	0.54378	-0.512272	0.451667	0.0619538	0.734565	-0.139819	0.66108	0.429956	0.586155	-0.533146	0.4328
0.506673	0.477479	-0.536515	0.476915	0.519346	0.452614	-0.466341	0.55493	0.72281	-0.237505	-0.462921	0.454798	0.0756011	-0.432518	-0.22438	0.869981	0.452233	0.371199	0.198031	0.786435	0.824427	0.223787	0.435093	0.284488	0.724083	-0.0141967	-0.689442	-0.0131484	0.487182	0.544036	-0.512049	0.4522	0.0614052	0.734476	-0.138956	0.661412	0.429789	0.586047	-0.533128	0.433135
0.505978	0.477215	-0.537557	0.476744	0.517652	0.452192	-0.467773	0.55565	0.722587	-0.237264	-0.463922	0.454258	0.0759638	-0.434661	-0.225798	0.868513	0.452491	0.368124	0.197114	0.787961	0.82535	0.222766	0.433678	0.284772	0.723923	-0.0139895	-0.689618	-0.0129199	0.486663	0.544295	-0.511842	0.45268	0.0613501	0.734342	-0.138772	0.661604	0.429612	0.58567	-0.533387	0.433501
0.505426	0.477252	-0.538102	0.476679	0.516532	0.452001	-0.468666	0.556095	0.721724	-0.237593	-0.466807	0.452498	0.0756659	-0.436108	-0.226581	0.867609	0.452595	0.365864	0.196249	0.789169	0.827762	0.220211	0.429476	0.286126	0.723619	-0.0137554	-0.689947	-0.0125929	0.485778	0.544616	-0.511683	0.453423	0.06134	0.734234	-0.138696	0.661741	0.429644	0.585393	-0.533567	0.433621
0.503892	0.477299	-0.53925	0.476958	0.512487	0.450143	-0.471713	0.558762	0.720331	-0.238	-0.470628	0.450542	0.074919	-0.439687	-0.227883	0.865524	0.452605	0.360317	0.193897	0.79229	0.832876	0.215697	0.419383	0.289671	0.723408	-0.0130868	-0.690188	-0.0122346	0.484798	0.545235	-0.510871	0.454643	0.0607223	0.734159	-0.138717	0.661877	0.429733	0.584968	-0.533504	0.434184
0.501654	0.477484	-0.540591	0.477612	0.510866	0.448996	-0.472878	0.560183	0.71847	-0.239534	-0.475535	0.447538	0.0745475	-0.444972	-0.229095	0.86253	0.453302	0.353481	0.191017	0.795664	0.835034	0.213931	0.414961	0.291133	0.723352	-0.0119579	-0.690275	-0.0117627	0.48454	0.545506	-0.51057	0.454931	0.0602058	0.734066	-0.138332	0.662107	0.42939	0.585146	-0.532805	0.43514
0.500221	0.477664	-0.54138	0.478041	0.508911	0.447745	-0.474479	0.561609	0.71847	-0.239534	-0.475535	0.447538	0.0746242	-0.448395	-0.229443	0.860656	0.453852	0.349269	0.188796	0.797738	0.835034	0.213931	0.414961	0.291133	0.723411	-0.0114327	-0.690228	-0.0114012	0.484185	0.545919	-0.510157	0.455276	0.0602058	0.734066	-0.138332	0.662107	0.429388	0.585181	-0.532481	0.435491
0.498638	0.477749	-0.542289	0.47858	0.506677	0.446167	-0.476718	0.562986	0.716115	-0.242229	-0.48153	0.443434	0.0745525	-0.452175	-0.229734	0.858604	0.454474	0.344454	0.185951	0.800142	0.840169	0.209466	0.40463	0.294134	0.723521	-0.0110692	-0.690124	-0.0111324	0.483856	0.546377	-0.509778	0.455502	0.0591771	0.734271	-0.137489	0.662149	0.429189	0.58547	-0.531905	0.436003
0.494951	0.477685	-0.544224	0.480271	0.501795	0.44197	-0.482245	0.565954	0.716115	-0.242229	-0.48153	0.443434	0.0738569	-0.461247	-0.230114	0.853724	0.45628	0.333681	0.179655	0.805102	0.842992	0.206578	0.39912	0.295623	0.723857	-0.0100965	-0.689795	-0.0105787	0.483712	0.546995	-0.509192	0.455568	0.0585416	0.734401	-0.13694	0.662175	0.428914	0.586237	-0.530772	0.436623
0.492447	0.477759	-0.545294	0.481556	0.499196	0.439382	-0.485155	0.567778	0.71114	-0.248086	-0.493376	0.435102	0.0736453	-0.466571	-0.230209	0.850818	0.45721	0.327905	0.176626	0.807614	0.848936	0.200465	0.387431	0.298361	0.724117	-0.00942601	-0.689536	-0.0103292	0.483732	0.547338	-0.508837	0.455532	0.0574079	0.734581	-0.135627	0.662344	0.428935	0.586582	-0.530296	0.436718
0.486289	0.477908	-0.547513	0.485135	0.496371	0.436488	-0.488163	0.569904	0.709132	-0.250429	-0.498048	0.431699	0.0728523	-0.478223	-0.230846	0.844219	0.459317	0.315237	0.169684	0.812933	0.852084	0.197433	0.38107	0.299596	0.724714	-0.00787425	-0.688934	-0.00985774	0.483929	0.548007	-0.508075	0.45537	0.0565369	0.734802	-0.134917	0.662319	0.428726	0.587705	-0.528948	0.437047
0.482925	0.477885	-0.548222	0.487711	0.490243	0.429687	-0.494892	0.574554	0.704263	-0.255533	-0.50838	0.424578	0.0721281	-0.484677	-0.231093	0.840525	0.460568	0.30839	0.165946	0.815619	0.858797	0.190548	0.367131	0.30228	0.725046	-0.00696466	-0.688599	-0.00951496	0.484003	0.54842	-0.507647	0.455271	0.0547434	0.735218	-0.133413	0.662313	0.428524	0.588362	-0.528316	0.437126
0.473335	0.475782	-0.550152	0.496908	0.479969	0.41779	-0.505517	0.582695	0.694978	-0.263723	-0.525883	0.413404	0.0685252	-0.505221	-0.23211	0.82836	0.464034	0.285712	0.15356	0.824294	0.869549	0.178176	0.343246	0.307116	0.725698	-0.00382883	-0.687956	-0.00797238	0.484109	0.549701	-0.506608	0.45477	0.0523435	0.735343	-0.131051	0.66284	0.427419	0.590938	-0.526219	0.437262
0.470348	0.474381	-0.550899	0.500246	0.476206	0.413343	-0.50916	0.585774	0.691285	-0.266328	-0.532194	0.409833	0.0667275	-0.512292	-0.232774	0.823966	0.464861	0.277756	0.149293	0.827326	0.872992	0.17441	0.334657	0.308984	0.725807	-0.00275958	-0.687851	-0.00753682	0.484097	0.550155	-0.506282	0.454596	0.0512485	0.735523	-0.13005	0.662923	0.426815	0.591947	-0.5255	0.437353
0.463703	0.471787	-0.551435	0.508248	0.468563	0.403844	-0.51634	0.592243	0.682804	-0.271889	-0.544939	0.403604	0.0624954	-0.52686	-0.233495	0.814858	0.466266	0.261026	0.140442	0.833509	0.879902	0.166094	0.316156	0.313417	0.725817	-0.000563596	-0.687856	-0.00666559	0.483878	0.551089	-0.505804	0.454231	0.0495318	0.735539	-0.128103	0.663414	0.425411	0.594003	-0.524187	0.437509
0.45643	0.469106	-0.551965	0.516668	0.46022	0.39387	-0.523379	0.599281	0.673535	-0.278303	-0.557546	0.397543	0.0573163	-0.541665	-0.233248	0.805549	0.467471	0.243644	0.131328	0.839561	0.886502	0.156919	0.297347	0.317924	0.725928	0.000933586	-0.687741	-0.00634832	0.483405	0.552205	-0.505345	0.45389	0.0480916	0.735594	-0.126071	0.663848	0.423728	0.596255	-0.522696	0.437863
0.448793	0.466848	-0.550931	0.526416	0.45094	0.383326	-0.530884	0.606529	0.663699	-0.285561	-0.57081	0.390044	0.0523982	-0.557723	-0.232337	0.795122	0.46861	0.225763	0.120518	0.845524	0.892957	0.148013	0.277873	0.321724	0.725584	0.00435767	-0.688108	-0.00391887	0.482502	0.553532	-0.504932	0.453694	0.0461861	0.735637	-0.122425	0.664618	0.421806	0.598597	-0.521195	0.438312
0.440885	0.464181	-0.549998	0.536339	0.440457	0.373089	-0.539073	0.613354	0.652992	-0.292411	-0.585657	0.380924	0.0480982	-0.575289	-0.232219	0.782818	0.46958	0.207395	0.107283	0.851453	0.898984	0.138295	0.257891	0.325874	0.725198	0.00732415	-0.688502	-0.00047524	0.48136	0.554869	-0.504679	0.453555	0.043049	0.735631	-0.117083	0.665797	0.419075	0.601572	-0.518912	0.439564
0.433508	0.460027	-0.55011	0.545734	0.428993	0.362194	-0.549116	0.619074	0.642067	-0.298149	-0.601313	0.370514	0.0450596	-0.593678	-0.232706	0.769002	0.469032	0.188622	0.0930408	0.857773	0.904311	0.130086	0.236479	0.330721	0.7249	0.0103045	-0.688769	0.00332271	0.480207	0.556315	-0.503791	0.453994	0.0414616	0.735611	-0.112714	0.666673	0.416859	0.604409	-0.516946	0.440096
0.425951	0.454155	-0.552066	0.554556	0.416634	0.351411	-0.560518	0.623494	0.631534	-0.302943	-0.617253	0.358315	0.0441352	-0.612309	-0.233873	0.753945	0.466205	0.172037	0.0797076	0.86412	0.908489	0.124181	0.214233	0.336646	0.724592	0.0147547	-0.68897	0.00832623	0.479372	0.557678	-0.502081	0.455097	0.0354331	0.737098	-0.105953	0.666487	0.415146	0.606884	-0.515276	0.440268
0.417485	0.447943	-0.55434	0.563703	0.404008	0.340624	-0.571709	0.627616	0.621384	-0.306379	-0.633149	0.345161	0.0437044	-0.63004	-0.237301	0.738124	0.462514	0.157068	0.0658209	0.870102	0.911419	0.120465	0.191582	0.343656	0.724226	0.0176995	-0.689237	0.011626	0.48004	0.557725	-0.501261	0.455238	0.0279384	0.736995	-0.097132	0.668299	0.414171	0.60835	-0.514724	0.439809
0.409396	0.44133	-0.557967	0.571223	0.391472	0.329686	-0.583596	0.630454	0.610881	-0.309032	-0.648309	0.333195	0.0422766	-0.646399	-0.240897	0.722738	0.458575	0.142489	0.0507879	0.875686	0.913706	0.117765	0.169514	0.350053	0.724105	0.0177213	-0.68936	0.0118669	0.480987	0.557705	-0.500696	0.454885	0.0249451	0.73609	-0.0916166	0.670191	0.41379	0.6091	-0.514182	0.439763
0.400943	0.435016	-0.559974	0.58003	0.379809	0.317531	-0.593846	0.634244	0.600124	-0.31261	-0.661921	0.322471	0.040204	-0.661751	-0.242995	0.708112	0.456071	0.129202	0.0376635	0.879709	0.915225	0.115505	0.148506	0.356325	0.72438	0.0172907	-0.689087	0.0115761	0.481544	0.557938	-0.499996	0.45478	0.019176	0.735518	-0.0839222	0.672014	0.412778	0.610027	-0.512426	0.441475
0.39248	0.429418	-0.561808	0.588159	0.368195	0.305598	-0.603176	0.638139	0.588624	-0.317809	-0.674224	0.312955	0.0359398	-0.676207	-0.242895	0.694589	0.454783	0.115216	0.0240233	0.882791	0.916854	0.110733	0.128126	0.361527	0.724455	0.0182529	-0.688965	0.0125927	0.482194	0.558033	-0.49946	0.454564	0.0169968	0.735447	-0.0802276	0.672601	0.412627	0.609829	-0.510947	0.443599
0.388335	0.42664	-0.562851	0.591923	0.362263	0.29947	-0.60786	0.639992	0.582868	-0.320537	-0.680055	0.308297	0.0336596	-0.683113	-0.242448	0.688072	0.453958	0.107882	0.0175461	0.884294	0.917847	0.108936	0.118223	0.362923	0.724381	0.018705	-0.689016	0.0134121	0.482241	0.558243	-0.499136	0.454612	0.0164641	0.735426	-0.0790331	0.672779	0.412348	0.609684	-0.510028	0.445113
0.3804	0.420832	-0.566466	0.597757	0.349704	0.288695	-0.618379	0.641849	0.572243	-0.324106	-0.691504	0.298857	0.0297814	-0.695934	-0.243195	0.675015	0.45185	0.0924998	0.00290451	0.88728	0.920146	0.104614	0.0984651	0.364269	0.724714	0.0167396	-0.688736	0.0123613	0.482725	0.558248	-0.498686	0.454586	0.0156536	0.735926	-0.0763928	0.672557	0.413354	0.608469	-0.509046	0.446963
0.37659	0.417217	-0.568737	0.600539	0.343492	0.283383	-0.623202	0.642904	0.567029	-0.324672	-0.697463	0.294298	0.0280828	-0.701916	-0.244788	0.668285	0.450409	0.0854418	-0.0037604	0.888716	0.921243	0.102595	0.0893314	0.364424	0.725111	0.0147619	-0.688385	0.0110429	0.482724	0.558552	-0.498003	0.454962	0.0157953	0.736154	-0.0752779	0.672429	0.41399	0.607887	-0.508427	0.44787
0.368178	0.411198	-0.575077	0.603861	0.331077	0.273293	-0.633886	0.643341	0.556804	-0.324158	-0.709574	0.285297	0.0254609	-0.713173	-0.249695	0.654514	0.446596	0.0721618	-0.0174225	0.891651	0.923055	0.0990613	0.0718208	0.364688	0.72508	0.011884	-0.688509	0.00854944	0.484057	0.557805	-0.496985	0.455574	0.0179005	0.736038	-0.0747682	0.67256	0.415168	0.606464	-0.507711	0.449518
0.363999	0.408634	-0.578235	0.605118	0.325113	0.268461	-0.639366	0.642995	0.552165	-0.323638	-0.715005	0.281319	0.0245706	-0.718235	-0.252156	0.648037	0.444682	0.0665118	-0.0247511	0.892873	0.923633	0.0980796	0.0633814	0.365055	0.724829	0.0121823	-0.688778	0.00769449	0.484653	0.557561	-0.495573	0.456776	0.0199342	0.73581	-0.0751206	0.672713	0.416298	0.605307	-0.507997	0.449709
0.350671	0.402102	-0.587114	0.608802	0.310164	0.254874	-0.652559	0.642654	0.539829	-0.324486	-0.728822	0.268539	0.0218995	-0.732001	-0.256537	0.63078	0.441202	0.0518136	-0.0449631	0.894782	0.923536	0.0973137	0.0394608	0.368854	0.724716	0.0171581	-0.688783	0.00840878	0.488658	0.554483	-0.492238	0.459851	0.0292105	0.735054	-0.0780014	0.672873	0.421171	0.600142	-0.511558	0.448054
0.342824	0.399048	-0.591048	0.611469	0.305622	0.251112	-0.656775	0.642016	0.533581	-0.32668	-0.735274	0.260659	0.0212909	-0.736075	-0.256599	0.626018	0.44058	0.0482672	-0.0508277	0.894973	0.923227	0.0976199	0.0324103	0.370232	0.724576	0.0188156	-0.688884	0.00862498	0.4902	0.553359	-0.490235	0.461701	0.0324829	0.734431	-0.0775473	0.673455	0.422679	0.598454	-0.511421	0.449048
0.336765	0.396886	-0.594986	0.612423	0.29379	0.242779	-0.664845	0.642438	0.528018	-0.328829	-0.741116	0.252617	0.020269	-0.746959	-0.256665	0.612996	0.441158	0.0397072	-0.0685266	0.893928	0.92164	0.0988965	0.0103425	0.37509	0.724269	0.0191319	-0.689182	0.00981984	0.491725	0.551887	-0.490012	0.462078	0.0325028	0.73394	-0.0747947	0.674301	0.42199	0.598543	-0.509185	0.452109
0.334059	0.396034	-0.596181	0.613294	0.290037	0.24083	-0.666958	0.642687	0.52516	-0.329328	-0.743813	0.249985	0.0196083	-0.749925	-0.256973	0.609256	0.441436	0.0351825	-0.0743344	0.893516	0.921163	0.0990345	0.0026551	0.376356	0.72404	0.0190205	-0.689415	0.0105581	0.491765	0.551816	-0.489613	0.462543	0.0341817	0.733769	-0.0749102	0.674391	0.421917	0.598352	-0.508571	0.453119
0.331974	0.394842	-0.597578	0.613835	0.286652	0.239244	-0.669186	0.642482	0.522553	-0.329526	-0.746098	0.248373	0.0186615	-0.752205	-0.257364	0.606303	0.441361	0.0303635	-0.0805219	0.893193	0.921029	0.0982922	-0.00399884	0.376867	0.723701	0.0189082	-0.689763	0.0112399	0.492282	0.55122	-0.489666	0.462646	0.0356651	0.733647	-0.074697	0.67447	0.422264	0.597934	-0.508454	0.453478
0.327862	0.393413	-0.599278	0.615304	0.281702	0.236163	-0.672654	0.642189	0.518923	-0.329189	-0.749342	0.246656	0.0170136	-0.754963	-0.25878	0.602308	0.441007	0.0238323	-0.0882557	0.892836	0.921342	0.0959464	-0.012728	0.376512	0.723412	0.0194546	-0.690038	0.0120343	0.493157	0.550093	-0.489308	0.463434	0.0376264	0.732799	-0.0729027	0.675481	0.421591	0.598535	-0.507098	0.454828
0.326433	0.392494	-0.600486	0.615472	0.279629	0.23506	-0.674164	0.641917	0.517809	-0.328761	-0.750505	0.246031	0.0163057	-0.755638	-0.259725	0.601073	0.440585	0.0219072	-0.0907312	0.892845	0.921591	0.0945165	-0.0149933	0.37618	0.72327	0.018819	-0.690206	0.0118915	0.4948	0.548408	-0.489374	0.463612	0.038038	0.732646	-0.0718085	0.675741	0.421649	0.598562	-0.506587	0.455308
0.324621	0.390595	-0.602671	0.615503	0.276565	0.23343	-0.677048	0.640803	0.51645	-0.327358	-0.752025	0.246118	0.0149706	-0.755956	-0.261409	0.599976	0.439235	0.0196965	-0.0939639	0.893228	0.921772	0.0937705	-0.0165216	0.37586	0.723082	0.0179625	-0.690435	0.0113625	0.495487	0.547615	-0.489555	0.463623	0.0396886	0.732348	-0.0718745	0.675962	0.421503	0.598426	-0.505882	0.456404
0.323965	0.389687	-0.603448	0.615664	0.275452	0.233214	-0.678482	0.639843	0.516365	-0.326359	-0.752339	0.246666	0.0146833	-0.755647	-0.26238	0.599949	0.438287	0.0194223	-0.0959183	0.893491	0.921888	0.0941785	-0.0182151	0.375394	0.72262	0.017866	-0.690915	0.0117203	0.495826	0.546788	-0.489614	0.464174	0.0415739	0.731142	-0.0716216	0.67718	0.420913	0.598326	-0.506122	0.456814
0.325225	0.38915	-0.603447	0.61534	0.275928	0.233884	-0.678864	0.638988	0.517162	-0.325766	-0.751431	0.248539	0.0144673	-0.754422	-0.262305	0.601527	0.437566	0.0224585	-0.0954134	0.893828	0.921491	0.0958575	-0.0157257	0.376057	0.722148	0.0174677	-0.691403	0.012627	0.495368	0.546357	-0.489781	0.464994	0.0431561	0.730527	-0.071465	0.677762	0.420957	0.597551	-0.507094	0.45671
0.327523	0.390043	-0.601502	0.615459	0.277892	0.235809	-0.67768	0.638686	0.517834	-0.325448	-0.75061	0.250034	0.0139155	-0.751983	-0.261946	0.604741	0.436561	0.0280776	-0.0925411	0.894462	0.920907	0.0988566	-0.0103193	0.376897	0.72134	0.01659	-0.692267	0.0126524	0.494793	0.545749	-0.490423	0.465643	0.0439287	0.730252	-0.0716587	0.677988	0.419463	0.598014	-0.507236	0.457319
0.330111	0.390464	-0.599343	0.615916	0.279472	0.237331	-0.67634	0.638854	0.520245	-0.324764	-0.747898	0.254013	0.0138448	-0.750183	-0.261692	0.607084	0.436122	0.0317321	-0.0906516	0.894747	0.920624	0.100681	-0.00664222	0.377189	0.720895	0.0162351	-0.692735	0.0128506	0.49441	0.54534	-0.490862	0.466066	0.046156	0.729815	-0.0720772	0.678266	0.418717	0.598255	-0.507738	0.457131
0.343023	0.387652	-0.594869	0.614973	0.282778	0.241677	-0.672512	0.639809	0.522132	-0.324091	-0.746071	0.256362	0.0136437	-0.745499	-0.261932	0.612729	0.435213	0.0410483	-0.0848021	0.895385	0.920005	0.10543	0.00172627	0.377454	0.72017	0.0143446	-0.693533	0.012715	0.493287	0.544592	-0.491613	0.467337	0.048568	0.729299	-0.0733732	0.678514	0.418426	0.597485	-0.510299	0.45555
0.348136	0.388209	-0.59354	0.61303	0.285171	0.24429	-0.670227	0.640153	0.525404	-0.321249	-0.742889	0.262421	0.0130942	-0.742871	-0.262798	0.615556	0.434522	0.0453389	-0.0821447	0.895761	0.919691	0.107686	0.00576781	0.377544	0.7197	0.0122146	-0.694081	0.0115882	0.493009	0.543934	-0.492318	0.467654	0.0540705	0.728749	-0.0780003	0.678172	0.418547	0.596553	-0.512069	0.454674
0.357309	0.390642	-0.591561	0.608099	0.291713	0.251021	-0.664825	0.640234	0.526846	-0.319284	-0.741249	0.266534	0.0115075	-0.736312	-0.264839	0.622553	0.433253	0.0537466	-0.0740747	0.896614	0.918734	0.112485	0.0146613	0.378233	0.718418	0.00829709	-0.695505	0.0088964	0.492168	0.542655	-0.49361	0.468664	0.0550757	0.728191	-0.0796902	0.678494	0.416148	0.596295	-0.513212	0.455925
0.357309	0.390642	-0.591561	0.608099	0.291713	0.251021	-0.664825	0.640234	0.528719	-0.317115	-0.739149	0.271205	0.0115075	-0.736312	-0.264839	0.622553	0.433253	0.0537466	-0.0740747	0.896614	0.918734	0.112485	0.0146613	0.378233	0.718418	0.00829709	-0.695505	0.0088964	0.492168	0.542655	-0.49361	0.468664	0.0558514	0.727533	-0.0817009	0.678897	0.416148	0.596295	-0.513212	0.455925
0.367687	0.393518	-0.589088	0.602432	0.300642	0.259614	-0.658568	0.639142	0.535051	-0.312351	-0.732349	0.282529	0.00996117	-0.726237	-0.266178	0.633743	0.431967	0.0652087	-0.0628347	0.897332	0.917569	0.117603	0.0287756	0.378692	0.717551	0.0070349	-0.696422	0.00824268	0.489388	0.543018	-0.493372	0.471396	0.0550521	0.72752	-0.084906	0.678583	0.415397	0.594725	-0.514158	0.45759
0.377868	0.397765	-0.585329	0.596984	0.311831	0.270344	-0.650767	0.637321	0.544884	-0.307948	-0.721907	0.29516	0.00997956	-0.712921	-0.266259	0.648653	0.430876	0.0815463	-0.047617	0.897457	0.916119	0.123816	0.0497128	0.378054	0.716268	0.00880614	-0.69769	0.0105695	0.486042	0.543549	-0.493103	0.474518	0.0548801	0.727196	-0.0892263	0.67839	0.413425	0.594386	-0.513018	0.461083
0.387984	0.403146	-0.580903	0.59118	0.325297	0.28235	-0.641458	0.634817	0.550549	-0.305833	-0.715525	0.3023	0.0113298	-0.697286	-0.264816	0.665985	0.430033	0.100624	-0.0301408	0.896682	0.914373	0.131326	0.075103	0.375547	0.714754	0.011165	-0.699176	0.0124777	0.482496	0.544268	-0.492789	0.477629	0.0545666	0.726731	-0.0908256	0.678701	0.411209	0.594518	-0.510721	0.465425
0.393223	0.406059	-0.578277	0.588292	0.332343	0.28896	-0.636235	0.633447	0.562564	-0.301606	-0.701018	0.318008	0.0120319	-0.688782	-0.263743	0.675184	0.429514	0.110861	-0.0209497	0.895985	0.913258	0.13557	0.0889445	0.373724	0.714374	0.0122667	-0.699523	0.0136838	0.480422	0.5449	-0.492621	0.47917	0.0518828	0.727026	-0.0928973	0.678316	0.409966	0.594611	-0.509548	0.467682
0.402725	0.413644	-0.572715	0.581987	0.346252	0.303623	-0.624312	0.630997	0.574832	-0.297108	-0.685249	0.334258	0.012745	-0.67069	-0.261219	0.694102	0.429129	0.132369	-0.00134754	0.89349	0.910497	0.143611	0.118605	0.369194	0.713487	0.0129471	-0.700399	0.0145169	0.476783	0.545709	-0.492889	0.481601	0.0509129	0.726786	-0.0951383	0.678335	0.407584	0.594639	-0.508093	0.471298
0.41049	0.422263	-0.566018	0.576901	0.360564	0.318959	-0.610881	0.628556	0.586579	-0.291662	-0.668921	0.351288	0.0130692	-0.651505	-0.259184	0.712877	0.429007	0.154953	0.0206241	0.889673	0.907092	0.150984	0.15006	0.363139	0.712746	0.0119951	-0.701209	0.0124474	0.473766	0.546464	-0.493192	0.483409	0.0473304	0.726795	-0.0957326	0.678502	0.40596	0.593999	-0.506591	0.475108
0.413958	0.426544	-0.562001	0.575199	0.367603	0.326834	-0.603745	0.627327	0.592451	-0.288442	-0.660603	0.359731	0.013392	-0.641476	-0.258486	0.722159	0.42889	0.166306	0.0322088	0.887332	0.905087	0.154126	0.166202	0.359778	0.712594	0.0127296	-0.701345	0.0127185	0.472139	0.547092	-0.493144	0.484339	0.0446597	0.727177	-0.0960159	0.678233	0.404889	0.593835	-0.505666	0.477207
0.419165	0.43645	-0.554258	0.571498	0.38139	0.342953	-0.589107	0.624402	0.59826	-0.284923	-0.652146	0.368251	0.0135434	-0.620387	-0.257903	0.740556	0.428487	0.187091	0.0535404	0.882343	0.900784	0.158106	0.197384	0.35303	0.711986	0.0155339	-0.701876	0.0143351	0.468853	0.548707	-0.492642	0.486212	0.0412996	0.72732	-0.0968246	0.678177	0.402665	0.593829	-0.503958	0.480889
0.423429	0.446047	-0.546229	0.568668	0.394734	0.358783	-0.573931	0.62134	0.615121	-0.273855	-0.62578	0.393738	0.0125342	-0.597959	-0.258308	0.75866	0.427402	0.205051	0.074653	0.87733	0.895808	0.161274	0.225835	0.347156	0.711675	0.0172957	-0.702143	0.0146778	0.466606	0.549783	-0.49277	0.487027	0.0370768	0.727505	-0.0956586	0.678388	0.401287	0.593541	-0.503258	0.483125
0.426986	0.456017	-0.537997	0.565942	0.407183	0.373945	-0.558165	0.618723	0.620563	-0.270065	-0.616683	0.402079	0.0121904	-0.575447	-0.257464	0.77616	0.424623	0.221381	0.0949713	0.872735	0.893022	0.162429	0.239258	0.344795	0.71151	0.0186628	-0.702285	0.0141594	0.464646	0.550983	-0.492763	0.487551	0.034325	0.727613	-0.0945482	0.678574	0.399496	0.593909	-0.502127	0.485328
0.428684	0.461066	-0.533838	0.564505	0.413167	0.381031	-0.550161	0.617601	0.63068	-0.262796	-0.598159	0.418792	0.012159	-0.564528	-0.256492	0.784457	0.422355	0.229573	0.104521	0.870625	0.886562	0.165549	0.265389	0.340838	0.711387	0.0196901	-0.702383	0.0141059	0.463522	0.551813	-0.492462	0.487988	0.0291088	0.727929	-0.0924136	0.678772	0.399079	0.593718	-0.501733	0.486312
0.432499	0.470302	-0.52591	0.561408	0.42498	0.394073	-0.534401	0.615235	0.638497	-0.256372	-0.581136	0.434599	0.0105083	-0.543752	-0.254855	0.799545	0.415509	0.247031	0.122004	0.866858	0.878622	0.170112	0.290737	0.338462	0.711268	0.0223652	-0.702407	0.0149146	0.461079	0.553779	-0.491932	0.488609	0.0256993	0.728406	-0.0928068	0.678345	0.3981	0.593657	-0.500918	0.488025
0.434415	0.474325	-0.521997	0.560195	0.430856	0.400311	-0.526456	0.613969	0.641831	-0.252612	-0.573626	0.441807	0.00899051	-0.533766	-0.254743	0.8063	0.410131	0.256267	0.132525	0.865192	0.874094	0.172958	0.30302	0.337972	0.711333	0.0236422	-0.702288	0.0154231	0.459863	0.554838	-0.49173	0.488757	0.0246571	0.728631	-0.0927415	0.678151	0.397761	0.593608	-0.500925	0.488354
0.436685	0.482353	-0.516218	0.556921	0.436471	0.406867	-0.51853	0.612437	0.644982	-0.248277	-0.566597	0.448693	0.00650089	-0.514499	-0.256136	0.818317	0.400159	0.275157	0.152113	0.860827	0.869248	0.175869	0.314923	0.338086	0.71085	0.0268399	-0.702631	0.0167735	0.45688	0.557414	-0.490827	0.489529	0.0233798	0.728756	-0.092374	0.678111	0.397479	0.593374	-0.501315	0.488469
0.43795	0.486191	-0.514082	0.554561	0.44759	0.419255	-0.502897	0.609084	0.650821	-0.239244	-0.55317	0.461733	0.00592182	-0.505262	-0.257218	0.82372	0.394824	0.284123	0.160402	0.858871	0.859038	0.182525	0.336658	0.339705	0.710801	0.0290796	-0.702554	0.0182789	0.454644	0.559447	-0.489713	0.490408	0.0196258	0.729248	-0.0905419	0.677949	0.396403	0.594126	-0.500651	0.489109
0.441451	0.492608	-0.511458	0.548516	0.45833	0.429773	-0.488519	0.605456	0.656546	-0.230664	-0.539978	0.47346	0.00533587	-0.487225	-0.259053	0.833951	0.384423	0.300867	0.176674	0.854684	0.848739	0.189041	0.35648	0.3418	0.710536	0.034109	-0.702495	0.0218161	0.451395	0.562517	-0.488478	0.491128	0.0149406	0.729559	-0.0860558	0.678318	0.395244	0.594879	-0.500873	0.488904
0.446794	0.500425	-0.51228	0.536208	0.468033	0.440166	-0.474325	0.601843	0.662039	-0.222259	-0.527022	0.484307	0.00412253	-0.460966	-0.260895	0.84819	0.375873	0.316149	0.1896	0.850189	0.838794	0.195059	0.375418	0.342693	0.710853	0.036362	-0.702029	0.022827	0.449521	0.565106	-0.488842	0.48951	0.0116799	0.730145	-0.0839084	0.67802	0.393955	0.59611	-0.500437	0.488891
0.44964	0.502251	-0.511909	0.532464	0.476788	0.450197	-0.46089	0.597976	0.667325	-0.214642	-0.514088	0.494286	0.00399247	-0.452468	-0.261275	0.852638	0.369264	0.331263	0.201666	0.844535	0.829161	0.200986	0.393918	0.341945	0.711212	0.0354731	-0.701737	0.0220119	0.449509	0.565482	-0.489375	0.488552	0.0111179	0.730386	-0.0842877	0.677723	0.394297	0.596024	-0.50087	0.488277
0.454692	0.506549	-0.511175	0.524751	0.483609	0.46026	-0.448539	0.594218	0.669874	-0.210843	-0.507749	0.499004	0.00394429	-0.436188	-0.262245	0.860786	0.363742	0.347396	0.210345	0.83831	0.820158	0.208552	0.410781	0.339272	0.712269	0.0322311	-0.700916	0.0187186	0.450554	0.565572	-0.490715	0.486136	0.0121508	0.731033	-0.0866794	0.676705	0.39506	0.595936	-0.501694	0.486919
0.459611	0.51067	-0.508968	0.51858	0.490345	0.468549	-0.438112	0.589984	0.676684	-0.200896	-0.491184	0.51037	0.00442941	-0.422717	-0.262892	0.867283	0.361452	0.361908	0.217137	0.831401	0.812617	0.216616	0.424226	0.335803	0.713666	0.0276574	-0.699798	0.0141054	0.452053	0.565542	-0.491656	0.483823	0.0133772	0.731891	-0.0885607	0.67551	0.396506	0.595648	-0.502769	0.484985
0.46527	0.513412	-0.506694	0.513023	0.496439	0.475397	-0.429525	0.585708	0.680479	-0.195504	-0.483569	0.514672	0.00574482	-0.412553	-0.264167	0.87177	0.360835	0.374201	0.222839	0.82469	0.80742	0.22406	0.434543	0.330215	0.714975	0.0251061	-0.698604	0.0115275	0.453249	0.565827	-0.491934	0.482086	0.0137485	0.733089	-0.0900971	0.673998	0.397674	0.595737	-0.502613	0.484079
0.470974	0.515398	-0.503279	0.509174	0.501277	0.481094	-0.423424	0.581362	0.683196	-0.190989	-0.479181	0.516867	0.00645026	-0.405755	-0.266294	0.874305	0.364608	0.38381	0.224011	0.818272	0.804446	0.230182	0.441928	0.323393	0.716153	0.0245883	-0.697422	0.0110431	0.454141	0.566356	-0.491573	0.480991	0.013413	0.734278	-0.0905957	0.672643	0.399449	0.595526	-0.50264	0.482848
0.4733	0.51641	-0.501522	0.507724	0.50332	0.48339	-0.421176	0.579322	0.683196	-0.190989	-0.479181	0.516867	0.00644356	-0.403548	-0.267217	0.875044	0.367254	0.387356	0.22464	0.81524	0.80385	0.232419	0.444389	0.319882	0.71681	0.0241865	-0.696764	0.0108455	0.454566	0.566693	-0.491249	0.480524	0.0136289	0.734961	-0.0913129	0.671795	0.400483	0.59543	-0.50264	0.482109
0.480699	0.516268	-0.499199	0.503186	0.506934	0.486828	-0.41895	0.57489	0.685275	-0.187165	-0.476397	0.518086	0.00616053	-0.400674	-0.268329	0.876026	0.372941	0.391988	0.224958	0.810342	0.804351	0.236007	0.446808	0.312542	0.71878	0.0209361	-0.694865	0.00891157	0.456826	0.567064	-0.490607	0.478595	0.0150389	0.736269	-0.0934832	0.670032	0.403082	0.595044	-0.503305	0.479721
0.482924	0.515429	-0.499211	0.501903	0.509832	0.488403	-0.418779	0.571103	0.685753	-0.18618	-0.475271	0.518843	0.00570806	-0.399154	-0.268339	0.87672	0.378329	0.394218	0.223425	0.807181	0.806018	0.238293	0.44711	0.306013	0.719462	0.0195712	-0.694212	0.0078379	0.458182	0.566748	-0.490635	0.477645	0.0178227	0.737591	-0.0970119	0.668005	0.405774	0.594911	-0.504227	0.476637
0.486377	0.513331	-0.499523	0.500406	0.512829	0.487893	-0.419748	0.568136	0.68613	-0.186123	-0.474533	0.51904	0.00682457	-0.398343	-0.266858	0.877532	0.382586	0.394613	0.221785	0.805431	0.808115	0.239701	0.445856	0.301174	0.72089	0.0164355	-0.692835	0.00512991	0.461396	0.565776	-0.490857	0.475468	0.0216885	0.739067	-0.101604	0.665572	0.408872	0.594647	-0.505667	0.472778
0.487811	0.512095	-0.500275	0.499524	0.514339	0.487042	-0.42057	0.566892	0.68758	-0.187415	-0.472112	0.518864	0.00798412	-0.397937	-0.265464	0.878129	0.384393	0.394562	0.22084	0.804856	0.80899	0.240279	0.445259	0.299242	0.721492	0.0153706	-0.69224	0.00420496	0.462792	0.56546	-0.490756	0.474591	0.023504	0.739742	-0.10376	0.664427	0.410497	0.594487	-0.506431	0.470749
0.489047	0.510922	-0.501106	0.498682	0.516977	0.484917	-0.422547	0.564841	0.689881	-0.189699	-0.469873	0.517008	0.0112807	-0.39806	-0.262709	0.878866	0.38733	0.394945	0.219712	0.803567	0.81	0.241318	0.444651	0.296564	0.722086	0.0142994	-0.691649	0.00316164	0.464137	0.565146	-0.490639	0.473773	0.0264454	0.741124	-0.107763	0.662136	0.413135	0.594321	-0.507407	0.46759
0.49042	0.509178	-0.502532	0.497682	0.518191	0.483762	-0.42346	0.564034	0.691128	-0.191057	-0.469268	0.51539	0.0133962	-0.398764	-0.261474	0.878885	0.3885	0.395259	0.219489	0.802909	0.810264	0.241799	0.444582	0.295554	0.723543	0.0130248	-0.690156	0.00103245	0.46776	0.564363	-0.490321	0.471467	0.0276512	0.7417	-0.109568	0.661144	0.414112	0.594396	-0.507639	0.466378
0.491467	0.507334	-0.504155	0.49689	0.520281	0.481372	-0.425078	0.562937	0.693463	-0.193601	-0.468824	0.511694	0.0176075	-0.400693	-0.259765	0.87844	0.390534	0.395852	0.218899	0.80179	0.810798	0.242895	0.444184	0.293783	0.723932	0.0129217	-0.68975	0.000644057	0.468594	0.564295	-0.490151	0.470895	0.0295991	0.742577	-0.112618	0.659561	0.416203	0.594203	-0.508544	0.463769
0.492096	0.506364	-0.504975	0.496425	0.52099	0.480328	-0.426066	0.562426	0.694409	-0.194856	-0.468987	0.509784	0.0194966	-0.401987	-0.258984	0.87804	0.391305	0.396034	0.218274	0.801495	0.811116	0.243687	0.443759	0.292891	0.724658	0.012528	-0.688994	-0.000295412	0.469962	0.564201	-0.489869	0.469937	0.0306512	0.743014	-0.114223	0.658744	0.417009	0.594192	-0.508877	0.462692
0.493105	0.504632	-0.505799	0.496348	0.522225	0.478114	-0.427974	0.561717	0.695849	-0.196972	-0.469649	0.506385	0.02262	-0.404521	-0.257858	0.877132	0.392614	0.396357	0.216882	0.801073	0.811811	0.24519	0.442608	0.291451	0.725005	0.0122741	-0.688634	-0.0008371	0.470806	0.563931	-0.490009	0.46927	0.0324386	0.743961	-0.116937	0.657112	0.418988	0.59372	-0.510223	0.46002
0.493482	0.503026	-0.506185	0.497209	0.524066	0.474418	-0.429705	0.561815	0.696742	-0.199586	-0.470886	0.502973	0.02555	-0.407935	-0.256531	0.875859	0.394697	0.396059	0.214683	0.800789	0.813317	0.247433	0.439616	0.28988	0.725856	0.0112454	-0.68775	-0.00254623	0.472935	0.563153	-0.490426	0.467626	0.0349695	0.74478	-0.121005	0.655315	0.421662	0.592847	-0.512291	0.456389
0.493321	0.502918	-0.506316	0.497344	0.524575	0.473177	-0.429511	0.562534	0.696742	-0.199586	-0.470886	0.502973	0.0261381	-0.409044	-0.256107	0.875448	0.395531	0.395729	0.214368	0.800625	0.813826	0.247918	0.438677	0.289458	0.726093	0.0103887	-0.68751	-0.0033895	0.473607	0.562813	-0.490619	0.467152	0.0359429	0.74485	-0.122124	0.654975	0.422512	0.592503	-0.513136	0.455099
0.493093	0.502965	-0.50675	0.497082	0.5248	0.47158	-0.429986	0.563302	0.696951	-0.201659	-0.472291	0.500534	0.026971	-0.410856	-0.255435	0.87477	0.397054	0.395087	0.213681	0.800372	0.814807	0.248024	0.437275	0.288728	0.726338	0.00916132	-0.687262	-0.0044906	0.474376	0.562327	-0.49089	0.466673	0.0383601	0.744919	-0.124931	0.65423	0.423681	0.592011	-0.514407	0.453214
0.494336	0.500517	-0.509355	0.495654	0.524818	0.470143	-0.431436	0.563378	0.697143	-0.202431	-0.472814	0.49946	0.0282044	-0.412336	-0.255192	0.874105	0.398398	0.394014	0.212732	0.800486	0.81589	0.247792	0.43619	0.287509	0.726911	0.00529723	-0.686654	-0.00885703	0.477211	0.560245	-0.491699	0.465433	0.0398482	0.744948	-0.127409	0.653629	0.424314	0.591758	-0.515094	0.452171
0.494252	0.499673	-0.51085	0.495049	0.525157	0.469189	-0.432961	0.562687	0.697354	-0.202733	-0.472914	0.498947	0.0293851	-0.413065	-0.254781	0.873842	0.399131	0.393325	0.212493	0.800523	0.816552	0.247478	0.43558	0.286823	0.727168	0.00404589	-0.68637	-0.0103394	0.47798	0.559751	-0.491535	0.465411	0.0411319	0.744744	-0.128837	0.653502	0.42517	0.591276	-0.515913	0.451062
0.493674	0.499362	-0.511894	0.494862	0.525811	0.46831	-0.43453	0.561598	0.698412	-0.204203	-0.472121	0.497618	0.0306112	-0.413445	-0.253595	0.873966	0.401357	0.392399	0.211709	0.800071	0.817914	0.246665	0.4349	0.284666	0.727233	0.00334272	-0.686297	-0.0108611	0.478023	0.559768	-0.491287	0.465608	0.0412957	0.744807	-0.129147	0.653359	0.425346	0.591233	-0.515932	0.450931
0.493674	0.499362	-0.511894	0.494862	0.525811	0.46831	-0.43453	0.561598	0.698412	-0.204203	-0.472121	0.497618	0.0306112	-0.413445	-0.253595	0.873966	0.401357	0.392399	0.211709	0.800071	0.817914	0.246665	0.4349	0.284666	0.727233	0.00334272	-0.686297	-0.0108611	0.478023	0.559768	-0.491287	0.465608	0.0412003	0.744833	-0.129122	0.653341	0.425346	0.591233	-0.515932	0.450931
0.493167	0.499493	-0.512044	0.49508	0.526244	0.467846	-0.435332	0.560958	0.698632	-0.205007	-0.47171	0.497369	0.0311363	-0.413686	-0.252833	0.874054	0.401927	0.392372	0.211657	0.799813	0.818201	0.246702	0.43472	0.284083	0.727237	0.00332657	-0.686291	-0.0109271	0.477989	0.559777	-0.491129	0.465799	0.041137	0.744779	-0.128978	0.653435	0.42536	0.591223	-0.515893	0.450975
0.492468	0.499333	-0.512261	0.495712	0.526993	0.466557	-0.437451	0.559678	0.698823	-0.207499	-0.471225	0.496525	0.0317365	-0.41495	-0.250394	0.874135	0.403141	0.392501	0.210121	0.799543	0.818967	0.247752	0.433407	0.282968	0.72723	0.00369479	-0.686305	-0.0104167	0.477591	0.560039	-0.490865	0.46617	0.0409612	0.744764	-0.128422	0.653572	0.425027	0.591359	-0.515587	0.45146
0.492284	0.49909	-0.51234	0.496058	0.527122	0.466036	-0.43801	0.559554	0.698788	-0.208634	-0.471328	0.496001	0.0322188	-0.416027	-0.249458	0.873873	0.403459	0.392016	0.209247	0.79985	0.819682	0.248616	0.431746	0.282677	0.727108	0.00362884	-0.68644	-0.0100439	0.477304	0.560076	-0.490816	0.466471	0.0411843	0.744581	-0.128277	0.653795	0.424886	0.591357	-0.515652	0.451521
0.492291	0.498907	-0.512498	0.496071	0.527185	0.465748	-0.437971	0.559765	0.698769	-0.20912	-0.471438	0.495719	0.0325105	-0.416562	-0.249161	0.873692	0.403493	0.391788	0.20893	0.800027	0.8199	0.248756	0.431185	0.282778	0.727057	0.00357145	-0.686496	-0.00995975	0.477008	0.560116	-0.490755	0.46679	0.0412562	0.744444	-0.127982	0.654004	0.424595	0.59152	-0.515484	0.451773
0.492287	0.498609	-0.51269	0.496177	0.527243	0.465175	-0.438089	0.560094	0.698682	-0.209817	-0.471647	0.495347	0.0326888	-0.417236	-0.248858	0.87345	0.403331	0.391267	0.209214	0.80029	0.820148	0.248336	0.430789	0.283034	0.726922	0.00339	-0.686644	-0.00962406	0.476838	0.560161	-0.49069	0.466978	0.0414971	0.744153	-0.127438	0.654427	0.424155	0.591706	-0.515337	0.452111
0.492272	0.498452	-0.512714	0.496324	0.52728	0.464874	-0.438146	0.560264	0.698577	-0.21005	-0.471624	0.495419	0.0325695	-0.417347	-0.24869	0.873449	0.403391	0.390847	0.209421	0.80041	0.820256	0.247765	0.43086	0.283111	0.726883	0.00331166	-0.686689	-0.00938896	0.47659	0.560282	-0.490542	0.467241	0.0416906	0.744069	-0.127181	0.65456	0.423924	0.591798	-0.515261	0.452293
0.492553	0.497852	-0.512687	0.496676	0.527365	0.464102	-0.438163	0.56081	0.698402	-0.210825	-0.47162	0.495341	0.0321737	-0.417672	-0.248186	0.873452	0.403527	0.389806	0.210283	0.800623	0.820545	0.246164	0.431249	0.283079	0.72674	0.003071	-0.686845	-0.0091353	0.476428	0.560229	-0.490514	0.4675	0.041656	0.743915	-0.126464	0.654876	0.423351	0.592132	-0.514923	0.452778
0.492508	0.497704	-0.512708	0.496847	0.527433	0.46368	-0.438252	0.561027	0.698291	-0.211327	-0.471562	0.495337	0.0321422	-0.417905	-0.247867	0.873433	0.403645	0.38898	0.210625	0.800876	0.820865	0.245137	0.431307	0.282954	0.726663	0.00311519	-0.686931	-0.00880974	0.476218	0.560329	-0.490374	0.467741	0.041718	0.743742	-0.125899	0.655177	0.423138	0.592352	-0.514898	0.452717
0.492889	0.496992	-0.512809	0.497077	0.527444	0.462845	-0.438429	0.561567	0.69804	-0.212469	-0.471511	0.495252	0.0321462	-0.418626	-0.246894	0.873363	0.403967	0.387158	0.211077	0.801477	0.821762	0.243326	0.430839	0.282625	0.726527	0.003435	-0.687085	-0.00782069	0.476016	0.560404	-0.490325	0.467907	0.0420746	0.743396	-0.124754	0.655766	0.422723	0.592668	-0.514971	0.452609
