FULLBODY	1																																						
Frames:	195																																						
-0.400537	-0.611818	0.378916	-0.567161	-0.372045	-0.579434	0.373692	-0.621444	-0.710738	-0.176811	0.604721	-0.312891	-0.683316	-0.064964	0.672811	-0.276016	-0.0551316	-0.64472	-0.0248303	-0.762024	-0.132644	-0.643872	-0.0717747	-0.750122	-0.677913	-0.181287	0.67227	-0.235843	-0.449737	-0.573247	0.487034	-0.481584	-0.187715	-0.746382	0.0139919	-0.638342	-0.374055	-0.621633	0.44769	-0.522714
-0.411996	-0.60693	0.396974	-0.55164	-0.380586	-0.576399	0.386522	-0.611162	-0.71588	-0.178228	0.604333	-0.300887	-0.68549	-0.0623046	0.674068	-0.268056	-0.0630887	-0.646762	-0.00778124	-0.760039	-0.145824	-0.645875	-0.0604084	-0.746948	-0.682905	-0.171622	0.678271	-0.210086	-0.456099	-0.572928	0.485014	-0.478005	-0.183773	-0.753225	0.0311772	-0.630799	-0.372422	-0.626953	0.448656	-0.516662
-0.412547	-0.606378	0.397126	-0.551726	-0.38012	-0.577481	0.387801	-0.609618	-0.716158	-0.178326	0.604101	-0.300633	-0.685954	-0.0623528	0.673733	-0.2677	-0.0631371	-0.64682	-0.00696207	-0.759993	-0.14556	-0.646046	-0.0600215	-0.746883	-0.683078	-0.171012	0.678514	-0.209233	-0.456569	-0.57273	0.485264	-0.47754	-0.183917	-0.753377	0.0321395	-0.630527	-0.371999	-0.627418	0.448412	-0.516614
-0.412673	-0.606193	0.397126	-0.551835	-0.38012	-0.577481	0.387801	-0.609618	-0.716525	-0.177926	0.60408	-0.300035	-0.686193	-0.0619232	0.673684	-0.267311	-0.0629452	-0.646817	-0.00660749	-0.760014	-0.14556	-0.646046	-0.0600215	-0.746883	-0.683072	-0.170942	0.678559	-0.209165	-0.456569	-0.57273	0.485264	-0.47754	-0.183697	-0.75345	0.0318219	-0.63052	-0.371719	-0.627674	0.448268	-0.516629
-0.412855	-0.605991	0.397323	-0.551779	-0.380223	-0.577725	0.388945	-0.608593	-0.716865	-0.177724	0.604136	-0.29923	-0.686628	-0.061469	0.673575	-0.266569	-0.0628345	-0.646908	-0.00552481	-0.759955	-0.144389	-0.646613	-0.0586231	-0.746731	-0.683276	-0.170511	0.678551	-0.208876	-0.456791	-0.572729	0.485466	-0.477123	-0.183783	-0.753511	0.0316428	-0.630432	-0.37107	-0.628219	0.447987	-0.516677
-0.413712	-0.605327	0.397989	-0.551385	-0.380338	-0.577818	0.389221	-0.608256	-0.716871	-0.177946	0.604244	-0.298865	-0.686937	-0.0617605	0.673606	-0.265627	-0.0619614	-0.646895	-0.00480327	-0.760042	-0.143053	-0.646843	-0.0582359	-0.746819	-0.683368	-0.170455	0.678539	-0.208658	-0.45706	-0.572624	0.485566	-0.47689	-0.183458	-0.753958	0.0323855	-0.629954	-0.369237	-0.629518	0.446425	-0.51776
-0.41385	-0.605257	0.398178	-0.551223	-0.380424	-0.57788	0.389378	-0.608044	-0.716895	-0.178003	0.604343	-0.298573	-0.686953	-0.0617113	0.673751	-0.26523	-0.061478	-0.646842	-0.00471904	-0.760127	-0.14238	-0.646887	-0.0582587	-0.746907	-0.683553	-0.170119	0.678535	-0.20834	-0.457299	-0.572463	0.48571	-0.476707	-0.183428	-0.753924	0.0323856	-0.630004	-0.368872	-0.629811	0.446282	-0.517787
-0.414059	-0.605174	0.398464	-0.55095	-0.380581	-0.577924	0.38968	-0.60771	-0.716885	-0.178043	0.604481	-0.298295	-0.686885	-0.0616683	0.673961	-0.264881	-0.0610153	-0.646787	-0.00461258	-0.760212	-0.14181	-0.6469	-0.0581708	-0.747012	-0.683649	-0.1698	0.678623	-0.207995	-0.457374	-0.572467	0.4857	-0.47664	-0.183456	-0.753869	0.0323868	-0.630061	-0.36857	-0.630029	0.4462	-0.517807
-0.414483	-0.604915	0.398766	-0.550697	-0.380579	-0.578232	0.390152	-0.607115	-0.716851	-0.178216	0.60459	-0.298052	-0.686737	-0.061714	0.674142	-0.264794	-0.0607574	-0.646755	-0.00431679	-0.760262	-0.141426	-0.646905	-0.0578866	-0.747103	-0.683673	-0.169565	0.678746	-0.207709	-0.457409	-0.572455	0.485745	-0.476575	-0.183503	-0.753862	0.0327432	-0.630037	-0.368303	-0.630241	0.446035	-0.517882
-0.415303	-0.604445	0.399043	-0.550395	-0.380653	-0.578806	0.391162	-0.605871	-0.716823	-0.178565	0.604718	-0.29765	-0.686589	-0.061818	0.674317	-0.26471	-0.0607781	-0.646761	-0.0033849	-0.760259	-0.141118	-0.646964	-0.0569767	-0.747179	-0.683875	-0.169068	0.678788	-0.207312	-0.457751	-0.572164	0.485956	-0.476381	-0.183437	-0.754091	0.033438	-0.629746	-0.368066	-0.630457	0.445982	-0.517834
-0.416112	-0.603966	0.399353	-0.550085	-0.380962	-0.579279	0.392412	-0.604415	-0.71708	-0.178705	0.604612	-0.297162	-0.68644	-0.0617134	0.674528	-0.264581	-0.0610932	-0.646795	-0.00231301	-0.76021	-0.141375	-0.647126	-0.0560368	-0.747062	-0.683942	-0.168336	0.679078	-0.206734	-0.457759	-0.572081	0.486029	-0.476398	-0.183463	-0.754096	0.0337761	-0.629714	-0.368395	-0.630373	0.446671	-0.517107
-0.417171	-0.60342	0.400055	-0.549371	-0.381229	-0.579998	0.393603	-0.602779	-0.717302	-0.179151	0.604481	-0.296623	-0.686328	-0.0615399	0.674611	-0.264701	-0.0616166	-0.6469	-0.001334	-0.76008	-0.142121	-0.647371	-0.0548768	-0.746794	-0.683989	-0.167971	0.679113	-0.206761	-0.457785	-0.571925	0.48612	-0.476469	-0.183954	-0.75382	0.0346451	-0.629854	-0.368238	-0.630421	0.446916	-0.516949
-0.418169	-0.602972	0.400741	-0.548604	-0.381672	-0.580572	0.39524	-0.600873	-0.717866	-0.179228	0.604269	-0.295643	-0.686092	-0.0604367	0.674759	-0.265189	-0.0628551	-0.647097	0.000148737	-0.759812	-0.143516	-0.647687	-0.053178	-0.746376	-0.684092	-0.167052	0.679417	-0.206164	-0.458316	-0.571309	0.486577	-0.47623	-0.184197	-0.753932	0.035474	-0.629602	-0.368	-0.630484	0.447019	-0.516953
-0.418667	-0.602731	0.401132	-0.548203	-0.382477	-0.580704	0.396721	-0.599255	-0.718858	-0.178584	0.603999	-0.29417	-0.685762	-0.0592826	0.67509	-0.265463	-0.0638296	-0.647185	0.00104296	-0.759655	-0.146021	-0.648146	-0.0507057	-0.745664	-0.684161	-0.166416	0.679627	-0.205759	-0.458377	-0.571102	0.486602	-0.476395	-0.184717	-0.75373	0.0360371	-0.62966	-0.368085	-0.630415	0.447275	-0.516755
-0.419825	-0.602013	0.40194	-0.547514	-0.383749	-0.580497	0.398132	-0.597704	-0.719872	-0.17737	0.603372	-0.293712	-0.684864	-0.0564151	0.675716	-0.266809	-0.0670222	-0.646964	0.00305296	-0.759563	-0.150487	-0.648471	-0.0461777	-0.744787	-0.684162	-0.165306	0.680164	-0.204875	-0.458573	-0.570751	0.486563	-0.476666	-0.185089	-0.753587	0.0370235	-0.629665	-0.368386	-0.630107	0.447823	-0.516441
-0.420828	-0.60138	0.402767	-0.546832	-0.384401	-0.580528	0.398987	-0.596685	-0.720538	-0.176937	0.602502	-0.294126	-0.682199	-0.0520616	0.67737	-0.270303	-0.0736573	-0.645781	0.00702362	-0.759929	-0.154407	-0.648501	-0.0427764	-0.744161	-0.684217	-0.164481	0.680516	-0.204183	-0.458663	-0.570606	0.486535	-0.476782	-0.185898	-0.753475	0.0387313	-0.629458	-0.368786	-0.629703	0.448236	-0.516291
-0.421715	-0.600863	0.403407	-0.546244	-0.386001	-0.579957	0.401006	-0.594852	-0.722342	-0.175701	0.600689	-0.294148	-0.677657	-0.0403052	0.679508	-0.278253	-0.08333	-0.642608	0.0125875	-0.761546	-0.164243	-0.645302	-0.0385335	-0.745067	-0.68419	-0.163446	0.680961	-0.20362	-0.45849	-0.570532	0.486381	-0.477194	-0.186799	-0.753204	0.0398149	-0.629448	-0.369326	-0.629221	0.448836	-0.51597
-0.422702	-0.600425	0.404398	-0.545229	-0.38779	-0.578764	0.402844	-0.593605	-0.726239	-0.170434	0.598099	-0.292929	-0.669236	-0.0196786	0.681806	-0.294747	-0.0938431	-0.636692	0.0141918	-0.765255	-0.178111	-0.637361	-0.0410753	-0.748572	-0.684394	-0.162045	0.681444	-0.202435	-0.459101	-0.569909	0.486538	-0.47719	-0.186855	-0.752651	0.0398056	-0.630093	-0.369349	-0.62895	0.448977	-0.516161
-0.423839	-0.599742	0.405283	-0.544441	-0.389294	-0.577145	0.404313	-0.593199	-0.730648	-0.162507	0.594524	-0.293745	-0.65692	0.00836587	0.681291	-0.322845	-0.104325	-0.626995	0.0110194	-0.771928	-0.201171	-0.622089	-0.0515742	-0.754901	-0.684371	-0.161165	0.681835	-0.201902	-0.459491	-0.569307	0.486527	-0.477544	-0.187469	-0.752188	0.0403167	-0.630431	-0.369351	-0.628565	0.449047	-0.516568
-0.425634	-0.598594	0.406094	-0.543699	-0.391202	-0.575264	0.405759	-0.592783	-0.73428	-0.151938	0.589327	-0.300734	-0.641155	0.0432786	0.677133	-0.358522	-0.116857	-0.614113	0.00139344	-0.780517	-0.22987	-0.601219	-0.0716256	-0.761949	-0.68443	-0.159601	0.682264	-0.201491	-0.459868	-0.568738	0.486585	-0.477801	-0.188761	-0.751776	0.0407279	-0.630511	-0.369583	-0.628076	0.449639	-0.516482
-0.427814	-0.597113	0.406839	-0.543059	-0.392965	-0.573166	0.406466	-0.593165	-0.738304	-0.133684	0.584078	-0.30966	-0.621443	0.0833723	0.667705	-0.401283	-0.135172	-0.599432	-0.0126365	-0.788829	-0.264959	-0.573253	-0.0963654	-0.769345	-0.684684	-0.157238	0.682869	-0.200434	-0.460773	-0.567672	0.487127	-0.477644	-0.190232	-0.751836	0.0418445	-0.629924	-0.369604	-0.627769	0.44985	-0.516657
-0.42876	-0.596463	0.406977	-0.542925	-0.394317	-0.57161	0.406803	-0.593537	-0.73931	-0.124313	0.58085	-0.317143	-0.609822	0.105083	0.661298	-0.423981	-0.144972	-0.591623	-0.0224911	-0.792754	-0.304492	-0.539872	-0.123617	-0.774946	-0.684814	-0.156143	0.683139	-0.199926	-0.461293	-0.567038	0.487344	-0.477673	-0.190448	-0.751941	0.0418524	-0.629733	-0.369773	-0.627493	0.450047	-0.516699
-0.430466	-0.595237	0.406833	-0.543027	-0.397173	-0.568383	0.407102	-0.594527	-0.740025	-0.114285	0.57717	-0.325848	-0.582317	0.151552	0.644233	-0.472126	-0.16916	-0.57499	-0.0413112	-0.799415	-0.325793	-0.520796	-0.138107	-0.776889	-0.68486	-0.155562	0.683217	-0.199957	-0.461149	-0.567053	0.487258	-0.477884	-0.191982	-0.751726	0.0425573	-0.629476	-0.370142	-0.627028	0.450323	-0.516759
-0.43157	-0.594272	0.40634	-0.543577	-0.40031	-0.564464	0.406346	-0.596671	-0.740131	-0.0743052	0.56823	-0.351852	-0.549813	0.198951	0.620382	-0.522733	-0.188217	-0.559773	-0.0725238	-0.803722	-0.370017	-0.480642	-0.170383	-0.776557	-0.684867	-0.154039	0.683418	-0.20042	-0.461234	-0.566809	0.487377	-0.477969	-0.192395	-0.751654	0.0421716	-0.629461	-0.370302	-0.626807	0.450274	-0.516955
-0.432395	-0.593385	0.405693	-0.544372	-0.403561	-0.560545	0.405186	-0.598959	-0.739346	-0.0412	0.562065	-0.368447	-0.512226	0.245939	0.590624	-0.572976	-0.210027	-0.543626	-0.103124	-0.806055	-0.415914	-0.436056	-0.202937	-0.771808	-0.68516	-0.15237	0.683745	-0.199579	-0.461824	-0.566285	0.487677	-0.477714	-0.192747	-0.751539	0.041797	-0.629516	-0.370361	-0.626769	0.450175	-0.517046
-0.433929	-0.591965	0.405737	-0.544666	-0.407003	-0.556421	0.403861	-0.601366	-0.735928	-0.0106367	0.553872	-0.389259	-0.470441	0.290362	0.555999	-0.620677	-0.222962	-0.535485	-0.115623	-0.806334	-0.462647	-0.388028	-0.234481	-0.761847	-0.685498	-0.150944	0.683885	-0.199023	-0.462199	-0.565979	0.487794	-0.477594	-0.193413	-0.751558	0.0423296	-0.629253	-0.370752	-0.626594	0.450544	-0.516656
-0.434662	-0.591302	0.405881	-0.544694	-0.408249	-0.55492	0.403416	-0.602207	-0.733609	0.00442693	0.549354	-0.400011	-0.448405	0.310438	0.535884	-0.644507	-0.251718	-0.516585	-0.134896	-0.807206	-0.485762	-0.363713	-0.248544	-0.754966	-0.685701	-0.150103	0.684025	-0.198475	-0.463019	-0.565363	0.488214	-0.477101	-0.193931	-0.751713	0.0430999	-0.628857	-0.370924	-0.626541	0.450729	-0.516436
-0.435494	-0.590289	0.40614	-0.544935	-0.410031	-0.552564	0.40219	-0.603979	-0.728056	0.0352431	0.539699	-0.421209	-0.402486	0.347398	0.492659	-0.688917	-0.279674	-0.49803	-0.151073	-0.806799	-0.529117	-0.314791	-0.27615	-0.738026	-0.686069	-0.148805	0.68425	-0.197405	-0.463259	-0.565249	0.48828	-0.476936	-0.194724	-0.75188	0.0442338	-0.628333	-0.371165	-0.626557	0.451011	-0.515997
-0.435584	-0.590049	0.406639	-0.544751	-0.411992	-0.55006	0.401316	-0.60551	-0.721676	0.0686676	0.530918	-0.438856	-0.353624	0.379782	0.449498	-0.727095	-0.301622	-0.480058	-0.173779	-0.805214	-0.5676	-0.26731	-0.30017	-0.718522	-0.686157	-0.148561	0.684234	-0.19734	-0.463342	-0.565287	0.48834	-0.476748	-0.194858	-0.752005	0.0447035	-0.628108	-0.371327	-0.626606	0.45115	-0.515698
-0.435838	-0.59006	0.407636	-0.54379	-0.413654	-0.547477	0.400484	-0.607265	-0.713796	0.0973614	0.522325	-0.456281	-0.30579	0.405192	0.403847	-0.761065	-0.323321	-0.462978	-0.192333	-0.802573	-0.600092	-0.222103	-0.321391	-0.698046	-0.686235	-0.148675	0.684137	-0.197317	-0.46346	-0.565368	0.488408	-0.476467	-0.194685	-0.75208	0.0447947	-0.628067	-0.371126	-0.626847	0.450834	-0.515827
-0.435423	-0.590177	0.408598	-0.543272	-0.415237	-0.54456	0.400079	-0.609073	-0.705222	0.126544	0.51469	-0.470896	-0.257636	0.427286	0.361335	-0.78771	-0.33309	-0.455025	-0.200873	-0.801032	-0.627714	-0.180927	-0.339277	-0.676855	-0.686318	-0.148626	0.684116	-0.197138	-0.463375	-0.565461	0.488371	-0.476478	-0.194389	-0.752218	0.0451209	-0.627968	-0.37091	-0.627021	0.450512	-0.516053
-0.435183	-0.590314	0.408964	-0.543041	-0.416006	-0.543024	0.399912	-0.610028	-0.700206	0.139815	0.510827	-0.478769	-0.233697	0.43567	0.340522	-0.799764	-0.351825	-0.439133	-0.214388	-0.798386	-0.640114	-0.162018	-0.346715	-0.666178	-0.686221	-0.149101	0.684014	-0.197469	-0.463231	-0.565624	0.488258	-0.47654	-0.194253	-0.752176	0.0450096	-0.628069	-0.37075	-0.627147	0.450371	-0.516136
-0.435183	-0.590314	0.408964	-0.543041	-0.416006	-0.543024	0.399912	-0.610028	-0.700206	0.139815	0.510827	-0.478769	-0.233697	0.43567	0.340522	-0.799764	-0.351825	-0.439133	-0.214388	-0.798386	-0.640114	-0.162018	-0.346715	-0.666178	-0.686221	-0.149101	0.684014	-0.197469	-0.463233	-0.565663	0.488258	-0.476492	-0.194253	-0.752176	0.0450096	-0.628069	-0.37075	-0.627147	0.450371	-0.516136
-0.435022	-0.590474	0.409994	-0.542218	-0.417478	-0.540091	0.399955	-0.611596	-0.690477	0.161577	0.502381	-0.49472	-0.187953	0.44743	0.302477	-0.820359	-0.360236	-0.432222	-0.220683	-0.796689	-0.662691	-0.12851	-0.359892	-0.644053	-0.686309	-0.148943	0.684072	-0.197082	-0.463258	-0.565685	0.48828	-0.476419	-0.193903	-0.752179	0.0447362	-0.628194	-0.370162	-0.627552	0.449838	-0.516531
-0.434761	-0.590842	0.410966	-0.541291	-0.419141	-0.537366	0.399967	-0.61285	-0.68157	0.181284	0.49508	-0.507439	-0.144576	0.453505	0.272115	-0.836292	-0.384606	-0.414332	-0.236177	-0.790334	-0.682704	-0.0969716	-0.369989	-0.622592	-0.686373	-0.149058	0.683993	-0.197045	-0.463218	-0.565744	0.488359	-0.476307	-0.193442	-0.752062	0.0441635	-0.628516	-0.369617	-0.627933	0.449456	-0.516791
-0.434341	-0.591044	0.411488	-0.541011	-0.420978	-0.534702	0.400284	-0.613714	-0.672775	0.197997	0.488184	-0.519467	-0.103512	0.452529	0.251146	-0.849369	-0.398631	-0.405038	-0.244633	-0.785616	-0.699099	-0.0693463	-0.380857	-0.601166	-0.686469	-0.149086	0.683973	-0.19676	-0.463143	-0.565882	0.488453	-0.47612	-0.193153	-0.752156	0.0441993	-0.62849	-0.369332	-0.628111	0.449392	-0.516834
-0.43403	-0.591156	0.411856	-0.540858	-0.422916	-0.532116	0.40068	-0.61437	-0.663657	0.211339	0.481582	-0.531953	-0.0686475	0.44918	0.234992	-0.859246	-0.405132	-0.401491	-0.249299	-0.782639	-0.712851	-0.0457085	-0.390432	-0.58079	-0.686491	-0.14905	0.684039	-0.196479	-0.462989	-0.566057	0.488601	-0.475909	-0.193079	-0.752117	0.0442046	-0.62856	-0.369083	-0.62828	0.44945	-0.516756
-0.43403	-0.591156	0.411856	-0.540858	-0.422916	-0.532116	0.40068	-0.61437	-0.663657	0.211339	0.481582	-0.531953	-0.0686475	0.44918	0.234992	-0.859246	-0.411323	-0.397849	-0.253054	-0.780059	-0.712851	-0.0457085	-0.390432	-0.58079	-0.686491	-0.14905	0.684039	-0.196479	-0.462989	-0.566057	0.488601	-0.475909	-0.193138	-0.75212	0.0443539	-0.628527	-0.369083	-0.62828	0.44945	-0.516756
-0.433877	-0.591063	0.412084	-0.540908	-0.424087	-0.530618	0.400834	-0.614758	-0.65867	0.218849	0.478905	-0.537502	-0.0527716	0.446799	0.228354	-0.863389	-0.417089	-0.394192	-0.256079	-0.777865	-0.718765	-0.0351021	-0.39405	-0.571726	-0.686582	-0.148934	0.684033	-0.196274	-0.462975	-0.566086	0.488733	-0.475754	-0.19299	-0.752204	0.0445015	-0.628462	-0.368975	-0.628337	0.449498	-0.516723
-0.433884	-0.590702	0.412569	-0.540927	-0.426033	-0.527793	0.400741	-0.615904	-0.6495	0.232971	0.473275	-0.547618	-0.0228466	0.442163	0.215005	-0.870484	-0.428371	-0.387423	-0.261136	-0.77344	-0.728578	-0.0174616	-0.399832	-0.555881	-0.686614	-0.148762	0.684163	-0.195835	-0.46289	-0.566164	0.488987	-0.475481	-0.193056	-0.752285	0.0450706	-0.628303	-0.368832	-0.628463	0.449681	-0.516511
-0.433696	-0.59053	0.413035	-0.54091	-0.427908	-0.525107	0.399431	-0.617748	-0.641654	0.246457	0.466624	-0.556598	0.00229362	0.437244	0.201368	-0.876506	-0.438311	-0.381258	-0.265317	-0.769501	-0.735321	-0.00502221	-0.402478	-0.545242	-0.686612	-0.149291	0.683984	-0.196065	-0.46272	-0.5664	0.489125	-0.475223	-0.193124	-0.752434	0.0456107	-0.628066	-0.368666	-0.628625	0.44985	-0.516286
-0.433409	-0.590256	0.413185	-0.541325	-0.429716	-0.522025	0.39792	-0.620076	-0.634389	0.262444	0.459662	-0.563368	0.0259714	0.432692	0.186286	-0.881703	-0.448523	-0.375229	-0.265833	-0.766396	-0.736546	0.00681967	-0.402383	-0.543638	-0.686554	-0.149794	0.683871	-0.196278	-0.462412	-0.566756	0.489172	-0.475052	-0.192797	-0.752536	0.0453471	-0.628062	-0.36805	-0.629084	0.44951	-0.516462
-0.432863	-0.590356	0.413127	-0.541696	-0.430426	-0.520212	0.39622	-0.622192	-0.62587	0.281497	0.453756	-0.568464	0.0501143	0.427995	0.168352	-0.886547	-0.453378	-0.372542	-0.264785	-0.765212	-0.731989	0.0106091	-0.398944	-0.552198	-0.68642	-0.150334	0.683767	-0.196698	-0.461789	-0.567388	0.489152	-0.474922	-0.192774	-0.752629	0.0452731	-0.627964	-0.367582	-0.629465	0.449206	-0.516596
-0.432086	-0.590334	0.412561	-0.542772	-0.431652	-0.517728	0.394472	-0.62452	-0.621456	0.289663	0.451495	-0.570999	0.0719993	0.423369	0.156416	-0.889443	-0.469223	-0.371563	-0.265244	-0.755921	-0.727413	-0.00223769	-0.3988	-0.558412	-0.686279	-0.151551	0.683336	-0.197752	-0.461064	-0.568095	0.489071	-0.474866	-0.192509	-0.752804	0.0446456	-0.62788	-0.366688	-0.63012	0.448316	-0.517205
-0.43161	-0.590123	0.41264	-0.543319	-0.433655	-0.515237	0.394798	-0.624987	-0.612883	0.300666	0.447645	-0.57757	0.0803453	0.421846	0.150506	-0.890471	-0.471385	-0.370829	-0.263563	-0.755524	-0.726145	-0.00117962	-0.397424	-0.56104	-0.686174	-0.152214	0.683183	-0.198133	-0.460856	-0.568332	0.489052	-0.474804	-0.191897	-0.752948	0.0441007	-0.627934	-0.365801	-0.630636	0.447383	-0.518012
-0.431977	-0.589811	0.414032	-0.542306	-0.435023	-0.514515	0.396308	-0.623674	-0.611698	0.300168	0.44767	-0.579065	0.0779089	0.423812	0.149846	-0.889865	-0.471824	-0.370954	-0.261433	-0.755929	-0.730446	-0.00199865	-0.400438	-0.553258	-0.686258	-0.152092	0.683127	-0.198128	-0.460736	-0.568512	0.489146	-0.474608	-0.192085	-0.753027	0.0446005	-0.627746	-0.365594	-0.630767	0.447346	-0.518031
-0.432233	-0.589677	0.414771	-0.541683	-0.435242	-0.51467	0.397167	-0.622846	-0.611571	0.299497	0.448405	-0.578978	0.0770772	0.424633	0.150421	-0.889449	-0.472481	-0.371826	-0.260553	-0.755394	-0.732039	-0.00135619	-0.401675	-0.550249	-0.686381	-0.151503	0.68327	-0.197659	-0.460961	-0.568324	0.489318	-0.474438	-0.1928	-0.753118	0.0457187	-0.627337	-0.365678	-0.630754	0.447524	-0.517833
-0.432365	-0.5896	0.41618	-0.54058	-0.435312	-0.515022	0.398888	-0.621405	-0.61126	0.297973	0.449957	-0.578888	0.0776435	0.425088	0.152249	-0.888871	-0.473998	-0.373972	-0.259529	-0.753734	-0.734204	-0.00204077	-0.403756	-0.545822	-0.68673	-0.150281	0.683422	-0.196853	-0.461571	-0.567806	0.489769	-0.474	-0.193556	-0.753318	0.0468423	-0.626781	-0.365604	-0.630861	0.447645	-0.517651
-0.432061	-0.589763	0.416833	-0.540141	-0.43555	-0.514928	0.399892	-0.62067	-0.610964	0.297257	0.450904	-0.578832	0.0782272	0.425256	0.153395	-0.888543	-0.474726	-0.374648	-0.25867	-0.753236	-0.734886	-0.00282333	-0.404879	-0.544066	-0.686759	-0.150126	0.683404	-0.196932	-0.461647	-0.567726	0.489781	-0.474009	-0.193686	-0.753242	0.0466184	-0.626848	-0.36555	-0.630946	0.447646	-0.517585
-0.4317	-0.589987	0.417524	-0.539652	-0.435783	-0.514867	0.400925	-0.61989	-0.610607	0.296337	0.451811	-0.578974	0.0786233	0.425392	0.154435	-0.888262	-0.475243	-0.37535	-0.257972	-0.752799	-0.735425	-0.00343021	-0.405593	-0.5428	-0.686815	-0.149895	0.683421	-0.196854	-0.461631	-0.567723	0.489685	-0.474127	-0.193586	-0.753173	0.0463365	-0.626983	-0.365531	-0.630953	0.447595	-0.517633
-0.431353	-0.590222	0.418216	-0.539136	-0.436017	-0.514914	0.402006	-0.618986	-0.61041	0.295109	0.452586	-0.579203	0.0788624	0.425349	0.155434	-0.888087	-0.475714	-0.375909	-0.257136	-0.752509	-0.735842	-0.00399341	-0.405755	-0.54211	-0.686838	-0.14983	0.68341	-0.196864	-0.461663	-0.567668	0.489619	-0.474229	-0.193626	-0.753092	0.0464148	-0.627063	-0.36551	-0.630917	0.447479	-0.517793
-0.430872	-0.590898	0.420318	-0.537142	-0.436289	-0.515841	0.405461	-0.615761	-0.610466	0.291345	0.454383	-0.579642	0.0789561	0.425104	0.158216	-0.887705	-0.476523	-0.377261	-0.255358	-0.751926	-0.735893	-0.00618241	-0.407603	-0.540632	-0.687067	-0.149109	0.683539	-0.196165	-0.461258	-0.567822	0.489063	-0.475011	-0.193456	-0.752927	0.0462844	-0.627323	-0.366053	-0.630398	0.447776	-0.517783
-0.430843	-0.591091	0.420969	-0.536442	-0.436128	-0.516613	0.40672	-0.614396	-0.610879	0.29017	0.454799	-0.57947	0.0781204	0.425092	0.160313	-0.887408	-0.477031	-0.37881	-0.254426	-0.75114	-0.735801	-0.00688505	-0.408332	-0.540198	-0.687187	-0.148837	0.683537	-0.195956	-0.460824	-0.568049	0.488786	-0.475447	-0.193392	-0.75285	0.0468718	-0.62739	-0.366394	-0.630125	0.448014	-0.51767
-0.430843	-0.591091	0.420969	-0.536442	-0.436128	-0.516613	0.40672	-0.614396	-0.610879	0.29017	0.454799	-0.57947	0.0781204	0.425092	0.160313	-0.887408	-0.477031	-0.37881	-0.254426	-0.75114	-0.735801	-0.00688505	-0.408332	-0.540198	-0.687187	-0.148837	0.683537	-0.195956	-0.460824	-0.568049	0.488786	-0.475447	-0.193392	-0.75285	0.0468718	-0.62739	-0.366394	-0.630125	0.448014	-0.51767
-0.43099	-0.591254	0.421742	-0.535538	-0.435884	-0.518001	0.409051	-0.611847	-0.611681	0.287874	0.455868	-0.57893	0.0771478	0.424572	0.163222	-0.887212	-0.477112	-0.380088	-0.252842	-0.750978	-0.736123	-0.00803416	-0.408967	-0.539262	-0.687344	-0.148871	0.683309	-0.196174	-0.459164	-0.569001	0.488209	-0.476507	-0.193156	-0.752746	0.0474404	-0.627546	-0.366836	-0.629759	0.448529	-0.517356
-0.431056	-0.591606	0.422166	-0.534761	-0.435774	-0.518726	0.410846	-0.610107	-0.612111	0.287006	0.456528	-0.578385	0.0764054	0.424678	0.165579	-0.886789	-0.476966	-0.381152	-0.251669	-0.750926	-0.736527	-0.00929713	-0.409197	-0.538515	-0.687671	-0.148507	0.682995	-0.196399	-0.456762	-0.570507	0.487806	-0.477426	-0.193015	-0.752608	0.0475025	-0.627749	-0.366951	-0.629655	0.449224	-0.516797
-0.431089	-0.591857	0.422251	-0.534389	-0.435628	-0.518976	0.411558	-0.609518	-0.612992	0.285506	0.457824	-0.57717	0.075821	0.424667	0.166853	-0.886605	-0.4769	-0.381805	-0.251482	-0.750698	-0.736537	-0.00999681	-0.40938	-0.538351	-0.687756	-0.148345	0.682979	-0.196278	-0.455901	-0.570956	0.487866	-0.477652	-0.192751	-0.752647	0.047467	-0.627787	-0.366477	-0.629929	0.449172	-0.516845
-0.431208	-0.592006	0.421655	-0.534599	-0.435404	-0.519332	0.412375	-0.608822	-0.613634	0.28406	0.459143	-0.576153	0.0752882	0.424978	0.169188	-0.886059	-0.476607	-0.383175	-0.251571	-0.750156	-0.736077	-0.0108408	-0.409984	-0.538503	-0.68766	-0.148657	0.683234	-0.19549	-0.454338	-0.571987	0.487741	-0.478034	-0.191817	-0.752851	0.0467703	-0.627881	-0.365095	-0.630713	0.449256	-0.516793
-0.431395	-0.591799	0.42117	-0.535059	-0.435769	-0.519106	0.412375	-0.608754	-0.613546	0.283857	0.459457	-0.576095	0.0754637	0.42497	0.169802	-0.88593	-0.476335	-0.383671	-0.251742	-0.750018	-0.736064	-0.0115096	-0.410134	-0.538393	-0.687301	-0.14977	0.683162	-0.196154	-0.453345	-0.572721	0.487665	-0.478176	-0.191979	-0.752767	0.0465951	-0.627945	-0.364753	-0.630944	0.449867	-0.516222
-0.431668	-0.591648	0.420647	-0.535418	-0.435843	-0.519517	0.412374	-0.60835	-0.613	0.283117	0.459342	-0.577131	0.0767756	0.424131	0.169978	-0.886186	-0.475705	-0.384398	-0.251273	-0.750203	-0.736121	-0.0119199	-0.41035	-0.538141	-0.686473	-0.151483	0.683303	-0.197244	-0.451866	-0.573722	0.487915	-0.478119	-0.192804	-0.752378	0.0473432	-0.628102	-0.363863	-0.631525	0.45054	-0.515551
-0.431308	-0.591788	0.419848	-0.536179	-0.43572	-0.5203	0.411975	-0.60804	-0.612988	0.281954	0.459209	-0.577819	0.0769643	0.423163	0.170786	-0.886477	-0.47496	-0.384823	-0.250594	-0.750684	-0.736279	-0.0125888	-0.409891	-0.53826	-0.686236	-0.152155	0.68339	-0.197251	-0.451747	-0.573831	0.488662	-0.477338	-0.192124	-0.752478	0.0468569	-0.628227	-0.363337	-0.631812	0.45074	-0.515396
-0.430222	-0.592943	0.419818	-0.535799	-0.434631	-0.522191	0.412802	-0.606636	-0.614652	0.278561	0.459836	-0.577198	0.0760064	0.422511	0.172249	-0.886588	-0.474807	-0.385183	-0.249992	-0.750797	-0.736384	-0.0140062	-0.409272	-0.538553	-0.685862	-0.153401	0.68336	-0.197688	-0.451849	-0.573731	0.489059	-0.476956	-0.191934	-0.752298	0.0465911	-0.628521	-0.363334	-0.631753	0.450811	-0.515409
-0.429721	-0.593715	0.420226	-0.535026	-0.433736	-0.523639	0.413976	-0.605227	-0.615792	0.276218	0.460813	-0.576329	0.0734551	0.421548	0.177318	-0.886262	-0.474177	-0.386662	-0.247891	-0.751131	-0.7363	-0.0151859	-0.409347	-0.538579	-0.685556	-0.154239	0.683346	-0.198144	-0.451877	-0.573722	0.489008	-0.476991	-0.191711	-0.751631	0.0455356	-0.629464	-0.36357	-0.631529	0.450687	-0.515626
-0.42896	-0.594759	0.42088	-0.533961	-0.431488	-0.527219	0.417413	-0.601352	-0.618152	0.270716	0.46383	-0.573988	0.0722768	0.421465	0.180365	-0.885783	-0.473451	-0.387712	-0.246098	-0.751638	-0.735358	-0.0182382	-0.409707	-0.539496	-0.685297	-0.154818	0.683382	-0.198465	-0.451464	-0.574092	0.488461	-0.477498	-0.191361	-0.75125	0.0445609	-0.630094	-0.363853	-0.631292	0.450563	-0.515824
-0.426581	-0.597614	0.423074	-0.530938	-0.430047	-0.529361	0.419532	-0.599024	-0.619498	0.267069	0.465634	-0.572784	0.0691371	0.420897	0.187997	-0.884716	-0.471265	-0.390932	-0.241999	-0.752674	-0.734803	-0.0206958	-0.409449	-0.540359	-0.685237	-0.154824	0.683263	-0.199077	-0.45133	-0.574151	0.488221	-0.477799	-0.190473	-0.750826	0.0432188	-0.630962	-0.364562	-0.630726	0.449997	-0.51651
-0.423267	-0.601499	0.425868	-0.526955	-0.426397	-0.535034	0.424369	-0.593157	-0.622839	0.258581	0.469657	-0.569764	0.0655671	0.419976	0.197626	-0.883326	-0.468309	-0.395056	-0.235571	-0.754403	-0.733197	-0.0278043	-0.408311	-0.543075	-0.685462	-0.154801	0.682814	-0.199862	-0.450969	-0.574318	0.487316	-0.478862	-0.190118	-0.75017	0.041375	-0.631972	-0.365699	-0.630075	0.449691	-0.516767
-0.41949	-0.605748	0.428964	-0.522578	-0.418974	-0.546493	0.433788	-0.581063	-0.626754	0.247939	0.474184	-0.56644	0.0604171	0.418576	0.209147	-0.881704	-0.463932	-0.400466	-0.227795	-0.75664	-0.729453	-0.0417494	-0.406045	-0.548893	-0.685834	-0.153936	0.682518	-0.200261	-0.450164	-0.574639	0.485319	-0.481255	-0.189459	-0.749857	0.039682	-0.63265	-0.366771	-0.62949	0.448843	-0.517456
-0.415878	-0.610253	0.432452	-0.517323	-0.416209	-0.550689	0.437061	-0.576619	-0.631414	0.236117	0.479279	-0.562011	0.054621	0.41743	0.222082	-0.879459	-0.458823	-0.407073	-0.219169	-0.758774	-0.72786	-0.0471439	-0.40518	-0.551205	-0.686147	-0.152843	0.6824	-0.200431	-0.450105	-0.574489	0.4847	-0.482115	-0.188331	-0.74982	0.0378085	-0.633144	-0.368075	-0.628779	0.448164	-0.517984
-0.413494	-0.612985	0.434545	-0.514239	-0.413286	-0.555167	0.440353	-0.571904	-0.63403	0.229851	0.482061	-0.559278	0.0513313	0.416844	0.229208	-0.878106	-0.455994	-0.410618	-0.214473	-0.75991	-0.726144	-0.0529101	-0.404376	-0.55353	-0.686284	-0.152407	0.682348	-0.20047	-0.449629	-0.574628	0.483686	-0.483409	-0.18811	-0.749396	0.036736	-0.633775	-0.36887	-0.628344	0.448107	-0.517996
-0.408666	-0.618639	0.438891	-0.507595	-0.40701	-0.564739	0.447545	-0.561352	-0.639432	0.215321	0.488076	-0.553665	0.0443221	0.414707	0.245047	-0.875217	-0.449597	-0.418355	-0.204156	-0.76234	-0.72222	-0.0650172	-0.40283	-0.558479	-0.686131	-0.152299	0.682174	-0.201663	-0.449157	-0.574441	0.481865	-0.485883	-0.188139	-0.748881	0.0354187	-0.63445	-0.370433	-0.627323	0.447529	-0.518616
-0.403192	-0.624874	0.443517	-0.500261	-0.400051	-0.574822	0.455054	-0.549969	-0.6455	0.199401	0.494412	-0.546923	0.0366731	0.412168	0.262436	-0.871723	-0.442402	-0.42658	-0.192767	-0.764951	-0.717829	-0.0780181	-0.401072	-0.563717	-0.686035	-0.151235	0.682502	-0.20168	-0.449007	-0.573861	0.479815	-0.488727	-0.187819	-0.748104	0.0344264	-0.635515	-0.373217	-0.625482	0.447875	-0.518545
-0.399704	-0.628579	0.446172	-0.49604	-0.396371	-0.579865	0.458994	-0.544033	-0.64873	0.190818	0.497748	-0.543125	0.0322564	0.410785	0.271614	-0.869736	-0.43858	-0.431013	-0.186524	-0.766214	-0.715328	-0.0850641	-0.400176	-0.566506	-0.685915	-0.150714	0.682681	-0.201871	-0.448577	-0.573828	0.478182	-0.490757	-0.187468	-0.747336	0.0327571	-0.636609	-0.374744	-0.624416	0.448063	-0.518566
-0.391876	-0.636785	0.452222	-0.486245	-0.388177	-0.591056	0.467548	-0.530443	-0.655606	0.17225	0.504621	-0.534667	0.0227823	0.407713	0.291425	-0.865057	-0.430758	-0.439808	-0.173052	-0.768811	-0.710206	-0.0993361	-0.398122	-0.572047	-0.685387	-0.150765	0.682725	-0.203472	-0.448381	-0.57306	0.475192	-0.494721	-0.18765	-0.746379	0.0313982	-0.637746	-0.377898	-0.622009	0.447572	-0.519593
-0.38259	-0.645943	0.459006	-0.475075	-0.379689	-0.602925	0.476355	-0.515173	-0.662471	0.152282	0.511637	-0.525518	0.0125775	0.404354	0.312206	-0.859574	-0.422161	-0.449192	-0.158763	-0.771234	-0.704386	-0.113905	-0.39627	-0.577785	-0.685263	-0.150297	0.682417	-0.205262	-0.448261	-0.572226	0.471454	-0.499351	-0.187799	-0.744979	0.0287842	-0.639461	-0.382001	-0.618866	0.447499	-0.520409
-0.38259	-0.645943	0.459006	-0.475075	-0.374554	-0.609564	0.480699	-0.507021	-0.662471	0.152282	0.511637	-0.525518	0.0125775	0.404354	0.312206	-0.859574	-0.422161	-0.449192	-0.158763	-0.771234	-0.701242	-0.121577	-0.395349	-0.58067	-0.685263	-0.150297	0.682417	-0.205262	-0.448021	-0.571916	0.469218	-0.502019	-0.187799	-0.744979	0.0287842	-0.639461	-0.382001	-0.618866	0.447499	-0.520409
-0.371335	-0.655947	0.465979	-0.463365	-0.369326	-0.616148	0.484955	-0.498776	-0.668891	0.130362	0.518584	-0.516393	0.00210882	0.399668	0.334186	-0.853569	-0.413246	-0.459037	-0.143784	-0.773201	-0.697874	-0.129227	-0.394344	-0.583751	-0.684673	-0.150415	0.681987	-0.208545	-0.448185	-0.57123	0.467362	-0.50438	-0.189862	-0.744363	0.0274803	-0.639625	-0.386288	-0.615531	0.446872	-0.521736
-0.365581	-0.660757	0.469126	-0.4579	-0.35808	-0.629392	0.493079	-0.482201	-0.668891	0.130362	0.518584	-0.516393	-0.00303132	0.397265	0.345421	-0.850209	-0.408894	-0.463951	-0.135874	-0.774011	-0.690879	-0.14472	-0.392323	-0.589767	-0.684673	-0.150415	0.681987	-0.208545	-0.448367	-0.569948	0.463637	-0.509084	-0.191674	-0.743781	0.0266136	-0.639799	-0.386288	-0.615531	0.446872	-0.521736
-0.354542	-0.669799	0.474883	-0.447386	-0.351771	-0.636227	0.497574	-0.473173	-0.676947	0.0959366	0.529703	-0.50195	-0.0129977	0.392516	0.368465	-0.842613	-0.399957	-0.473798	-0.119085	-0.77548	-0.687336	-0.152852	-0.391175	-0.59261	-0.682969	-0.151315	0.681315	-0.21556	-0.448423	-0.569362	0.461827	-0.511332	-0.193183	-0.74271	0.0225906	-0.640743	-0.392371	-0.610648	0.445405	-0.524184
-0.344563	-0.677339	0.479124	-0.439235	-0.338048	-0.649932	0.50699	-0.454174	-0.681472	0.0719135	0.537712	-0.491213	-0.0177247	0.390005	0.380375	-0.838389	-0.395631	-0.478753	-0.110121	-0.77598	-0.680057	-0.169422	-0.388319	-0.598354	-0.682138	-0.150961	0.68105	-0.219248	-0.448601	-0.56816	0.458183	-0.515771	-0.19462	-0.742457	0.0212213	-0.640648	-0.396072	-0.607559	0.444097	-0.526096
-0.333654	-0.684865	0.482273	-0.432489	-0.323448	-0.663242	0.516809	-0.43405	-0.685911	0.046569	0.54583	-0.478985	-0.0333486	0.381947	0.417662	-0.823749	-0.38696	-0.488585	-0.0910915	-0.776691	-0.672785	-0.187004	-0.384156	-0.603998	-0.681165	-0.151564	0.680188	-0.224468	-0.448628	-0.567046	0.455441	-0.519389	-0.199121	-0.741342	0.0158954	-0.64071	-0.399101	-0.605053	0.442484	-0.52805
-0.328556	-0.688326	0.483418	-0.429611	-0.316006	-0.669749	0.521384	-0.423953	-0.688104	0.0340155	0.549714	-0.472409	-0.0395483	0.379328	0.430062	-0.818287	-0.378232	-0.498168	-0.0712758	-0.776975	-0.669121	-0.195963	-0.381587	-0.60685	-0.680642	-0.150962	0.680085	-0.226761	-0.448268	-0.566773	0.454174	-0.521104	-0.200051	-0.741	0.0128793	-0.640884	-0.400089	-0.604202	0.441357	-0.529219
-0.319539	-0.694217	0.484601	-0.425582	-0.300832	-0.682397	0.529786	-0.403933	-0.692548	0.00899442	0.556932	-0.458392	-0.0520396	0.373635	0.454495	-0.806922	-0.369086	-0.507753	-0.0512444	-0.776747	-0.661673	-0.214449	-0.376099	-0.612169	-0.679848	-0.150751	0.679508	-0.230978	-0.448546	-0.565397	0.452497	-0.523812	-0.200467	-0.740415	0.00634185	-0.641529	-0.401812	-0.602422	0.439118	-0.531799
-0.310723	-0.700039	0.487482	-0.419235	-0.285428	-0.69523	0.538103	-0.381616	-0.6973	-0.0160807	0.562697	-0.443719	-0.0651472	0.366846	0.47822	-0.79529	-0.359695	-0.517524	-0.0306609	-0.775789	-0.653456	-0.23173	-0.372024	-0.617166	-0.678907	-0.148885	0.679401	-0.235228	-0.44815	-0.564593	0.449768	-0.527357	-0.201305	-0.739745	0.000657141	-0.642069	-0.403349	-0.600804	0.43665	-0.534491
-0.307645	-0.701838	0.489221	-0.416463	-0.278656	-0.700772	0.541918	-0.370937	-0.700067	-0.0284731	0.564693	-0.436138	-0.0719404	0.362699	0.489767	-0.789558	-0.35421	-0.522536	-0.021673	-0.775256	-0.649113	-0.239919	-0.370797	-0.619355	-0.678796	-0.147415	0.679415	-0.236433	-0.448772	-0.563597	0.448691	-0.528809	-0.20285	-0.739253	-0.000857834	-0.642149	-0.404759	-0.599379	0.436148	-0.535435
-0.296684	-0.708693	0.49554	-0.405182	-0.266161	-0.71176	0.549331	-0.347551	-0.70514	-0.0541738	0.567342	-0.42186	-0.0851918	0.352851	0.512591	-0.778132	-0.348436	-0.527515	-0.0130343	-0.774694	-0.640323	-0.255266	-0.370167	-0.622738	-0.67822	-0.143588	0.679934	-0.238936	-0.450461	-0.560959	0.447136	-0.531488	-0.207168	-0.737907	-0.00170032	-0.642318	-0.406914	-0.597101	0.434239	-0.537893
-0.296684	-0.708693	0.49554	-0.405182	-0.266161	-0.71176	0.549331	-0.347551	-0.70514	-0.0541738	0.567342	-0.42186	-0.0851918	0.352851	0.512591	-0.778132	-0.342598	-0.532594	-0.004545	-0.773918	-0.640323	-0.255266	-0.370167	-0.622738	-0.67822	-0.143588	0.679934	-0.238936	-0.450461	-0.560959	0.447136	-0.531488	-0.207168	-0.737907	-0.00170032	-0.642318	-0.406914	-0.597101	0.434239	-0.537893
-0.2909	-0.711147	0.497788	-0.402312	-0.260436	-0.716584	0.552228	-0.337231	-0.707446	-0.0662414	0.56813	-0.415163	-0.0919811	0.347626	0.523174	-0.772648	-0.336926	-0.537674	0.00344093	-0.772901	-0.63538	-0.262682	-0.370095	-0.624756	-0.678203	-0.142496	0.679685	-0.240343	-0.45147	-0.559702	0.446232	-0.532715	-0.209173	-0.737549	-0.00296541	-0.642074	-0.407903	-0.595938	0.433107	-0.539344
-0.276553	-0.717664	0.504726	-0.392083	-0.250927	-0.725368	0.557022	-0.31718	-0.711474	-0.0889719	0.569293	-0.402237	-0.103711	0.337601	0.542858	-0.761954	-0.33121	-0.542478	0.0107139	-0.771947	-0.625942	-0.276726	-0.368924	-0.628899	-0.67816	-0.140073	0.679211	-0.243209	-0.453942	-0.556739	0.445466	-0.534358	-0.210798	-0.737749	-0.00424303	-0.641305	-0.409946	-0.593524	0.43115	-0.542017
-0.266506	-0.722687	0.510715	-0.381928	-0.240523	-0.733728	0.561039	-0.298374	-0.714076	-0.110038	0.571001	-0.3898	-0.114262	0.328858	0.561096	-0.750978	-0.314768	-0.556969	0.0322512	-0.767897	-0.615822	-0.291277	-0.368038	-0.632826	-0.677581	-0.138247	0.679123	-0.246098	-0.455863	-0.554167	0.444036	-0.536582	-0.21519	-0.736996	-0.00799345	-0.640676	-0.411968	-0.591245	0.430087	-0.543818
-0.261509	-0.725321	0.513204	-0.377021	-0.23566	-0.737443	0.562947	-0.289367	-0.714764	-0.120285	0.572339	-0.3835	-0.119078	0.325072	0.570058	-0.745105	-0.309398	-0.561616	0.0389591	-0.766383	-0.610754	-0.298665	-0.367349	-0.634691	-0.677856	-0.136432	0.679313	-0.245829	-0.457288	-0.552574	0.443635	-0.537344	-0.216667	-0.736461	-0.00887205	-0.640782	-0.412875	-0.590284	0.429548	-0.544599
-0.256036	-0.72807	0.515699	-0.372042	-0.230296	-0.741409	0.564425	-0.280538	-0.714807	-0.130159	0.574055	-0.377584	-0.123324	0.321752	0.578678	-0.739187	-0.303816	-0.565959	0.0453502	-0.765068	-0.605786	-0.305957	-0.3662	-0.636641	-0.67765	-0.135265	0.679636	-0.246149	-0.458282	-0.551362	0.442969	-0.53829	-0.218387	-0.736077	-0.00977774	-0.640627	-0.413418	-0.589639	0.428576	-0.545651
-0.244421	-0.733037	0.520152	-0.363809	-0.221006	-0.747176	0.566983	-0.267234	-0.714507	-0.146709	0.57751	-0.366659	-0.127081	0.318908	0.586601	-0.733517	-0.298414	-0.570202	0.0516891	-0.76364	-0.595706	-0.320086	-0.36323	-0.640892	-0.677255	-0.13522	0.679623	-0.247292	-0.459207	-0.550118	0.440626	-0.540692	-0.219942	-0.735701	-0.0107016	-0.640512	-0.414845	-0.587794	0.427138	-0.547681
-0.233159	-0.739681	0.525109	-0.350385	-0.212658	-0.751581	0.570134	-0.254658	-0.713654	-0.160706	0.580576	-0.357494	-0.13536	0.31232	0.605999	-0.718957	-0.284883	-0.579355	0.0702272	-0.760432	-0.587618	-0.332666	-0.358178	-0.644784	-0.675746	-0.135148	0.678949	-0.253241	-0.459481	-0.549178	0.439397	-0.542412	-0.221866	-0.735029	-0.0160367	-0.640509	-0.41523	-0.587198	0.424236	-0.550279
-0.223048	-0.744942	0.5297	-0.338718	-0.204581	-0.755489	0.571928	-0.245521	-0.71278	-0.172841	0.583247	-0.349132	-0.140505	0.308638	0.616919	-0.71022	-0.277492	-0.583788	0.0802609	-0.75878	-0.580111	-0.343357	-0.353289	-0.648663	-0.676133	-0.133596	0.678579	-0.25402	-0.461098	-0.547677	0.438523	-0.543264	-0.223043	-0.734769	-0.0176988	-0.640354	-0.416228	-0.586052	0.422795	-0.551853
-0.214953	-0.749009	0.534112	-0.327879	-0.196857	-0.759047	0.574154	-0.235462	-0.712002	-0.183514	0.585168	-0.341987	-0.144602	0.305112	0.626065	-0.702879	-0.274527	-0.58539	0.0850394	-0.758104	-0.575003	-0.351122	-0.350066	-0.650799	-0.675276	-0.131907	0.679084	-0.255828	-0.463074	-0.545543	0.43898	-0.543361	-0.224813	-0.734281	-0.0187348	-0.640266	-0.416936	-0.58549	0.421637	-0.5528
-0.211844	-0.749959	0.535467	-0.325514	-0.193641	-0.760362	0.575311	-0.231022	-0.711513	-0.188487	0.586205	-0.338503	-0.146615	0.303492	0.630471	-0.699216	-0.269454	-0.58788	0.0943568	-0.756894	-0.572565	-0.354531	-0.348586	-0.651893	-0.675635	-0.131167	0.678737	-0.25618	-0.463623	-0.545053	0.438644	-0.543657	-0.22556	-0.733652	-0.0202144	-0.640678	-0.417652	-0.585062	0.421643	-0.552708
-0.201098	-0.754431	0.540308	-0.313785	-0.188494	-0.762233	0.577692	-0.22303	-0.71128	-0.19799	0.587461	-0.331315	-0.150593	0.300229	0.638811	-0.692174	-0.265307	-0.590715	0.101703	-0.755198	-0.568138	-0.361245	-0.34583	-0.653546	-0.675025	-0.131004	0.678537	-0.258394	-0.464627	-0.544039	0.438108	-0.544247	-0.226628	-0.734312	-0.0220982	-0.639482	-0.418453	-0.58431	0.42055	-0.55373
-0.195049	-0.757585	0.543864	-0.303699	-0.183271	-0.764121	0.580007	-0.214763	-0.711247	-0.207534	0.588704	-0.32324	-0.156318	0.296984	0.646984	-0.684672	-0.261977	-0.593857	0.109177	-0.75285	-0.564275	-0.367859	-0.343669	-0.654343	-0.675141	-0.129876	0.678412	-0.258987	-0.46592	-0.542786	0.437325	-0.545021	-0.226817	-0.733789	-0.0231459	-0.639978	-0.419542	-0.583232	0.41925	-0.555027
-0.188144	-0.760081	0.547783	-0.294639	-0.179143	-0.765919	0.581835	-0.206745	-0.711028	-0.215425	0.589982	-0.316153	-0.161793	0.294481	0.6536	-0.678167	-0.258814	-0.596827	0.115911	-0.750585	-0.560656	-0.374421	-0.341301	-0.654971	-0.675026	-0.129093	0.678448	-0.259585	-0.466912	-0.541773	0.436522	-0.545824	-0.22924	-0.733876	-0.0228551	-0.639025	-0.420837	-0.582367	0.418805	-0.555291
-0.185012	-0.760964	0.549641	-0.290858	-0.177157	-0.766679	0.582649	-0.203322	-0.710919	-0.218543	0.590498	-0.313283	-0.163435	0.293685	0.656236	-0.675568	-0.257062	-0.598419	0.118814	-0.749464	-0.560656	-0.374421	-0.341301	-0.654971	-0.675185	-0.128838	0.678166	-0.260031	-0.467429	-0.541298	0.436189	-0.546119	-0.229997	-0.733515	-0.0229406	-0.639164	-0.421662	-0.581875	0.418989	-0.555041
-0.181938	-0.761826	0.551453	-0.287087	-0.175533	-0.767465	0.583178	-0.200222	-0.710648	-0.221482	0.590914	-0.311042	-0.163435	0.293685	0.656236	-0.675568	-0.257062	-0.598419	0.118814	-0.749464	-0.556952	-0.380599	-0.33953	-0.655491	-0.67538	-0.128443	0.678038	-0.260055	-0.467636	-0.541157	0.435486	-0.546642	-0.229997	-0.733515	-0.0229406	-0.639164	-0.422394	-0.581371	0.418941	-0.55505
-0.17913	-0.762737	0.553038	-0.283361	-0.174143	-0.768275	0.583396	-0.197679	-0.71054	-0.223923	0.591153	-0.309079	-0.1647	0.292859	0.658536	-0.673378	-0.254019	-0.601508	0.123865	-0.747208	-0.555152	-0.383424	-0.338883	-0.655707	-0.675304	-0.128123	0.678241	-0.259881	-0.467916	-0.540922	0.434908	-0.547095	-0.230425	-0.733617	-0.0234697	-0.638873	-0.422845	-0.580968	0.418521	-0.555444
-0.177057	-0.763435	0.554175	-0.280548	-0.173184	-0.768897	0.583575	-0.195566	-0.710376	-0.226122	0.591314	-0.307542	-0.167246	0.290963	0.662119	-0.670051	-0.252582	-0.603049	0.125773	-0.746134	-0.553548	-0.386147	-0.338464	-0.65568	-0.675208	-0.128132	0.67832	-0.25992	-0.468386	-0.54047	0.434629	-0.547361	-0.230372	-0.733714	-0.0232589	-0.638789	-0.423303	-0.580541	0.418153	-0.555819
-0.177057	-0.763435	0.554175	-0.280548	-0.173184	-0.768897	0.583575	-0.195566	-0.710262	-0.227833	0.591354	-0.306464	-0.167246	0.290963	0.662119	-0.670051	-0.252582	-0.603049	0.125773	-0.746134	-0.552284	-0.388559	-0.338001	-0.65556	-0.675208	-0.128132	0.67832	-0.25992	-0.468432	-0.540489	0.433953	-0.547839	-0.230372	-0.733714	-0.0232589	-0.638789	-0.423746	-0.580157	0.417972	-0.556018
-0.173161	-0.764551	0.556067	-0.276163	-0.172359	-0.769743	0.58368	-0.19263	-0.710392	-0.228797	0.591226	-0.305692	-0.168938	0.289588	0.663904	-0.668454	-0.250875	-0.605568	0.128721	-0.744164	-0.551277	-0.390526	-0.33777	-0.655358	-0.675135	-0.129105	0.677874	-0.260791	-0.468416	-0.540528	0.433409	-0.548245	-0.231081	-0.733551	-0.0230861	-0.638727	-0.42418	-0.579859	0.417961	-0.556007
-0.170545	-0.765544	0.557209	-0.27272	-0.172224	-0.770192	0.583466	-0.191598	-0.710685	-0.229433	0.591082	-0.304809	-0.169431	0.289243	0.664183	-0.668201	-0.25041	-0.606536	0.129544	-0.743389	-0.550245	-0.392752	-0.337844	-0.654857	-0.674799	-0.129528	0.678072	-0.260937	-0.468315	-0.540595	0.432803	-0.548744	-0.231642	-0.733615	-0.0229556	-0.638454	-0.424727	-0.579443	0.417948	-0.556033
-0.170545	-0.765544	0.557209	-0.27272	-0.172522	-0.770128	0.583402	-0.191785	-0.710794	-0.229186	0.591095	-0.304715	-0.169767	0.289167	0.664183	-0.668149	-0.250637	-0.607454	0.130002	-0.742483	-0.550383	-0.393141	-0.338069	-0.654391	-0.674751	-0.129552	0.678042	-0.261123	-0.468284	-0.540586	0.432842	-0.548748	-0.231508	-0.733597	-0.0230397	-0.638521	-0.424742	-0.579369	0.418037	-0.556031
-0.169892	-0.766078	0.557351	-0.271334	-0.173254	-0.769895	0.583173	-0.192756	-0.710947	-0.227846	0.591166	-0.305226	-0.169988	0.289644	0.663585	-0.66848	-0.251331	-0.607424	0.129979	-0.742276	-0.551423	-0.392086	-0.339077	-0.653627	-0.674615	-0.129498	0.678127	-0.261284	-0.468171	-0.540605	0.43306	-0.548655	-0.231928	-0.733335	-0.0228405	-0.638676	-0.42479	-0.579326	0.418358	-0.555798
-0.169111	-0.766376	0.557374	-0.27093	-0.173254	-0.769895	0.583173	-0.192756	-0.710947	-0.227846	0.591166	-0.305226	-0.169776	0.290003	0.662967	-0.668991	-0.25209	-0.607377	0.129539	-0.742135	-0.551423	-0.392086	-0.339077	-0.653627	-0.674615	-0.129498	0.678127	-0.261284	-0.468171	-0.540605	0.43306	-0.548655	-0.232158	-0.733294	-0.0228753	-0.638638	-0.424664	-0.579431	0.418539	-0.555649
-0.170018	-0.766469	0.556676	-0.271534	-0.17542	-0.768645	0.583203	-0.195672	-0.710795	-0.224815	0.591207	-0.307738	-0.168012	0.291301	0.660393	-0.671414	-0.254107	-0.60641	0.128	-0.742504	-0.554445	-0.388108	-0.340853	-0.652519	-0.674294	-0.129615	0.678315	-0.261568	-0.468441	-0.540171	0.434072	-0.548051	-0.232009	-0.733366	-0.0224339	-0.638626	-0.423996	-0.579545	0.418312	-0.55621
-0.170359	-0.766472	0.556465	-0.271745	-0.177043	-0.767458	0.583319	-0.198502	-0.710713	-0.222047	0.59138	-0.3096	-0.16663	0.292752	0.658154	-0.673324	-0.256595	-0.604541	0.126941	-0.743354	-0.556835	-0.385231	-0.341087	-0.652067	-0.674149	-0.129814	0.678391	-0.261642	-0.468399	-0.540085	0.434301	-0.54799	-0.23259	-0.733414	-0.0214894	-0.638392	-0.423554	-0.579869	0.41851	-0.556061
-0.170721	-0.766416	0.556398	-0.271811	-0.177578	-0.766995	0.583391	-0.199599	-0.7107	-0.220788	0.591606	-0.310097	-0.166302	0.293542	0.657207	-0.673985	-0.25862	-0.602934	0.125196	-0.744253	-0.557808	-0.384015	-0.340945	-0.652027	-0.674185	-0.129685	0.678505	-0.261318	-0.46865	-0.53978	0.434759	-0.547713	-0.232412	-0.733239	-0.0218067	-0.638647	-0.423242	-0.580123	0.418542	-0.556009
-0.171378	-0.766128	0.556333	-0.272343	-0.178169	-0.766577	0.58342	-0.200591	-0.710623	-0.219767	0.591887	-0.310462	-0.166255	0.294316	0.656403	-0.674443	-0.259612	-0.602295	0.124568	-0.74453	-0.558493	-0.383047	-0.340929	-0.652018	-0.674294	-0.129201	0.678615	-0.260993	-0.4689	-0.539468	0.435246	-0.547419	-0.232601	-0.732995	-0.021619	-0.638865	-0.423085	-0.580183	0.41887	-0.555818
-0.171822	-0.765842	0.556323	-0.272889	-0.178826	-0.766159	0.58345	-0.201515	-0.710598	-0.218765	0.592146	-0.310734	-0.166121	0.294983	0.655709	-0.674859	-0.260283	-0.60183	0.123865	-0.744789	-0.559008	-0.382122	-0.341042	-0.652061	-0.674426	-0.128603	0.678712	-0.260694	-0.469126	-0.539157	0.435796	-0.547095	-0.23313	-0.73292	-0.0212991	-0.638768	-0.422983	-0.580249	0.419261	-0.555533
-0.171342	-0.765684	0.55657	-0.273128	-0.180337	-0.765191	0.583801	-0.202823	-0.710601	-0.217122	0.592501	-0.3112	-0.165432	0.296168	0.654577	-0.675608	-0.261157	-0.601414	0.122767	-0.745001	-0.559813	-0.380821	-0.341745	-0.651763	-0.674538	-0.128195	0.678861	-0.260218	-0.469157	-0.539027	0.436081	-0.546969	-0.232942	-0.733003	-0.0211376	-0.638747	-0.423045	-0.580185	0.419476	-0.555391
-0.171286	-0.765731	0.556534	-0.273107	-0.180702	-0.764906	0.58393	-0.203204	-0.710638	-0.216438	0.592638	-0.311333	-0.16527	0.296651	0.654164	-0.675836	-0.261561	-0.601426	0.12247	-0.744899	-0.559993	-0.380477	-0.342111	-0.651617	-0.674564	-0.12822	0.678945	-0.259915	-0.469315	-0.538851	0.436165	-0.54694	-0.232694	-0.732964	-0.0209949	-0.638887	-0.423088	-0.580064	0.419324	-0.555599
-0.171701	-0.765772	0.556417	-0.272969	-0.181698	-0.764369	0.583937	-0.20431	-0.710619	-0.215339	0.592687	-0.312046	-0.164956	0.297043	0.653306	-0.67657	-0.262825	-0.60109	0.121666	-0.744856	-0.560776	-0.379976	-0.342133	-0.651225	-0.67448	-0.128728	0.678722	-0.260466	-0.469287	-0.538774	0.436147	-0.547054	-0.233106	-0.733006	-0.0207266	-0.638697	-0.423248	-0.57988	0.419407	-0.555607
-0.171439	-0.765897	0.556711	-0.272181	-0.183192	-0.763693	0.583926	-0.205535	-0.710401	-0.213843	0.592739	-0.313469	-0.164619	0.297384	0.652533	-0.677247	-0.263491	-0.600833	0.121224	-0.744901	-0.561992	-0.379269	-0.342442	-0.650425	-0.674765	-0.127873	0.678984	-0.259465	-0.469627	-0.538414	0.436246	-0.547038	-0.233275	-0.732885	-0.0204859	-0.638782	-0.423557	-0.579654	0.419726	-0.555366
-0.172102	-0.765575	0.556809	-0.27247	-0.184859	-0.76304	0.583753	-0.206954	-0.710274	-0.212265	0.59281	-0.314692	-0.163506	0.298481	0.650339	-0.679142	-0.265477	-0.600246	0.119428	-0.744959	-0.56316	-0.378081	-0.343033	-0.649796	-0.674698	-0.127869	0.679078	-0.259395	-0.47021	-0.537817	0.43672	-0.546747	-0.234072	-0.732693	-0.0190487	-0.638755	-0.423631	-0.579412	0.419908	-0.555424
-0.172867	-0.765247	0.556681	-0.273167	-0.185677	-0.762727	0.583603	-0.207797	-0.710346	-0.211182	0.592686	-0.315489	-0.162968	0.298853	0.649394	-0.680011	-0.266316	-0.599963	0.118645	-0.745012	-0.563821	-0.377294	-0.343542	-0.64941	-0.674621	-0.127725	0.679163	-0.259444	-0.470284	-0.537721	0.437022	-0.546536	-0.234575	-0.732696	-0.0187293	-0.638576	-0.423476	-0.579548	0.420189	-0.555188
-0.173364	-0.765011	0.556558	-0.273764	-0.187714	-0.762087	0.583116	-0.209673	-0.710774	-0.208813	0.592151	-0.317102	-0.161894	0.299519	0.647357	-0.681915	-0.267948	-0.599398	0.116703	-0.745189	-0.565183	-0.37562	-0.344571	-0.648651	-0.67445	-0.127805	0.679138	-0.259913	-0.469931	-0.53797	0.437282	-0.546386	-0.234915	-0.732451	-0.0188578	-0.638729	-0.423267	-0.579717	0.420862	-0.554661
-0.173364	-0.765011	0.556558	-0.273764	-0.188611	-0.761739	0.582991	-0.210479	-0.710978	-0.20788	0.591914	-0.317703	-0.161894	0.299519	0.647357	-0.681915	-0.267948	-0.599398	0.116703	-0.745189	-0.565641	-0.374776	-0.345344	-0.648329	-0.674448	-0.127575	0.67928	-0.25966	-0.469991	-0.537863	0.437528	-0.546243	-0.234915	-0.732451	-0.0188578	-0.638729	-0.423267	-0.579717	0.420862	-0.554661
-0.174596	-0.764656	0.556349	-0.274396	-0.18946	-0.761406	0.58289	-0.211197	-0.711128	-0.207005	0.591753	-0.318238	-0.161668	0.299972	0.64569	-0.683348	-0.269167	-0.599124	0.114844	-0.745258	-0.566146	-0.373864	-0.346052	-0.648037	-0.674614	-0.127167	0.679424	-0.259051	-0.470166	-0.537681	0.437774	-0.546075	-0.234619	-0.732627	-0.0185345	-0.638645	-0.423039	-0.579774	0.421319	-0.554428
-0.174596	-0.764656	0.556349	-0.274396	-0.18946	-0.761406	0.58289	-0.211197	-0.711128	-0.207005	0.591753	-0.318238	-0.161668	0.299972	0.64569	-0.683348	-0.269167	-0.599124	0.114844	-0.745258	-0.566146	-0.373864	-0.346052	-0.648037	-0.674614	-0.127167	0.679424	-0.259051	-0.470166	-0.537681	0.437774	-0.546075	-0.234619	-0.732627	-0.0185345	-0.638645	-0.423039	-0.579774	0.421319	-0.554428
-0.175129	-0.76452	0.556145	-0.274848	-0.190874	-0.760919	0.582549	-0.212617	-0.711384	-0.205112	0.591463	-0.319427	-0.161444	0.300252	0.644945	-0.683982	-0.269756	-0.598893	0.113925	-0.745372	-0.567395	-0.372148	-0.346788	-0.647538	-0.674638	-0.127237	0.679435	-0.258925	-0.470121	-0.537706	0.437936	-0.545959	-0.235002	-0.73251	-0.0180386	-0.638653	-0.423021	-0.579771	0.421522	-0.554291
-0.175663	-0.764454	0.555748	-0.275495	-0.191564	-0.76062	0.582411	-0.213441	-0.7114	-0.204158	0.591427	-0.320068	-0.160488	0.300976	0.643303	-0.685433	-0.271121	-0.598064	0.112615	-0.745742	-0.568019	-0.371275	-0.347032	-0.647363	-0.674522	-0.127423	0.679515	-0.258925	-0.469837	-0.537939	0.43766	-0.546194	-0.234807	-0.732455	-0.0177127	-0.638797	-0.423272	-0.579427	0.421765	-0.554274
-0.176248	-0.764611	0.555066	-0.276061	-0.193092	-0.759825	0.58211	-0.215709	-0.711044	-0.201185	0.591499	-0.3226	-0.159434	0.301673	0.641842	-0.686741	-0.272225	-0.597206	0.110888	-0.746286	-0.569381	-0.368373	-0.348009	-0.647299	-0.674663	-0.128399	0.679511	-0.258088	-0.469342	-0.538358	0.436457	-0.547169	-0.233979	-0.732712	-0.0176576	-0.638807	-0.42337	-0.579287	0.421142	-0.554819
-0.1779	-0.764743	0.553524	-0.277724	-0.193656	-0.759538	0.581784	-0.217084	-0.71081	-0.19978	0.591494	-0.323994	-0.157794	0.302621	0.639627	-0.688767	-0.273481	-0.596146	0.108576	-0.747013	-0.570029	-0.367194	-0.34837	-0.647204	-0.67457	-0.128676	0.679565	-0.258049	-0.469357	-0.538291	0.436313	-0.547337	-0.233379	-0.732684	-0.0183311	-0.63904	-0.423764	-0.578994	0.420989	-0.55494
-0.179905	-0.764535	0.552206	-0.279622	-0.196418	-0.758365	0.580817	-0.221254	-0.709846	-0.195908	0.591705	-0.328061	-0.156483	0.303346	0.638094	-0.690167	-0.274405	-0.595311	0.107013	-0.747566	-0.571874	-0.363871	-0.349098	-0.647061	-0.674743	-0.128808	0.679654	-0.257296	-0.469397	-0.538235	0.436164	-0.547477	-0.233334	-0.732692	-0.0179586	-0.639058	-0.423512	-0.57918	0.420658	-0.55519
-0.179905	-0.764535	0.552206	-0.279622	-0.196418	-0.758365	0.580817	-0.221254	-0.709846	-0.195908	0.591705	-0.328061	-0.154981	0.304338	0.636163	-0.69185	-0.275373	-0.59426	0.104875	-0.748349	-0.571874	-0.363871	-0.349098	-0.647061	-0.674743	-0.128808	0.679654	-0.257296	-0.469397	-0.538235	0.436164	-0.547477	-0.233303	-0.732687	-0.0177292	-0.639081	-0.423512	-0.57918	0.420658	-0.55519
-0.181744	-0.763979	0.551375	-0.281585	-0.200571	-0.756382	0.579622	-0.227366	-0.709059	-0.189344	0.591609	-0.333741	-0.153341	0.305588	0.633566	-0.694044	-0.276559	-0.593149	0.102217	-0.74916	-0.574669	-0.35879	-0.350842	-0.64648	-0.674851	-0.129082	0.679817	-0.256443	-0.469867	-0.537955	0.436668	-0.546946	-0.233146	-0.732663	-0.0176232	-0.639169	-0.423083	-0.579547	0.420519	-0.555239
-0.187211	-0.76217	0.549187	-0.287128	-0.203402	-0.755097	0.578753	-0.231302	-0.708823	-0.185062	0.591271	-0.337226	-0.151488	0.307056	0.630356	-0.69672	-0.280649	-0.590434	0.0956631	-0.750648	-0.57671	-0.355451	-0.3522	-0.645767	-0.674907	-0.12878	0.679931	-0.256144	-0.469908	-0.537983	0.437169	-0.546483	-0.233366	-0.732719	-0.0167437	-0.639049	-0.422923	-0.579733	0.420825	-0.554934
-0.194521	-0.759383	0.546002	-0.295602	-0.210889	-0.751585	0.576472	-0.241508	-0.70873	-0.174081	0.589837	-0.345674	-0.144061	0.312416	0.616876	-0.707889	-0.286981	-0.586454	0.0866246	-0.752469	-0.57671	-0.355451	-0.3522	-0.645767	-0.675057	-0.128409	0.680281	-0.255003	-0.469908	-0.537983	0.437169	-0.546483	-0.233019	-0.732618	-0.0163007	-0.639302	-0.422073	-0.580715	0.422632	-0.553179
-0.203604	-0.755699	0.542348	-0.305487	-0.220582	-0.746398	0.573862	-0.254786	-0.709271	-0.160064	0.587212	-0.355663	-0.137898	0.316597	0.604511	-0.717855	-0.29579	-0.58107	0.0750228	-0.754478	-0.590624	-0.334748	-0.360161	-0.639837	-0.675195	-0.128623	0.680396	-0.254223	-0.46922	-0.539243	0.439424	-0.544019	-0.233226	-0.732756	-0.0159161	-0.639078	-0.421693	-0.581177	0.423394	-0.5524
-0.215688	-0.750805	0.537876	-0.316954	-0.231626	-0.739898	0.570954	-0.270021	-0.709773	-0.143287	0.583895	-0.367092	-0.131245	0.321588	0.589449	-0.729319	-0.307284	-0.573616	0.0615578	-0.756804	-0.6009	-0.319667	-0.364812	-0.63533	-0.675596	-0.127906	0.680863	-0.252262	-0.46954	-0.539389	0.441527	-0.541891	-0.231832	-0.73279	-0.014721	-0.639576	-0.419979	-0.582949	0.425269	-0.550395
-0.222133	-0.747833	0.535626	-0.323278	-0.237773	-0.736105	0.569149	-0.278716	-0.709835	-0.133818	0.582018	-0.373473	-0.127476	0.324405	0.580838	-0.735621	-0.313688	-0.569007	0.0538986	-0.758239	-0.60666	-0.310869	-0.367222	-0.632828	-0.675965	-0.127407	0.680997	-0.251162	-0.469822	-0.539397	0.442804	-0.540595	-0.231699	-0.732837	-0.0137683	-0.639591	-0.419346	-0.583626	0.426174	-0.549459
-0.222133	-0.747833	0.535626	-0.323278	-0.243969	-0.732052	0.567219	-0.287822	-0.709835	-0.133818	0.582018	-0.373473	-0.127476	0.324405	0.580838	-0.735621	-0.313688	-0.569007	0.0538986	-0.758239	-0.612583	-0.301378	-0.369794	-0.630211	-0.675965	-0.127407	0.680997	-0.251162	-0.47	-0.539518	0.444177	-0.539191	-0.231699	-0.732837	-0.0137683	-0.639591	-0.419346	-0.583626	0.426174	-0.549459
-0.235027	-0.741234	0.531236	-0.336338	-0.250233	-0.727743	0.565177	-0.297234	-0.709377	-0.113122	0.578141	-0.386965	-0.118838	0.330908	0.562037	-0.74866	-0.32019	-0.564028	0.0457774	-0.759773	-0.618562	-0.291388	-0.372581	-0.627421	-0.67674	-0.125892	0.681434	-0.248639	-0.470117	-0.539677	0.445688	-0.537682	-0.231437	-0.732944	-0.0130089	-0.639579	-0.41773	-0.585375	0.427536	-0.547768
-0.249165	-0.733454	0.525958	-0.351184	-0.262798	-0.718369	0.560653	-0.317098	-0.707961	-0.0908489	0.574125	-0.401146	-0.108994	0.338094	0.541714	-0.761813	-0.333654	-0.553231	0.0285925	-0.762753	-0.630289	-0.270303	-0.378075	-0.621877	-0.67751	-0.125055	0.681548	-0.246644	-0.470154	-0.54017	0.448925	-0.534452	-0.230329	-0.732793	-0.0117055	-0.640176	-0.415252	-0.587714	0.428174	-0.546649
-0.256597	-0.729224	0.522945	-0.359052	-0.269101	-0.713309	0.55807	-0.327618	-0.706849	-0.0791572	0.571938	-0.408639	-0.103658	0.341752	0.530964	-0.768465	-0.34703	-0.54142	0.0101102	-0.765724	-0.636072	-0.259241	-0.380732	-0.619072	-0.677992	-0.124888	0.681387	-0.245849	-0.470456	-0.540164	0.451196	-0.532274	-0.228287	-0.733527	-0.0112883	-0.640075	-0.41412	-0.588817	0.428726	-0.545887
-0.271293	-0.720781	0.516298	-0.37458	-0.281779	-0.70261	0.552361	-0.349052	-0.70359	-0.0552137	0.567348	-0.424298	-0.092374	0.349183	0.50829	-0.78178	-0.360253	-0.528494	-0.00904707	-0.768655	-0.647588	-0.236722	-0.38558	-0.613124	-0.678873	-0.123975	0.681373	-0.243913	-0.469948	-0.541313	0.454977	-0.528323	-0.226057	-0.733831	-0.0111112	-0.640521	-0.411789	-0.591165	0.429861	-0.544217
-0.286146	-0.711879	0.508981	-0.39024	-0.294553	-0.691003	0.545701	-0.371434	-0.699347	-0.0301735	0.562658	-0.439795	-0.0799529	0.357159	0.484816	-0.794354	-0.366681	-0.521717	-0.0190059	-0.770062	-0.658892	-0.213653	-0.389911	-0.606781	-0.679043	-0.123502	0.681647	-0.242911	-0.468451	-0.543277	0.458707	-0.524396	-0.224154	-0.734308	-0.0107219	-0.640649	-0.40759	-0.59485	0.430043	-0.543219
-0.300469	-0.702655	0.501062	-0.406117	-0.307078	-0.678888	0.538494	-0.393495	-0.694228	-0.00475875	0.557955	-0.454655	-0.0667718	0.365465	0.460978	-0.805901	-0.386079	-0.500632	-0.0488308	-0.773257	-0.670039	-0.190013	-0.393916	-0.599811	-0.67984	-0.12286	0.681403	-0.241687	-0.467162	-0.545141	0.463636	-0.519252	-0.222242	-0.734662	-0.0111803	-0.640902	-0.404833	-0.597638	0.431267	-0.541246
-0.307317	-0.698045	0.496849	-0.414042	-0.313557	-0.672449	0.534698	-0.404465	-0.69136	0.00768962	0.555574	-0.461844	-0.0601591	0.369517	0.449221	-0.811196	-0.392495	-0.49346	-0.0587571	-0.773946	-0.675443	-0.178102	-0.395995	-0.596023	-0.680341	-0.122336	0.681268	-0.240925	-0.466361	-0.546164	0.466169	-0.516622	-0.219978	-0.735212	-0.0115602	-0.641045	-0.402811	-0.599269	0.431136	-0.541057
-0.313957	-0.693438	0.492604	-0.421802	-0.319746	-0.665979	0.530613	-0.415552	-0.688253	0.0200257	0.55305	-0.469088	-0.0533485	0.373299	0.437462	-0.81635	-0.398804	-0.48621	-0.0687704	-0.774484	-0.680707	-0.166169	-0.397995	-0.592137	-0.680322	-0.122392	0.681399	-0.240576	-0.4651	-0.547691	0.468067	-0.514421	-0.218201	-0.735695	-0.0120703	-0.64109	-0.400193	-0.601191	0.430783	-0.541148
-0.320394	-0.688776	0.488243	-0.429598	-0.325887	-0.659468	0.526507	-0.426252	-0.68498	0.0323593	0.550154	-0.476536	-0.0465288	0.376733	0.425445	-0.821525	-0.405091	-0.478922	-0.0786941	-0.774818	-0.68577	-0.15437	-0.399968	-0.588146	-0.680682	-0.123208	0.680849	-0.240698	-0.464163	-0.548954	0.470202	-0.511969	-0.217141	-0.735598	-0.0128727	-0.641545	-0.397173	-0.603567	0.430467	-0.54098
-0.326718	-0.683941	0.483737	-0.437582	-0.332099	-0.652809	0.522309	-0.436742	-0.681597	0.0446762	0.546964	-0.484004	-0.0396528	0.379935	0.413171	-0.82666	-0.411106	-0.471729	-0.0885132	-0.775003	-0.690638	-0.142671	-0.401841	-0.584112	-0.681312	-0.123855	0.680259	-0.240253	-0.463503	-0.550098	0.472455	-0.509258	-0.216696	-0.735471	-0.0139418	-0.641819	-0.395067	-0.605443	0.431309	-0.539753
-0.33278	-0.67903	0.479568	-0.445186	-0.337634	-0.646418	0.517817	-0.447227	-0.678122	0.0570729	0.543571	-0.491348	-0.0328997	0.383197	0.400495	-0.831674	-0.416837	-0.464762	-0.0980746	-0.775	-0.695282	-0.131491	-0.40362	-0.579987	-0.681823	-0.124295	0.679881	-0.239645	-0.462667	-0.551385	0.474403	-0.50681	-0.215408	-0.735356	-0.0158896	-0.642339	-0.392305	-0.607715	0.431772	-0.538844
-0.339289	-0.673803	0.475482	-0.452535	-0.342963	-0.640045	0.513347	-0.457377	-0.674578	0.0697841	0.540054	-0.498414	-0.0264044	0.386683	0.38751	-0.83643	-0.422516	-0.457831	-0.107053	-0.774862	-0.699643	-0.120616	-0.405116	-0.57605	-0.682525	-0.124011	0.679657	-0.238427	-0.462134	-0.552267	0.476614	-0.504254	-0.214493	-0.734663	-0.0175315	-0.643393	-0.389087	-0.610255	0.432105	-0.538039
-0.34618	-0.668556	0.471321	-0.459401	-0.348561	-0.633315	0.508717	-0.467573	-0.670961	0.0828502	0.536431	-0.505162	-0.020043	0.390299	0.374175	-0.840987	-0.427933	-0.451099	-0.11572	-0.774591	-0.707704	-0.100645	-0.407827	-0.56807	-0.683141	-0.123369	0.679744	-0.236741	-0.460849	-0.554474	0.480008	-0.499769	-0.21302	-0.734554	-0.0195559	-0.643949	-0.385807	-0.612838	0.432524	-0.537127
-0.352823	-0.663022	0.467099	-0.466622	-0.354395	-0.626322	0.50406	-0.477545	-0.667379	0.0960258	0.532624	-0.511563	-0.0141925	0.393933	0.360579	-0.845339	-0.433135	-0.444802	-0.124209	-0.774027	-0.707704	-0.100645	-0.407827	-0.56807	-0.683882	-0.122921	0.679774	-0.234742	-0.460849	-0.554474	0.480008	-0.499769	-0.211515	-0.734355	-0.0204739	-0.644643	-0.383546	-0.614788	0.433339	-0.53586
-0.359035	-0.657768	0.463494	-0.472872	-0.360359	-0.61933	0.499395	-0.487007	-0.66409	0.109144	0.528672	-0.51728	-0.00899452	0.397583	0.346956	-0.849393	-0.438014	-0.438986	-0.132512	-0.773224	-0.711422	-0.0913988	-0.408993	-0.564136	-0.684682	-0.122715	0.679673	-0.232802	-0.46056	-0.55541	0.481609	-0.49745	-0.210535	-0.734662	-0.0203031	-0.644619	-0.381612	-0.616324	0.434001	-0.534939
-0.365388	-0.652465	0.460122	-0.478612	-0.366484	-0.612548	0.494792	-0.495637	-0.661133	0.121837	0.524404	-0.522551	-0.00430743	0.400892	0.333541	-0.853239	-0.442588	-0.433553	-0.140605	-0.772255	-0.715007	-0.0826862	-0.410161	-0.560086	-0.685344	-0.12284	0.679643	-0.230866	-0.460354	-0.556354	0.482943	-0.495289	-0.209921	-0.735086	-0.0184505	-0.644392	-0.379657	-0.617679	0.434325	-0.534504
-0.371948	-0.64687	0.456543	-0.484543	-0.372719	-0.60591	0.490039	-0.503801	-0.658457	0.13416	0.519792	-0.527495	-2.74E-05	0.403728	0.320433	-0.856928	-0.446943	-0.428314	-0.148222	-0.771245	-0.718485	-0.0745439	-0.411195	-0.556005	-0.685918	-0.123256	0.679703	-0.228756	-0.459976	-0.557467	0.483959	-0.493393	-0.208614	-0.735774	-0.0167751	-0.644077	-0.377995	-0.618751	0.434825	-0.534036
-0.383702	-0.636012	0.448393	-0.497196	-0.385232	-0.592653	0.480633	-0.518991	-0.654061	0.158336	0.509472	-0.536257	0.00727851	0.408097	0.294157	-0.86422	-0.455045	-0.41926	-0.162739	-0.768551	-0.724812	-0.0602054	-0.413121	-0.548045	-0.686824	-0.124668	0.679569	-0.225647	-0.458577	-0.56021	0.485632	-0.489932	-0.206575	-0.736605	-0.0144312	-0.643841	-0.374235	-0.621234	0.435657	-0.533122
-0.394363	-0.626546	0.441862	-0.506632	-0.397	-0.58036	0.471552	-0.532177	-0.650229	0.18035	0.498985	-0.543773	0.0131868	0.41112	0.269872	-0.870618	-0.45874	-0.415357	-0.169419	-0.767029	-0.730078	-0.0482866	-0.415003	-0.540765	-0.68799	-0.125433	0.679112	-0.223034	-0.457192	-0.562618	0.487679	-0.48642	-0.203938	-0.737734	-0.0125859	-0.643428	-0.371994	-0.622987	0.437431	-0.531189
-0.399782	-0.621615	0.438661	-0.511219	-0.402734	-0.574329	0.467259	-0.538164	-0.648398	0.190098	0.494048	-0.547137	0.0159884	0.412002	0.258964	-0.873462	-0.464921	-0.409051	-0.182303	-0.763735	-0.732251	-0.0432795	-0.41592	-0.537537	-0.688592	-0.12535	0.679137	-0.221139	-0.456664	-0.563534	0.488821	-0.484708	-0.202169	-0.738688	-0.011147	-0.642918	-0.370157	-0.624205	0.437625	-0.530883
-0.410819	-0.611642	0.432232	-0.519901	-0.413173	-0.562814	0.459281	-0.549172	-0.644767	0.207157	0.485177	-0.55314	0.0216951	0.413283	0.239922	-0.878159	-0.469462	-0.404267	-0.194856	-0.760398	-0.736261	-0.0345749	-0.417449	-0.53147	-0.689118	-0.126349	0.679258	-0.21854	-0.456216	-0.564825	0.491491	-0.480911	-0.200249	-0.740011	-0.00778551	-0.642046	-0.366785	-0.626653	0.438294	-0.529785
-0.425973	-0.597312	0.422967	-0.53185	-0.426386	-0.546999	0.449176	-0.563229	-0.639108	0.228088	0.475266	-0.560035	0.0269049	0.414588	0.224449	-0.881485	-0.473616	-0.400023	-0.205072	-0.757374	-0.741268	-0.0237461	-0.419484	-0.523441	-0.689111	-0.127831	0.679833	-0.2159	-0.453652	-0.567886	0.494048	-0.477098	-0.199711	-0.741897	-0.00185657	-0.640079	-0.362727	-0.629414	0.440579	-0.527406
-0.43035	-0.593146	0.420204	-0.535168	-0.430183	-0.54228	0.446011	-0.567406	-0.639108	0.228088	0.475266	-0.560035	0.0320967	0.41669	0.211175	-0.883597	-0.477011	-0.3961	-0.215468	-0.754413	-0.742801	-0.0203062	-0.41998	-0.52101	-0.688951	-0.128521	0.680153	-0.214987	-0.453383	-0.568333	0.495278	-0.475542	-0.199826	-0.742481	0.00211449	-0.639365	-0.361593	-0.63023	0.441749	-0.52623
-0.437791	-0.5857	0.415371	-0.541074	-0.436298	-0.533665	0.440452	-0.575193	-0.632972	0.245229	0.469401	-0.564687	0.0369901	0.419264	0.200075	-0.884771	-0.479468	-0.39291	-0.223845	-0.752081	-0.744122	-0.0169941	-0.420647	-0.5187	-0.688891	-0.129483	0.680597	-0.213192	-0.45301	-0.568884	0.496268	-0.474206	-0.199312	-0.743231	0.00594741	-0.638628	-0.359019	-0.632066	0.443018	-0.524723
-0.441187	-0.582231	0.413344	-0.543606	-0.438927	-0.529624	0.438169	-0.578662	-0.631125	0.250154	0.468178	-0.56561	0.0391043	0.420861	0.195303	-0.884988	-0.480699	-0.391383	-0.227106	-0.751113	-0.746346	-0.0110988	-0.422362	-0.514251	-0.688604	-0.130353	0.680838	-0.212821	-0.451661	-0.570315	0.497517	-0.472461	-0.199275	-0.743826	0.00839734	-0.637919	-0.357774	-0.632835	0.443394	-0.524328
-0.446468	-0.576243	0.409392	-0.548642	-0.443754	-0.522522	0.434243	-0.584368	-0.628028	0.258583	0.466456	-0.566687	0.0420871	0.424034	0.18745	-0.885035	-0.482764	-0.388771	-0.232868	-0.749379	-0.748392	-0.00624428	-0.423667	-0.510272	-0.687598	-0.133213	0.681144	-0.213321	-0.450123	-0.571839	0.498696	-0.470841	-0.198882	-0.744671	0.0119818	-0.636999	-0.356037	-0.63396	0.444772	-0.522982
-0.448135	-0.573826	0.407477	-0.551237	-0.44573	-0.519675	0.431858	-0.587163	-0.628028	0.258583	0.466456	-0.566687	0.0431984	0.425083	0.18425	-0.88515	-0.483573	-0.387934	-0.235448	-0.748484	-0.748996	-0.00453164	-0.424564	-0.508655	-0.687598	-0.133213	0.681144	-0.213321	-0.448916	-0.572912	0.499034	-0.470331	-0.198538	-0.745044	0.0129595	-0.63665	-0.355212	-0.634585	0.445384	-0.522263
-0.449377	-0.571773	0.405729	-0.553642	-0.447736	-0.516918	0.429535	-0.589769	-0.625761	0.264958	0.464878	-0.567546	0.0441874	0.426014	0.181604	-0.8852	-0.484085	-0.387808	-0.237863	-0.747454	-0.749256	-0.00305114	-0.425712	-0.507322	-0.687031	-0.135579	0.680856	-0.214575	-0.447931	-0.573708	0.499367	-0.469947	-0.197807	-0.745202	0.0131446	-0.63669	-0.354219	-0.635325	0.445734	-0.52174
-0.450482	-0.569968	0.40427	-0.555669	-0.449345	-0.514568	0.427578	-0.592019	-0.624907	0.267444	0.464101	-0.567957	0.0441874	0.426014	0.181604	-0.8852	-0.484085	-0.387808	-0.237863	-0.747454	-0.749411	-0.0020845	-0.426864	-0.506129	-0.686814	-0.136804	0.680645	-0.215158	-0.44743	-0.574159	0.49983	-0.46938	-0.197807	-0.745202	0.0131446	-0.63669	-0.353372	-0.635966	0.445974	-0.521328
-0.451774	-0.568303	0.403152	-0.557135	-0.450561	-0.512882	0.425836	-0.59381	-0.62415	0.269549	0.463222	-0.568511	0.0461876	0.427106	0.176995	-0.885505	-0.483978	-0.388256	-0.242451	-0.745815	-0.749434	-0.00135708	-0.427833	-0.505277	-0.686464	-0.137822	0.680708	-0.21543	-0.447086	-0.574529	0.500271	-0.468786	-0.196301	-0.745689	0.0132574	-0.636583	-0.352564	-0.63653	0.44618	-0.52101
-0.454683	-0.565121	0.401924	-0.55889	-0.452723	-0.509686	0.423618	-0.596498	-0.622802	0.272765	0.46152	-0.569839	0.046998	0.427205	0.17507	-0.885798	-0.483822	-0.388511	-0.244052	-0.745261	-0.749482	-0.00094215	-0.429065	-0.504161	-0.685948	-0.139438	0.680611	-0.216336	-0.446001	-0.575571	0.500637	-0.46815	-0.196177	-0.745769	0.0137577	-0.636517	-0.351821	-0.637074	0.446342	-0.520708
-0.457394	-0.562072	0.400741	-0.5606	-0.453931	-0.507724	0.421788	-0.598547	-0.62169	0.274819	0.460416	-0.570958	0.0493912	0.427571	0.170904	-0.886305	-0.482775	-0.389332	-0.246715	-0.744634	-0.749555	-0.00151658	-0.428968	-0.504134	-0.685994	-0.140188	0.680354	-0.216514	-0.445376	-0.576186	0.500875	-0.467732	-0.195985	-0.745998	0.0153944	-0.63627	-0.351168	-0.63781	0.447306	-0.519419
-0.459027	-0.559957	0.399843	-0.562021	-0.454849	-0.505496	0.419999	-0.600988	-0.620732	0.276977	0.459921	-0.571357	0.0499506	0.428321	0.169045	-0.886268	-0.482046	-0.389589	-0.247584	-0.744684	-0.750007	-0.00249334	-0.427716	-0.504522	-0.686344	-0.140248	0.680315	-0.215486	-0.445912	-0.576072	0.501206	-0.467008	-0.195099	-0.746435	0.0161023	-0.636012	-0.350777	-0.638201	0.447114	-0.51937
-0.459683	-0.559187	0.399635	-0.5624	-0.455256	-0.504604	0.419549	-0.601744	-0.620245	0.278097	0.459902	-0.571357	0.0502726	0.42897	0.168148	-0.886106	-0.482033	-0.389453	-0.247393	-0.744827	-0.750391	-0.00295361	-0.427059	-0.504504	-0.686393	-0.140605	0.680151	-0.215616	-0.446093	-0.576052	0.501207	-0.466858	-0.195098	-0.746634	0.0166561	-0.635765	-0.350969	-0.638212	0.447325	-0.519044
-0.460379	-0.558335	0.399534	-0.562748	-0.455544	-0.50385	0.419533	-0.602169	-0.619882	0.279064	0.459924	-0.571262	0.0506709	0.429576	0.167395	-0.885932	-0.482218	-0.389192	-0.246985	-0.744979	-0.750798	-0.00326657	-0.426479	-0.504387	-0.686357	-0.14053	0.680247	-0.215475	-0.446212	-0.576036	0.501246	-0.466723	-0.195307	-0.746715	0.0173153	-0.635587	-0.351104	-0.638296	0.447403	-0.518782
-0.460851	-0.557751	0.399635	-0.56287	-0.45572	-0.503398	0.419636	-0.602342	-0.619653	0.279809	0.459973	-0.571106	0.0508334	0.43017	0.166759	-0.885754	-0.482412	-0.388944	-0.246664	-0.745089	-0.751177	-0.00337524	-0.426025	-0.504206	-0.686524	-0.140397	0.680118	-0.215436	-0.446248	-0.576129	0.501157	-0.466669	-0.195483	-0.746781	0.0177198	-0.635445	-0.351253	-0.638397	0.447445	-0.518521
-0.462012	-0.556319	0.400623	-0.562632	-0.456058	-0.502467	0.419814	-0.602739	-0.619614	0.280992	0.460225	-0.570364	0.0507425	0.430601	0.166477	-0.885604	-0.482507	-0.388939	-0.246281	-0.745158	-0.751801	-0.00405543	-0.425646	-0.503592	-0.686834	-0.140469	0.679744	-0.215581	-0.446448	-0.576274	0.500813	-0.466667	-0.195483	-0.746781	0.0177198	-0.635445	-0.351448	-0.638445	0.447479	-0.5183
-0.462089	-0.556015	0.40058	-0.562901	-0.456125	-0.501883	0.419843	-0.603154	-0.619636	0.281503	0.46032	-0.570011	0.0504511	0.431415	0.16597	-0.885319	-0.482735	-0.389362	-0.245494	-0.745049	-0.752067	-0.00459033	-0.425421	-0.50338	-0.68698	-0.140579	0.67962	-0.215435	-0.446856	-0.576114	0.500697	-0.466599	-0.194634	-0.747369	0.0172597	-0.635027	-0.351801	-0.638522	0.447299	-0.51812
-0.46268	-0.555321	0.401078	-0.562745	-0.456528	-0.500344	0.419284	-0.604515	-0.619591	0.28231	0.460807	-0.569267	0.050249	0.432206	0.165597	-0.885014	-0.483072	-0.389471	-0.244923	-0.744961	-0.752711	-0.00573549	-0.424457	-0.503219	-0.687165	-0.140491	0.679521	-0.215216	-0.447599	-0.575908	0.500277	-0.466591	-0.194543	-0.747828	0.017901	-0.634496	-0.352218	-0.638543	0.447071	-0.518008
-0.462721	-0.554689	0.402105	-0.562602	-0.45699	-0.498845	0.419225	-0.605445	-0.619336	0.283122	0.46146	-0.568612	0.049941	0.433367	0.165563	-0.88447	-0.48349	-0.388861	-0.244218	-0.74524	-0.75376	-0.00617843	-0.422741	-0.503088	-0.687676	-0.139554	0.67956	-0.214067	-0.448479	-0.575495	0.499938	-0.466619	-0.195063	-0.748135	0.0192434	-0.633936	-0.352575	-0.638637	0.446741	-0.517934
-0.462587	-0.553902	0.401958	-0.563592	-0.457148	-0.498105	0.419974	-0.605417	-0.619246	0.283742	0.461621	-0.56827	0.0494993	0.434094	0.16503	-0.884238	-0.484326	-0.387662	-0.243401	-0.745589	-0.754927	-0.00582179	-0.421394	-0.502473	-0.688247	-0.13887	0.679455	-0.213007	-0.449588	-0.574908	0.499772	-0.466454	-0.194964	-0.74866	0.019846	-0.633327	-0.353223	-0.638527	0.446691	-0.517671
-0.462462	-0.553718	0.402055	-0.563806	-0.4572	-0.497514	0.42049	-0.605504	-0.61922	0.28475	0.461625	-0.567791	0.0495299	0.434214	0.164764	-0.884228	-0.484632	-0.387428	-0.243159	-0.745591	-0.755675	-0.0055413	-0.42103	-0.501656	-0.6883	-0.139151	0.679403	-0.212816	-0.450002	-0.574821	0.499395	-0.466566	-0.194968	-0.748867	0.0201152	-0.633072	-0.353462	-0.63848	0.446627	-0.517621
-0.46214	-0.553519	0.401631	-0.564567	-0.457133	-0.497258	0.420742	-0.60559	-0.619181	0.285227	0.46148	-0.567711	0.0496403	0.43459	0.164079	-0.884164	-0.485378	-0.387227	-0.242839	-0.745314	-0.755928	-0.00553568	-0.420998	-0.501301	-0.688315	-0.139412	0.679318	-0.212872	-0.450106	-0.574841	0.499185	-0.466667	-0.194564	-0.74897	0.019621	-0.633091	-0.353666	-0.638544	0.446351	-0.517641
-0.461802	-0.553568	0.401414	-0.56495	-0.457077	-0.497156	0.420762	-0.605702	-0.619163	0.285706	0.46127	-0.567662	0.0496699	0.434666	0.163694	-0.884196	-0.485811	-0.387009	-0.242775	-0.745166	-0.756131	-0.00522859	-0.420932	-0.501054	-0.688315	-0.139412	0.679318	-0.212872	-0.450232	-0.574782	0.499098	-0.466709	-0.194219	-0.749155	0.019217	-0.63299	-0.353794	-0.638513	0.446248	-0.517681
-0.46143	-0.553724	0.401232	-0.56523	-0.457018	-0.497265	0.420783	-0.605644	-0.619082	0.28604	0.461175	-0.567659	0.0498015	0.434733	0.163385	-0.884213	-0.486046	-0.386741	-0.242891	-0.745114	-0.756392	-0.0049691	-0.420916	-0.500677	-0.688265	-0.140048	0.679055	-0.213453	-0.45027	-0.574748	0.498956	-0.466866	-0.194103	-0.749199	0.019149	-0.632975	-0.35398	-0.638418	0.446163	-0.517744
-0.461271	-0.553799	0.40111	-0.565373	-0.457063	-0.497312	0.420667	-0.605651	-0.618917	0.286227	0.46112	-0.567789	0.0499828	0.434817	0.163159	-0.884203	-0.486118	-0.386644	-0.242996	-0.745083	-0.756579	-0.00477926	-0.420987	-0.500335	-0.688265	-0.140048	0.679055	-0.213453	-0.450317	-0.574734	0.498756	-0.467053	-0.194114	-0.749124	0.0192794	-0.633057	-0.354146	-0.638322	0.446057	-0.517841
-0.461211	-0.553729	0.400906	-0.565635	-0.457206	-0.497099	0.420515	-0.605824	-0.618657	0.286488	0.461058	-0.56799	0.0502178	0.434772	0.162946	-0.884251	-0.486094	-0.386627	-0.243012	-0.745102	-0.756616	-0.00459616	-0.421176	-0.500122	-0.688196	-0.140547	0.67904	-0.213394	-0.450462	-0.574617	0.498563	-0.467261	-0.19397	-0.749088	0.0190887	-0.633149	-0.35419	-0.638246	0.445901	-0.518039
-0.461219	-0.553623	0.400645	-0.565918	-0.457187	-0.497052	0.420217	-0.606083	-0.618416	0.28678	0.4609	-0.568234	0.0506289	0.434653	0.162737	-0.884325	-0.485951	-0.386762	-0.24335	-0.745015	-0.756586	-0.00452502	-0.421315	-0.500051	-0.688108	-0.140946	0.679029	-0.213449	-0.450562	-0.574557	0.498292	-0.467529	-0.19368	-0.74911	0.0188832	-0.633218	-0.354108	-0.638205	0.445624	-0.518384
-0.461192	-0.553632	0.400426	-0.566085	-0.457324	-0.496992	0.419812	-0.606309	-0.618183	0.286902	0.460702	-0.568586	0.0512912	0.434339	0.162499	-0.884484	-0.485768	-0.386799	-0.243692	-0.745004	-0.756514	-0.00434408	-0.421449	-0.500048	-0.687937	-0.14134	0.67907	-0.213611	-0.450737	-0.574374	0.498209	-0.467673	-0.193634	-0.74899	0.0188446	-0.633376	-0.354049	-0.638126	0.445348	-0.518758
-0.461221	-0.553635	0.400253	-0.566181	-0.457364	-0.496929	0.419499	-0.606548	-0.617966	0.286949	0.46049	-0.56897	0.0518695	0.434094	0.162302	-0.884607	-0.485549	-0.386704	-0.243999	-0.745095	-0.756449	-0.00417521	-0.421594	-0.500026	-0.68788	-0.141332	0.679137	-0.213585	-0.450781	-0.574258	0.498185	-0.467799	-0.193695	-0.748971	0.0190543	-0.633373	-0.353997	-0.638009	0.44513	-0.519124
-0.461478	-0.553504	0.40017	-0.566159	-0.457292	-0.497133	0.419041	-0.606751	-0.617776	0.287026	0.460269	-0.569316	0.0521591	0.433871	0.162201	-0.884718	-0.485549	-0.386704	-0.243999	-0.745095	-0.756316	-0.00392465	-0.421762	-0.500088	-0.687896	-0.141095	0.679164	-0.213605	-0.450658	-0.574248	0.498141	-0.467976	-0.193589	-0.748969	0.0190189	-0.633409	-0.354174	-0.637788	0.445208	-0.519208
-0.461626	-0.553468	0.399967	-0.566216	-0.457441	-0.497155	0.418936	-0.606694	-0.617605	0.286984	0.460153	-0.569617	0.0523313	0.433807	0.162244	-0.884732	-0.484923	-0.386593	-0.244587	-0.745368	-0.756127	-0.00364077	-0.421966	-0.500204	-0.687839	-0.141042	0.679213	-0.21367	-0.450653	-0.574145	0.498153	-0.468095	-0.19369	-0.748753	0.0187631	-0.633641	-0.354239	-0.637662	0.445218	-0.51931
-0.461626	-0.553468	0.399967	-0.566216	-0.457441	-0.497155	0.418936	-0.606694	-0.617605	0.286984	0.460153	-0.569617	0.0523313	0.433807	0.162244	-0.884732	-0.484923	-0.386593	-0.244587	-0.745368	-0.756127	-0.00364077	-0.421966	-0.500204	-0.687839	-0.141042	0.679213	-0.21367	-0.450653	-0.574145	0.498153	-0.468095	-0.19369	-0.748753	0.0187631	-0.633641	-0.354239	-0.637662	0.445218	-0.51931
-0.461599	-0.553623	0.39968	-0.566289	-0.457231	-0.497917	0.418511	-0.60652	-0.617531	0.286851	0.460093	-0.569813	0.0526496	0.433581	0.162401	-0.884794	-0.484551	-0.38663	-0.244912	-0.745484	-0.755585	-0.00325457	-0.422505	-0.50057	-0.687644	-0.14122	0.679311	-0.213867	-0.450728	-0.573918	0.498002	-0.468462	-0.193967	-0.748556	0.0188165	-0.633788	-0.354293	-0.63754	0.445213	-0.519427
-0.461644	-0.55371	0.399521	-0.566281	-0.457231	-0.497917	0.418511	-0.60652	-0.617563	0.286468	0.460052	-0.570003	0.0529732	0.433302	0.162647	-0.884867	-0.484167	-0.386688	-0.245127	-0.745633	-0.755585	-0.00325457	-0.422505	-0.50057	-0.687448	-0.141585	0.679328	-0.214202	-0.450728	-0.573918	0.498002	-0.468462	-0.193955	-0.74843	0.0186596	-0.633944	-0.354413	-0.637386	0.445229	-0.519521
-0.461621	-0.553911	0.398936	-0.566515	-0.457116	-0.498396	0.417752	-0.606737	-0.617652	0.285557	0.459967	-0.570433	0.0528876	0.432905	0.163372	-0.884933	-0.483087	-0.386988	-0.245946	-0.745907	-0.754972	-0.0029267	-0.42317	-0.500936	-0.687267	-0.141613	0.679591	-0.213928	-0.451196	-0.573414	0.497923	-0.468712	-0.1938	-0.748189	0.0182644	-0.634288	-0.355084	-0.636816	0.445471	-0.519555
-0.461368	-0.554259	0.398743	-0.566516	-0.456972	-0.498557	0.417218	-0.607081	-0.617608	0.285299	0.460149	-0.570463	0.052872	0.432935	0.163855	-0.884829	-0.482482	-0.387243	-0.246353	-0.746032	-0.754609	-0.00290102	-0.423472	-0.501226	-0.687158	-0.14193	0.679647	-0.213893	-0.451506	-0.573138	0.497732	-0.468954	-0.193816	-0.748088	0.0183748	-0.634398	-0.355493	-0.63648	0.445528	-0.519637
-0.46081	-0.554904	0.39858	-0.566454	-0.45649	-0.499212	0.416645	-0.607298	-0.617359	0.284748	0.4605	-0.570724	0.0535354	0.432836	0.164428	-0.884732	-0.481183	-0.387509	-0.246733	-0.746607	-0.754002	-0.00282023	-0.423714	-0.501936	-0.686658	-0.143048	0.679861	-0.214072	-0.452189	-0.572586	0.497167	-0.469569	-0.193697	-0.747989	0.0183357	-0.634553	-0.35614	-0.635875	0.445237	-0.520183
-0.460376	-0.555342	0.398529	-0.566413	-0.456159	-0.49955	0.416496	-0.607371	-0.617359	0.284748	0.4605	-0.570724	0.0539191	0.432839	0.164918	-0.884616	-0.48067	-0.387507	-0.246753	-0.746932	-0.754002	-0.00282023	-0.423714	-0.501936	-0.686658	-0.143048	0.679861	-0.214072	-0.452457	-0.572353	0.496873	-0.469906	-0.193743	-0.747731	0.0182616	-0.634845	-0.356332	-0.63565	0.444965	-0.52056
