FULLBODY	1																																						
Frames:	162																																						
-0.420655	-0.598454	0.402459	-0.55039	-0.389016	-0.573753	0.40045	-0.59926	-0.701622	-0.18754	0.602925	-0.330207	-0.66884	-0.0889884	0.675069	-0.298354	-0.0975756	-0.647545	0.0167675	-0.755569	-0.168343	-0.650409	-0.019743	-0.740432	-0.688958	-0.167754	0.677431	-0.195658	-0.446263	-0.57892	0.488315	-0.476708	-0.18231	-0.756299	0.0460252	-0.626623	-0.369878	-0.626433	0.457755	-0.511108
-0.421593	-0.596593	0.397629	-0.555182	-0.386786	-0.573458	0.39727	-0.603091	-0.699534	-0.193526	0.604261	-0.328737	-0.666779	-0.093483	0.677271	-0.2966	-0.0867684	-0.649524	0.0144008	-0.755237	-0.15825	-0.653835	-0.0235006	-0.73953	-0.689377	-0.170104	0.676187	-0.196458	-0.446909	-0.579116	0.487318	-0.476884	-0.179653	-0.756009	0.0422651	-0.628004	-0.369159	-0.62756	0.454916	-0.512778
-0.421508	-0.596648	0.397537	-0.555254	-0.386121	-0.574493	0.397885	-0.602126	-0.699749	-0.19401	0.604045	-0.328391	-0.667094	-0.0937779	0.677055	-0.296291	-0.0863157	-0.649568	0.0148652	-0.755241	-0.15741	-0.654289	-0.0227212	-0.739332	-0.689338	-0.17007	0.676207	-0.196554	-0.446813	-0.579147	0.487243	-0.477013	-0.179611	-0.755993	0.0422514	-0.628036	-0.368978	-0.627617	0.454727	-0.513006
-0.421596	-0.596544	0.397493	-0.55533	-0.385944	-0.574837	0.398162	-0.601728	-0.699758	-0.194312	0.603917	-0.328429	-0.667256	-0.0940819	0.676863	-0.296268	-0.0857779	-0.649697	0.015766	-0.755174	-0.156947	-0.654536	-0.0222874	-0.739225	-0.68931	-0.170093	0.676203	-0.196648	-0.446854	-0.579096	0.487241	-0.477039	-0.179724	-0.755965	0.0422681	-0.628036	-0.368986	-0.627596	0.454667	-0.513079
-0.421505	-0.596524	0.397466	-0.55544	-0.385927	-0.575155	0.398609	-0.601139	-0.699959	-0.194531	0.603892	-0.327916	-0.667402	-0.0942176	0.676907	-0.295794	-0.0852505	-0.649974	0.0163594	-0.754983	-0.156165	-0.655096	-0.021631	-0.738914	-0.68935	-0.169925	0.676206	-0.19664	-0.446987	-0.578964	0.487173	-0.477142	-0.179663	-0.755825	0.0419352	-0.628244	-0.369155	-0.627486	0.454686	-0.513075
-0.421568	-0.596451	0.397507	-0.555441	-0.385857	-0.575436	0.398945	-0.600691	-0.700091	-0.194668	0.603905	-0.327531	-0.667405	-0.0941706	0.677065	-0.295442	-0.0851165	-0.650122	0.0167716	-0.754861	-0.155988	-0.655343	-0.0213804	-0.73874	-0.689357	-0.169814	0.676241	-0.196591	-0.447081	-0.578861	0.487201	-0.477151	-0.17983	-0.755788	0.0421448	-0.628227	-0.369165	-0.62745	0.454605	-0.513185
-0.421796	-0.596227	0.397545	-0.555481	-0.385841	-0.575645	0.399279	-0.60028	-0.700091	-0.194668	0.603905	-0.327531	-0.6674	-0.094209	0.677219	-0.295086	-0.0849919	-0.650268	0.017044	-0.754743	-0.155982	-0.65555	-0.0212261	-0.738562	-0.689369	-0.16968	0.676267	-0.196574	-0.447129	-0.578817	0.487172	-0.477189	-0.179899	-0.755773	0.042163	-0.628224	-0.369154	-0.62744	0.454569	-0.513237
-0.422172	-0.595854	0.397423	-0.555684	-0.38579	-0.576048	0.399998	-0.599447	-0.700084	-0.195541	0.604142	-0.326587	-0.66745	-0.0946548	0.677426	-0.294355	-0.0849076	-0.650487	0.0176529	-0.75455	-0.156434	-0.655899	-0.0209238	-0.738165	-0.689382	-0.169386	0.676336	-0.196547	-0.447265	-0.578654	0.487235	-0.477195	-0.179929	-0.755677	0.0417924	-0.628356	-0.369145	-0.627454	0.454586	-0.51321
-0.422692	-0.595352	0.397221	-0.55597	-0.385857	-0.576226	0.400642	-0.598802	-0.700268	-0.195702	0.604355	-0.325701	-0.667491	-0.0947059	0.677593	-0.293861	-0.0851856	-0.650587	0.0181591	-0.754421	-0.157219	-0.656183	-0.0202948	-0.737763	-0.689409	-0.169121	0.67638	-0.196529	-0.447355	-0.578549	0.487292	-0.477181	-0.180082	-0.755667	0.0419659	-0.628312	-0.369136	-0.627397	0.454492	-0.513369
-0.423035	-0.595018	0.397115	-0.556143	-0.386092	-0.576228	0.40114	-0.598316	-0.700492	-0.195819	0.604552	-0.324781	-0.667671	-0.0947423	0.678036	-0.292416	-0.0856296	-0.650829	0.0190023	-0.754141	-0.157742	-0.656349	-0.0200561	-0.73751	-0.689421	-0.168962	0.676414	-0.196504	-0.447407	-0.578467	0.487247	-0.477276	-0.180296	-0.755577	0.0419894	-0.628358	-0.369173	-0.627354	0.454542	-0.513351
-0.423245	-0.594782	0.397012	-0.556309	-0.386235	-0.576272	0.401444	-0.597976	-0.700665	-0.195685	0.604685	-0.32424	-0.667824	-0.0946035	0.678148	-0.291851	-0.0858452	-0.650871	0.0192433	-0.754073	-0.157998	-0.656355	-0.0198867	-0.737454	-0.689393	-0.168968	0.676424	-0.196565	-0.447443	-0.578439	0.487226	-0.477298	-0.180364	-0.755479	0.0420126	-0.628454	-0.369219	-0.627299	0.454595	-0.513339
-0.423925	-0.594095	0.397071	-0.556483	-0.386651	-0.576116	0.402112	-0.59741	-0.700919	-0.195661	0.604644	-0.323781	-0.668054	-0.0945008	0.678194	-0.291249	-0.086053	-0.650936	0.019408	-0.75399	-0.158272	-0.656287	-0.0196458	-0.737463	-0.689453	-0.16873	0.676474	-0.196386	-0.447621	-0.578272	0.487288	-0.47727	-0.180488	-0.755402	0.0424558	-0.628482	-0.368972	-0.62734	0.454341	-0.513691
-0.424502	-0.593578	0.397116	-0.556563	-0.387348	-0.575754	0.402845	-0.596812	-0.70146	-0.195153	0.60435	-0.323467	-0.667844	-0.0935877	0.678533	-0.291237	-0.087371	-0.650945	0.0199636	-0.753815	-0.159063	-0.656056	-0.0189319	-0.737517	-0.689494	-0.168523	0.676529	-0.196233	-0.447842	-0.57809	0.487307	-0.477264	-0.180462	-0.755157	0.0420723	-0.62881	-0.368706	-0.627502	0.454184	-0.513823
-0.425276	-0.592873	0.397232	-0.556641	-0.388141	-0.575403	0.403685	-0.596067	-0.702251	-0.194107	0.60369	-0.323612	-0.667609	-0.0924885	0.678665	-0.291819	-0.088434	-0.650748	0.0206719	-0.753843	-0.161732	-0.65566	-0.0173648	-0.737327	-0.689607	-0.168057	0.676603	-0.195975	-0.448032	-0.577915	0.487393	-0.477209	-0.180607	-0.755098	0.0422221	-0.628829	-0.368622	-0.627503	0.454241	-0.513831
-0.425853	-0.592293	0.397175	-0.556858	-0.388611	-0.575099	0.403906	-0.595905	-0.702251	-0.194107	0.60369	-0.323612	-0.666059	-0.0884195	0.679273	-0.295189	-0.0918077	-0.649731	0.022499	-0.754264	-0.163914	-0.655167	-0.0162543	-0.737309	-0.689683	-0.16771	0.676675	-0.195759	-0.44822	-0.577758	0.48752	-0.477094	-0.180961	-0.755015	0.042757	-0.628791	-0.368531	-0.627549	0.454178	-0.513896
-0.42636	-0.591859	0.397199	-0.556913	-0.389996	-0.574114	0.404078	-0.595833	-0.704071	-0.190644	0.601969	-0.324918	-0.664919	-0.0856879	0.67954	-0.297935	-0.0939618	-0.649087	0.0233807	-0.754526	-0.168777	-0.653586	-0.0145868	-0.73765	-0.689793	-0.167252	0.676768	-0.195441	-0.448466	-0.577514	0.487673	-0.477002	-0.181051	-0.754972	0.0428939	-0.628806	-0.368561	-0.627523	0.45429	-0.513808
-0.42774	-0.590657	0.397135	-0.557178	-0.390833	-0.573585	0.404298	-0.595645	-0.704429	-0.189496	0.600857	-0.326867	-0.661809	-0.0793436	0.680118	-0.30521	-0.0990777	-0.647782	0.0247474	-0.75495	-0.171384	-0.65244	-0.0143992	-0.738067	-0.689835	-0.16702	0.676815	-0.19533	-0.448571	-0.577413	0.487742	-0.476955	-0.181671	-0.754884	0.0437171	-0.628677	-0.368532	-0.627541	0.454395	-0.513714
-0.42952	-0.589159	0.397252	-0.557311	-0.392783	-0.572362	0.405019	-0.595049	-0.70537	-0.18569	0.598749	-0.330865	-0.660036	-0.074897	0.680319	-0.309693	-0.101968	-0.646936	0.0251953	-0.755276	-0.177792	-0.649821	-0.0159258	-0.738829	-0.689907	-0.166329	0.67699	-0.195056	-0.448737	-0.577199	0.487941	-0.476854	-0.181806	-0.754924	0.0439646	-0.628573	-0.368354	-0.627627	0.454358	-0.513769
-0.43027	-0.58853	0.397212	-0.557424	-0.393448	-0.572211	0.405458	-0.594456	-0.705843	-0.184715	0.596972	-0.333602	-0.655208	-0.0609089	0.681989	-0.319192	-0.105028	-0.64582	0.0250561	-0.755816	-0.181338	-0.647735	-0.0181035	-0.739749	-0.689858	-0.166133	0.677066	-0.195136	-0.448797	-0.577086	0.488041	-0.476831	-0.182343	-0.754747	0.044146	-0.628617	-0.368057	-0.627774	0.454365	-0.513796
-0.43113	-0.587714	0.396737	-0.55796	-0.394445	-0.572135	0.406025	-0.59348	-0.709208	-0.17807	0.593974	-0.335425	-0.647232	-0.0389096	0.683329	-0.335618	-0.120603	-0.638386	0.025632	-0.759777	-0.19476	-0.639125	-0.0256675	-0.743591	-0.689869	-0.165701	0.677095	-0.195363	-0.448847	-0.576973	0.488026	-0.476937	-0.182479	-0.754518	0.043443	-0.628902	-0.367663	-0.627894	0.454088	-0.514176
-0.432148	-0.586922	0.396678	-0.558049	-0.395433	-0.571763	0.406327	-0.592974	-0.714327	-0.16697	0.589928	-0.337406	-0.636092	-0.00991566	0.682982	-0.358921	-0.131647	-0.628414	0.0189222	-0.766425	-0.213978	-0.623636	-0.0414513	-0.750715	-0.689772	-0.165447	0.677101	-0.1959	-0.449077	-0.576674	0.487831	-0.477283	-0.182269	-0.754245	0.0419241	-0.629392	-0.367227	-0.627988	0.453398	-0.514981
-0.433146	-0.586103	0.396543	-0.558231	-0.396126	-0.571981	0.406834	-0.591952	-0.718373	-0.15509	0.58513	-0.342797	-0.621684	0.0255488	0.679429	-0.388887	-0.144295	-0.61643	0.00439079	-0.774063	-0.238113	-0.601314	-0.0674039	-0.759724	-0.689816	-0.164761	0.677168	-0.196088	-0.449644	-0.576109	0.487531	-0.477737	-0.182809	-0.754028	0.0414623	-0.629526	-0.367539	-0.627656	0.453089	-0.515435
-0.433628	-0.585706	0.396601	-0.558232	-0.396841	-0.57169	0.406717	-0.591836	-0.722585	-0.138255	0.580333	-0.349241	-0.612744	0.0445976	0.675653	-0.407491	-0.150891	-0.609639	-0.00642829	-0.778159	-0.268883	-0.572467	-0.0971982	-0.768463	-0.689846	-0.164248	0.677217	-0.196244	-0.450105	-0.575615	0.487117	-0.47832	-0.183267	-0.753966	0.0415256	-0.629463	-0.36792	-0.627372	0.453029	-0.515562
-0.434321	-0.585095	0.396447	-0.558443	-0.397495	-0.571277	0.406828	-0.591719	-0.724442	-0.128173	0.577992	-0.353101	-0.591266	0.0871082	0.664928	-0.447982	-0.164513	-0.595031	-0.0325375	-0.786012	-0.287015	-0.555521	-0.112469	-0.77225	-0.690158	-0.162998	0.677176	-0.19633	-0.450329	-0.575404	0.486831	-0.478653	-0.183884	-0.753715	0.0408114	-0.62963	-0.368732	-0.626826	0.453016	-0.515657
-0.435473	-0.584173	0.396266	-0.55864	-0.398742	-0.570523	0.407044	-0.591459	-0.727323	-0.107203	0.572904	-0.362339	-0.564144	0.133415	0.649247	-0.492361	-0.181269	-0.579514	-0.0581388	-0.792417	-0.324161	-0.519087	-0.147145	-0.777057	-0.690132	-0.162406	0.677136	-0.197053	-0.450816	-0.574909	0.486441	-0.479187	-0.184904	-0.753581	0.040821	-0.629491	-0.369642	-0.626188	0.453125	-0.515685
-0.436619	-0.583205	0.396031	-0.558923	-0.399915	-0.56954	0.407462	-0.591327	-0.728575	-0.085477	0.567204	-0.374369	-0.531756	0.180043	0.627245	-0.5398	-0.199382	-0.5635	-0.0842471	-0.797256	-0.365049	-0.478417	-0.177946	-0.778583	-0.690497	-0.160899	0.677139	-0.197001	-0.451519	-0.574223	0.486129	-0.479663	-0.185874	-0.753465	0.0408128	-0.629345	-0.370388	-0.625717	0.453276	-0.515589
-0.437643	-0.582419	0.396113	-0.558884	-0.401735	-0.567519	0.407797	-0.591804	-0.726652	-0.0632769	0.563796	-0.387438	-0.494308	0.226144	0.601552	-0.585366	-0.219021	-0.547934	-0.107503	-0.800151	-0.405754	-0.436604	-0.209215	-0.775223	-0.690784	-0.15981	0.677098	-0.197015	-0.451679	-0.574052	0.486014	-0.479835	-0.186726	-0.753333	0.0409807	-0.62924	-0.371124	-0.62528	0.453511	-0.515384
-0.438122	-0.582106	0.39638	-0.558646	-0.402543	-0.566479	0.408003	-0.59211	-0.727069	-0.0491178	0.561344	-0.392239	-0.474051	0.248179	0.586913	-0.607631	-0.228986	-0.53996	-0.118467	-0.801233	-0.426172	-0.414937	-0.223411	-0.772199	-0.690849	-0.159313	0.677142	-0.197042	-0.451788	-0.573947	0.485938	-0.479934	-0.187168	-0.753415	0.0414663	-0.628979	-0.371304	-0.625175	0.453478	-0.51541
-0.438486	-0.581934	0.396655	-0.558343	-0.403208	-0.565582	0.408191	-0.592385	-0.727307	-0.0339927	0.558972	-0.396762	-0.453457	0.269391	0.570994	-0.629104	-0.239543	-0.532162	-0.127431	-0.801988	-0.446073	-0.393158	-0.238184	-0.767929	-0.690955	-0.158763	0.677168	-0.197028	-0.451793	-0.573912	0.485826	-0.480085	-0.187626	-0.753421	0.0417516	-0.628817	-0.371426	-0.625107	0.453463	-0.515418
-0.438592	-0.582021	0.396945	-0.557963	-0.403859	-0.564744	0.408253	-0.592699	-0.726447	-0.0203784	0.556265	-0.403023	-0.432155	0.289789	0.554439	-0.649508	-0.249841	-0.524251	-0.135932	-0.80266	-0.465884	-0.371789	-0.252684	-0.762152	-0.691085	-0.158272	0.677181	-0.196919	-0.451991	-0.573726	0.485867	-0.480078	-0.188055	-0.753356	0.0419589	-0.628752	-0.371594	-0.625049	0.453574	-0.515269
-0.43851	-0.582317	0.397533	-0.5573	-0.4053	-0.563073	0.40851	-0.593128	-0.72258	0.00516087	0.550547	-0.418031	-0.388555	0.326391	0.518789	-0.688006	-0.269333	-0.509179	-0.151745	-0.803225	-0.503745	-0.328772	-0.2789	-0.748575	-0.691262	-0.157773	0.67718	-0.196703	-0.452195	-0.573606	0.485782	-0.480115	-0.188383	-0.753424	0.0421947	-0.628557	-0.371756	-0.625069	0.453563	-0.515137
-0.438429	-0.582636	0.398415	-0.5564	-0.406942	-0.560831	0.408538	-0.594107	-0.718687	0.0322728	0.54383	-0.432084	-0.344814	0.357597	0.481735	-0.721913	-0.288291	-0.494198	-0.166055	-0.80317	-0.538573	-0.286844	-0.301505	-0.732635	-0.69168	-0.156519	0.67718	-0.196237	-0.452399	-0.573472	0.485765	-0.480101	-0.188677	-0.753452	0.0427158	-0.6284	-0.371961	-0.625008	0.453554	-0.51507
-0.438429	-0.583043	0.399778	-0.554994	-0.408788	-0.558272	0.408595	-0.59521	-0.71409	0.0615765	0.536665	-0.445281	-0.302496	0.383963	0.443083	-0.751496	-0.306003	-0.479825	-0.178835	-0.802588	-0.568221	-0.247953	-0.322754	-0.715174	-0.692006	-0.155894	0.67716	-0.195649	-0.452768	-0.573299	0.485715	-0.48001	-0.189165	-0.753463	0.043499	-0.628186	-0.372123	-0.625006	0.453647	-0.514876
-0.438493	-0.5832	0.400658	-0.554143	-0.409695	-0.55695	0.409073	-0.595496	-0.711528	0.0753407	0.532526	-0.452181	-0.282809	0.395017	0.422952	-0.764913	-0.313505	-0.473543	-0.185716	-0.801861	-0.594256	-0.21262	-0.341441	-0.69647	-0.692132	-0.155584	0.677128	-0.195563	-0.45284	-0.573274	0.485687	-0.480001	-0.189318	-0.753534	0.0437686	-0.628036	-0.372148	-0.625078	0.453595	-0.514816
-0.438744	-0.583158	0.40236	-0.552754	-0.411108	-0.554647	0.409933	-0.59608	-0.708966	0.0896505	0.528512	-0.458263	-0.242901	0.414369	0.385349	-0.787911	-0.327556	-0.461999	-0.19933	-0.799707	-0.594256	-0.21262	-0.341441	-0.69647	-0.692469	-0.154686	0.677161	-0.194966	-0.45284	-0.573274	0.485687	-0.480001	-0.18957	-0.753553	0.0441457	-0.627911	-0.372314	-0.625117	0.45368	-0.514573
-0.437313	-0.584035	0.403768	-0.551934	-0.412989	-0.551343	0.410529	-0.597434	-0.695924	0.147445	0.512067	-0.481391	-0.190388	0.435656	0.330661	-0.815242	-0.346134	-0.445691	-0.215353	-0.796978	-0.63929	-0.148354	-0.370993	-0.657011	-0.692702	-0.154412	0.676987	-0.194959	-0.452926	-0.573416	0.485574	-0.479865	-0.189686	-0.753551	0.0441818	-0.627876	-0.372328	-0.625309	0.45349	-0.514496
-0.437313	-0.584035	0.403768	-0.551934	-0.413579	-0.550306	0.410599	-0.597933	-0.695924	0.147445	0.512067	-0.481391	-0.190388	0.435656	0.330661	-0.815242	-0.352485	-0.440288	-0.219665	-0.79602	-0.649517	-0.133402	-0.376029	-0.647251	-0.692702	-0.154412	0.676987	-0.194959	-0.452919	-0.573477	0.485479	-0.479893	-0.18961	-0.753528	0.0440611	-0.627935	-0.372244	-0.625435	0.453388	-0.514495
-0.436621	-0.584581	0.405634	-0.550534	-0.414314	-0.548393	0.410697	-0.599114	-0.684255	0.187419	0.50087	-0.49578	-0.145522	0.448145	0.287729	-0.833788	-0.364785	-0.430201	-0.227899	-0.793675	-0.667929	-0.106701	-0.38451	-0.628202	-0.692798	-0.154294	0.676896	-0.195026	-0.453007	-0.573454	0.485521	-0.479797	-0.189454	-0.753399	0.0436257	-0.628167	-0.371951	-0.625759	0.453081	-0.514583
-0.436317	-0.584859	0.405996	-0.550213	-0.414643	-0.547481	0.410557	-0.599815	-0.680666	0.197659	0.496914	-0.5007	-0.131309	0.45071	0.274561	-0.839187	-0.370411	-0.425301	-0.23105	-0.7928	-0.676861	-0.0941561	-0.387754	-0.61858	-0.692905	-0.154072	0.676893	-0.194835	-0.453092	-0.573448	0.485568	-0.479677	-0.189462	-0.753328	0.0433186	-0.628272	-0.371818	-0.625868	0.453104	-0.514526
-0.435486	-0.58544	0.406732	-0.54971	-0.415379	-0.545719	0.410319	-0.601074	-0.67337	0.216397	0.490034	-0.509521	-0.10236	0.45344	0.252201	-0.84871	-0.381916	-0.415399	-0.237202	-0.790771	-0.692679	-0.069566	-0.393358	-0.600522	-0.692917	-0.154147	0.676851	-0.194879	-0.453004	-0.573501	0.485549	-0.479714	-0.189353	-0.75326	0.0431612	-0.628396	-0.371763	-0.625891	0.453063	-0.514574
-0.434318	-0.586185	0.407312	-0.549411	-0.416133	-0.543931	0.409573	-0.602678	-0.666678	0.230939	0.483112	-0.518468	-0.0757754	0.452221	0.234404	-0.85721	-0.392896	-0.406812	-0.244597	-0.787597	-0.705722	-0.0473726	-0.399431	-0.583239	-0.692836	-0.154396	0.676853	-0.194961	-0.452796	-0.573615	0.485528	-0.479796	-0.18899	-0.753124	0.0428461	-0.62869	-0.371491	-0.62599	0.452728	-0.514945
-0.433138	-0.586971	0.407697	-0.549217	-0.417043	-0.541894	0.408899	-0.604341	-0.660307	0.244649	0.477298	-0.525669	-0.0510024	0.449523	0.220848	-0.864033	-0.403363	-0.397603	-0.251932	-0.784692	-0.716353	-0.0251359	-0.404761	-0.567781	-0.692712	-0.154766	0.67685	-0.19512	-0.452395	-0.573815	0.485433	-0.480031	-0.188697	-0.752976	0.0423718	-0.628988	-0.371136	-0.626037	0.452615	-0.515243
-0.432786	-0.587181	0.40802	-0.54903	-0.417535	-0.540803	0.408873	-0.604996	-0.657368	0.250546	0.474469	-0.529125	-0.04011	0.447728	0.215313	-0.866932	-0.408695	-0.39312	-0.255254	-0.783116	-0.720857	-0.0151523	-0.407543	-0.560397	-0.692611	-0.154845	0.676933	-0.195127	-0.452203	-0.573902	0.485441	-0.4801	-0.188479	-0.753051	0.0424456	-0.628958	-0.370915	-0.626069	0.45244	-0.515516
-0.432328	-0.587364	0.408466	-0.548865	-0.419081	-0.537922	0.408604	-0.606675	-0.651831	0.262549	0.470157	-0.533982	-0.0202145	0.4441	0.205595	-0.871836	-0.418257	-0.38373	-0.261372	-0.780703	-0.729306	0.0049093	-0.410662	-0.547216	-0.692492	-0.155025	0.677027	-0.195083	-0.451636	-0.574123	0.48549	-0.48032	-0.188517	-0.752905	0.0423471	-0.629128	-0.370615	-0.626112	0.45249	-0.515637
-0.431289	-0.587822	0.40875	-0.548979	-0.419832	-0.535814	0.408615	-0.608012	-0.646097	0.276639	0.466608	-0.536941	-0.00114713	0.440297	0.195856	-0.876229	-0.426674	-0.374387	-0.266898	-0.778813	-0.736488	0.0224592	-0.413396	-0.534962	-0.692235	-0.155472	0.67711	-0.195348	-0.451472	-0.574196	0.485514	-0.480362	-0.188325	-0.752947	0.0421633	-0.629148	-0.370326	-0.62613	0.452467	-0.515843
-0.430274	-0.587976	0.408993	-0.549429	-0.420834	-0.533063	0.408861	-0.60957	-0.640082	0.290762	0.464013	-0.538929	0.0202417	0.434872	0.188482	-0.880313	-0.433933	-0.365973	-0.268713	-0.778177	-0.742119	0.0388261	-0.415202	-0.524746	-0.692058	-0.155908	0.67715	-0.195488	-0.45126	-0.574352	0.485546	-0.480342	-0.187958	-0.752885	0.0415733	-0.629371	-0.369922	-0.626255	0.452118	-0.516287
-0.429221	-0.588164	0.40949	-0.549682	-0.422471	-0.529682	0.408805	-0.611419	-0.634495	0.299568	0.461528	-0.542833	0.0383117	0.428748	0.184235	-0.883609	-0.440802	-0.360886	-0.269673	-0.776357	-0.744055	0.0495993	-0.417386	-0.519336	-0.691853	-0.156585	0.677094	-0.19587	-0.451302	-0.57443	0.485517	-0.480239	-0.187425	-0.752846	0.0408351	-0.629624	-0.369431	-0.626528	0.451613	-0.516749
-0.429056	-0.587404	0.410633	-0.549771	-0.42428	-0.526743	0.409838	-0.612014	-0.630408	0.301505	0.460993	-0.546961	0.0430563	0.427545	0.181877	-0.884462	-0.443672	-0.360029	-0.27095	-0.774675	-0.744122	0.0508135	-0.41826	-0.51842	-0.691922	-0.156207	0.677124	-0.195822	-0.451518	-0.574343	0.48577	-0.479885	-0.187621	-0.752976	0.0410892	-0.629395	-0.369	-0.626888	0.451179	-0.516999
-0.429154	-0.586879	0.411233	-0.549806	-0.425116	-0.525624	0.41054	-0.611925	-0.629283	0.301314	0.461213	-0.548175	0.0421484	0.42808	0.18154	-0.884316	-0.449511	-0.360605	-0.270593	-0.771157	-0.7429	0.0499104	-0.420314	-0.518598	-0.692052	-0.155577	0.677187	-0.195643	-0.451775	-0.574167	0.485975	-0.479645	-0.188018	-0.752962	0.041099	-0.629292	-0.369028	-0.627004	0.451338	-0.516699
-0.429275	-0.586318	0.412872	-0.549082	-0.425865	-0.525298	0.411729	-0.610885	-0.628888	0.300055	0.461	-0.549497	0.041242	0.42767	0.181075	-0.884652	-0.451217	-0.36221	-0.271044	-0.769248	-0.742258	0.0446717	-0.422812	-0.517965	-0.692534	-0.154017	0.677321	-0.194709	-0.452661	-0.573544	0.486356	-0.479169	-0.188515	-0.752927	0.0413551	-0.629169	-0.36926	-0.627005	0.451649	-0.516261
-0.429097	-0.58626	0.413711	-0.548651	-0.426228	-0.525405	0.412372	-0.610105	-0.629251	0.29943	0.460567	-0.549785	0.0411093	0.427043	0.180867	-0.885004	-0.451974	-0.364773	-0.27019	-0.767892	-0.742236	0.0438819	-0.422666	-0.518182	-0.692662	-0.15353	0.677358	-0.194509	-0.452964	-0.573306	0.486382	-0.479141	-0.18922	-0.753147	0.0421131	-0.628643	-0.369318	-0.627039	0.451559	-0.516257
-0.429097	-0.58626	0.413711	-0.548651	-0.426228	-0.525405	0.412372	-0.610105	-0.629251	0.29943	0.460567	-0.549785	0.0411093	0.427043	0.180867	-0.885004	-0.451974	-0.364773	-0.27019	-0.767892	-0.742236	0.0438819	-0.422666	-0.518182	-0.692662	-0.15353	0.677358	-0.194509	-0.452964	-0.573306	0.486382	-0.479141	-0.18922	-0.753147	0.0421131	-0.628643	-0.369318	-0.627039	0.451559	-0.516257
-0.428506	-0.586562	0.415413	-0.547503	-0.427474	-0.525283	0.413393	-0.608646	-0.630474	0.298259	0.459638	-0.549797	0.0398067	0.425598	0.181254	-0.88568	-0.450931	-0.367018	-0.268047	-0.768186	-0.743271	0.0401347	-0.422297	-0.517303	-0.692904	-0.152862	0.677272	-0.194474	-0.453166	-0.573134	0.486054	-0.47949	-0.189651	-0.752882	0.0420493	-0.628834	-0.369859	-0.626783	0.451746	-0.516017
-0.428223	-0.587071	0.417185	-0.545829	-0.428401	-0.525981	0.414259	-0.6068	-0.631964	0.296088	0.45852	-0.550193	0.0373498	0.423993	0.181872	-0.886429	-0.44946	-0.369712	-0.266656	-0.76824	-0.743599	0.0367208	-0.421739	-0.51754	-0.693211	-0.151775	0.67738	-0.193854	-0.453487	-0.572806	0.485796	-0.47984	-0.190007	-0.75279	0.0424422	-0.62881	-0.370104	-0.626538	0.451532	-0.516326
-0.428337	-0.587587	0.418103	-0.54448	-0.429243	-0.527418	0.414543	-0.60476	-0.633251	0.29367	0.456607	-0.551599	0.0362175	0.421594	0.181711	-0.887653	-0.44813	-0.372853	-0.265615	-0.76786	-0.742483	0.0333636	-0.4234	-0.518014	-0.693547	-0.150729	0.677419	-0.193333	-0.453661	-0.572535	0.485523	-0.480274	-0.19048	-0.752366	0.0421742	-0.629194	-0.370379	-0.626305	0.451762	-0.516209
-0.429132	-0.587804	0.418223	-0.543527	-0.430067	-0.529727	0.414435	-0.602225	-0.634283	0.290638	0.45396	-0.554197	0.0359485	0.418121	0.182165	-0.889212	-0.446015	-0.376333	-0.266525	-0.767078	-0.740412	0.0313352	-0.426216	-0.518795	-0.693665	-0.150241	0.677548	-0.192836	-0.453786	-0.572279	0.485232	-0.480754	-0.190451	-0.752241	0.0423377	-0.62934	-0.370528	-0.626024	0.451829	-0.516385
-0.429705	-0.587796	0.417966	-0.543281	-0.430497	-0.531173	0.414054	-0.600905	-0.634797	0.28894	0.452241	-0.5559	0.0365186	0.415734	0.182262	-0.890288	-0.444897	-0.37817	-0.267237	-0.766575	-0.738951	0.0308247	-0.428291	-0.5192	-0.693692	-0.150104	0.6776	-0.192661	-0.453808	-0.57218	0.48515	-0.480934	-0.190489	-0.752163	0.042508	-0.629411	-0.370417	-0.62595	0.45175	-0.516624
-0.430275	-0.587862	0.417557	-0.543073	-0.431137	-0.532493	0.413354	-0.599759	-0.635274	0.287319	0.450428	-0.557665	0.0372629	0.413182	0.182343	-0.891428	-0.443499	-0.380028	-0.268467	-0.766037	-0.737356	0.0302631	-0.430646	-0.519551	-0.693705	-0.149942	0.677659	-0.192535	-0.453661	-0.572191	0.485064	-0.481147	-0.190618	-0.751946	0.0424348	-0.629636	-0.370351	-0.625896	0.451837	-0.51666
-0.430745	-0.58813	0.417118	-0.542746	-0.43182	-0.533931	0.412439	-0.598618	-0.635274	0.287319	0.450428	-0.557665	0.0379978	0.410546	0.182194	-0.892644	-0.442027	-0.38182	-0.270145	-0.765407	-0.73573	0.0300134	-0.43279	-0.52009	-0.693726	-0.149903	0.677633	-0.19258	-0.453452	-0.572235	0.485062	-0.481293	-0.190658	-0.751706	0.0420918	-0.629933	-0.370374	-0.625822	0.452039	-0.516557
-0.431752	-0.588677	0.416127	-0.542113	-0.434569	-0.538795	0.408307	-0.595092	-0.636207	0.281595	0.441309	-0.566737	0.0403414	0.404655	0.181788	-0.89531	-0.438879	-0.38485	-0.273353	-0.764561	-0.730111	0.0309545	-0.440072	-0.521839	-0.693664	-0.150271	0.677538	-0.192849	-0.452463	-0.572674	0.485032	-0.481732	-0.190101	-0.751558	0.0412584	-0.630333	-0.36996	-0.625903	0.45206	-0.516737
-0.433293	-0.589198	0.414617	-0.541476	-0.436008	-0.540267	0.406389	-0.594017	-0.636363	0.280227	0.43822	-0.56963	0.0424017	0.397805	0.180334	-0.898573	-0.435017	-0.388214	-0.277741	-0.763486	-0.728155	0.0314924	-0.442891	-0.522154	-0.693502	-0.150665	0.677487	-0.193306	-0.451955	-0.572936	0.484999	-0.48193	-0.189607	-0.75113	0.0398488	-0.631082	-0.369535	-0.626087	0.452364	-0.516552
-0.435514	-0.589926	0.41339	-0.539837	-0.439049	-0.544383	0.401598	-0.591272	-0.636649	0.27851	0.434724	-0.572823	0.0433669	0.393743	0.179463	-0.900488	-0.432874	-0.390151	-0.280443	-0.762728	-0.723443	0.0325359	-0.45009	-0.522484	-0.693208	-0.151058	0.677551	-0.193827	-0.450993	-0.573418	0.485053	-0.482204	-0.189539	-0.750929	0.0394236	-0.631368	-0.369483	-0.626075	0.452716	-0.516295
-0.436341	-0.590604	0.412185	-0.539348	-0.441142	-0.546461	0.39872	-0.589743	-0.637449	0.27357	0.426854	-0.580185	0.0455387	0.383826	0.178331	-0.904877	-0.428497	-0.394746	-0.285826	-0.760835	-0.720879	0.033063	-0.454089	-0.522536	-0.692963	-0.151206	0.677709	-0.194034	-0.450669	-0.573504	0.485265	-0.482192	-0.189519	-0.750967	0.0399813	-0.631294	-0.368922	-0.626269	0.452727	-0.516451
-0.437432	-0.592731	0.409428	-0.538231	-0.446776	-0.550702	0.390828	-0.586833	-0.638587	0.26775	0.417357	-0.588498	0.0475502	0.371896	0.17742	-0.90992	-0.423598	-0.40038	-0.293242	-0.757805	-0.715133	0.0338778	-0.463712	-0.521927	-0.6926	-0.15136	0.677936	-0.194419	-0.449817	-0.573732	0.485713	-0.482265	-0.189448	-0.750634	0.0395235	-0.631741	-0.368516	-0.626201	0.453241	-0.516373
-0.441349	-0.594026	0.406589	-0.535751	-0.45291	-0.556682	0.382392	-0.582025	-0.640574	0.260225	0.406304	-0.597382	0.0496664	0.357477	0.176727	-0.915703	-0.418855	-0.40884	-0.302044	-0.75245	-0.707621	0.0342148	-0.477029	-0.52014	-0.692204	-0.151003	0.678224	-0.195099	-0.448735	-0.573774	0.48665	-0.482278	-0.189213	-0.75019	0.0395204	-0.632338	-0.367714	-0.626123	0.453417	-0.516884
-0.44665	-0.595823	0.403402	-0.531757	-0.460508	-0.563298	0.372069	-0.576361	-0.642816	0.251315	0.393396	-0.607344	0.0509767	0.341008	0.176048	-0.922021	-0.414372	-0.419111	-0.312706	-0.744887	-0.69925	0.0343234	-0.492328	-0.51719	-0.692597	-0.148099	0.678775	-0.194012	-0.447654	-0.573477	0.488304	-0.481964	-0.189019	-0.749529	0.0391995	-0.633199	-0.366461	-0.626064	0.453456	-0.517809
-0.44665	-0.595823	0.403402	-0.531757	-0.460508	-0.563298	0.372069	-0.576361	-0.642816	0.251315	0.393396	-0.607344	0.0509767	0.341008	0.176048	-0.922021	-0.414372	-0.419111	-0.312706	-0.744887	-0.69925	0.0343234	-0.492328	-0.51719	-0.692597	-0.148099	0.678775	-0.194012	-0.447654	-0.573477	0.488304	-0.481964	-0.189019	-0.749529	0.0391995	-0.633199	-0.366461	-0.626064	0.453456	-0.517809
-0.452655	-0.598501	0.399519	-0.526577	-0.468918	-0.570793	0.359255	-0.570305	-0.645346	0.240768	0.378144	-0.61852	0.0528625	0.321263	0.175305	-0.92912	-0.411832	-0.4248	-0.318649	-0.740542	-0.690189	0.0348525	-0.509563	-0.512611	-0.692763	-0.144985	0.67945	-0.193407	-0.446166	-0.57325	0.489901	-0.481994	-0.18869	-0.749048	0.0386407	-0.633901	-0.365477	-0.62556	0.454144	-0.518512
-0.455985	-0.599563	0.397321	-0.524155	-0.473759	-0.574413	0.352636	-0.56679	-0.646633	0.234704	0.36983	-0.624504	0.0540227	0.310509	0.174892	-0.93278	-0.406104	-0.436969	-0.331436	-0.73095	-0.685222	0.0353116	-0.519052	-0.509715	-0.693009	-0.143003	0.679799	-0.192773	-0.446074	-0.572513	0.491305	-0.481525	-0.188833	-0.748227	0.0393602	-0.634782	-0.364797	-0.625365	0.454363	-0.519034
-0.463099	-0.602489	0.393304	-0.51755	-0.484626	-0.580396	0.340056	-0.559142	-0.648817	0.221604	0.353094	-0.636595	0.0558022	0.287901	0.174967	-0.939886	-0.398169	-0.449993	-0.344901	-0.721118	-0.673876	0.0353084	-0.538929	-0.504182	-0.693857	-0.137346	0.680816	-0.190235	-0.445696	-0.571096	0.493816	-0.480989	-0.189643	-0.747225	0.0406012	-0.635643	-0.363627	-0.624805	0.455596	-0.519448
-0.47329	-0.603482	0.388142	-0.51103	-0.495278	-0.586169	0.327711	-0.5511	-0.650861	0.207931	0.336908	-0.647795	0.0578752	0.265851	0.175503	-0.946135	-0.388587	-0.464384	-0.358671	-0.710425	-0.660163	0.0336186	-0.55955	-0.499957	-0.695288	-0.131068	0.681375	-0.187415	-0.446895	-0.568373	0.49785	-0.478939	-0.189793	-0.746438	0.0407709	-0.636511	-0.362093	-0.62446	0.456636	-0.520021
-0.480958	-0.605222	0.383442	-0.505328	-0.504763	-0.59341	0.315218	-0.541956	-0.653784	0.194149	0.321194	-0.657045	0.0590416	0.243526	0.177672	-0.951652	-0.378767	-0.478864	-0.371208	-0.699593	-0.646311	0.0309909	-0.578818	-0.496277	-0.696172	-0.12664	0.681666	-0.186114	-0.446555	-0.567381	0.500172	-0.478011	-0.189907	-0.745811	0.0403942	-0.637236	-0.360527	-0.6244	0.456951	-0.520904
-0.480958	-0.605222	0.383442	-0.505328	-0.504763	-0.59341	0.315218	-0.541956	-0.653784	0.194149	0.321194	-0.657045	0.0590416	0.243526	0.177672	-0.951652	-0.378767	-0.478864	-0.371208	-0.699593	-0.646311	0.0309909	-0.578818	-0.496277	-0.696172	-0.12664	0.681666	-0.186114	-0.446555	-0.567381	0.500172	-0.478011	-0.189907	-0.745811	0.0403942	-0.637236	-0.360527	-0.6244	0.456951	-0.520904
-0.483951	-0.606449	0.381093	-0.502771	-0.513521	-0.600471	0.301195	-0.533866	-0.655526	0.187224	0.313228	-0.661151	0.0591225	0.232301	0.178836	-0.954232	-0.374293	-0.485472	-0.376905	-0.694381	-0.632408	0.0283931	-0.595953	-0.494059	-0.696385	-0.12522	0.681718	-0.186088	-0.447243	-0.565625	0.502757	-0.476737	-0.189733	-0.745433	0.0397808	-0.637768	-0.360195	-0.624187	0.457397	-0.520997
-0.486477	-0.607588	0.378731	-0.50074	-0.513521	-0.600471	0.301195	-0.533866	-0.657141	0.180391	0.304929	-0.665314	0.0590937	0.221127	0.179457	-0.956769	-0.369626	-0.491521	-0.382405	-0.689601	-0.632408	0.0283931	-0.595953	-0.494059	-0.697049	-0.123097	0.681635	-0.185322	-0.447243	-0.565625	0.502757	-0.476737	-0.189532	-0.745072	0.0394365	-0.638271	-0.360039	-0.623906	0.457762	-0.521121
-0.48925	-0.608383	0.376952	-0.498408	-0.517861	-0.603249	0.29413	-0.53047	-0.658579	0.173851	0.296597	-0.669388	0.0589462	0.21	0.179788	-0.959219	-0.364477	-0.497325	-0.388148	-0.684956	-0.625579	0.0272799	-0.603843	-0.493235	-0.698048	-0.12049	0.68146	-0.183908	-0.447973	-0.564658	0.503847	-0.476047	-0.189512	-0.744994	0.0396834	-0.638353	-0.359749	-0.623715	0.457792	-0.521523
-0.495547	-0.609522	0.373597	-0.493296	-0.525723	-0.608135	0.280545	-0.524482	-0.660879	0.162303	0.280256	-0.677018	0.0590048	0.188885	0.17966	-0.96362	-0.354755	-0.507764	-0.399202	-0.67599	-0.612439	0.0257007	-0.618585	-0.491539	-0.699284	-0.116973	0.681393	-0.181723	-0.449003	-0.563366	0.504744	-0.475656	-0.189176	-0.744792	0.0398311	-0.638679	-0.359232	-0.623348	0.457707	-0.522392
-0.50064	-0.610933	0.369558	-0.489435	-0.532242	-0.613272	0.266963	-0.518986	-0.661757	0.151687	0.264999	-0.684722	0.0605557	0.169221	0.178705	-0.967348	-0.345416	-0.515957	-0.40914	-0.66864	-0.600117	0.0256598	-0.631432	-0.490403	-0.699953	-0.114949	0.681229	-0.181052	-0.450173	-0.562047	0.505479	-0.47533	-0.189681	-0.74445	0.0403872	-0.638892	-0.358989	-0.623097	0.457773	-0.522801
-0.505349	-0.611918	0.365417	-0.486466	-0.537072	-0.618639	0.25505	-0.513604	-0.661817	0.141617	0.252279	-0.691592	0.0622973	0.152161	0.178701	-0.970068	-0.336301	-0.523552	-0.418145	-0.661778	-0.588336	0.0263111	-0.643603	-0.488818	-0.700696	-0.113101	0.680788	-0.180999	-0.450822	-0.561489	0.505898	-0.474928	-0.190105	-0.744703	0.0408102	-0.638445	-0.358796	-0.623157	0.457632	-0.522985
-0.507239	-0.612901	0.362741	-0.485263	-0.539172	-0.621365	0.248974	-0.511089	-0.661705	0.136546	0.246874	-0.694662	0.0633002	0.144415	0.17934	-0.971069	-0.331948	-0.526875	-0.422308	-0.658688	-0.588336	0.0263111	-0.643603	-0.488818	-0.701078	-0.112186	0.680512	-0.181127	-0.451428	-0.560949	0.506419	-0.474435	-0.189971	-0.744608	0.0399211	-0.638652	-0.358839	-0.623183	0.457702	-0.522863
-0.510833	-0.614915	0.357148	-0.483088	-0.542609	-0.626861	0.237864	-0.506005	-0.661464	0.1263	0.23666	-0.700361	0.0652508	0.129606	0.180884	-0.972741	-0.323419	-0.533638	-0.43041	-0.65221	-0.572349	0.0275198	-0.65942	-0.486647	-0.701695	-0.110795	0.679822	-0.182185	-0.451311	-0.561188	0.506546	-0.474127	-0.189134	-0.744857	0.0381942	-0.638716	-0.358116	-0.623661	0.456771	-0.523603
-0.514035	-0.61749	0.35037	-0.481367	-0.545347	-0.632718	0.226875	-0.500792	-0.661009	0.117036	0.227106	-0.705544	0.0672363	0.115376	0.18244	-0.974106	-0.315808	-0.540098	-0.437361	-0.645968	-0.562788	0.0275728	-0.669078	-0.484607	-0.701474	-0.112135	0.678959	-0.1854	-0.450167	-0.562355	0.505495	-0.474954	-0.187906	-0.744822	0.0352121	-0.63929	-0.35755	-0.624018	0.45603	-0.52421
-0.515378	-0.619117	0.346603	-0.480569	-0.546816	-0.635432	0.220941	-0.4984	-0.660561	0.111961	0.222431	-0.708271	0.0684668	0.108109	0.183682	-0.974621	-0.312072	-0.543121	-0.440794	-0.642909	-0.558078	0.0274739	-0.673779	-0.483544	-0.701762	-0.111867	0.678545	-0.185992	-0.450653	-0.561979	0.505769	-0.474646	-0.187089	-0.744505	0.0331325	-0.640009	-0.357308	-0.624115	0.455802	-0.524459
-0.519097	-0.62147	0.340233	-0.478074	-0.549699	-0.640273	0.208852	-0.494229	-0.659545	0.101952	0.21252	-0.713752	0.0706903	0.0935741	0.185211	-0.975676	-0.303688	-0.549637	-0.447564	-0.636679	-0.548648	0.0268868	-0.683109	-0.481274	-0.702112	-0.111364	0.677904	-0.187306	-0.450524	-0.562512	0.504889	-0.475074	-0.185811	-0.744365	0.0299441	-0.640702	-0.356449	-0.624518	0.45503	-0.525233
-0.52096	-0.622599	0.336551	-0.477185	-0.55087	-0.642701	0.203207	-0.492122	-0.658937	0.0970396	0.207447	-0.716485	0.071768	0.0862897	0.185738	-0.976168	-0.300047	-0.553026	-0.450568	-0.633342	-0.543855	0.0264812	-0.68795	-0.47984	-0.701887	-0.111763	0.677676	-0.188729	-0.450241	-0.562989	0.504219	-0.475489	-0.18536	-0.744036	0.0288102	-0.641266	-0.356102	-0.624543	0.454787	-0.525648
-0.523174	-0.623554	0.333327	-0.475776	-0.552469	-0.644737	0.197659	-0.489922	-0.658305	0.0921964	0.202594	-0.71909	0.0726282	0.0794182	0.186237	-0.976593	-0.29644	-0.556579	-0.453853	-0.629572	-0.538655	0.0260778	-0.693229	-0.478126	-0.701564	-0.112015	0.677603	-0.190039	-0.450007	-0.563275	0.503611	-0.476016	-0.184339	-0.743883	0.0273345	-0.641802	-0.355807	-0.624413	0.45455	-0.526207
-0.526216	-0.623638	0.330389	-0.474358	-0.554445	-0.646449	0.191841	-0.487741	-0.657617	0.0874272	0.198295	-0.721509	0.0734362	0.0729865	0.186945	-0.976899	-0.292646	-0.560325	-0.457737	-0.625197	-0.533312	0.0258121	-0.698797	-0.47602	-0.701371	-0.111362	0.677747	-0.190619	-0.450368	-0.562891	0.503575	-0.476166	-0.183395	-0.744071	0.0282199	-0.641817	-0.355465	-0.624206	0.454199	-0.526986
-0.532292	-0.623594	0.324961	-0.471377	-0.558663	-0.64938	0.180306	-0.483416	-0.656669	0.0791777	0.190611	-0.725386	0.0751234	0.0616978	0.188339	-0.977281	-0.285536	-0.568556	-0.465613	-0.615156	-0.523212	0.0252715	-0.710202	-0.470345	-0.701399	-0.108778	0.678006	-0.191088	-0.450711	-0.562319	0.503481	-0.476617	-0.18373	-0.74471	0.0315324	-0.640824	-0.354769	-0.623786	0.453845	-0.528257
-0.538976	-0.623202	0.320388	-0.467414	-0.563742	-0.650705	0.170256	-0.479366	-0.656816	0.072035	0.182914	-0.727974	0.075243	0.0508488	0.189222	-0.977726	-0.281593	-0.57501	-0.472223	-0.605867	-0.514464	0.0254216	-0.720353	-0.464513	-0.701753	-0.105661	0.677705	-0.192597	-0.450733	-0.562147	0.504118	-0.476125	-0.183031	-0.745197	0.0338946	-0.640338	-0.354797	-0.623366	0.454447	-0.528215
-0.542335	-0.622525	0.318426	-0.465768	-0.566397	-0.651183	0.165447	-0.477266	-0.656816	0.072035	0.182914	-0.727974	0.0750588	0.0452117	0.189272	-0.978007	-0.279813	-0.577345	-0.47579	-0.601666	-0.514464	0.0254216	-0.720353	-0.464513	-0.701753	-0.105661	0.677705	-0.192597	-0.450864	-0.562077	0.50442	-0.475765	-0.183395	-0.745626	0.0356404	-0.639639	-0.355233	-0.622896	0.454922	-0.528068
-0.542335	-0.622525	0.318426	-0.465768	-0.566397	-0.651183	0.165447	-0.477266	-0.656816	0.072035	0.182914	-0.727974	0.0750588	0.0452117	0.189272	-0.978007	-0.279813	-0.577345	-0.47579	-0.601666	-0.514464	0.0254216	-0.720353	-0.464513	-0.701753	-0.105661	0.677705	-0.192597	-0.451521	-0.561526	0.504946	-0.475234	-0.183395	-0.745626	0.0356404	-0.639639	-0.355233	-0.622896	0.454922	-0.528068
-0.547887	-0.62185	0.315502	-0.462148	-0.571376	-0.651407	0.156659	-0.47398	-0.657395	0.0629829	0.169194	-0.7316	0.0744379	0.0340623	0.188089	-0.978734	-0.276872	-0.581097	-0.482327	-0.594161	-0.503519	0.0268294	-0.732378	-0.457572	-0.702746	-0.0997089	0.677554	-0.192685	-0.452391	-0.560714	0.505491	-0.474785	-0.184821	-0.746597	0.0397228	-0.637853	-0.355677	-0.622353	0.455557	-0.527862
-0.550088	-0.621962	0.313755	-0.46057	-0.573677	-0.651412	0.152474	-0.472555	-0.657831	0.0606848	0.164742	-0.732418	0.0737514	0.0289007	0.187361	-0.979092	-0.275725	-0.582498	-0.485472	-0.590753	-0.500321	0.0276439	-0.735789	-0.455555	-0.703017	-0.0983226	0.677456	-0.192753	-0.453735	-0.559435	0.506494	-0.473942	-0.185483	-0.746843	0.0402079	-0.637342	-0.355702	-0.622189	0.456013	-0.527645
-0.552408	-0.621534	0.311916	-0.459619	-0.575527	-0.651596	0.148944	-0.471175	-0.658183	0.0588293	0.160608	-0.733171	0.0737514	0.0289007	0.187361	-0.979092	-0.274598	-0.583696	-0.488396	-0.587676	-0.497404	0.0287075	-0.738883	-0.453671	-0.703017	-0.0983226	0.677456	-0.192753	-0.454667	-0.558631	0.507114	-0.473333	-0.185913	-0.74716	0.040515	-0.636826	-0.355426	-0.622203	0.45608	-0.527757
-0.554086	-0.621297	0.310206	-0.459076	-0.577001	-0.651647	0.145782	-0.470291	-0.658493	0.0576328	0.15702	-0.733764	0.072594	0.0207552	0.185306	-0.979776	-0.27344	-0.584823	-0.491061	-0.58487	-0.494864	0.0299025	-0.741591	-0.451949	-0.702999	-0.0973024	0.676878	-0.195348	-0.455136	-0.558376	0.507454	-0.472819	-0.186082	-0.747742	0.0407052	-0.636081	-0.355037	-0.622363	0.455614	-0.528231
-0.556379	-0.621317	0.30728	-0.458244	-0.578872	-0.651911	0.140761	-0.469154	-0.658625	0.0556936	0.15208	-0.734835	0.071974	0.0157845	0.18348	-0.980258	-0.27221	-0.585926	-0.494699	-0.581262	-0.491684	0.0320012	-0.745254	-0.449243	-0.703098	-0.0959968	0.675997	-0.19866	-0.455125	-0.558581	0.50775	-0.47227	-0.187053	-0.748562	0.0425433	-0.63471	-0.354985	-0.622452	0.454712	-0.528938
-0.557502	-0.621096	0.306142	-0.457939	-0.579313	-0.652176	0.138587	-0.468888	-0.658545	0.0550046	0.151017	-0.735178	0.0718621	0.0144922	0.183359	-0.980309	-0.27221	-0.585926	-0.494699	-0.581262	-0.490416	0.0328764	-0.746498	-0.4485	-0.703311	-0.0948962	0.675681	-0.199507	-0.455691	-0.558064	0.508306	-0.471736	-0.187505	-0.748754	0.0426896	-0.634339	-0.354496	-0.622847	0.453462	-0.529874
-0.558683	-0.620557	0.304211	-0.458518	-0.580053	-0.651827	0.13531	-0.469415	-0.658171	0.0535957	0.150269	-0.73577	0.0723739	0.0130239	0.183864	-0.980197	-0.270783	-0.586316	-0.498184	-0.578552	-0.48955	0.0337148	-0.747354	-0.447958	-0.703575	-0.0946508	0.674725	-0.201915	-0.457348	-0.556822	0.509453	-0.470361	-0.185915	-0.748229	0.0398648	-0.635609	-0.353175	-0.623834	0.450381	-0.532218
-0.559446	-0.620102	0.302874	-0.459087	-0.580457	-0.651173	0.133116	-0.470451	-0.657584	0.0534505	0.150076	-0.736345	0.0731437	0.012603	0.183777	-0.980162	-0.270362	-0.585922	-0.499849	-0.577712	-0.48787	0.035462	-0.748948	-0.446993	-0.703742	-0.0953221	0.673854	-0.203917	-0.457809	-0.557448	0.508489	-0.470214	-0.186822	-0.747327	0.0390754	-0.636453	-0.353569	-0.624035	0.449597	-0.532383
-0.560309	-0.618697	0.301472	-0.46085	-0.580483	-0.650245	0.132372	-0.471909	-0.656942	0.0546506	0.150417	-0.73676	0.0735206	0.012703	0.183583	-0.980169	-0.270405	-0.585663	-0.50031	-0.577555	-0.488147	0.0365548	-0.748923	-0.446644	-0.703038	-0.0977641	0.673293	-0.207019	-0.456557	-0.560149	0.505375	-0.471578	-0.186212	-0.746825	0.0382134	-0.637273	-0.352819	-0.624402	0.446868	-0.534742
-0.560412	-0.618404	0.301099	-0.461361	-0.580321	-0.649669	0.132232	-0.47294	-0.656752	0.0556065	0.151137	-0.736711	0.0742229	0.0141367	0.183031	-0.980199	-0.271296	-0.584451	-0.500466	-0.57823	-0.488814	0.0370287	-0.748404	-0.446746	-0.70251	-0.0994641	0.672971	-0.209038	-0.455677	-0.561512	0.50381	-0.472481	-0.184782	-0.747096	0.0357485	-0.637516	-0.353058	-0.624251	0.446265	-0.535264
-0.560542	-0.617971	0.300939	-0.461888	-0.580056	-0.649102	0.132388	-0.473999	-0.65668	0.0566074	0.152337	-0.736451	0.0744627	0.0155149	0.183318	-0.980107	-0.271951	-0.583599	-0.500368	-0.578867	-0.489508	0.03744	-0.747738	-0.447066	-0.702439	-0.0996852	0.672794	-0.209739	-0.455354	-0.562195	0.502864	-0.472987	-0.18487	-0.746688	0.0349448	-0.638011	-0.353412	-0.624082	0.445682	-0.535714
-0.55931	-0.617524	0.300791	-0.464071	-0.578771	-0.648165	0.133877	-0.476427	-0.656577	0.0584952	0.156258	-0.735573	0.0749167	0.0195712	0.184691	-0.979742	-0.273168	-0.581603	-0.499284	-0.581234	-0.491836	0.0377691	-0.745343	-0.448481	-0.702686	-0.099738	0.672337	-0.210351	-0.455689	-0.562692	0.501703	-0.473307	-0.182739	-0.746961	0.0321312	-0.638453	-0.353404	-0.624148	0.443169	-0.537723
-0.558783	-0.617049	0.300886	-0.465274	-0.577764	-0.647656	0.135307	-0.477935	-0.656354	0.0596285	0.158894	-0.735117	0.075313	0.0224011	0.185432	-0.979511	-0.274001	-0.580443	-0.49815	-0.582972	-0.493377	0.0378867	-0.743611	-0.449651	-0.702647	-0.100059	0.672191	-0.210797	-0.45563	-0.563131	0.500798	-0.4738	-0.182631	-0.747239	0.0313753	-0.638197	-0.353837	-0.624034	0.442407	-0.538199
-0.556553	-0.617021	0.301885	-0.467332	-0.574844	-0.646958	0.139616	-0.481153	-0.65565	0.0628753	0.166562	-0.733776	0.0761757	0.0305588	0.187518	-0.978826	-0.276446	-0.577589	-0.494559	-0.587691	-0.497458	0.0377498	-0.739062	-0.452655	-0.702467	-0.101253	0.671924	-0.211672	-0.455833	-0.563594	0.49882	-0.475138	-0.182487	-0.747155	0.0290955	-0.638445	-0.35567	-0.623633	0.442137	-0.537677
-0.552819	-0.61682	0.302983	-0.471302	-0.570785	-0.646298	0.146202	-0.484901	-0.655111	0.06619	0.176782	-0.731571	0.0770048	0.0409651	0.191044	-0.977699	-0.279525	-0.573922	-0.48937	-0.594135	-0.503246	0.0370001	-0.732743	-0.456576	-0.702694	-0.10251	0.671503	-0.211653	-0.456902	-0.563773	0.496775	-0.47604	-0.182936	-0.747369	0.027179	-0.638149	-0.357666	-0.623496	0.441971	-0.536647
-0.551168	-0.616404	0.303811	-0.473243	-0.568287	-0.645788	0.150282	-0.487261	-0.654885	0.0683843	0.18298	-0.730046	0.077211	0.0474494	0.193072	-0.97699	-0.281379	-0.57171	-0.485923	-0.598207	-0.50697	0.0364768	-0.728624	-0.459083	-0.702851	-0.103294	0.67126	-0.21152	-0.457686	-0.563768	0.49561	-0.476507	-0.182932	-0.747267	0.0260616	-0.638317	-0.358704	-0.623543	0.44199	-0.535882
-0.546422	-0.61644	0.306656	-0.476851	-0.562621	-0.644213	0.160402	-0.492664	-0.654545	0.0738682	0.197361	-0.72606	0.0774562	0.062554	0.197531	-0.975228	-0.286224	-0.566338	-0.477649	-0.607609	-0.516221	0.0346985	-0.718758	-0.464433	-0.703528	-0.104846	0.670346	-0.211403	-0.459201	-0.563952	0.493404	-0.477122	-0.182884	-0.747558	0.023008	-0.638108	-0.360714	-0.624041	0.441305	-0.534517
-0.543659	-0.616109	0.308097	-0.4795	-0.5593	-0.643385	0.166317	-0.495558	-0.654406	0.0773156	0.205282	-0.723626	0.0773628	0.0711604	0.199708	-0.974201	-0.28914	-0.562974	-0.472839	-0.613091	-0.521797	0.033718	-0.712713	-0.467581	-0.703976	-0.105278	0.669898	-0.21112	-0.459989	-0.564126	0.492272	-0.477327	-0.182389	-0.748169	0.0216107	-0.637582	-0.362092	-0.624128	0.440892	-0.533824
-0.538278	-0.615277	0.312166	-0.483987	-0.552069	-0.640793	0.179892	-0.502239	-0.654021	0.0860221	0.222965	-0.717735	0.0769887	0.0910458	0.203796	-0.971726	-0.295884	-0.55532	-0.461769	-0.625173	-0.534359	0.0317892	-0.698754	-0.474545	-0.70492	-0.107163	0.668582	-0.211192	-0.461775	-0.564682	0.489741	-0.477549	-0.184355	-0.749039	0.0225493	-0.635961	-0.365578	-0.624074	0.440558	-0.531783
-0.528996	-0.612914	0.319484	-0.492372	-0.539525	-0.63533	0.203735	-0.513576	-0.653495	0.102029	0.251921	-0.706449	0.0758732	0.11329	0.207238	-0.968742	-0.304004	-0.54607	-0.44943	-0.63828	-0.556192	0.0289467	-0.674224	-0.48501	-0.707276	-0.109371	0.666144	-0.209883	-0.466644	-0.564308	0.487134	-0.475921	-0.185769	-0.750334	0.0215006	-0.634055	-0.368769	-0.624675	0.439675	-0.5296
-0.525649	-0.611927	0.322259	-0.495366	-0.534776	-0.633318	0.21242	-0.517495	-0.653336	0.108152	0.262308	-0.70189	0.0738778	0.137884	0.210491	-0.964999	-0.313313	-0.535606	-0.435848	-0.651919	-0.56421	0.0280533	-0.665129	-0.488348	-0.707888	-0.110937	0.665208	-0.209966	-0.468421	-0.564167	0.486333	-0.475159	-0.188036	-0.752021	0.022943	-0.631332	-0.372558	-0.624884	0.438548	-0.527633
-0.518273	-0.609989	0.327944	-0.501757	-0.525085	-0.628467	0.23117	-0.525238	-0.652794	0.120359	0.2836	-0.692058	0.0716821	0.16344	0.214011	-0.96039	-0.323083	-0.523885	-0.420868	-0.666357	-0.580475	0.0266391	-0.64576	-0.495312	-0.709361	-0.11395	0.663005	-0.21035	-0.471491	-0.564272	0.484897	-0.473465	-0.189321	-0.753608	0.0224745	-0.629068	-0.376035	-0.625512	0.437	-0.525702
-0.514864	-0.608664	0.331482	-0.504542	-0.519622	-0.626003	0.240834	-0.529256	-0.652364	0.126702	0.294428	-0.68679	0.0706258	0.176673	0.215658	-0.957753	-0.328117	-0.517803	-0.413123	-0.67346	-0.58868	0.0257386	-0.635715	-0.498659	-0.709974	-0.115412	0.661981	-0.210711	-0.473023	-0.564298	0.484438	-0.472372	-0.189525	-0.754676	0.0217764	-0.62775	-0.377724	-0.625936	0.436076	-0.524754
-0.511059	-0.607512	0.334894	-0.507537	-0.514349	-0.623067	0.250346	-0.533441	-0.651773	0.13312	0.305473	-0.681291	0.0693033	0.190047	0.217417	-0.954887	-0.333197	-0.511535	-0.405226	-0.680517	-0.596996	0.0246169	-0.625235	-0.502067	-0.710853	-0.116734	0.660708	-0.211015	-0.474336	-0.564601	0.48362	-0.471533	-0.190566	-0.755923	0.0220109	-0.625924	-0.37994	-0.62602	0.435652	-0.523404
-0.504172	-0.605022	0.341911	-0.512695	-0.503618	-0.616617	0.269368	-0.541842	-0.649867	0.145785	0.327204	-0.670341	0.0670936	0.216523	0.220637	-0.948649	-0.343376	-0.498915	-0.389057	-0.694127	-0.613375	0.0222718	-0.60397	-0.508424	-0.712474	-0.119045	0.658728	-0.210443	-0.477303	-0.564843	0.48205	-0.469853	-0.194061	-0.757535	0.0247306	-0.622792	-0.383836	-0.626545	0.434782	-0.52065
-0.500717	-0.603968	0.345074	-0.515199	-0.498256	-0.612942	0.278977	-0.546091	-0.648555	0.152119	0.337878	-0.664887	0.0665072	0.229485	0.222019	-0.945315	-0.348404	-0.492491	-0.381077	-0.700605	-0.621477	0.0210441	-0.593193	-0.511318	-0.713009	-0.120894	0.657765	-0.210591	-0.478755	-0.564927	0.481163	-0.469184	-0.194977	-0.758522	0.0246724	-0.621305	-0.385614	-0.626922	0.434403	-0.519196
-0.493935	-0.601752	0.351045	-0.520278	-0.487176	-0.605927	0.298313	-0.553644	-0.645258	0.164453	0.358672	-0.65418	0.0657794	0.254867	0.224342	-0.938289	-0.358615	-0.479413	-0.364942	-0.713005	-0.637037	0.0184372	-0.57149	-0.516955	-0.713678	-0.125563	0.655939	-0.211287	-0.481621	-0.5651	0.478953	-0.468303	-0.197501	-0.760485	0.0260136	-0.618045	-0.388963	-0.627334	0.433506	-0.516946
-0.491652	-0.599966	0.353472	-0.522855	-0.481222	-0.602482	0.307816	-0.557396	-0.643465	0.170454	0.368832	-0.648738	0.0655996	0.267091	0.225661	-0.934578	-0.363693	-0.47329	-0.356635	-0.718705	-0.644481	0.0169958	-0.560881	-0.519392	-0.713894	-0.127843	0.655174	-0.211561	-0.483113	-0.565024	0.478014	-0.467817	-0.198983	-0.761348	0.028014	-0.616418	-0.390274	-0.627531	0.432721	-0.516376
-0.487413	-0.596449	0.357561	-0.528041	-0.469224	-0.59524	0.326611	-0.564661	-0.641635	0.176264	0.378834	-0.643211	0.0649349	0.291112	0.228082	-0.926831	-0.374335	-0.460814	-0.340182	-0.729247	-0.659143	0.0144456	-0.539818	-0.523371	-0.714238	-0.129299	0.65461	-0.211261	-0.484948	-0.565625	0.476073	-0.46717	-0.201024	-0.762988	0.0301791	-0.613619	-0.391581	-0.627635	0.432261	-0.515645
-0.484475	-0.595459	0.359924	-0.530252	-0.458544	-0.587385	0.343211	-0.571771	-0.635387	0.193442	0.407486	-0.626752	0.0644402	0.302902	0.229171	-0.92281	-0.379839	-0.454062	-0.33197	-0.734401	-0.673313	0.0130832	-0.518722	-0.526693	-0.715411	-0.13104	0.653223	-0.210512	-0.486555	-0.566092	0.474892	-0.466134	-0.201109	-0.763489	0.0301623	-0.612968	-0.394326	-0.627713	0.432228	-0.513481
-0.47623	-0.595553	0.36418	-0.534691	-0.453479	-0.583481	0.351107	-0.575004	-0.633236	0.19874	0.416108	-0.621585	0.0638869	0.324846	0.230523	-0.915015	-0.390037	-0.441074	-0.317305	-0.743399	-0.679598	0.0126128	-0.508889	-0.528223	-0.716558	-0.132271	0.652341	-0.20857	-0.486979	-0.566612	0.473819	-0.466153	-0.199923	-0.76453	0.0286441	-0.61213	-0.395989	-0.628172	0.431246	-0.512464
-0.471526	-0.595779	0.366599	-0.53695	-0.443502	-0.575684	0.365156	-0.581855	-0.628984	0.209633	0.432045	-0.611367	0.0639582	0.335125	0.230942	-0.91119	-0.394518	-0.435067	-0.310517	-0.74743	-0.685256	0.0120656	-0.499616	-0.529776	-0.716683	-0.134123	0.65203	-0.207925	-0.487263	-0.56797	0.471081	-0.466977	-0.199521	-0.764862	0.0281493	-0.61187	-0.396327	-0.628588	0.430423	-0.512385
-0.461942	-0.596045	0.370329	-0.5424	-0.438778	-0.571332	0.372128	-0.585298	-0.62688	0.21525	0.439341	-0.606356	0.0636839	0.354754	0.230548	-0.903848	-0.402471	-0.423963	-0.2975	-0.754828	-0.694832	0.00973714	-0.482151	-0.53352	-0.71573	-0.141091	0.651254	-0.209026	-0.487119	-0.568818	0.469531	-0.467656	-0.197736	-0.765624	0.0256157	-0.611608	-0.396899	-0.629318	0.429271	-0.512013
-0.457411	-0.596074	0.372339	-0.544825	-0.429591	-0.562801	0.386267	-0.591189	-0.624802	0.220764	0.446401	-0.601341	0.0635172	0.364244	0.230094	-0.900193	-0.406223	-0.418539	-0.291106	-0.758331	-0.70278	0.00685627	-0.465315	-0.538085	-0.714831	-0.145486	0.650823	-0.21043	-0.487143	-0.570162	0.466532	-0.468993	-0.197455	-0.765838	0.0254697	-0.611437	-0.396874	-0.629754	0.428635	-0.512029
-0.447793	-0.596097	0.376342	-0.550015	-0.425382	-0.55855	0.39276	-0.593979	-0.620674	0.231276	0.459994	-0.591338	0.0630811	0.382665	0.229154	-0.892791	-0.413661	-0.408399	-0.278028	-0.764719	-0.706308	0.00500449	-0.457025	-0.540585	-0.713407	-0.152675	0.65025	-0.211933	-0.487864	-0.569896	0.465794	-0.469301	-0.194215	-0.766411	0.0218929	-0.611895	-0.39572	-0.630986	0.426438	-0.513238
-0.437504	-0.596596	0.381589	-0.554124	-0.418601	-0.549618	0.404112	-0.599489	-0.616453	0.241375	0.472514	-0.581768	0.0627014	0.399917	0.227884	-0.885553	-0.421126	-0.398983	-0.265578	-0.770022	-0.712917	0.0013509	-0.440712	-0.545454	-0.712741	-0.156375	0.650228	-0.211543	-0.487854	-0.570528	0.464062	-0.470258	-0.190206	-0.76653	0.0168021	-0.613165	-0.394022	-0.632274	0.424682	-0.514414
-0.428531	-0.596264	0.387091	-0.557666	-0.413265	-0.541134	0.414534	-0.603778	-0.612152	0.250605	0.4828	-0.573909	0.0634154	0.414879	0.225764	-0.879138	-0.427487	-0.390505	-0.25439	-0.774626	-0.718679	-0.00146595	-0.426226	-0.54939	-0.712403	-0.158068	0.650262	-0.211319	-0.487527	-0.570916	0.463641	-0.470541	-0.189705	-0.76649	0.0165699	-0.613376	-0.393642	-0.632509	0.425083	-0.514084
-0.421255	-0.594265	0.392383	-0.561631	-0.409683	-0.533183	0.423408	-0.607126	-0.608098	0.258202	0.491267	-0.567631	0.0649191	0.427143	0.223653	-0.873678	-0.432955	-0.383337	-0.244591	-0.778318	-0.723387	-0.00420711	-0.413758	-0.552718	-0.71201	-0.159173	0.650961	-0.209656	-0.486842	-0.571385	0.463199	-0.471117	-0.189464	-0.766223	0.0172021	-0.613767	-0.392354	-0.633043	0.42513	-0.514373
-0.417616	-0.593445	0.394361	-0.563826	-0.407819	-0.525421	0.430941	-0.609841	-0.606229	0.261183	0.494607	-0.565361	0.0659941	0.431878	0.222778	-0.871491	-0.435344	-0.380075	-0.240345	-0.779905	-0.727018	-0.00613199	-0.403617	-0.555429	-0.711821	-0.160081	0.651127	-0.20909	-0.486085	-0.571728	0.463152	-0.471528	-0.188756	-0.766046	0.0165928	-0.614223	-0.391601	-0.633283	0.425133	-0.514648
-0.41144	-0.591425	0.398257	-0.567736	-0.407236	-0.521671	0.434191	-0.611143	-0.603112	0.266273	0.500013	-0.561553	0.0678677	0.439741	0.221195	-0.86781	-0.438842	-0.374649	-0.233037	-0.782783	-0.72839	-0.00699788	-0.39928	-0.556754	-0.711011	-0.162307	0.651616	-0.208603	-0.485422	-0.572056	0.463194	-0.471771	-0.18764	-0.765798	0.016486	-0.614876	-0.390124	-0.633584	0.425368	-0.515206
-0.408995	-0.590162	0.399936	-0.569634	-0.406918	-0.514816	0.439668	-0.613249	-0.601853	0.268378	0.502203	-0.559945	0.0686999	0.44283	0.220672	-0.866306	-0.440408	-0.372435	-0.22979	-0.78392	-0.729939	-0.00870453	-0.392568	-0.559468	-0.710473	-0.163398	0.651988	-0.208427	-0.483485	-0.57318	0.463046	-0.472541	-0.18756	-0.765576	0.0168838	-0.615166	-0.389427	-0.63374	0.425513	-0.515422
-0.404736	-0.587576	0.402795	-0.573323	-0.406696	-0.512173	0.44186	-0.614033	-0.599797	0.271312	0.505404	-0.557853	0.0701602	0.447253	0.219776	-0.864142	-0.442049	-0.369694	-0.225612	-0.785505	-0.730356	-0.0097062	-0.389951	-0.560735	-0.709197	-0.166363	0.652488	-0.208859	-0.48238	-0.573831	0.463013	-0.472914	-0.185164	-0.765143	0.0153958	-0.616469	-0.387112	-0.634569	0.424852	-0.516689
-0.401337	-0.584636	0.404209	-0.577706	-0.406609	-0.507309	0.444806	-0.615999	-0.59847	0.273742	0.50694	-0.556697	0.0712386	0.450228	0.218259	-0.862892	-0.442234	-0.368514	-0.222071	-0.786963	-0.730758	-0.012238	-0.386082	-0.562836	-0.707308	-0.170431	0.65295	-0.210537	-0.480569	-0.574683	0.463301	-0.47344	-0.181728	-0.764477	0.0125597	-0.618378	-0.383506	-0.635982	0.423092	-0.51908
-0.399831	-0.583601	0.404306	-0.579725	-0.40659	-0.505168	0.445643	-0.617164	-0.598015	0.275083	0.507028	-0.556445	0.0714168	0.451182	0.21715	-0.862659	-0.442261	-0.368488	-0.220771	-0.787326	-0.730805	-0.0137174	-0.384676	-0.563703	-0.706366	-0.172068	0.653316	-0.21123	-0.479428	-0.575282	0.463381	-0.473791	-0.1804	-0.763934	0.0109824	-0.619467	-0.381684	-0.636679	0.422433	-0.520104
-0.397653	-0.583002	0.40433	-0.581806	-0.406327	-0.502805	0.446623	-0.618558	-0.597412	0.277495	0.507229	-0.555711	0.071272	0.453013	0.21529	-0.862177	-0.442515	-0.369195	-0.218854	-0.787387	-0.730872	-0.0170339	-0.383086	-0.564608	-0.704456	-0.174815	0.654016	-0.213177	-0.477158	-0.576133	0.464028	-0.474415	-0.178647	-0.763357	0.00917413	-0.620715	-0.379214	-0.637203	0.422278	-0.521392
-0.398227	-0.58192	0.404303	-0.582515	-0.406193	-0.502556	0.447203	-0.618428	-0.597154	0.278603	0.507201	-0.555459	0.0707324	0.454186	0.214061	-0.86191	-0.443121	-0.370373	-0.217107	-0.786977	-0.7312	-0.0195939	-0.382465	-0.56452	-0.70296	-0.175409	0.655278	-0.213752	-0.475619	-0.576142	0.465409	-0.474596	-0.177276	-0.762163	0.00797662	-0.62259	-0.37635	-0.63775	0.421745	-0.523228
-0.399126	-0.581802	0.404143	-0.582129	-0.406837	-0.502996	0.446665	-0.618037	-0.597338	0.278711	0.506619	-0.555738	0.0702147	0.454193	0.213498	-0.862089	-0.443242	-0.371003	-0.216828	-0.786689	-0.731985	-0.0211566	-0.382849	-0.563184	-0.701683	-0.17537	0.656623	-0.213852	-0.473729	-0.576326	0.466336	-0.475353	-0.177339	-0.761013	0.0080401	-0.623975	-0.374461	-0.637632	0.42255	-0.524077
-0.399957	-0.58175	0.404143	-0.58161	-0.407192	-0.503835	0.4464	-0.61731	-0.597554	0.278321	0.505986	-0.556279	0.0702342	0.453541	0.213347	-0.862468	-0.443468	-0.372336	-0.216887	-0.785915	-0.732311	-0.0215059	-0.383536	-0.562279	-0.701089	-0.175373	0.65713	-0.214239	-0.472753	-0.576384	0.466727	-0.47587	-0.177103	-0.760505	0.00803817	-0.624662	-0.37356	-0.637517	0.422925	-0.524557
-0.402603	-0.58145	0.404513	-0.579824	-0.408646	-0.505522	0.445437	-0.615664	-0.598201	0.277119	0.503863	-0.558106	0.0699257	0.45131	0.213008	-0.863746	-0.443406	-0.373318	-0.217254	-0.785383	-0.732311	-0.0217935	-0.386295	-0.560376	-0.700049	-0.174439	0.65868	-0.21364	-0.471822	-0.575583	0.468149	-0.476366	-0.176797	-0.760076	0.00809634	-0.625269	-0.372124	-0.636914	0.423928	-0.525499
-0.403904	-0.581544	0.40473	-0.578673	-0.409786	-0.506357	0.444535	-0.614871	-0.598568	0.276435	0.502429	-0.559343	0.0697773	0.449911	0.212504	-0.864612	-0.443104	-0.375776	-0.218796	-0.783951	-0.732112	-0.0218929	-0.3881	-0.559384	-0.699792	-0.173362	0.659444	-0.213003	-0.471279	-0.575293	0.468847	-0.476567	-0.178012	-0.758847	0.0100023	-0.626389	-0.371722	-0.636432	0.424678	-0.525761
-0.409399	-0.581093	0.406306	-0.574141	-0.413561	-0.509776	0.441319	-0.611828	-0.600752	0.274854	0.497107	-0.562527	0.0685213	0.444912	0.210343	-0.867821	-0.442272	-0.380455	-0.222293	-0.781176	-0.730825	-0.0224009	-0.394519	-0.556549	-0.6994	-0.169381	0.661762	-0.210286	-0.469853	-0.574202	0.470733	-0.477431	-0.179216	-0.756967	0.0128661	-0.628265	-0.370631	-0.634919	0.426739	-0.526691
-0.411816	-0.580613	0.407247	-0.57223	-0.415038	-0.510752	0.440171	-0.61084	-0.601563	0.273947	0.495149	-0.563829	0.067959	0.442961	0.209782	-0.868999	-0.441969	-0.382015	-0.223682	-0.780189	-0.730302	-0.0226275	-0.396692	-0.555682	-0.699321	-0.168463	0.662406	-0.209257	-0.469704	-0.573659	0.471303	-0.477668	-0.179566	-0.756398	0.0135995	-0.628835	-0.370277	-0.634442	0.427353	-0.527018
-0.416295	-0.579828	0.408688	-0.568746	-0.41754	-0.513062	0.437171	-0.609351	-0.602991	0.272037	0.491652	-0.566283	0.0672061	0.4391	0.208969	-0.87121	-0.441053	-0.384969	-0.226479	-0.778446	-0.729161	-0.0230759	-0.400653	-0.554318	-0.698943	-0.167493	0.663346	-0.208318	-0.469129	-0.57299	0.47213	-0.478219	-0.180662	-0.755583	0.016119	-0.629441	-0.369932	-0.633475	0.428713	-0.527318
-0.419099	-0.579963	0.410007	-0.565591	-0.41956	-0.515094	0.434019	-0.608503	-0.60357	0.269471	0.488742	-0.569403	0.0669453	0.435516	0.208875	-0.873049	-0.439876	-0.3879	-0.228729	-0.776998	-0.727947	-0.023865	-0.40424	-0.553276	-0.69873	-0.166082	0.664374	-0.206883	-0.468787	-0.572359	0.472851	-0.478598	-0.181553	-0.754759	0.0182007	-0.630115	-0.369735	-0.632672	0.42984	-0.527503
-0.420941	-0.580387	0.411061	-0.563017	-0.421567	-0.51565	0.430582	-0.609086	-0.603348	0.267126	0.486371	-0.572764	0.067542	0.432551	0.208485	-0.87457	-0.438977	-0.390363	-0.231165	-0.77555	-0.726696	-0.0246388	-0.406946	-0.552902	-0.698483	-0.165542	0.664975	-0.206217	-0.468345	-0.572056	0.473182	-0.479066	-0.181343	-0.754042	0.0191049	-0.631008	-0.369017	-0.632379	0.429994	-0.528232
-0.422838	-0.580735	0.411719	-0.560751	-0.422762	-0.516494	0.428001	-0.609361	-0.602264	0.265554	0.484444	-0.576258	0.0690877	0.430239	0.20771	-0.875773	-0.438213	-0.391259	-0.232864	-0.775023	-0.726103	-0.0246745	-0.408224	-0.552737	-0.698311	-0.165426	0.6654	-0.205519	-0.468305	-0.571679	0.473503	-0.479237	-0.181207	-0.753633	0.0200669	-0.631505	-0.368479	-0.632249	0.430117	-0.528663
-0.42351	-0.580884	0.411649	-0.560141	-0.423015	-0.517051	0.427392	-0.609141	-0.601498	0.26505	0.483692	-0.577919	0.0704243	0.429251	0.20729	-0.876251	-0.437823	-0.391272	-0.233608	-0.775012	-0.725962	-0.0244185	-0.4086	-0.552656	-0.698191	-0.165391	0.665618	-0.205253	-0.468264	-0.5716	0.473652	-0.479225	-0.181082	-0.753538	0.0206437	-0.631636	-0.36825	-0.632237	0.430068	-0.528876
-0.42471	-0.581019	0.411127	-0.559475	-0.422958	-0.518279	0.426491	-0.608769	-0.600092	0.264361	0.482393	-0.580775	0.0731644	0.427441	0.206471	-0.877104	-0.437487	-0.391265	-0.234415	-0.774962	-0.725701	-0.0235558	-0.408997	-0.552743	-0.697943	-0.165463	0.665913	-0.205078	-0.468173	-0.571471	0.474038	-0.479085	-0.180067	-0.753268	0.0208139	-0.632242	-0.366766	-0.632937	0.428983	-0.52995
-0.424709	-0.581642	0.410735	-0.559116	-0.422891	-0.518717	0.426127	-0.608697	-0.599629	0.26424	0.481845	-0.581763	0.0741459	0.426809	0.205937	-0.877455	-0.437428	-0.390701	-0.23545	-0.774966	-0.725729	-0.0229661	-0.409044	-0.552696	-0.697821	-0.165497	0.666076	-0.204938	-0.468125	-0.571437	0.474227	-0.478985	-0.179305	-0.753162	0.0198571	-0.632616	-0.366343	-0.63316	0.428888	-0.530053
-0.425646	-0.58183	0.410224	-0.558583	-0.422688	-0.519645	0.425487	-0.608494	-0.59914	0.263985	0.481157	-0.58295	0.0749225	0.426085	0.205559	-0.877829	-0.437862	-0.389579	-0.236268	-0.775037	-0.725856	-0.0213553	-0.40939	-0.552338	-0.69786	-0.165366	0.666246	-0.204357	-0.468125	-0.571304	0.474717	-0.478659	-0.179483	-0.753401	0.0210962	-0.632241	-0.365975	-0.633217	0.429308	-0.5299
-0.426487	-0.581513	0.410045	-0.558404	-0.422899	-0.519498	0.425188	-0.608682	-0.599084	0.263967	0.480896	-0.583231	0.0747743	0.425894	0.205394	-0.877973	-0.437967	-0.389238	-0.236924	-0.774949	-0.725921	-0.0204851	-0.409692	-0.552061	-0.697899	-0.165264	0.666333	-0.204021	-0.468089	-0.571296	0.474877	-0.478545	-0.179807	-0.753498	0.0222306	-0.631993	-0.366051	-0.633091	0.42968	-0.529696
-0.427442	-0.581403	0.409449	-0.558225	-0.423388	-0.519215	0.424304	-0.6092	-0.599153	0.264589	0.480613	-0.583112	0.0745604	0.426182	0.204819	-0.877986	-0.438316	-0.388617	-0.23786	-0.774777	-0.726305	-0.0193423	-0.410071	-0.551315	-0.697913	-0.16521	0.666591	-0.203171	-0.467933	-0.571373	0.475127	-0.478357	-0.179929	-0.753651	0.0235002	-0.631731	-0.36603	-0.632977	0.430337	-0.529313
-0.427903	-0.58118	0.40926	-0.558243	-0.423748	-0.519028	0.423991	-0.609326	-0.599182	0.2651	0.480499	-0.582944	0.0744418	0.426434	0.204313	-0.877991	-0.438546	-0.388493	-0.238027	-0.774657	-0.726616	-0.019202	-0.410102	-0.550887	-0.697887	-0.165471	0.666559	-0.203156	-0.467716	-0.571556	0.47522	-0.478259	-0.180186	-0.753612	0.0241783	-0.631678	-0.365893	-0.633019	0.430605	-0.529139
-0.428664	-0.580717	0.409033	-0.558307	-0.424535	-0.518362	0.423585	-0.609628	-0.599356	0.266315	0.480198	-0.582459	0.0741347	0.426976	0.203265	-0.877997	-0.439201	-0.388495	-0.238251	-0.774217	-0.7272	-0.0192016	-0.409973	-0.550213	-0.697874	-0.165527	0.666682	-0.202749	-0.467558	-0.571689	0.475708	-0.477769	-0.17967	-0.75394	0.0249722	-0.631402	-0.365535	-0.633222	0.430915	-0.528891
-0.429183	-0.58032	0.40877	-0.558515	-0.425274	-0.517779	0.42292	-0.610069	-0.599839	0.267174	0.479781	-0.581913	0.0733672	0.427224	0.202475	-0.878123	-0.439687	-0.389095	-0.238373	-0.773601	-0.727696	-0.0198382	-0.409971	-0.549535	-0.697765	-0.165659	0.666931	-0.202198	-0.467507	-0.571767	0.476118	-0.477316	-0.179796	-0.754169	0.0260305	-0.631051	-0.365263	-0.633388	0.431313	-0.528557
-0.429419	-0.580057	0.408668	-0.55868	-0.425614	-0.517484	0.42279	-0.610174	-0.600117	0.267587	0.479625	-0.581565	0.0727998	0.427394	0.202051	-0.878186	-0.439983	-0.389439	-0.238091	-0.773347	-0.727846	-0.0201295	-0.410104	-0.549227	-0.697702	-0.16584	0.666957	-0.202184	-0.467399	-0.571827	0.476346	-0.477123	-0.179938	-0.754382	0.0267893	-0.630723	-0.365283	-0.633389	0.431717	-0.52821
-0.429775	-0.579702	0.408738	-0.558723	-0.426422	-0.51676	0.422904	-0.610144	-0.600953	0.268353	0.479584	-0.580381	0.0716034	0.427877	0.201484	-0.878179	-0.440059	-0.390119	-0.238059	-0.77297	-0.728279	-0.0204765	-0.410238	-0.54854	-0.697676	-0.165691	0.667152	-0.201748	-0.46726	-0.571859	0.47681	-0.476758	-0.179251	-0.755067	0.0273718	-0.630074	-0.365383	-0.633315	0.432535	-0.52756
-0.42991	-0.57969	0.408766	-0.558611	-0.426895	-0.516457	0.423099	-0.609934	-0.601778	0.268983	0.479922	-0.578953	0.070158	0.428567	0.201138	-0.878038	-0.439635	-0.390636	-0.237487	-0.773126	-0.728349	-0.0208318	-0.410254	-0.548421	-0.697535	-0.165747	0.667376	-0.201451	-0.467127	-0.571874	0.477056	-0.476624	-0.178804	-0.755737	0.0280242	-0.62937	-0.365263	-0.633257	0.433057	-0.527285
-0.430019	-0.579792	0.408855	-0.558357	-0.427025	-0.516468	0.423178	-0.609779	-0.602287	0.269217	0.479981	-0.578266	0.0694272	0.428816	0.201135	-0.877976	-0.439027	-0.391053	-0.237549	-0.773242	-0.728265	-0.02133	-0.410165	-0.54858	-0.697431	-0.165794	0.667472	-0.201455	-0.467017	-0.57186	0.477171	-0.476634	-0.178802	-0.755907	0.0285867	-0.62914	-0.36524	-0.633188	0.433286	-0.527196
-0.430275	-0.580191	0.409337	-0.557392	-0.426812	-0.517106	0.423652	-0.609058	-0.603141	0.269171	0.48002	-0.577363	0.0682328	0.429011	0.201143	-0.877972	-0.437532	-0.391884	-0.237161	-0.773788	-0.72795	-0.0227081	-0.409887	-0.54915	-0.697492	-0.165055	0.667816	-0.200706	-0.467034	-0.571639	0.477335	-0.476717	-0.178923	-0.756048	0.0297135	-0.628884	-0.365069	-0.633048	0.433574	-0.527246
-0.430379	-0.580491	0.40966	-0.556761	-0.42659	-0.517431	0.42409	-0.608632	-0.603323	0.269251	0.480233	-0.576959	0.067919	0.429258	0.201219	-0.877858	-0.436982	-0.392088	-0.236589	-0.77417	-0.727745	-0.0233281	-0.409578	-0.549626	-0.697616	-0.164427	0.668039	-0.20005	-0.467141	-0.571416	0.477408	-0.476807	-0.179227	-0.755953	0.0305617	-0.628872	-0.365039	-0.632893	0.433736	-0.527319
-0.430574	-0.580899	0.410326	-0.555693	-0.425939	-0.517873	0.425069	-0.608029	-0.603045	0.269004	0.481244	-0.576523	0.0680105	0.42968	0.201561	-0.877567	-0.435821	-0.392093	-0.235952	-0.775016	-0.727484	-0.0246683	-0.408013	-0.551075	-0.697844	-0.163558	0.668372	-0.198853	-0.467474	-0.57087	0.47718	-0.477362	-0.179599	-0.755869	0.031935	-0.628798	-0.364882	-0.632686	0.433737	-0.527676
