FULLBODY	1																																						
Frames:	114																																						
0.413687	0.576549	-0.44377	0.547286	0.446309	0.554062	-0.4332	0.553318	0.715576	0.2305	-0.58245	0.309148	0.691844	0.0849492	-0.671134	0.252418	-0.0088531	0.654286	0.0582137	0.753951	0.0637286	0.647148	0.177915	0.738569	0.709017	0.121943	-0.686962	0.102512	0.439407	0.583038	-0.468674	0.497326	0.0363023	0.736733	-0.10893	0.666363	0.375359	0.645122	-0.437303	0.501687
0.407763	0.581688	-0.446003	0.544472	0.44949	0.549122	-0.431281	0.557154	0.715097	0.231773	-0.585003	0.304449	0.691199	0.0850546	-0.673388	0.248111	-0.012766	0.654852	0.0587454	0.753363	0.0608454	0.647833	0.179845	0.737744	0.71015	0.124803	-0.685117	0.103565	0.440532	0.583874	-0.467299	0.496643	0.0354357	0.737991	-0.108315	0.665117	0.377774	0.646049	-0.43735	0.498631
0.40798	0.581627	-0.445978	0.544395	0.44863	0.550651	-0.432176	0.555642	0.71544	0.23301	-0.58455	0.303569	0.691676	0.0860554	-0.673053	0.247344	-0.0125897	0.654971	0.0573016	0.753373	0.0604356	0.648444	0.1782	0.73764	0.710164	0.124483	-0.685181	0.103427	0.440552	0.583785	-0.467301	0.496728	0.0354237	0.737871	-0.108135	0.66528	0.377924	0.645903	-0.437421	0.498643
0.408064	0.581656	-0.445785	0.544458	0.447839	0.551901	-0.433096	0.554323	0.71576	0.233776	-0.584358	0.302594	0.691893	0.0867322	-0.673001	0.246641	-0.0134466	0.655106	0.0563838	0.75331	0.0598532	0.648814	0.177396	0.737556	0.710057	0.124482	-0.685244	0.103748	0.440557	0.583702	-0.467308	0.496815	0.0358161	0.737671	-0.108032	0.665498	0.378018	0.645941	-0.437629	0.498341
0.408093	0.581669	-0.446341	0.543967	0.447494	0.552421	-0.433437	0.553816	0.715785	0.23433	-0.584352	0.302117	0.692002	0.0876944	-0.673131	0.245638	-0.0139156	0.655409	0.0550404	0.753137	0.0594241	0.649127	0.17701	0.737408	0.710083	0.124014	-0.685349	0.103439	0.440774	0.583445	-0.467483	0.496759	0.035875	0.737618	-0.107814	0.665589	0.378179	0.645878	-0.437833	0.498121
0.408012	0.581779	-0.446411	0.543853	0.446992	0.553223	-0.433967	0.553006	0.715693	0.235464	-0.584337	0.301481	0.692061	0.0882931	-0.673162	0.245172	-0.0139156	0.655409	0.0550404	0.753137	0.0586624	0.649713	0.176102	0.73717	0.710088	0.123878	-0.685378	0.103372	0.440778	0.583403	-0.467474	0.496813	0.0358204	0.737551	-0.107788	0.665671	0.378179	0.645878	-0.437833	0.498121
0.406533	0.582945	-0.446326	0.543782	0.445911	0.554716	-0.434291	0.552128	0.715607	0.237344	-0.584226	0.300424	0.692121	0.0901796	-0.673316	0.243889	-0.0154491	0.656162	0.0536555	0.752551	0.0574913	0.65051	0.175821	0.736627	0.710275	0.123883	-0.685194	0.1033	0.44088	0.583208	-0.467362	0.497058	0.0362431	0.737159	-0.107518	0.666125	0.378968	0.645716	-0.438914	0.496778
0.404926	0.584347	-0.445957	0.543779	0.445552	0.555163	-0.434143	0.552086	0.715509	0.238168	-0.584031	0.300386	0.692248	0.0920287	-0.673018	0.243662	-0.0154491	0.656162	0.0536555	0.752551	0.0574913	0.65051	0.175821	0.736627	0.710585	0.123408	-0.684954	0.10333	0.440656	0.583343	-0.467557	0.496914	0.036354	0.73709	-0.107106	0.666262	0.379643	0.646088	-0.440241	0.494601
0.404207	0.585025	-0.445667	0.543822	0.444654	0.556399	-0.433297	0.552229	0.714756	0.241914	-0.582734	0.301697	0.69221	0.0930028	-0.672626	0.244479	-0.0170745	0.656283	0.054114	0.752378	0.0565751	0.650772	0.177212	0.736132	0.710784	0.12282	-0.684812	0.103601	0.440283	0.583597	-0.467765	0.496751	0.037275	0.736682	-0.104973	0.667001	0.381227	0.645745	-0.442282	0.492003
0.401596	0.586807	-0.445649	0.543852	0.442744	0.558986	-0.432914	0.551452	0.714322	0.245328	-0.581335	0.302668	0.690535	0.0941175	-0.67211	0.250143	-0.0179498	0.655806	0.0541735	0.752769	0.0567231	0.649984	0.179242	0.736325	0.711785	0.120698	-0.68399	0.10465	0.438287	0.585406	-0.466871	0.497228	0.0406457	0.736926	-0.103279	0.666799	0.38991	0.64245	-0.450947	0.481534
0.400938	0.587376	-0.445594	0.543768	0.441089	0.562597	-0.432728	0.549247	0.716145	0.252275	-0.576766	0.301386	0.686458	0.0888717	-0.673799	0.258595	-0.0194773	0.654064	0.0563019	0.754089	0.0582373	0.645513	0.185662	0.738546	0.71233	0.119318	-0.683599	0.105075	0.438387	0.585563	-0.466989	0.496844	0.0481407	0.736991	-0.102912	0.666285	0.394432	0.640756	-0.455526	0.475765
0.397707	0.589716	-0.446225	0.543091	0.438689	0.568553	-0.431745	0.545799	0.720554	0.255448	-0.573073	0.295188	0.677794	0.0736691	-0.679414	0.271228	-0.0114684	0.644714	0.0535014	0.762463	0.0717982	0.634161	0.186866	0.746837	0.71394	0.117103	-0.681769	0.10848	0.439787	0.585878	-0.466094	0.496075	0.0553559	0.73629	-0.0990714	0.667081	0.404361	0.638749	-0.465962	0.459751
0.393691	0.593355	-0.444648	0.543347	0.438023	0.571434	-0.431562	0.543464	0.722934	0.257089	-0.571478	0.291005	0.666678	0.0455815	-0.68423	0.292049	-0.00764903	0.63763	0.0523962	0.768521	0.0808595	0.625329	0.193064	0.751765	0.715285	0.115391	-0.6801	0.111879	0.441138	0.585896	-0.464671	0.49619	0.0569076	0.736086	-0.0948102	0.667795	0.410292	0.637633	-0.471774	0.450015
0.390406	0.598042	-0.444979	0.540298	0.436732	0.578544	-0.432223	0.536409	0.733325	0.251274	-0.56769	0.277172	0.652578	0.00990386	-0.686084	0.321454	-0.00788356	0.614337	0.0735864	0.785565	0.111739	0.589244	0.241978	0.762727	0.717255	0.112643	-0.677849	0.115658	0.442788	0.585993	-0.462219	0.496895	0.0632391	0.735682	-0.0811725	0.669465	0.416832	0.635486	-0.477437	0.440979
0.389825	0.601734	-0.445369	0.536283	0.43576	0.582947	-0.433126	0.531684	0.740088	0.245021	-0.5632	0.273935	0.63613	-0.0299125	-0.681715	0.36015	-0.00193223	0.598532	0.0890734	0.796129	0.147014	0.559435	0.278549	0.766701	0.719477	0.109456	-0.675349	0.119484	0.445935	0.585231	-0.459497	0.497503	0.0699447	0.736243	-0.0770389	0.66867	0.425502	0.630292	-0.484961	0.431848
0.39095	0.604234	-0.445686	0.532375	0.434731	0.587492	-0.434361	0.526491	0.746774	0.235915	-0.556969	0.276509	0.615585	-0.0731929	-0.672948	0.403532	0.00974179	0.585203	0.102275	0.804352	0.192682	0.526641	0.314356	0.765966	0.722134	0.105845	-0.672378	0.123398	0.451016	0.583371	-0.456782	0.497607	0.0782045	0.737438	-0.0779977	0.666323	0.434323	0.624488	-0.489185	0.426704
0.394388	0.605124	-0.447482	0.527297	0.434725	0.591051	-0.436351	0.520837	0.754552	0.217964	-0.552555	0.278974	0.592275	-0.118164	-0.657918	0.449879	0.0237699	0.574452	0.116067	0.809919	0.244416	0.493975	0.34614	0.759234	0.726682	0.0963093	-0.668021	0.128089	0.461728	0.579177	-0.452959	0.496174	0.0802789	0.740222	-0.0747279	0.663356	0.438665	0.624451	-0.481556	0.430973
0.399724	0.605483	-0.451969	0.518975	0.435385	0.594289	-0.440722	0.512859	0.763289	0.194364	-0.547536	0.282517	0.564323	-0.165815	-0.639794	0.494681	0.0393492	0.566721	0.128495	0.812876	0.299286	0.461523	0.379183	0.744073	0.728118	0.0919465	-0.666747	0.129764	0.465763	0.577487	-0.451759	0.495467	0.0769212	0.743826	-0.0682026	0.66042	0.445018	0.622737	-0.473899	0.435405
0.411747	0.60485	-0.462533	0.500684	0.437402	0.598509	-0.449571	0.498349	0.774218	0.156986	-0.540554	0.289385	0.518108	-0.233393	-0.602027	0.560942	0.0767209	0.557936	0.131512	0.815798	0.38204	0.415208	0.423152	0.708936	0.733552	0.0721026	-0.662878	0.131515	0.481201	0.567988	-0.450225	0.493085	0.082593	0.744315	-0.0669119	0.659315	0.45699	0.617152	-0.465498	0.439994
0.419651	0.604695	-0.471269	0.485945	0.438671	0.599814	-0.453059	0.492472	0.776682	0.144928	-0.538225	0.293386	0.501359	-0.253547	-0.58837	0.581528	0.0894561	0.555052	0.13334	0.816171	0.409232	0.400044	0.434501	0.695487	0.737552	0.0562175	-0.660744	0.127568	0.488694	0.562474	-0.448382	0.493715	0.0887539	0.74396	-0.0699445	0.6586	0.461924	0.614003	-0.464662	0.440132
0.425509	0.605491	-0.479095	0.472007	0.445052	0.602076	-0.463088	0.474324	0.782911	0.10762	-0.529991	0.307533	0.451103	-0.303855	-0.542418	0.640282	0.122528	0.545173	0.149076	0.815812	0.48446	0.354296	0.4645	0.651162	0.740311	0.0426648	-0.659777	0.121713	0.493866	0.557962	-0.460167	0.482724	0.112034	0.741033	-0.0812448	0.657052	0.47392	0.605695	-0.462862	0.440785
0.427401	0.606154	-0.482177	0.466272	0.44769	0.602382	-0.46606	0.468506	0.784919	0.0938068	-0.526432	0.313003	0.4344	-0.317379	-0.52638	0.6584	0.13273	0.541963	0.1547	0.815308	0.507157	0.338759	0.473214	0.635691	0.741141	0.0372828	-0.659988	0.117198	0.494347	0.557653	-0.470011	0.473005	0.115618	0.74074	-0.0826008	0.656592	0.476315	0.603992	-0.461209	0.442271
0.431972	0.605652	-0.488073	0.456476	0.454321	0.601211	-0.470273	0.459327	0.789125	0.0641741	-0.517472	0.324632	0.399832	-0.339357	-0.496174	0.691941	0.15479	0.536809	0.165447	0.812714	0.548746	0.307604	0.489988	0.603464	0.74697	0.0297688	-0.657792	0.0919761	0.487141	0.56903	-0.49914	0.435611	0.120551	0.740471	-0.0864235	0.655516	0.473581	0.606004	-0.451252	0.452604
0.436698	0.604354	-0.4941	0.447119	0.460673	0.599327	-0.473561	0.452025	0.793079	0.0344419	-0.506036	0.337293	0.366428	-0.35478	-0.465171	0.723518	0.176075	0.531073	0.1769	0.809732	0.584973	0.276199	0.505627	0.570844	0.749687	0.0304596	-0.656131	0.0808315	0.482183	0.575952	-0.507554	0.4221	0.125613	0.739725	-0.0908633	0.654807	0.474539	0.605121	-0.445484	0.45846
0.441283	0.602981	-0.500783	0.43692	0.46587	0.597439	-0.476667	0.445893	0.795528	0.00493094	-0.493735	0.351193	0.334667	-0.36547	-0.434916	0.75185	0.192634	0.525519	0.192057	0.806124	0.614716	0.246212	0.520096	0.539448	0.755288	0.0362911	-0.651819	0.0579281	0.475486	0.586109	-0.528134	0.389182	0.133714	0.738365	-0.097992	0.653709	0.473921	0.604636	-0.440455	0.464557
0.444059	0.60176	-0.504451	0.431539	0.467694	0.596556	-0.478341	0.443366	0.796197	-0.00969162	-0.487839	0.357756	0.319319	-0.369463	-0.420943	0.764421	0.200035	0.522459	0.200261	0.804312	0.628321	0.232124	0.524736	0.525341	0.757832	0.0395603	-0.649666	0.0453846	0.472364	0.589743	-0.539576	0.371394	0.138027	0.737088	-0.101192	0.653765	0.47415	0.603846	-0.439029	0.466697
0.452384	0.597007	-0.514363	0.417567	0.473384	0.592507	-0.482689	0.438013	0.793026	-0.0481876	-0.47233	0.381696	0.272992	-0.377964	-0.38566	0.796169	0.224002	0.510181	0.216878	0.801563	0.664164	0.193573	0.532029	0.488222	0.764685	0.0404059	-0.643134	-0.00174784	0.459748	0.60026	-0.571952	0.318106	0.148928	0.732966	-0.109618	0.654648	0.478503	0.598019	-0.439439	0.469363
0.455153	0.595098	-0.518013	0.412743	0.47513	0.591145	-0.484181	0.436311	0.790587	-0.0606476	-0.468188	0.389993	0.257475	-0.379786	-0.375674	0.805195	0.231425	0.505287	0.222137	0.801114	0.674463	0.182272	0.532415	0.477923	0.768709	0.0381061	-0.637571	-0.0337169	0.45282	0.60268	-0.593074	0.282833	0.153987	0.731258	-0.113472	0.654731	0.480497	0.595379	-0.440092	0.470071
0.462493	0.58923	-0.529531	0.398127	0.478442	0.587247	-0.488751	0.432848	0.779458	-0.0915848	-0.458053	0.417426	0.208418	-0.382688	-0.350482	0.82902	0.252496	0.489704	0.238744	0.799648	0.700813	0.150016	0.529953	0.453328	0.771747	0.0369175	-0.631897	-0.0612299	0.447014	0.602692	-0.6105	0.253435	0.170086	0.724353	-0.126007	0.656129	0.487221	0.585727	-0.443182	0.472366
0.467607	0.58468	-0.536107	0.389978	0.48103	0.5831	-0.492332	0.431525	0.769967	-0.109736	-0.453111	0.43566	0.176363	-0.383303	-0.336228	0.841977	0.266611	0.479258	0.246798	0.79895	0.715364	0.133319	0.527045	0.438981	0.773763	0.0382772	-0.626626	-0.0846497	0.447987	0.599057	-0.621593	0.232509	0.180674	0.719658	-0.131707	0.657345	0.491223	0.579126	-0.445725	0.473965
0.469609	0.582344	-0.539358	0.38657	0.481898	0.581157	-0.494654	0.43052	0.769967	-0.109736	-0.453111	0.43566	0.160565	-0.3837	-0.329809	0.847478	0.273499	0.474421	0.250722	0.798286	0.715364	0.133319	0.527045	0.438981	0.774395	0.0384863	-0.624299	-0.0952991	0.450017	0.59573	-0.627143	0.221996	0.180674	0.719658	-0.131707	0.657345	0.492284	0.576526	-0.446227	0.475558
0.474485	0.576152	-0.545222	0.381635	0.484572	0.575999	-0.499952	0.428325	0.759868	-0.126465	-0.449717	0.452064	0.13354	-0.385316	-0.316638	0.856411	0.287406	0.464775	0.257084	0.797051	0.734992	0.111395	0.522534	0.417536	0.774613	0.0375362	-0.621159	-0.112816	0.452981	0.592474	-0.629862	0.216924	0.199025	0.710508	-0.13866	0.660561	0.496329	0.569474	-0.449977	0.476317
0.478253	0.566896	-0.553889	0.378299	0.489415	0.566108	-0.508263	0.426219	0.743437	-0.155469	-0.446913	0.472651	0.105827	-0.389681	-0.299389	0.864474	0.308347	0.453505	0.265357	0.792995	0.752855	0.0924424	0.519092	0.393963	0.772457	0.033215	-0.620875	-0.12931	0.464038	0.582467	-0.633019	0.211396	0.205573	0.707468	-0.140265	0.661479	0.50325	0.556832	-0.456496	0.477796
0.479566	0.563201	-0.556508	0.378312	0.491264	0.562396	-0.510949	0.425796	0.740712	-0.162143	-0.44647	0.475101	0.0998784	-0.391386	-0.294129	0.866216	0.315565	0.44967	0.266969	0.791797	0.758489	0.0857849	0.517681	0.386449	0.77112	0.0319864	-0.622136	-0.131516	0.468131	0.579195	-0.632166	0.2139	0.224097	0.697978	-0.142637	0.665028	0.506901	0.550975	-0.460162	0.477209
0.479566	0.563201	-0.556508	0.378312	0.491264	0.562396	-0.510949	0.425796	0.740712	-0.162143	-0.44647	0.475101	0.0998784	-0.391386	-0.294129	0.866216	0.315565	0.44967	0.266969	0.791797	0.758489	0.0857849	0.517681	0.386449	0.77112	0.0319864	-0.622136	-0.131516	0.469594	0.578187	-0.629727	0.22051	0.224097	0.697978	-0.142637	0.665028	0.506901	0.550975	-0.460162	0.477209
0.481342	0.556321	-0.559595	0.381667	0.495108	0.554475	-0.516159	0.425447	0.73632	-0.174348	-0.445985	0.478051	0.0909719	-0.396359	-0.283784	0.868384	0.328063	0.443601	0.270146	0.789059	0.768527	0.0750132	0.515805	0.371058	0.767851	0.0330668	-0.626659	-0.128882	0.469561	0.576848	-0.628892	0.226393	0.229391	0.69495	-0.142177	0.666491	0.513688	0.53863	-0.468167	0.476258
0.482959	0.548951	-0.561931	0.386829	0.499247	0.545921	-0.52062	0.426236	0.733105	-0.186064	-0.446162	0.478411	0.0843064	-0.402002	-0.274735	0.869372	0.338037	0.439165	0.27272	0.786441	0.778048	0.0653572	0.514328	0.354735	0.762393	0.0361764	-0.634405	-0.122391	0.474281	0.568851	-0.631373	0.229857	0.244016	0.686692	-0.139556	0.670399	0.520659	0.524692	-0.476999	0.475484
0.486548	0.540026	-0.563835	0.392088	0.503572	0.536777	-0.524748	0.427698	0.731038	-0.196984	-0.446646	0.476748	0.0799163	-0.407054	-0.266135	0.870111	0.344814	0.436416	0.27652	0.783697	0.787401	0.0578476	0.513524	0.336075	0.760716	0.027022	-0.636765	-0.122933	0.475912	0.560521	-0.636273	0.23341	0.254239	0.680398	-0.139959	0.672928	0.526906	0.510005	-0.486253	0.475208
0.48872	0.535843	-0.564016	0.394856	0.505478	0.53242	-0.527236	0.427836	0.730756	-0.200994	-0.447643	0.474566	0.0787383	-0.408836	-0.264448	0.869897	0.346097	0.435603	0.2783	0.782954	0.792826	0.0550356	0.511502	0.326747	0.759602	0.0216511	-0.637882	-0.12507	0.477935	0.555532	-0.63886	0.234138	0.260329	0.676473	-0.14093	0.674353	0.528605	0.50372	-0.4906	0.475557
0.493883	0.528095	-0.562799	0.400565	0.510463	0.522224	-0.531698	0.42896	0.731782	-0.206603	-0.451036	0.467308	0.0787903	-0.411805	-0.266682	0.867807	0.347365	0.435361	0.279311	0.782166	0.805065	0.0538841	0.504561	0.307222	0.754144	0.0184761	-0.64429	-0.125762	0.481695	0.54534	-0.64297	0.239089	0.270261	0.669361	-0.142733	0.677158	0.530445	0.492659	-0.497649	0.477766
0.501057	0.518671	-0.562708	0.404081	0.515659	0.511564	-0.536172	0.43002	0.732835	-0.20994	-0.453126	0.462119	0.0830629	-0.417703	-0.267406	0.864361	0.349111	0.43539	0.279709	0.78123	0.815486	0.0529005	0.497735	0.290592	0.746606	0.0184005	-0.65331	-0.1242	0.482542	0.536653	-0.646662	0.24695	0.273982	0.666388	-0.144782	0.678158	0.531482	0.482467	-0.503505	0.48087
0.504284	0.514049	-0.56237	0.406437	0.518099	0.506822	-0.538446	0.429861	0.733467	-0.218065	-0.456806	0.453655	0.084467	-0.421573	-0.265661	0.862882	0.351169	0.434868	0.279846	0.780548	0.81918	0.0520371	0.495395	0.284288	0.744212	0.0168889	-0.65607	-0.124239	0.484625	0.530911	-0.649446	0.247977	0.280784	0.661499	-0.148875	0.679276	0.5329	0.47656	-0.507594	0.480891
0.504284	0.514049	-0.56237	0.406437	0.518099	0.506822	-0.538446	0.429861	0.733467	-0.218065	-0.456806	0.453655	0.084467	-0.421573	-0.265661	0.862882	0.351169	0.434868	0.279846	0.780548	0.81918	0.0520371	0.495395	0.284288	0.744212	0.0168889	-0.65607	-0.124239	0.484625	0.530911	-0.649446	0.247977	0.280784	0.661499	-0.148875	0.679276	0.5329	0.47656	-0.507594	0.480891
0.509085	0.505837	-0.561932	0.411331	0.522534	0.498916	-0.542268	0.428936	0.733088	-0.223511	-0.457541	0.450868	0.0849668	-0.428615	-0.256978	0.861993	0.358063	0.433276	0.280376	0.778108	0.82224	0.0508092	0.493705	0.27856	0.740542	0.013737	-0.660259	-0.124366	0.485502	0.525311	-0.651899	0.251721	0.284135	0.659767	-0.150612	0.679184	0.536203	0.464701	-0.518267	0.477429
0.510648	0.502518	-0.562467	0.412729	0.524473	0.495417	-0.543704	0.428808	0.732432	-0.235168	-0.456135	0.447416	0.084761	-0.43108	-0.25154	0.862388	0.362202	0.432106	0.280883	0.776658	0.826944	0.0448978	0.492067	0.268362	0.738966	0.0146225	-0.66239	-0.122289	0.484018	0.525142	-0.652119	0.254349	0.2915	0.656864	-0.153583	0.678211	0.539536	0.45711	-0.526282	0.472205
0.511685	0.498303	-0.563374	0.415308	0.527783	0.488594	-0.545759	0.429963	0.732284	-0.239984	-0.455056	0.446197	0.086095	-0.435337	-0.243005	0.862565	0.371689	0.43136	0.282581	0.771961	0.828779	0.0405398	0.492771	0.262027	0.736159	0.0171294	-0.666334	-0.117374	0.481726	0.523847	-0.653672	0.257368	0.295699	0.656491	-0.154861	0.676461	0.545044	0.443915	-0.538357	0.464798
0.511685	0.498303	-0.563374	0.415308	0.527783	0.488594	-0.545759	0.429963	0.732248	-0.24433	-0.454267	0.444699	0.086095	-0.435337	-0.243005	0.862565	0.371689	0.43136	0.282581	0.771961	0.828779	0.0405398	0.492771	0.262027	0.736159	0.0171294	-0.666334	-0.117374	0.481726	0.523847	-0.653672	0.257368	0.300072	0.656074	-0.157549	0.674317	0.545044	0.443915	-0.538357	0.464798
0.514712	0.492626	-0.563851	0.417688	0.530207	0.48111	-0.548545	0.43187	0.732013	-0.248994	-0.453519	0.44326	0.0889749	-0.440781	-0.234069	0.861978	0.38105	0.427783	0.28446	0.768691	0.831917	0.0367352	0.491109	0.255689	0.734439	0.0171691	-0.668318	-0.116856	0.480769	0.522643	-0.655375	0.257273	0.306446	0.65415	-0.164162	0.671736	0.539244	0.449861	-0.52873	0.476745
0.51686	0.489582	-0.565016	0.417041	0.531151	0.477286	-0.550231	0.432808	0.731236	-0.2574	-0.45262	0.440652	0.0906372	-0.44381	-0.230118	0.861315	0.385887	0.425845	0.284421	0.767367	0.833683	0.0351834	0.489636	0.252967	0.733969	0.0166561	-0.668871	-0.116717	0.479862	0.522534	-0.656489	0.256345	0.306747	0.65298	-0.164853	0.672567	0.537589	0.452033	-0.526766	0.478729
0.521541	0.480774	-0.569822	0.414916	0.531377	0.471496	-0.554119	0.433914	0.730479	-0.26196	-0.455686	0.436035	0.0954054	-0.453603	-0.226949	0.856526	0.396673	0.420928	0.27986	0.766256	0.837331	0.0352879	0.485322	0.249186	0.736521	0.0127467	-0.666368	-0.115448	0.47892	0.51993	-0.662104	0.248849	0.308546	0.650246	-0.167123	0.673832	0.537211	0.453017	-0.529492	0.475204
0.522316	0.478264	-0.571204	0.414941	0.532654	0.465448	-0.556899	0.435317	0.730127	-0.265159	-0.459543	0.430611	0.0984484	-0.457266	-0.225772	0.854543	0.399619	0.419446	0.27823	0.766132	0.840767	0.0383873	0.480405	0.246673	0.737771	0.0110288	-0.664904	-0.116078	0.478027	0.521029	-0.662368	0.247563	0.308283	0.650688	-0.171366	0.672458	0.536864	0.454239	-0.529541	0.474373
0.523385	0.474459	-0.575119	0.412546	0.534083	0.45989	-0.560152	0.4353	0.732494	-0.269316	-0.460929	0.422452	0.109662	-0.464396	-0.22177	0.85037	0.405933	0.416449	0.274704	0.765719	0.844423	0.0407573	0.475459	0.243368	0.74017	0.00883864	-0.662028	-0.11743	0.477605	0.522717	-0.662372	0.244794	0.309528	0.650271	-0.174612	0.671455	0.538185	0.454174	-0.533196	0.468812
0.524339	0.472688	-0.576979	0.410768	0.534523	0.457859	-0.561809	0.434766	0.735499	-0.270636	-0.461222	0.416018	0.118176	-0.467846	-0.220199	0.847743	0.4095	0.415426	0.273057	0.764965	0.845723	0.0416465	0.474023	0.241496	0.741032	0.00720089	-0.660772	-0.119168	0.477605	0.522717	-0.662372	0.244794	0.310789	0.650456	-0.176222	0.670271	0.538772	0.454305	-0.535182	0.465737
0.524339	0.472688	-0.576979	0.410768	0.534523	0.457859	-0.561809	0.434766	0.735499	-0.270636	-0.461222	0.416018	0.118176	-0.467846	-0.220199	0.847743	0.4095	0.415426	0.273057	0.764965	0.845723	0.0416465	0.474023	0.241496	0.741032	0.00720089	-0.660772	-0.119168	0.477605	0.522717	-0.662372	0.244794	0.310789	0.650456	-0.176222	0.670271	0.538772	0.454305	-0.535182	0.465737
0.524666	0.470528	-0.580672	0.407614	0.534946	0.455075	-0.564843	0.433234	0.745706	-0.271168	-0.462443	0.395647	0.129447	-0.471459	-0.219756	0.844202	0.412453	0.414482	0.271684	0.764379	0.847812	0.0418522	0.47177	0.238531	0.741934	0.00406779	-0.658893	-0.124006	0.480673	0.521103	-0.663088	0.240248	0.315012	0.649388	-0.179651	0.668422	0.539469	0.45416	-0.53745	0.462449
0.523289	0.470666	-0.583344	0.405402	0.534218	0.453657	-0.567648	0.431951	0.762245	-0.266721	-0.463696	0.364457	0.185329	-0.482512	-0.225567	0.825806	0.418062	0.411671	0.270833	0.763152	0.849317	0.0401495	0.470305	0.236353	0.742662	0.00285029	-0.657176	-0.128705	0.483443	0.520103	-0.662622	0.238134	0.318825	0.648675	-0.180117	0.66718	0.539468	0.456689	-0.541355	0.455352
0.520223	0.473235	-0.584706	0.404396	0.53144	0.453898	-0.569992	0.432039	0.782413	-0.255093	-0.464043	0.327754	0.238676	-0.487772	-0.234672	0.806251	0.419621	0.406223	0.272584	0.764591	0.851185	0.0342579	0.46733	0.236459	0.744296	0.00386751	-0.654532	-0.132654	0.486403	0.519506	-0.662015	0.235078	0.32073	0.649178	-0.177981	0.666351	0.536169	0.463095	-0.539006	0.455564
0.518591	0.475096	-0.583781	0.405645	0.529724	0.454672	-0.570268	0.432967	0.793705	-0.247905	-0.463024	0.306896	0.269591	-0.488708	-0.238838	0.794633	0.419568	0.401713	0.274263	0.7664	0.852402	0.0291781	0.465081	0.237191	0.74538	0.00573702	-0.653086	-0.133621	0.487592	0.519356	-0.661902	0.233256	0.320448	0.650317	-0.175785	0.665958	0.533684	0.467621	-0.536465	0.456856
0.511989	0.482759	-0.579601	0.410942	0.523692	0.459156	-0.568031	0.438478	0.816868	-0.231153	-0.459094	0.261778	0.334116	-0.484518	-0.251967	0.768193	0.416617	0.389764	0.282256	0.771262	0.854738	0.0153411	0.459675	0.240597	0.747571	0.0117338	-0.650724	-0.132508	0.48829	0.519848	-0.662464	0.22907	0.319	0.653289	-0.167864	0.665789	0.53208	0.473203	-0.535555	0.454039
0.500143	0.496407	-0.572128	0.41965	0.51926	0.463055	-0.565189	0.443294	0.829525	-0.219751	-0.454722	0.238381	0.404281	-0.471274	-0.265126	0.737676	0.414254	0.381279	0.286683	0.775134	0.85619	0.00521819	0.455402	0.243967	0.750822	0.0225065	-0.648064	-0.125589	0.486681	0.521778	-0.664003	0.223581	0.316694	0.65618	-0.160859	0.665776	0.531307	0.478764	-0.534343	0.450528
0.500143	0.496407	-0.572128	0.41965	0.513368	0.468524	-0.561056	0.449617	0.842784	-0.20544	-0.449205	0.213832	0.404281	-0.471274	-0.265126	0.737676	0.411057	0.37155	0.292404	0.779412	0.857307	-0.00680335	0.450789	0.24853	0.750822	0.0225065	-0.648064	-0.125589	0.486681	0.521778	-0.664003	0.223581	0.313604	0.658917	-0.153849	0.666191	0.531307	0.478764	-0.534343	0.450528
0.482222	0.515689	-0.561477	0.43159	0.497543	0.482429	-0.549018	0.467217	0.842784	-0.20544	-0.449205	0.213832	0.476827	-0.452841	-0.281633	0.698751	0.399031	0.348875	0.308798	0.78975	0.858511	-0.0359377	0.439641	0.261503	0.753654	0.0388677	-0.646237	-0.113456	0.478284	0.532799	-0.661778	0.222306	0.304072	0.666349	-0.141275	0.666004	0.532888	0.482296	-0.531145	0.448672
0.470442	0.528103	-0.553889	0.439315	0.497543	0.482429	-0.549018	0.467217	0.842784	-0.20544	-0.449205	0.213832	0.514183	-0.442049	-0.287391	0.676472	0.399031	0.348875	0.308798	0.78975	0.858511	-0.0359377	0.439641	0.261503	0.754492	0.0532058	-0.646158	-0.101936	0.46955	0.544005	-0.657763	0.225676	0.304072	0.666349	-0.141275	0.666004	0.534011	0.483339	-0.529123	0.448602
0.456854	0.541886	-0.544514	0.448495	0.477086	0.499325	-0.53134	0.490654	0.88533	-0.144158	-0.425467	0.119945	0.552295	-0.428915	-0.290732	0.653052	0.381363	0.320606	0.32458	0.804004	0.858357	-0.0701791	0.424276	0.2798	0.754528	0.0722347	-0.646601	-0.0858851	0.456416	0.560314	-0.650759	0.232906	0.284764	0.678918	-0.120806	0.665873	0.534896	0.48451	-0.52695	0.448843
0.426173	0.571442	-0.521388	0.469026	0.465339	0.508644	-0.519702	0.504629	0.892814	-0.123029	-0.420516	0.104468	0.623714	-0.401401	-0.295243	0.602237	0.370459	0.305114	0.332703	0.811772	0.857429	-0.0880892	0.415109	0.291101	0.749543	0.120599	-0.649266	-0.0457684	0.417392	0.608346	-0.625111	0.254824	0.27447	0.68523	-0.108745	0.665808	0.535787	0.487423	-0.520749	0.451854
0.408564	0.58732	-0.507122	0.480581	0.438083	0.529619	-0.491727	0.534596	0.903208	-0.0872179	-0.412171	0.0819955	0.655047	-0.387614	-0.297297	0.57644	0.344243	0.272807	0.34786	0.828291	0.853963	-0.122417	0.39435	0.316622	0.744669	0.150557	-0.64989	-0.0210577	0.386408	0.642811	-0.602647	0.272578	0.249597	0.698165	-0.0816424	0.666034	0.53577	0.488792	-0.5173	0.45435
0.366952	0.62163	-0.469738	0.508201	0.407771	0.552689	-0.455593	0.566297	0.909533	-0.0589649	-0.404467	0.0753683	0.706107	-0.362798	-0.303962	0.526686	0.310735	0.24338	0.362717	0.844184	0.846864	-0.153082	0.373356	0.346398	0.724661	0.227996	-0.648942	0.0419392	0.305821	0.719855	-0.538227	0.313997	0.222205	0.710621	-0.0478821	0.665846	0.532086	0.495421	-0.505575	0.464581
0.290767	0.673294	-0.397608	0.551396	0.370521	0.579208	-0.412441	0.597598	0.913807	-0.0376972	-0.39497	0.0868041	0.743918	-0.33897	-0.310059	0.485333	0.269962	0.218413	0.377414	0.858473	0.83481	-0.18054	0.355077	0.380023	0.666085	0.360811	-0.636469	0.145097	0.153672	0.818834	-0.398846	0.383168	0.182472	0.72345	-0.00216723	0.665822	0.52541	0.503442	-0.488966	0.481043
0.261395	0.688197	-0.371282	0.565868	0.332256	0.602868	-0.361705	0.628749	0.918804	-0.0309479	-0.376421	0.114666	0.767777	-0.313179	-0.314131	0.462341	0.222627	0.19371	0.395926	0.869572	0.817452	-0.208052	0.338088	0.417353	0.644422	0.399681	-0.627922	0.175184	0.108058	0.837821	-0.353016	0.402194	0.142495	0.732637	0.0450163	0.664012	0.51363	0.515078	-0.466179	0.503544
0.233892	0.701537	-0.345698	0.57761	0.310971	0.614859	-0.336503	0.641881	0.919822	-0.0263682	-0.365542	0.140041	0.775284	-0.296276	-0.314325	0.460819	0.196678	0.179927	0.405263	0.874475	0.807404	-0.22166	0.329034	0.436695	0.62616	0.431163	-0.618381	0.199067	0.0719342	0.849561	-0.314092	0.417633	0.120165	0.735398	0.0696035	0.663253	0.507283	0.520186	-0.454933	0.514884
0.190613	0.720212	-0.304322	0.59359	0.271382	0.633736	-0.288569	0.664424	0.917287	-0.0270471	-0.336754	0.210831	0.777455	-0.266578	-0.314392	0.475035	0.142722	0.149982	0.424633	0.881376	0.783955	-0.25008	0.309562	0.476494	0.596536	0.476432	-0.602297	0.233228	0.0241669	0.859077	-0.260082	0.440182	0.0815185	0.739398	0.108633	0.659428	0.49282	0.53152	-0.431384	0.537143
0.162216	0.733001	-0.276152	0.600113	0.251979	0.642631	-0.266767	0.672583	0.911499	-0.0308644	-0.322252	0.253712	0.77284	-0.252826	-0.310676	0.492218	0.115357	0.134925	0.434495	0.883008	0.770604	-0.264385	0.299953	0.496284	0.576466	0.503819	-0.591829	0.252175	-0.00796834	0.860499	-0.227437	0.455796	0.0677001	0.739236	0.122143	0.658808	0.484821	0.537484	-0.42031	0.547174
0.150821	0.738689	-0.266471	0.600486	0.216931	0.658406	-0.22976	0.68312	0.889452	-0.0493654	-0.293455	0.346876	0.754013	-0.228401	-0.301802	0.536854	0.0637653	0.106736	0.450971	0.883836	0.743597	-0.289623	0.282331	0.53242	0.571777	0.511377	-0.588272	0.255931	-0.0144055	0.8601	-0.219618	0.460206	0.0520265	0.7376	0.138489	0.658832	0.476729	0.542591	-0.409116	0.557628
0.150821	0.738689	-0.266471	0.600486	0.216931	0.658406	-0.22976	0.68312	0.889452	-0.0493654	-0.293455	0.346876	0.754013	-0.228401	-0.301802	0.536854	0.0637653	0.106736	0.450971	0.883836	0.743597	-0.289623	0.282331	0.53242	0.571777	0.511377	-0.588272	0.255931	-0.0144055	0.8601	-0.219618	0.460206	0.0520265	0.7376	0.138489	0.658832	0.476729	0.542591	-0.409116	0.557628
0.138264	0.746409	-0.256125	0.598462	0.201769	0.664953	-0.214368	0.68642	0.872934	-0.0546333	-0.279324	0.396207	0.738007	-0.22156	-0.295539	0.564724	0.039998	0.0940225	0.458646	0.882725	0.73094	-0.300389	0.274077	0.548065	0.571754	0.516216	-0.584187	0.255625	-0.0150838	0.857949	-0.215153	0.466267	0.0500162	0.737275	0.141353	0.658744	0.474539	0.544303	-0.406567	0.559687
0.137271	0.747941	-0.255129	0.597202	0.176006	0.678144	-0.191333	0.687411	0.830373	-0.0734731	-0.258938	0.487887	0.693337	-0.200248	-0.277648	0.63411	-0.00287524	0.0743752	0.471081	0.878944	0.708059	-0.316406	0.261496	0.574595	0.573249	0.516268	-0.583598	0.253508	-0.0136306	0.856975	-0.215382	0.467995	0.0532343	0.73623	0.139191	0.66012	0.47355	0.545801	-0.406812	0.558889
0.14654	0.747248	-0.262177	0.592798	0.157988	0.688557	-0.177958	0.685025	0.77922	-0.0589262	-0.227608	0.580981	0.635692	-0.170919	-0.258591	0.706974	-0.0349766	0.0622734	0.47733	0.875816	0.691072	-0.324425	0.253519	0.59405	0.577995	0.513201	-0.584531	0.246718	-0.0064495	0.854885	-0.221305	0.469207	0.0596071	0.732838	0.133278	0.664554	0.473401	0.546401	-0.40868	0.557062
0.151962	0.747841	-0.26372	0.589995	0.14425	0.695442	-0.165524	0.684218	0.734084	-0.0420963	-0.193427	0.649565	0.569617	-0.140618	-0.227029	0.777316	-0.0550825	0.0578091	0.480841	0.873164	0.679873	-0.32819	0.250305	0.606144	0.582376	0.508474	-0.586882	0.240546	-0.00031579	0.852407	-0.227451	0.470816	0.0628384	0.730692	0.126798	0.66788	0.472549	0.546741	-0.410545	0.556079
0.148405	0.752638	-0.256234	0.588095	0.130337	0.700947	-0.151825	0.684569	0.717108	-0.0329295	-0.175518	0.673695	0.508244	-0.124076	-0.204472	0.827336	-0.0675236	0.054237	0.481941	0.871912	0.669794	-0.332431	0.248696	0.615642	0.582234	0.509332	-0.587505	0.237534	0.000948578	0.850014	-0.229729	0.474024	0.0638431	0.729321	0.122821	0.670022	0.470986	0.546917	-0.411233	0.556724
0.142781	0.7573	-0.250505	0.585967	0.12444	0.703378	-0.14576	0.684492	0.693486	-0.0325072	-0.17031	0.699296	0.490168	-0.118189	-0.201437	0.839755	-0.0734223	0.0501888	0.482337	0.871459	0.665519	-0.33505	0.245817	0.62	0.578588	0.51314	-0.58755	0.238133	-0.00192637	0.848256	-0.228894	0.477563	0.061795	0.728433	0.12354	0.671048	0.470176	0.546423	-0.411829	0.557452
0.135369	0.763705	-0.244341	0.582003	0.118663	0.705382	-0.139179	0.684825	0.679763	-0.0424423	-0.17882	0.710031	0.476109	-0.111297	-0.209637	0.84675	-0.083594	0.0410528	0.481277	0.871607	0.658055	-0.339569	0.238118	0.628455	0.578588	0.51314	-0.58755	0.238133	-0.00192637	0.848256	-0.228894	0.477563	0.0580749	0.728648	0.124734	0.670926	0.467207	0.547459	-0.410564	0.55986
0.13395	0.764466	-0.241673	0.582446	0.117171	0.705457	-0.137497	0.685344	0.675181	-0.0503824	-0.18435	0.712465	0.478806	-0.104995	-0.209107	0.846165	-0.0879993	0.03324	0.479843	0.872297	0.653484	-0.342903	0.231505	0.633863	0.574699	0.517185	-0.587745	0.238321	-0.00432797	0.847064	-0.228872	0.479667	0.0581781	0.728931	0.123076	0.670915	0.466807	0.546814	-0.412814	0.55917
0.132315	0.765674	-0.244424	0.58008	0.118577	0.705912	-0.139505	0.684227	0.674888	-0.057324	-0.192358	0.710097	0.483257	-0.105198	-0.211931	0.8429	-0.0876222	0.0306279	0.478878	0.872961	0.654591	-0.343228	0.228245	0.633726	0.57472	0.516657	-0.588608	0.237284	-0.0051711	0.847042	-0.228076	0.480078	0.0617886	0.728589	0.119352	0.671636	0.469596	0.54359	-0.418431	0.555792
0.132505	0.763796	-0.248004	0.580992	0.122289	0.705599	-0.145354	0.682677	0.675032	-0.0633846	-0.198586	0.707727	0.488962	-0.108284	-0.215245	0.838368	-0.0827898	0.0342787	0.478012	0.873771	0.658681	-0.340502	0.230686	0.630064	0.57617	0.515262	-0.589212	0.235291	-0.00317052	0.846713	-0.228906	0.48028	0.0691675	0.728881	0.114318	0.671476	0.472713	0.54124	-0.423433	0.55164
0.133142	0.762653	-0.250293	0.581367	0.123764	0.705707	-0.14872	0.681573	0.674962	-0.0657031	-0.201748	0.706687	0.492235	-0.110083	-0.216722	0.835834	-0.0788309	0.0376178	0.477387	0.874341	0.661382	-0.338599	0.232998	0.627404	0.576399	0.515108	-0.589334	0.23476	-0.00323444	0.846581	-0.228676	0.480623	0.0724234	0.728645	0.112327	0.671725	0.474913	0.539421	-0.426609	0.549078
0.132873	0.762402	-0.253952	0.58017	0.126506	0.706736	-0.155214	0.678549	0.677103	-0.0691049	-0.203193	0.703895	0.496998	-0.112303	-0.215652	0.832992	-0.0693356	0.0445993	0.474088	0.876609	0.668038	-0.333198	0.237394	0.62157	0.57758	0.513755	-0.589903	0.233393	-0.00228064	0.846579	-0.228902	0.480523	0.074751	0.728347	0.110812	0.672044	0.478144	0.536927	-0.430977	0.545295
0.132157	0.762492	-0.255433	0.579564	0.127991	0.706717	-0.157959	0.677657	0.678243	-0.0707353	-0.204951	0.702123	0.498312	-0.114678	-0.215567	0.831904	-0.0647545	0.0480101	0.472077	0.877864	0.671445	-0.329905	0.239274	0.618928	0.577931	0.513321	-0.590124	0.232918	-0.00239494	0.846609	-0.228625	0.480602	0.0780342	0.72782	0.108608	0.672602	0.479635	0.535845	-0.432845	0.543567
0.131237	0.762535	-0.258472	0.578367	0.129673	0.706069	-0.162795	0.676867	0.680386	-0.0737538	-0.206757	0.699204	0.501858	-0.117364	-0.215177	0.829496	-0.0572639	0.0530816	0.468443	0.880037	0.677017	-0.324129	0.241794	0.614918	0.578241	0.513166	-0.590302	0.232038	-0.00287007	0.846606	-0.228033	0.480886	0.0780342	0.72782	0.108608	0.672602	0.481486	0.534843	-0.434861	0.541305
0.130437	0.762905	-0.261543	0.576678	0.13164	0.705785	-0.167188	0.675712	0.681321	-0.0751498	-0.209876	0.697213	0.506207	-0.120709	-0.216915	0.825912	-0.0525685	0.0561086	0.464665	0.882142	0.681434	-0.318842	0.242614	0.612475	0.578892	0.512279	-0.590991	0.230616	-0.00197583	0.846564	-0.22889	0.480557	0.0803758	0.727406	0.104196	0.673471	0.482492	0.534059	-0.43584	0.540393
0.129684	0.763024	-0.263125	0.575971	0.132394	0.705439	-0.168998	0.675476	0.681938	-0.0760639	-0.211249	0.696095	0.506207	-0.120709	-0.216915	0.825912	-0.0525685	0.0561086	0.464665	0.882142	0.682579	-0.31701	0.243179	0.611926	0.578444	0.512544	-0.591171	0.230692	-0.0033685	0.846631	-0.227955	0.480875	0.0804875	0.727492	0.103441	0.673481	0.483381	0.533341	-0.436906	0.539447
0.128223	0.763788	-0.267457	0.573282	0.13445	0.705562	-0.173983	0.673673	0.683037	-0.0761848	-0.211711	0.694863	0.514514	-0.122187	-0.218511	0.820121	-0.0479503	0.059985	0.4609	0.884123	0.684023	-0.314314	0.244057	0.611355	0.579601	0.511714	-0.591275	0.229359	-0.00260797	0.846429	-0.227913	0.481255	0.0827344	0.727712	0.101079	0.67333	0.486891	0.531415	-0.441539	0.534395
0.127546	0.764048	-0.268752	0.572481	0.135068	0.705754	-0.175402	0.67298	0.683814	-0.0767018	-0.213472	0.693502	0.516111	-0.123056	-0.219151	0.818816	-0.0472239	0.0610862	0.46031	0.884394	0.685514	-0.312075	0.244969	0.610467	0.579128	0.512048	-0.59126	0.229846	-0.00367266	0.846516	-0.227074	0.481491	0.0842269	0.727822	0.100561	0.673104	0.488543	0.530276	-0.443824	0.532121
0.127546	0.764048	-0.268752	0.572481	0.135068	0.705754	-0.175402	0.67298	0.683814	-0.0767018	-0.213472	0.693502	0.516111	-0.123056	-0.219151	0.818816	-0.0472239	0.0610862	0.46031	0.884394	0.685514	-0.312075	0.244969	0.610467	0.579128	0.512048	-0.59126	0.229846	-0.00367266	0.846516	-0.227074	0.481491	0.0842269	0.727822	0.100561	0.673104	0.488543	0.530276	-0.443824	0.532121
0.12588	0.764578	-0.270544	0.571297	0.135318	0.707249	-0.178331	0.670586	0.684895	-0.0771322	-0.21434	0.692118	0.519174	-0.123977	-0.220127	0.816475	-0.0465278	0.0642349	0.458227	0.885289	0.686748	-0.308599	0.246731	0.610137	0.57902	0.511864	-0.591612	0.229622	-0.00415283	0.846402	-0.226504	0.481957	0.0862439	0.728386	0.100066	0.672311	0.490658	0.529316	-0.446565	0.528828
0.125665	0.764628	-0.273154	0.570035	0.135519	0.708079	-0.181284	0.668876	0.686109	-0.0765931	-0.214364	0.690967	0.522198	-0.124054	-0.219942	0.814583	-0.0463665	0.0669653	0.455601	0.88645	0.687434	-0.304524	0.248105	0.610856	0.580104	0.510801	-0.591553	0.229406	-0.00323369	0.846345	-0.226177	0.482217	0.0890042	0.729192	0.10013	0.671068	0.49601	0.525538	-0.453591	0.521574
0.127526	0.764386	-0.277015	0.56808	0.13681	0.708089	-0.185287	0.667504	0.686133	-0.0774564	-0.215912	0.690365	0.524783	-0.124367	-0.221579	0.812427	-0.0459385	0.0683195	0.452989	0.887707	0.688592	-0.30089	0.248478	0.611199	0.582703	0.507611	-0.592405	0.227694	-0.00112858	0.846377	-0.226667	0.481941	0.0968801	0.729474	0.0972144	0.670097	0.500135	0.523779	-0.45873	0.514866
0.127387	0.763992	-0.279617	0.567365	0.137647	0.708623	-0.189163	0.665676	0.686338	-0.0776844	-0.216966	0.689805	0.525393	-0.125158	-0.224111	0.811216	-0.0440118	0.0695446	0.450263	0.889095	0.689368	-0.299501	0.248241	0.611103	0.583943	0.505908	-0.592771	0.227354	-0.000342956	0.846535	-0.22606	0.481949	0.0998692	0.728341	0.0980358	0.670772	0.504624	0.52116	-0.465557	0.506955
0.127648	0.762856	-0.280173	0.568559	0.138312	0.708565	-0.191037	0.665064	0.686691	-0.0771862	-0.218676	0.688969	0.52521	-0.125197	-0.225493	0.810946	-0.0422079	0.070291	0.449351	0.889585	0.691492	-0.297049	0.248737	0.609697	0.584913	0.504648	-0.593267	0.226366	0.00143372	0.846493	-0.227113	0.481525	0.107419	0.728633	0.0983194	0.669245	0.505362	0.521428	-0.466797	0.504799
0.13022	0.761665	-0.281901	0.568719	0.140295	0.708045	-0.194203	0.664285	0.686709	-0.0774794	-0.219552	0.688639	0.525233	-0.123233	-0.22562	0.811197	-0.0379815	0.0717358	0.44733	0.890678	0.69305	-0.295786	0.248978	0.608443	0.586303	0.502909	-0.593784	0.225281	0.00336773	0.846719	-0.228306	0.480554	0.109051	0.728057	0.0973302	0.669752	0.505864	0.521166	-0.467844	0.503597
0.13022	0.761665	-0.281901	0.568719	0.140295	0.708045	-0.194203	0.664285	0.686978	-0.0769179	-0.219639	0.688407	0.525233	-0.123233	-0.22562	0.811197	-0.0379815	0.0717358	0.44733	0.890678	0.694612	-0.294856	0.248885	0.607149	0.586303	0.502909	-0.593784	0.225281	0.00336773	0.846719	-0.228306	0.480554	0.109148	0.727969	0.09672	0.66992	0.505864	0.521166	-0.467844	0.503597
0.130559	0.761078	-0.282029	0.569363	0.141464	0.707536	-0.195042	0.664334	0.687114	-0.0766729	-0.219588	0.688315	0.52533	-0.122075	-0.226371	0.811099	-0.0360723	0.0721093	0.446803	0.890991	0.695941	-0.294231	0.248787	0.60597	0.586202	0.502925	-0.593695	0.225744	0.00355248	0.846883	-0.228462	0.480189	0.108399	0.728676	0.0963705	0.669324	0.504664	0.522615	-0.466092	0.504923
0.131767	0.760101	-0.280918	0.570936	0.144553	0.706409	-0.195568	0.664714	0.686856	-0.0782254	-0.220797	0.688011	0.525308	-0.121713	-0.227552	0.810837	-0.0335635	0.0728449	0.448675	0.890089	0.696754	-0.295908	0.250086	0.60368	0.585098	0.504198	-0.593281	0.226852	0.00169937	0.847608	-0.228236	0.479026	0.104346	0.728888	0.0966062	0.669703	0.497149	0.530229	-0.457512	0.512233
0.133119	0.759431	-0.280583	0.571679	0.145114	0.706086	-0.195039	0.665089	0.686256	-0.0788219	-0.221546	0.6883	0.525206	-0.122137	-0.228349	0.810616	-0.0340719	0.0732443	0.449385	0.889679	0.696238	-0.296696	0.250834	0.603578	0.585349	0.504131	-0.593431	0.22596	0.00171519	0.847803	-0.229239	0.478201	0.104346	0.728888	0.0966062	0.669703	0.487373	0.539278	-0.447677	0.5208
0.132117	0.75945	-0.279634	0.572351	0.14605	0.705827	-0.193489	0.665612	0.684573	-0.0788478	-0.223365	0.689384	0.524431	-0.122496	-0.229536	0.810728	-0.0366933	0.0729344	0.452692	0.887921	0.693343	-0.299444	0.252289	0.604946	0.582659	0.507274	-0.592503	0.228303	-0.00104369	0.849155	-0.228644	0.476084	0.0980416	0.725808	0.0991392	0.673618	0.48434	0.542642	-0.443421	0.523767
0.1321	0.758831	-0.27981	0.573089	0.145745	0.705814	-0.19284	0.665882	0.683303	-0.0784022	-0.224154	0.690438	0.523989	-0.122019	-0.230551	0.810798	-0.0398565	0.0735145	0.454284	0.886924	0.691207	-0.30026	0.253527	0.606466	0.581386	0.507916	-0.592768	0.229428	-0.00304025	0.849559	-0.227925	0.475699	0.0988424	0.727401	0.0972699	0.672054	0.480514	0.546898	-0.438203	0.527245
0.132133	0.758583	-0.279508	0.573557	0.145745	0.705814	-0.19284	0.665882	0.683303	-0.0784022	-0.224154	0.690438	0.523755	-0.121562	-0.231671	0.810698	-0.0429389	0.0743574	0.45483	0.886429	0.691207	-0.30026	0.253527	0.606466	0.581803	0.507416	-0.593013	0.228844	-0.00235646	0.849619	-0.22876	0.475196	0.0988424	0.727401	0.0972699	0.672054	0.479545	0.547836	-0.436916	0.528221
0.13302	0.759033	-0.280609	0.572218	0.145339	0.705584	-0.193202	0.666109	0.680557	-0.0764694	-0.2259	0.692794	0.523198	-0.121002	-0.232959	0.810773	-0.0429389	0.0743574	0.45483	0.886429	0.687766	-0.300405	0.255408	0.609509	0.582244	0.507234	-0.592989	0.228187	-0.00204201	0.849631	-0.22879	0.475162	0.0983456	0.726392	0.0952772	0.673502	0.480823	0.546745	-0.437724	0.527519
0.13209	0.760352	-0.281386	0.570297	0.14532	0.706733	-0.193974	0.664669	0.678329	-0.0737825	-0.226148	0.695185	0.5223	-0.11862	-0.233436	0.811566	-0.0491071	0.0756311	0.455204	0.885809	0.684888	-0.300271	0.256596	0.612311	0.582664	0.506644	-0.593442	0.227247	0.000104942	0.849405	-0.230135	0.474919	0.0983057	0.727565	0.0945579	0.672342	0.480852	0.546775	-0.437398	0.527733
0.131343	0.761378	-0.281293	0.569146	0.145088	0.708932	-0.195089	0.662047	0.676758	-0.0718054	-0.22526	0.69721	0.520769	-0.116645	-0.233545	0.812804	-0.0501099	0.0769438	0.454153	0.886179	0.683801	-0.299328	0.257773	0.613492	0.582365	0.506844	-0.593731	0.22681	0.000286118	0.849226	-0.230384	0.475119	0.0967599	0.727466	0.0954184	0.672552	0.481836	0.545452	-0.438397	0.527375
0.130665	0.762021	-0.281231	0.568472	0.145312	0.709878	-0.195623	0.660825	0.676142	-0.071068	-0.224802	0.69803	0.519886	-0.116211	-0.233278	0.813508	-0.050729	0.0805779	0.45277	0.886529	0.681778	-0.296908	0.261175	0.615477	0.581969	0.507522	-0.593483	0.226964	-0.00063007	0.848734	-0.229618	0.476367	0.0962402	0.72767	0.095491	0.672396	0.48193	0.545133	-0.438328	0.527676
0.129667	0.762809	-0.281003	0.567756	0.145441	0.711013	-0.195899	0.659494	0.675661	-0.0708837	-0.224602	0.698578	0.518907	-0.116044	-0.233075	0.814214	-0.0512655	0.0827337	0.45194	0.886723	0.68138	-0.294997	0.262982	0.616067	0.581898	0.507677	-0.593471	0.226829	-0.000456916	0.848504	-0.229639	0.476767	0.0953151	0.727699	0.0957926	0.672453	0.482063	0.544708	-0.438399	0.527934
0.12907	0.763216	-0.280903	0.567394	0.145421	0.711981	-0.195967	0.658431	0.675385	-0.0704487	-0.224116	0.699045	0.518326	-0.115693	-0.232705	0.81474	-0.0518763	0.084962	0.450767	0.887074	0.681336	-0.292839	0.264596	0.616454	0.58146	0.507884	-0.593761	0.22673	-0.00198114	0.848251	-0.22914	0.477453	0.0939694	0.72786	0.0963596	0.672387	0.482622	0.54395	-0.439117	0.527608
0.12756	0.764094	-0.280685	0.566661	0.145391	0.714101	-0.19635	0.656024	0.674793	-0.0697954	-0.223034	0.700028	0.518423	-0.11535	-0.231819	0.81498	-0.052926	0.0883492	0.448918	0.887618	0.68119	-0.289453	0.266795	0.617266	0.580685	0.508497	-0.594097	0.226461	-0.00265979	0.8482	-0.228939	0.477637	0.0938329	0.728213	0.0962881	0.672034	0.483514	0.543132	-0.440073	0.526837
0.125669	0.764321	-0.280041	0.567095	0.145281	0.715687	-0.196086	0.654398	0.674319	-0.0692443	-0.222281	0.700779	0.519629	-0.114869	-0.231118	0.814479	-0.0546828	0.0911978	0.44779	0.887793	0.680198	-0.287018	0.268967	0.618553	0.579757	0.509447	-0.594222	0.226374	-0.00336661	0.848085	-0.22888	0.477864	0.0899795	0.728978	0.0987003	0.671381	0.483855	0.542424	-0.440009	0.527308
0.124874	0.764377	-0.279803	0.567314	0.144997	0.716167	-0.196057	0.653943	0.674319	-0.0692443	-0.222281	0.700779	0.520288	-0.114734	-0.230849	0.814153	-0.0546828	0.0911978	0.44779	0.887793	0.679261	-0.286146	0.269906	0.619577	0.578806	0.510377	-0.594155	0.226888	-0.00452498	0.848043	-0.228296	0.478209	0.0881764	0.729125	0.0991595	0.671394	0.483823	0.542052	-0.43963	0.528034
