FULLBODY	1																																						
Frames:	104																																						
0.410025	0.583241	-0.434905	0.550061	0.434255	0.564617	-0.427307	0.556811	0.717324	0.243474	-0.571877	0.314838	0.692151	0.0798865	-0.670568	0.254721	-0.0167835	0.646561	0.072707	0.759205	0.059756	0.639889	0.19976	0.73964	0.698438	0.139589	-0.689562	0.131162	0.434119	0.591176	-0.462055	0.498555	0.0496865	0.732808	-0.0954019	0.67188	0.383734	0.634886	-0.441153	0.505027
0.402828	0.587281	-0.441712	0.545638	0.436501	0.563979	-0.43096	0.552873	0.719861	0.252493	-0.573099	0.299342	0.695161	0.0868309	-0.671646	0.241047	-0.0328519	0.651695	0.0592091	0.755452	0.0430565	0.645583	0.195643	0.736948	0.702337	0.135163	-0.688238	0.121583	0.443091	0.584525	-0.462256	0.498317	0.0428538	0.731395	-0.0946921	0.673987	0.381458	0.635818	-0.435135	0.510767
0.402665	0.587378	-0.44154	0.545794	0.435361	0.56533	-0.43137	0.552071	0.71992	0.253066	-0.572926	0.299046	0.695026	0.0873067	-0.671678	0.241173	-0.0334966	0.651786	0.0585003	0.755401	0.042563	0.64573	0.195322	0.736933	0.702125	0.13568	-0.688243	0.122201	0.44255	0.584916	-0.462059	0.498521	0.0428796	0.7312	-0.0944253	0.674234	0.381462	0.635909	-0.435372	0.510448
0.402167	0.587706	-0.441782	0.545611	0.434638	0.566261	-0.431807	0.551345	0.719679	0.25426	-0.572727	0.298995	0.694817	0.0883385	-0.67177	0.241144	-0.0341905	0.651775	0.0575668	0.755451	0.0415463	0.645696	0.195032	0.737098	0.702085	0.135457	-0.688388	0.12186	0.442379	0.584988	-0.462089	0.498562	0.042919	0.731192	-0.0942978	0.674258	0.381556	0.635858	-0.435457	0.510368
0.401368	0.588137	-0.441437	0.546015	0.434156	0.566852	-0.431498	0.55136	0.719652	0.254779	-0.572612	0.298839	0.694752	0.0894865	-0.6719	0.240547	-0.0353649	0.651722	0.0575155	0.755447	0.0408799	0.645533	0.19499	0.737289	0.702029	0.135686	-0.688416	0.12177	0.44221	0.5851	-0.46197	0.49869	0.0422501	0.731373	-0.0943036	0.674104	0.381717	0.635787	-0.435672	0.510154
0.400898	0.588442	-0.441539	0.545949	0.433843	0.567203	-0.431522	0.551225	0.719683	0.255821	-0.57254	0.29801	0.69481	0.0901104	-0.671925	0.240075	-0.0363296	0.651623	0.0577205	0.755471	0.0389726	0.644923	0.196314	0.737574	0.701954	0.135657	-0.688509	0.121712	0.44188	0.585332	-0.461782	0.498885	0.0424284	0.73095	-0.094429	0.674533	0.381884	0.635759	-0.435904	0.509865
0.40004	0.588874	-0.441605	0.546059	0.432721	0.56859	-0.431579	0.550633	0.71955	0.257794	-0.571968	0.29773	0.695044	0.0922216	-0.671544	0.239662	-0.0391891	0.65125	0.0578541	0.755639	0.0369638	0.644066	0.1987	0.737788	0.701861	0.135701	-0.688612	0.121616	0.441434	0.585652	-0.461426	0.499233	0.0429369	0.730776	-0.0947098	0.67465	0.382212	0.635881	-0.436559	0.508906
0.398926	0.589586	-0.441491	0.546198	0.431449	0.570127	-0.431745	0.549913	0.719702	0.259926	-0.571093	0.297186	0.695286	0.0944736	-0.671089	0.239357	-0.0423928	0.6509	0.0569647	0.755835	0.0352438	0.643228	0.200659	0.738073	0.701915	0.135102	-0.688788	0.12097	0.441341	0.585695	-0.461389	0.499299	0.0437092	0.730488	-0.0939522	0.675019	0.382845	0.636128	-0.437909	0.506957
0.396757	0.591058	-0.440178	0.547245	0.428915	0.573643	-0.431175	0.548684	0.719943	0.264298	-0.569121	0.296529	0.696007	0.0992852	-0.669855	0.238768	-0.0492071	0.650176	0.0559544	0.756121	0.0306026	0.641494	0.205006	0.738595	0.701992	0.135143	-0.688643	0.121303	0.4406	0.586325	-0.460922	0.499645	0.0438422	0.73011	-0.0909639	0.675828	0.383758	0.636823	-0.439865	0.503691
0.395979	0.591814	-0.439913	0.547205	0.427962	0.575176	-0.430796	0.54812	0.720049	0.26601	-0.56822	0.29647	0.696285	0.101292	-0.669316	0.238629	-0.0523862	0.64989	0.0562021	0.756135	0.0282987	0.640784	0.207114	0.738715	0.702208	0.135322	-0.688328	0.121639	0.440123	0.586818	-0.460626	0.49976	0.0446745	0.729707	-0.090599	0.676257	0.384264	0.636948	-0.44069	0.502425
0.394221	0.593257	-0.43925	0.547444	0.426122	0.578347	-0.4296	0.547155	0.72006	0.269967	-0.566021	0.297071	0.696589	0.103499	-0.668665	0.238618	-0.0549642	0.649652	0.0558294	0.756184	0.0256519	0.639986	0.209253	0.7389	0.70219	0.135547	-0.6882	0.122221	0.439511	0.587367	-0.460133	0.500107	0.0448102	0.730128	-0.0885609	0.676064	0.384747	0.637707	-0.44156	0.500323
0.392859	0.595009	-0.438195	0.547368	0.424601	0.581392	-0.428318	0.546114	0.720355	0.273263	-0.563773	0.297617	0.697948	0.108943	-0.666197	0.239125	-0.0634014	0.648765	0.0566312	0.756226	0.0158643	0.637233	0.214416	0.740073	0.702379	0.135822	-0.687901	0.122507	0.439282	0.587789	-0.459587	0.500315	0.0458603	0.729517	-0.0861148	0.676968	0.385674	0.638459	-0.443054	0.497322
0.391739	0.596879	-0.437752	0.546488	0.423168	0.584361	-0.427096	0.545014	0.720739	0.276215	-0.561218	0.29879	0.698626	0.11131	-0.664546	0.240647	-0.0677542	0.648499	0.056767	0.756066	0.00864485	0.635788	0.215787	0.741036	0.702726	0.136371	-0.687357	0.122964	0.43896	0.588571	-0.458534	0.500645	0.0460151	0.72942	-0.0843484	0.677284	0.385684	0.639787	-0.443432	0.495266
0.391432	0.598627	-0.436919	0.545462	0.422222	0.587066	-0.425999	0.543698	0.721427	0.27797	-0.558758	0.300109	0.699157	0.112096	-0.662933	0.243175	-0.0725003	0.647932	0.0570657	0.756089	0.00275918	0.634886	0.216039	0.741781	0.70286	0.137567	-0.686699	0.124531	0.438937	0.589162	-0.457654	0.500774	0.0455299	0.729542	-0.0793106	0.677795	0.386701	0.64054	-0.444527	0.492511
0.391351	0.600378	-0.436501	0.543928	0.421681	0.589467	-0.424848	0.542419	0.722218	0.278759	-0.556588	0.301503	0.699479	0.111029	-0.661776	0.245874	-0.0775401	0.647149	0.05771	0.756211	-0.00229929	0.634401	0.216167	0.74216	0.70355	0.137185	-0.686133	0.124174	0.440024	0.58918	-0.457252	0.500167	0.0473269	0.729791	-0.0780341	0.677552	0.388089	0.641069	-0.445257	0.490066
0.391066	0.602412	-0.435829	0.54242	0.421598	0.591528	-0.423418	0.541357	0.723014	0.2793	-0.554572	0.302807	0.699214	0.10928	-0.661007	0.249455	-0.0818217	0.646256	0.0595144	0.756383	-0.00591522	0.633805	0.215811	0.742753	0.704119	0.13795	-0.68515	0.125522	0.440393	0.589785	-0.456117	0.500164	0.048261	0.730305	-0.0764035	0.677117	0.389615	0.641621	-0.445944	0.487501
0.389205	0.605921	-0.43469	0.540762	0.421442	0.593692	-0.421516	0.540593	0.723926	0.279777	-0.552556	0.303872	0.698264	0.107534	-0.660683	0.253696	-0.0846895	0.645495	0.0621709	0.756504	-0.00866123	0.632971	0.215897	0.743412	0.704532	0.13823	-0.684562	0.126102	0.440933	0.589799	-0.455791	0.499971	0.0491069	0.730338	-0.0754757	0.677125	0.391145	0.642559	-0.44671	0.484328
0.389205	0.605921	-0.43469	0.540762	0.421442	0.593692	-0.421516	0.540593	0.723926	0.279777	-0.552556	0.303872	0.698264	0.107534	-0.660683	0.253696	-0.0846895	0.645495	0.0621709	0.756504	-0.00866123	0.632971	0.215897	0.743412	0.704532	0.13823	-0.684562	0.126102	0.440933	0.589799	-0.455791	0.499971	0.0491069	0.730338	-0.0754757	0.677125	0.391145	0.642559	-0.44671	0.484328
0.38791	0.607878	-0.43408	0.539986	0.421297	0.594799	-0.420495	0.540284	0.724258	0.280398	-0.55147	0.30448	0.697746	0.106819	-0.660446	0.256028	-0.0854211	0.645149	0.0635146	0.756605	-0.00963067	0.632465	0.21621	0.74374	0.706213	0.137026	-0.683121	0.125828	0.44296	0.589604	-0.455102	0.499035	0.049798	0.730517	-0.0742148	0.67702	0.392008	0.643349	-0.44761	0.481743
0.384276	0.613107	-0.432665	0.537803	0.420668	0.5976	-0.418244	0.53943	0.724908	0.282919	-0.548539	0.305894	0.696145	0.105533	-0.660222	0.261442	-0.0849047	0.644523	0.0647096	0.757096	-0.00947186	0.631204	0.217353	0.744479	0.708155	0.134651	-0.681488	0.126334	0.443515	0.589744	-0.454987	0.498481	0.0549435	0.73	-0.0671184	0.677921	0.396444	0.64396	-0.453464	0.471718
0.379957	0.618589	-0.431416	0.535594	0.420197	0.59923	-0.417201	0.538796	0.725983	0.287482	-0.544367	0.306541	0.694724	0.104109	-0.660672	0.264636	-0.0843434	0.644353	0.0655704	0.757229	-0.00694646	0.629736	0.221791	0.744442	0.7099	0.135348	-0.678349	0.132538	0.442023	0.592651	-0.452143	0.498946	0.0613399	0.728842	-0.0582137	0.67944	0.409477	0.638971	-0.46999	0.450727
0.377924	0.621422	-0.430663	0.534357	0.419211	0.602728	-0.414747	0.537556	0.727653	0.288157	-0.542725	0.304855	0.690185	0.0971792	-0.662454	0.27451	-0.082133	0.643337	0.0666822	0.758238	-0.00303584	0.62876	0.224738	0.744408	0.711111	0.134593	-0.676705	0.135187	0.44259	0.593229	-0.451697	0.49816	0.0662845	0.728072	-0.0546	0.6801	0.415297	0.635357	-0.47918	0.440723
0.376588	0.623967	-0.430603	0.532379	0.41839	0.604902	-0.414034	0.536302	0.729552	0.289023	-0.540655	0.30317	0.687048	0.0905591	-0.66395	0.280953	-0.0802513	0.642362	0.066828	0.759253	0.00195964	0.627236	0.229929	0.744113	0.712452	0.13267	-0.675318	0.136955	0.44437	0.594665	-0.450266	0.496155	0.0732852	0.727191	-0.0547248	0.680315	0.42223	0.629974	-0.488919	0.43106
0.381236	0.62426	-0.435515	0.524676	0.41671	0.610395	-0.416556	0.529388	0.735746	0.289792	-0.53617	0.29533	0.674432	0.0525811	-0.669388	0.307077	-0.0675883	0.63732	0.0656782	0.764814	0.036102	0.620152	0.246125	0.743997	0.717222	0.123385	-0.670688	0.143337	0.448126	0.595564	-0.449057	0.492783	0.0836536	0.72975	-0.0581776	0.676079	0.433012	0.625229	-0.489326	0.426789
0.387421	0.623621	-0.44187	0.515512	0.418043	0.611616	-0.422127	0.522471	0.742176	0.282047	-0.536909	0.285224	0.661209	0.00930195	-0.672939	0.331466	-0.0522347	0.63218	0.0622006	0.770553	0.0737659	0.611847	0.262333	0.742552	0.718603	0.118877	-0.669575	0.145422	0.454113	0.595209	-0.447696	0.488954	0.0785268	0.73315	-0.0534956	0.673396	0.438807	0.624003	-0.481328	0.43173
0.392077	0.622614	-0.445723	0.509861	0.419288	0.611716	-0.425932	0.51825	0.745684	0.276402	-0.538254	0.278997	0.652331	-0.0166897	-0.673641	0.346979	-0.0420378	0.629173	0.0586273	0.77391	0.0988513	0.606027	0.269335	0.741902	0.722131	0.106484	-0.66745	0.147302	0.465099	0.589504	-0.447816	0.485416	0.075368	0.736531	-0.049886	0.670338	0.443456	0.621728	-0.478887	0.432976
0.400836	0.624458	-0.457932	0.489572	0.425881	0.612318	-0.439165	0.500826	0.754844	0.253814	-0.545517	0.261152	0.612913	-0.100856	-0.669806	0.406848	-0.00623518	0.617948	0.0477391	0.784744	0.190937	0.577777	0.30041	0.734486	0.730898	0.078797	-0.6642	0.135708	0.479622	0.578514	-0.447059	0.485203	0.0870044	0.738637	-0.0570742	0.666024	0.45885	0.612439	-0.475839	0.433535
0.408726	0.624701	-0.469625	0.471322	0.431818	0.61168	-0.449189	0.487454	0.758833	0.2442	-0.545005	0.259824	0.579654	-0.151222	-0.65777	0.456588	0.0192643	0.608253	0.048196	0.792045	0.258647	0.549233	0.327704	0.723917	0.736086	0.0602518	-0.662505	0.12504	0.488089	0.571606	-0.450926	0.481355	0.0968675	0.738152	-0.0618755	0.664771	0.469195	0.605598	-0.476965	0.430827
0.415068	0.624807	-0.478838	0.456123	0.437469	0.610859	-0.459046	0.474077	0.762906	0.233059	-0.544105	0.260015	0.544945	-0.196144	-0.637951	0.507525	0.0483441	0.597889	0.0565035	0.798122	0.324631	0.51454	0.360566	0.707004	0.740505	0.0420017	-0.661278	0.112249	0.491218	0.567606	-0.474299	0.459966	0.11699	0.7373	-0.0705151	0.661612	0.476992	0.600309	-0.476781	0.42987
0.418198	0.62372	-0.483209	0.450103	0.440718	0.609921	-0.463263	0.468136	0.771723	0.195687	-0.539657	0.273717	0.527449	-0.21685	-0.625151	0.532879	0.0662388	0.591952	0.0594635	0.801042	0.356086	0.496054	0.376114	0.696901	0.742716	0.0351466	-0.660612	0.103581	0.489724	0.568606	-0.487297	0.446541	0.120657	0.737575	-0.0726022	0.660419	0.479776	0.598299	-0.475555	0.430931
0.421943	0.621601	-0.487171	0.445242	0.44379	0.608803	-0.46695	0.462998	0.773947	0.181796	-0.537254	0.281627	0.527449	-0.21685	-0.625151	0.532879	0.0826059	0.586351	0.0652889	0.803185	0.386171	0.477457	0.390889	0.685647	0.745336	0.0303729	-0.659477	0.0929669	0.487072	0.571251	-0.500274	0.431461	0.124411	0.737766	-0.0759333	0.659134	0.482399	0.596259	-0.473959	0.432585
0.43369	0.614069	-0.499248	0.430795	0.453727	0.602118	-0.476606	0.452143	0.783354	0.128744	-0.528015	0.301632	0.459661	-0.290069	-0.559179	0.626011	0.122864	0.568007	0.0970956	0.807988	0.467812	0.422195	0.426728	0.648696	0.751594	0.025239	-0.655698	0.0673008	0.478396	0.579408	-0.525239	0.399435	0.135758	0.737718	-0.0907154	0.655066	0.48852	0.590602	-0.468689	0.439167
0.437736	0.61107	-0.503619	0.425851	0.457039	0.599161	-0.479841	0.449305	0.78631	0.110254	-0.523899	0.308368	0.44391	-0.305986	-0.540096	0.64623	0.13583	0.561802	0.10641	0.809077	0.491685	0.404904	0.435024	0.636438	0.758445	0.0258283	-0.650022	0.0395545	0.471511	0.585818	-0.550149	0.363084	0.14159	0.736808	-0.0971972	0.653926	0.490488	0.58854	-0.46768	0.440815
0.444709	0.605825	-0.512643	0.41522	0.46312	0.593138	-0.486874	0.443465	0.791942	0.0725937	-0.51434	0.320956	0.41457	-0.334314	-0.501584	0.681748	0.162707	0.548123	0.119408	0.811683	0.535231	0.371999	0.446951	0.612682	0.764832	0.0280227	-0.643562	0.00862524	0.465042	0.590638	-0.572935	0.326539	0.153094	0.733823	-0.106804	0.653192	0.493105	0.58546	-0.466138	0.443621
0.444709	0.605825	-0.512643	0.41522	0.466242	0.589686	-0.490523	0.440767	0.794198	0.0542174	-0.509642	0.326457	0.41457	-0.334314	-0.501584	0.681748	0.162707	0.548123	0.119408	0.811683	0.55452	0.357136	0.450703	0.601522	0.767647	0.028455	-0.640187	-0.00827479	0.461854	0.59253	-0.583218	0.308959	0.157825	0.732559	-0.109775	0.652991	0.493105	0.58546	-0.466138	0.443621
0.456049	0.596459	-0.52528	0.400422	0.471547	0.5832	-0.498443	0.434828	0.799618	0.0145273	-0.499816	0.332542	0.376211	-0.369695	-0.446599	0.722731	0.197994	0.525534	0.137044	0.815985	0.589102	0.327423	0.455369	0.581714	0.772821	0.0271168	-0.632554	-0.0434621	0.458038	0.593241	-0.602423	0.274504	0.167938	0.728632	-0.114111	0.654118	0.491574	0.585506	-0.461817	0.449736
0.462348	0.590114	-0.533785	0.391245	0.474197	0.579824	-0.502463	0.431823	0.801591	-0.00523329	-0.495249	0.334893	0.364179	-0.379344	-0.429395	0.734229	0.207222	0.518161	0.145628	0.816921	0.604277	0.314253	0.457337	0.571785	0.777068	0.0291095	-0.624502	-0.0728986	0.458648	0.590226	-0.617636	0.244542	0.174193	0.72643	-0.11722	0.654382	0.49222	0.584065	-0.462122	0.45059
0.469178	0.582771	-0.54233	0.382268	0.481609	0.569467	-0.513719	0.424092	0.805038	-0.056899	-0.481954	0.341169	0.330286	-0.40417	-0.381028	0.763135	0.234712	0.496686	0.164132	0.819313	0.645521	0.273705	0.460868	0.544049	0.77952	0.0306641	-0.617979	-0.0975216	0.462325	0.586192	-0.626761	0.223168	0.198687	0.717143	-0.1295	0.655331	0.495167	0.577607	-0.464342	0.453394
0.474471	0.575498	-0.550815	0.374542	0.486659	0.562308	-0.520552	0.419522	0.80479	-0.0893084	-0.475185	0.344291	0.307423	-0.416855	-0.354177	0.778641	0.251921	0.484385	0.173019	0.819739	0.669753	0.249371	0.463756	0.523617	0.779662	0.0315163	-0.614359	-0.117032	0.470646	0.578293	-0.633258	0.207495	0.215107	0.710102	-0.138208	0.656035	0.500199	0.569459	-0.468453	0.453949
0.47957	0.567029	-0.559109	0.368629	0.489217	0.558624	-0.52406	0.417094	0.804036	-0.102794	-0.471671	0.34711	0.284313	-0.425517	-0.332063	0.792361	0.267196	0.474382	0.182998	0.818584	0.68098	0.238418	0.46579	0.512312	0.777753	0.0275427	-0.613581	-0.133646	0.481113	0.569938	-0.634906	0.201484	0.222455	0.706842	-0.142237	0.656244	0.510958	0.554984	-0.478185	0.449726
0.48218	0.562239	-0.563268	0.366223	0.494278	0.55092	-0.531354	0.412116	0.80121	-0.126983	-0.465575	0.353804	0.272282	-0.428565	-0.322827	0.798735	0.274212	0.469859	0.188635	0.817592	0.703333	0.216106	0.469062	0.488469	0.776056	0.0245906	-0.614357	-0.140347	0.485675	0.566318	-0.634127	0.203193	0.237446	0.699898	-0.150648	0.656557	0.518744	0.544834	-0.486325	0.444464
0.48512	0.553287	-0.571029	0.363948	0.499453	0.542659	-0.537603	0.408719	0.797248	-0.149757	-0.460461	0.360477	0.248334	-0.432617	-0.307193	0.810435	0.2884	0.461613	0.196824	0.815475	0.724645	0.193451	0.471868	0.463472	0.771656	0.0229911	-0.618998	-0.144429	0.494765	0.558176	-0.630881	0.213625	0.254178	0.691491	-0.155665	0.658029	0.527295	0.531026	-0.496415	0.439935
0.486417	0.545411	-0.576969	0.364736	0.504179	0.534012	-0.543984	0.405852	0.792951	-0.168197	-0.456092	0.367312	0.225366	-0.434363	-0.29447	0.820869	0.302571	0.455786	0.204275	0.811777	0.743625	0.173411	0.475601	0.436754	0.766858	0.0196855	-0.625684	-0.14164	0.49919	0.549275	-0.63256	0.221301	0.265823	0.684121	-0.153201	0.661699	0.532143	0.520477	-0.503764	0.438348
0.489774	0.536263	-0.579358	0.369983	0.508917	0.524826	-0.549401	0.404622	0.78853	-0.187256	-0.453562	0.370725	0.206869	-0.437027	-0.283513	0.82815	0.314541	0.452385	0.213673	0.806694	0.760657	0.155919	0.479665	0.40867	0.762465	0.0178282	-0.632597	-0.134722	0.497354	0.542298	-0.637812	0.227483	0.272964	0.678719	-0.149302	0.665237	0.535049	0.511143	-0.508689	0.440104
0.493032	0.528705	-0.578458	0.377859	0.513707	0.516263	-0.553007	0.404672	0.78434	-0.204449	-0.452991	0.371229	0.192765	-0.440321	-0.27528	0.832574	0.325367	0.449707	0.221556	0.801756	0.776511	0.136607	0.483394	0.380394	0.758903	0.0172392	-0.638404	-0.127311	0.494622	0.53584	-0.643719	0.232058	0.281181	0.672556	-0.146425	0.668705	0.538449	0.500314	-0.514728	0.441377
0.494047	0.525749	-0.577521	0.382066	0.516199	0.511985	-0.554447	0.404968	0.7823	-0.213085	-0.453467	0.370094	0.187061	-0.442452	-0.271493	0.833988	0.328681	0.449289	0.226993	0.799114	0.783907	0.128264	0.484862	0.365988	0.756492	0.0162512	-0.641588	-0.125778	0.49335	0.533804	-0.64511	0.235568	0.284521	0.67049	-0.144937	0.66969	0.540605	0.493821	-0.518743	0.441353
0.498821	0.517633	-0.575591	0.38978	0.520088	0.503713	-0.557166	0.40663	0.779135	-0.227484	-0.455807	0.365294	0.178063	-0.448023	-0.265103	0.835038	0.334979	0.447648	0.235935	0.794818	0.796588	0.111178	0.486907	0.3406	0.752003	0.014918	-0.647913	-0.12032	0.488027	0.53279	-0.646217	0.245699	0.291668	0.666927	-0.144831	0.670196	0.544954	0.480278	-0.5279	0.440091
0.508664	0.503462	-0.575376	0.395891	0.524153	0.494821	-0.560343	0.40796	0.777906	-0.23533	-0.46017	0.357387	0.180232	-0.456907	-0.261052	0.831026	0.341902	0.445839	0.242552	0.790885	0.805584	0.0949467	0.487546	0.322984	0.748139	0.00793001	-0.653645	-0.113895	0.484326	0.525986	-0.651648	0.253224	0.298983	0.663373	-0.146981	0.670031	0.548113	0.468849	-0.53631	0.438319
0.511586	0.499244	-0.57554	0.397227	0.528178	0.486156	-0.563595	0.408707	0.778564	-0.239925	-0.464321	0.34739	0.190751	-0.466172	-0.260311	0.823733	0.3495	0.444382	0.248284	0.786594	0.811382	0.0863449	0.488113	0.309757	0.746794	0.00488759	-0.655325	-0.113245	0.483211	0.524292	-0.652944	0.255516	0.304745	0.659488	-0.149709	0.670667	0.54851	0.461817	-0.540187	0.440523
0.516821	0.492201	-0.575328	0.39954	0.531994	0.478521	-0.566109	0.409293	0.780264	-0.245601	-0.465672	0.337666	0.199158	-0.472836	-0.255898	0.819316	0.357539	0.440898	0.25129	0.783982	0.817376	0.0786233	0.486223	0.298834	0.743932	0.00124768	-0.659079	-0.110352	0.480897	0.521239	-0.655819	0.258746	0.306182	0.656693	-0.14996	0.672696	0.548502	0.456231	-0.542499	0.443502
0.520996	0.487045	-0.574341	0.401849	0.534583	0.472688	-0.568158	0.409858	0.782318	-0.251188	-0.465671	0.328685	0.208085	-0.47854	-0.251162	0.815241	0.365097	0.438459	0.252653	0.781424	0.821353	0.0732444	0.484855	0.291428	0.741388	0.00208429	-0.662746	-0.105387	0.477754	0.520421	-0.657616	0.261637	0.307749	0.654459	-0.149855	0.674179	0.549422	0.450358	-0.545998	0.444071
0.523809	0.484133	-0.571186	0.406184	0.536206	0.468639	-0.568644	0.411709	0.78505	-0.253346	-0.466003	0.319928	0.220664	-0.483484	-0.248184	0.809911	0.370585	0.437556	0.254056	0.778888	0.823907	0.0712044	0.483968	0.28615	0.740309	0.00495879	-0.664923	-0.0989741	0.473212	0.522531	-0.658068	0.264535	0.309012	0.653399	-0.149203	0.674774	0.549873	0.446585	-0.548584	0.444136
0.525491	0.482386	-0.569191	0.408882	0.535887	0.467055	-0.567807	0.415067	0.78925	-0.252391	-0.46566	0.310714	0.236121	-0.486545	-0.246104	0.804334	0.374803	0.436823	0.254853	0.777018	0.825891	0.070296	0.483044	0.28219	0.74078	0.0057008	-0.664843	-0.0958935	0.470965	0.522887	-0.659885	0.26331	0.307554	0.653583	-0.147085	0.675726	0.54737	0.448366	-0.546024	0.448566
0.525851	0.482246	-0.567596	0.410796	0.534954	0.467155	-0.567076	0.41715	0.792134	-0.251057	-0.464762	0.305761	0.244985	-0.486944	-0.245578	0.801598	0.376013	0.43621	0.256062	0.776381	0.82689	0.0688442	0.482602	0.280372	0.74112	0.00592453	-0.664601	-0.0949265	0.469657	0.523316	-0.660979	0.262049	0.306524	0.653451	-0.146088	0.676537	0.546231	0.449778	-0.544369	0.450548
0.521465	0.487357	-0.562449	0.417382	0.531108	0.470014	-0.561365	0.426475	0.800841	-0.24432	-0.461608	0.293052	0.281112	-0.484047	-0.249401	0.790237	0.377331	0.43361	0.263562	0.774686	0.830214	0.0580671	0.482177	0.273638	0.743948	0.00907649	-0.662031	-0.0904098	0.465061	0.525176	-0.665973	0.253749	0.302566	0.65564	-0.138878	0.677719	0.540788	0.459189	-0.53781	0.455472
0.519185	0.490154	-0.559511	0.420884	0.528677	0.47252	-0.558642	0.430284	0.811823	-0.2339	-0.456998	0.278185	0.296898	-0.481805	-0.251209	0.785245	0.377424	0.431503	0.266793	0.774711	0.831633	0.0523722	0.481665	0.271372	0.747646	0.0140497	-0.658579	-0.0842779	0.458104	0.531326	-0.667617	0.24924	0.300069	0.657121	-0.134887	0.678201	0.538376	0.463711	-0.534374	0.457786
0.516947	0.492968	-0.556407	0.424453	0.522576	0.478964	-0.551343	0.43992	0.819293	-0.227459	-0.453024	0.267937	0.314716	-0.47804	-0.253097	0.779983	0.377407	0.425763	0.275613	0.774808	0.835206	0.0361846	0.480024	0.265892	0.747646	0.0140497	-0.658579	-0.0842779	0.454143	0.534899	-0.668511	0.246433	0.292608	0.660585	-0.12558	0.67988	0.536337	0.467972	-0.531653	0.45901
0.509265	0.502292	-0.549647	0.431555	0.517956	0.483712	-0.546772	0.445852	0.835898	-0.211522	-0.443712	0.244239	0.3548	-0.465994	-0.261106	0.767327	0.376311	0.421636	0.281367	0.775529	0.837175	0.0257701	0.47833	0.263959	0.752491	0.0299528	-0.654606	-0.0659609	0.445772	0.543332	-0.669437	0.240692	0.287818	0.662791	-0.119525	0.68087	0.531612	0.47779	-0.525658	0.461291
0.502807	0.509547	-0.544388	0.437252	0.512625	0.489403	-0.54112	0.452647	0.845271	-0.201457	-0.437235	0.231856	0.377829	-0.458615	-0.264801	0.759472	0.375144	0.416127	0.287242	0.776915	0.839392	0.0147454	0.475767	0.262391	0.752491	0.0299528	-0.654606	-0.0659609	0.445772	0.543332	-0.669437	0.240692	0.282166	0.665991	-0.112929	0.681238	0.529627	0.482406	-0.522488	0.46237
0.494591	0.51808	-0.537851	0.444623	0.507078	0.495548	-0.534159	0.46041	0.854934	-0.191312	-0.429824	0.218493	0.402295	-0.450196	-0.267307	0.751019	0.373695	0.408892	0.293794	0.779002	0.841774	0.00174085	0.472227	0.261561	0.754082	0.0388429	-0.653094	-0.057617	0.439405	0.550785	-0.667893	0.239745	0.276297	0.66971	-0.106176	0.681084	0.528686	0.485673	-0.520267	0.462531
0.475267	0.53721	-0.522686	0.460789	0.492924	0.509749	-0.517669	0.478749	0.873726	-0.169484	-0.413591	0.191888	0.4527	-0.429318	-0.270869	0.733062	0.366727	0.390991	0.310814	0.784877	0.845842	-0.0282359	0.46308	0.263268	0.755507	0.0631931	-0.651134	-0.0352227	0.420584	0.575144	-0.658312	0.242783	0.265553	0.677184	-0.0928911	0.679908	0.525393	0.493722	-0.513906	0.464867
0.451823	0.559096	-0.503549	0.479276	0.474518	0.526343	-0.497075	0.500711	0.891057	-0.146218	-0.394661	0.16994	0.50598	-0.405299	-0.269602	0.712061	0.354721	0.370555	0.330426	0.792263	0.84813	-0.0598707	0.45197	0.269841	0.752667	0.100109	-0.650727	-0.00496112	0.388538	0.618175	-0.633182	0.256863	0.253603	0.685444	-0.0753058	0.678366	0.525852	0.496693	-0.511831	0.46347
0.419704	0.586173	-0.477575	0.502168	0.452192	0.545324	-0.469322	0.527144	0.905079	-0.118884	-0.376806	0.15721	0.558092	-0.378732	-0.264866	0.68916	0.338411	0.345369	0.349599	0.802483	0.84988	-0.0906167	0.436139	0.281558	0.741747	0.158699	-0.650523	0.0380238	0.33272	0.683695	-0.582151	0.288025	0.237281	0.694022	-0.0557866	0.677436	0.526164	0.498962	-0.506876	0.466117
0.37446	0.61925	-0.442779	0.529391	0.422867	0.567317	-0.432886	0.55852	0.919018	-0.0860563	-0.352854	0.153281	0.605594	-0.343127	-0.256724	0.670532	0.315962	0.319705	0.368878	0.813564	0.84793	-0.121353	0.419227	0.300892	0.717312	0.238953	-0.647632	0.0945405	0.25167	0.759392	-0.500382	0.331065	0.212801	0.706343	-0.0280336	0.674544	0.522914	0.503874	-0.492864	0.479329
0.318659	0.653063	-0.396306	0.561166	0.383816	0.593108	-0.388731	0.591436	0.92983	-0.0555369	-0.324755	0.163906	0.634513	-0.305306	-0.248892	0.665007	0.286297	0.292032	0.384925	0.827396	0.842487	-0.150332	0.400754	0.327128	0.676894	0.335876	-0.635482	0.158637	0.16081	0.820241	-0.39689	0.379241	0.168768	0.72033	0.0186952	0.672527	0.511387	0.51561	-0.464749	0.506594
0.318659	0.653063	-0.396306	0.561166	0.383816	0.593108	-0.388731	0.591436	0.92983	-0.0555369	-0.324755	0.163906	0.634513	-0.305306	-0.248892	0.665007	0.286297	0.292032	0.384925	0.827396	0.842487	-0.150332	0.400754	0.327128	0.676894	0.335876	-0.635482	0.158637	0.16081	0.820241	-0.39689	0.379241	0.168768	0.72033	0.0186952	0.672527	0.511387	0.51561	-0.464749	0.506594
0.260528	0.679162	-0.348875	0.59089	0.347586	0.614955	-0.343538	0.618867	0.92983	-0.0555369	-0.324755	0.163906	0.629859	-0.27485	-0.241715	0.685061	0.25025	0.266264	0.401661	0.839731	0.832632	-0.176832	0.3838	0.357983	0.637795	0.41332	-0.614788	0.21076	0.0843427	0.851042	-0.307258	0.41738	0.168768	0.72033	0.0186952	0.672527	0.49927	0.525017	-0.434689	0.534913
0.241274	0.688198	-0.332686	0.597906	0.329829	0.624559	-0.324699	0.629054	0.923435	-0.0370815	-0.291268	0.247095	0.611345	-0.259662	-0.239255	0.708231	0.232074	0.25572	0.409761	0.844302	0.826643	-0.188545	0.377186	0.372616	0.624494	0.436529	-0.606086	0.228276	0.0622472	0.857118	-0.279901	0.427936	0.0976517	0.734878	0.0876294	0.665387	0.491908	0.529879	-0.420149	0.548389
0.225744	0.696683	-0.313353	0.604552	0.298227	0.642571	-0.295839	0.640814	0.89852	-0.0322708	-0.269157	0.345216	0.545686	-0.225863	-0.239576	0.770594	0.200363	0.241246	0.423164	0.850051	0.813169	-0.208305	0.370096	0.397988	0.60639	0.463443	-0.596512	0.248367	0.0370872	0.861608	-0.252692	0.438638	0.0753774	0.734104	0.110485	0.665735	0.480369	0.536123	-0.401922	0.56593
0.223477	0.69914	-0.304791	0.606929	0.265375	0.665291	-0.267237	0.644631	0.855068	-0.0225405	-0.247196	0.455242	0.408426	-0.160764	-0.232781	0.867846	0.161805	0.233744	0.439789	0.851921	0.797989	-0.222537	0.371098	0.419497	0.598259	0.47297	-0.596026	0.251273	0.0251694	0.861289	-0.247612	0.442985	0.0686988	0.732357	0.12203	0.666366	0.474218	0.537829	-0.398159	0.572124
0.223664	0.699668	-0.30354	0.606879	0.258237	0.670842	-0.262061	0.643902	0.800225	-0.0106049	-0.223002	0.556595	0.36334	-0.136713	-0.226348	0.893342	0.150926	0.234272	0.442504	0.852366	0.785966	-0.22867	0.374698	0.435396	0.598979	0.473113	-0.596067	0.249181	0.0270594	0.8602	-0.249969	0.443667	0.0700093	0.729682	0.124267	0.668746	0.473289	0.537476	-0.398774	0.572796
0.221892	0.701581	-0.300082	0.607041	0.246647	0.679619	-0.253031	0.642852	0.751431	-0.00148649	-0.194975	0.630344	0.294833	-0.0981076	-0.208544	0.927339	0.13485	0.237363	0.444085	0.853383	0.775993	-0.228877	0.379069	0.449173	0.598147	0.476156	-0.595575	0.246547	0.0253331	0.858263	-0.249925	0.447527	0.0731377	0.72759	0.122791	0.670959	0.470639	0.537272	-0.398831	0.575127
0.207669	0.712534	-0.287877	0.605224	0.23348	0.690418	-0.24008	0.641227	0.724246	-0.00376491	-0.179287	0.665815	0.258866	-0.0794258	-0.196096	0.942458	0.122149	0.238123	0.443451	0.855411	0.766502	-0.229238	0.38153	0.462991	0.595202	0.481654	-0.594673	0.245169	0.0248886	0.856326	-0.250493	0.450931	0.0710833	0.726486	0.124655	0.672031	0.469875	0.535383	-0.399099	0.577324
0.186828	0.72725	-0.27369	0.601079	0.225753	0.695608	-0.230367	0.641948	0.71554	-0.0167752	-0.180976	0.674514	0.245359	-0.0768902	-0.19192	0.947129	0.107924	0.236113	0.443486	0.85786	0.759404	-0.227867	0.380893	0.475713	0.59288	0.486329	-0.593336	0.244807	0.0222988	0.85495	-0.247922	0.45508	0.0697586	0.725961	0.124422	0.67278	0.469691	0.533674	-0.398602	0.579394
0.181192	0.731201	-0.268601	0.600307	0.224388	0.695804	-0.228501	0.642879	0.714605	-0.0197964	-0.182346	0.675054	0.246244	-0.0787841	-0.195883	0.945932	0.0978232	0.232447	0.444577	0.859506	0.756661	-0.227926	0.379739	0.48095	0.592662	0.487404	-0.593738	0.242207	0.0251592	0.853944	-0.250238	0.455551	0.0701343	0.726335	0.123608	0.672488	0.469818	0.533903	-0.399741	0.578296
0.181223	0.731012	-0.267846	0.600864	0.224876	0.695757	-0.229099	0.642547	0.716845	-0.0271581	-0.185496	0.671555	0.250097	-0.0808679	-0.196278	0.944662	0.0965178	0.230891	0.444539	0.860093	0.754296	-0.228406	0.377562	0.486123	0.59259	0.487248	-0.594532	0.240747	0.0264544	0.853709	-0.251924	0.454989	0.0728245	0.726394	0.12021	0.672754	0.470391	0.533675	-0.401845	0.57658
0.181762	0.730337	-0.26859	0.601191	0.228071	0.695075	-0.231921	0.641145	0.718646	-0.0295692	-0.186676	0.669198	0.258248	-0.0848673	-0.196471	0.942075	0.0985225	0.230942	0.444676	0.859781	0.754404	-0.228704	0.377233	0.48607	0.593279	0.486014	-0.595955	0.238008	0.0288167	0.853451	-0.25464	0.453817	0.07513	0.726193	0.118008	0.673107	0.47184	0.533642	-0.406177	0.572375
0.181909	0.729618	-0.269178	0.601756	0.230342	0.694628	-0.233883	0.640104	0.72296	-0.0347772	-0.188028	0.663901	0.262108	-0.0860671	-0.196614	0.940869	0.100667	0.232863	0.44473	0.858985	0.755886	-0.228523	0.379325	0.48221	0.594452	0.484518	-0.596525	0.236701	0.0303244	0.853393	-0.255504	0.453341	0.0794865	0.726867	0.11397	0.672575	0.472842	0.533569	-0.408002	0.570315
0.184949	0.72774	-0.271758	0.601943	0.235177	0.694264	-0.238662	0.63697	0.724817	-0.0362988	-0.188271	0.661722	0.268262	-0.0885927	-0.195805	0.939067	0.105578	0.238447	0.443726	0.857382	0.755886	-0.228523	0.379325	0.48221	0.595926	0.482394	-0.59736	0.235222	0.032397	0.853251	-0.256514	0.452895	0.0815888	0.72707	0.111881	0.672455	0.47397	0.533353	-0.409608	0.568426
0.186633	0.726825	-0.273608	0.601691	0.237322	0.694317	-0.240712	0.635342	0.728103	-0.0389447	-0.188904	0.657773	0.270651	-0.0898642	-0.195977	0.938224	0.108213	0.241785	0.442337	0.856836	0.759347	-0.222641	0.385782	0.474338	0.59577	0.48232	-0.59763	0.235082	0.0321569	0.853281	-0.256367	0.452938	0.0828227	0.727264	0.109358	0.672509	0.47375	0.533594	-0.408967	0.568845
0.18797	0.72613	-0.275306	0.601339	0.239419	0.694014	-0.242461	0.634221	0.729361	-0.039923	-0.189411	0.656172	0.274169	-0.0926014	-0.196331	0.936862	0.112734	0.247029	0.440635	0.855633	0.759881	-0.220554	0.387993	0.47265	0.596652	0.481417	-0.59797	0.233831	0.0333446	0.853108	-0.257112	0.452757	0.0827106	0.727597	0.108333	0.672329	0.473878	0.533719	-0.40844	0.569
0.18797	0.72613	-0.275306	0.601339	0.240924	0.693914	-0.243902	0.633207	0.730602	-0.0406414	-0.189542	0.654708	0.274169	-0.0926014	-0.196331	0.936862	0.112734	0.247029	0.440635	0.855633	0.760174	-0.218754	0.389889	0.471454	0.596652	0.481417	-0.59797	0.233831	0.0333446	0.853108	-0.257112	0.452757	0.0834319	0.727539	0.107053	0.672507	0.473878	0.533719	-0.40844	0.569
0.187952	0.726502	-0.276113	0.600526	0.241889	0.694179	-0.245145	0.632068	0.731725	-0.0415603	-0.189758	0.653333	0.275061	-0.0942303	-0.19588	0.936532	0.114106	0.248963	0.439833	0.855303	0.760512	-0.217159	0.391322	0.470458	0.596905	0.48135	-0.597961	0.233345	0.033592	0.853035	-0.257033	0.452921	0.0844838	0.727282	0.106346	0.672766	0.474438	0.533474	-0.409101	0.568287
0.189485	0.726676	-0.277967	0.598975	0.243219	0.694776	-0.247353	0.630037	0.733615	-0.042926	-0.19038	0.650939	0.275894	-0.0965085	-0.196055	0.936019	0.114742	0.251415	0.438294	0.855291	0.761503	-0.214626	0.39251	0.469026	0.59746	0.481146	-0.597826	0.232689	0.0341198	0.852793	-0.257278	0.453197	0.0858488	0.726833	0.105477	0.673215	0.475073	0.533216	-0.410039	0.567322
0.191526	0.727052	-0.280408	0.596728	0.243476	0.695264	-0.248575	0.628919	0.734455	-0.0423842	-0.190933	0.649864	0.276311	-0.0982466	-0.196817	0.935555	0.114318	0.252534	0.438034	0.855152	0.761738	-0.213616	0.393133	0.468583	0.597476	0.481263	-0.597861	0.232317	0.0344463	0.852645	-0.257698	0.453213	0.0863698	0.726427	0.104182	0.673788	0.474536	0.533691	-0.409365	0.567811
0.191616	0.72772	-0.28117	0.595525	0.243347	0.695369	-0.248696	0.628803	0.73431	-0.0428653	-0.191616	0.649796	0.275644	-0.0992377	-0.198038	0.935389	0.113415	0.252278	0.438123	0.855302	0.76164	-0.213401	0.393221	0.468767	0.597384	0.481491	-0.597909	0.231954	0.0344885	0.852548	-0.25768	0.453402	0.0864577	0.726331	0.10412	0.673889	0.474452	0.534105	-0.409296	0.567542
0.192137	0.72762	-0.281709	0.595224	0.243135	0.695066	-0.249264	0.628996	0.733569	-0.0433097	-0.192431	0.650363	0.275126	-0.0998144	-0.197723	0.935547	0.113043	0.251911	0.43844	0.855297	0.761071	-0.213865	0.392908	0.46974	0.597148	0.481717	-0.597861	0.232219	0.0340061	0.85259	-0.257421	0.453507	0.0870013	0.72594	0.103781	0.674293	0.474619	0.534153	-0.409543	0.567179
0.193115	0.727065	-0.282677	0.595127	0.24261	0.694805	-0.249083	0.629559	0.733198	-0.0436605	-0.192739	0.650666	0.274051	-0.100577	-0.198082	0.935705	0.112288	0.250515	0.439028	0.855504	0.76086	-0.214536	0.392489	0.470127	0.596488	0.482317	-0.597842	0.232718	0.0332384	0.852852	-0.256867	0.453384	0.0864317	0.725995	0.104287	0.67423	0.474961	0.534214	-0.409906	0.566572
0.19284	0.726686	-0.282601	0.595715	0.242388	0.694547	-0.248844	0.630023	0.732201	-0.0447156	-0.193049	0.651625	0.27378	-0.100559	-0.197982	0.935807	0.111878	0.249815	0.439334	0.855606	0.76092	-0.215498	0.391273	0.470603	0.596277	0.482626	-0.597764	0.232816	0.0328479	0.852965	-0.256375	0.45348	0.0864541	0.726126	0.104231	0.674094	0.475881	0.533957	-0.411059	0.565206
0.192883	0.726227	-0.282903	0.596118	0.241961	0.693681	-0.248559	0.631252	0.73102	-0.0467987	-0.193701	0.65261	0.272559	-0.101852	-0.197325	0.936163	0.111058	0.247769	0.440024	0.855953	0.761031	-0.216777	0.389439	0.471357	0.596071	0.483009	-0.59756	0.233075	0.0325457	0.853077	-0.255888	0.453566	0.0869712	0.726324	0.104368	0.673793	0.477112	0.533241	-0.412576	0.563737
0.192496	0.725959	-0.28289	0.596575	0.241653	0.693995	-0.248759	0.630947	0.730748	-0.0477138	-0.193953	0.652773	0.272192	-0.102867	-0.197142	0.936197	0.11101	0.247291	0.440211	0.856001	0.760831	-0.21761	0.389124	0.471556	0.595733	0.483247	-0.59769	0.233114	0.0318102	0.853207	-0.255534	0.453572	0.0871756	0.72667	0.104345	0.673397	0.478036	0.532681	-0.41338	0.562894
0.191995	0.725875	-0.282994	0.59679	0.241873	0.693662	-0.248918	0.631165	0.730584	-0.0480568	-0.194071	0.652896	0.272374	-0.103045	-0.197263	0.936099	0.111122	0.247216	0.440549	0.855834	0.760753	-0.21781	0.38927	0.471469	0.595448	0.483601	-0.59775	0.23295	0.0318013	0.853352	-0.255658	0.453231	0.0869145	0.726834	0.104163	0.673281	0.477423	0.533115	-0.412033	0.563989
0.191513	0.726048	-0.282809	0.596822	0.24252	0.693388	-0.249325	0.631058	0.730274	-0.0490162	-0.194603	0.653014	0.272896	-0.103908	-0.197689	0.935762	0.111588	0.247611	0.440747	0.855558	0.760653	-0.217966	0.389835	0.471091	0.595212	0.483889	-0.597758	0.232937	0.0314022	0.853365	-0.255463	0.453344	0.0866913	0.726682	0.104068	0.673489	0.476755	0.533676	-0.411262	0.564587
0.190823	0.726468	-0.282711	0.596578	0.242911	0.693113	-0.24921	0.631255	0.730255	-0.0497147	-0.19495	0.652879	0.273348	-0.104302	-0.197401	0.935647	0.111765	0.247967	0.440726	0.855443	0.760871	-0.21763	0.39003	0.470732	0.595275	0.483898	-0.597707	0.232889	0.0311776	0.853485	-0.255149	0.45331	0.0868632	0.726553	0.104409	0.673553	0.476166	0.534272	-0.410665	0.564954
0.191442	0.727485	-0.284039	0.594506	0.244021	0.692091	-0.248588	0.632193	0.7298	-0.0502205	-0.195793	0.653097	0.274888	-0.104572	-0.199494	0.934721	0.111823	0.248643	0.440763	0.85522	0.760896	-0.217468	0.390349	0.470503	0.595261	0.483853	-0.597757	0.23289	0.0313995	0.853401	-0.255393	0.453316	0.0870202	0.726784	0.104035	0.673341	0.476103	0.534467	-0.410793	0.56473
0.191917	0.728267	-0.284546	0.593151	0.244753	0.691719	-0.247414	0.632777	0.729281	-0.0504177	-0.195938	0.653617	0.275871	-0.103551	-0.200246	0.934384	0.111085	0.249038	0.44169	0.854722	0.760324	-0.218082	0.391082	0.470535	0.595351	0.483713	-0.597889	0.232612	0.0313149	0.85325	-0.255422	0.45359	0.0873728	0.72687	0.103539	0.67328	0.475883	0.534671	-0.410916	0.564633
0.19256	0.728274	-0.284474	0.592969	0.244857	0.691956	-0.246808	0.632715	0.728985	-0.0503852	-0.195436	0.6541	0.276206	-0.102613	-0.200598	0.934313	0.110566	0.249109	0.442463	0.854369	0.759922	-0.218854	0.39137	0.470586	0.595236	0.483464	-0.598174	0.232689	0.0312493	0.853239	-0.255568	0.453533	0.0874451	0.726917	0.103505	0.673225	0.476072	0.534549	-0.411376	0.564253
0.19269	0.7284	-0.284203	0.592901	0.244783	0.692643	-0.245457	0.632517	0.72828	-0.0501857	-0.194461	0.655191	0.276438	-0.100908	-0.200748	0.934398	0.109079	0.249103	0.444491	0.853509	0.758549	-0.221033	0.392241	0.471058	0.595152	0.483549	-0.598212	0.232629	0.0308546	0.853208	-0.255278	0.453782	0.0869843	0.726966	0.103568	0.673222	0.475843	0.53472	-0.411332	0.564317
0.192674	0.729056	-0.283887	0.592252	0.244565	0.693238	-0.24425	0.632416	0.72727	-0.0502418	-0.193248	0.656666	0.275544	-0.0997611	-0.200129	0.934918	0.107152	0.248626	0.446309	0.852943	0.757019	-0.223083	0.392769	0.47211	0.594659	0.484046	-0.59821	0.23286	0.0306026	0.853126	-0.255285	0.453949	0.0865023	0.727097	0.103945	0.673085	0.475564	0.534926	-0.411122	0.564511
0.192657	0.729674	-0.283702	0.591585	0.243957	0.693765	-0.243422	0.632392	0.726004	-0.0504023	-0.1926	0.658243	0.27337	-0.100191	-0.198904	0.935771	0.10534	0.247766	0.447316	0.852892	0.755797	-0.224395	0.392696	0.473506	0.594472	0.484272	-0.598204	0.232885	0.0302123	0.853112	-0.255034	0.454142	0.0863206	0.726998	0.103803	0.673236	0.475066	0.53526	-0.410647	0.564959
0.192292	0.73016	-0.283332	0.591281	0.243348	0.694162	-0.242359	0.6326	0.72482	-0.0511227	-0.192582	0.659496	0.270874	-0.100757	-0.198429	0.936537	0.10365	0.247436	0.447773	0.852954	0.75481	-0.224881	0.392794	0.474767	0.594174	0.48467	-0.598188	0.23286	0.0297175	0.853094	-0.254745	0.45437	0.0856725	0.726953	0.104417	0.673273	0.475067	0.535255	-0.410522	0.565053
0.192052	0.730357	-0.283084	0.591234	0.243026	0.694418	-0.241839	0.632642	0.72437	-0.0506865	-0.192291	0.660108	0.269825	-0.100699	-0.198356	0.936861	0.103116	0.24748	0.447906	0.852936	0.754396	-0.224981	0.392932	0.475263	0.594136	0.484548	-0.598382	0.232711	0.0296758	0.853128	-0.254877	0.454236	0.0857024	0.727002	0.104182	0.673253	0.475058	0.535225	-0.410495	0.565109
0.191533	0.730693	-0.282521	0.591257	0.242424	0.69483	-0.241143	0.632686	0.723457	-0.0506819	-0.191812	0.661249	0.268378	-0.0999546	-0.198106	0.937409	0.102184	0.247733	0.448059	0.852895	0.753657	-0.225101	0.3933	0.476074	0.593508	0.485182	-0.598322	0.233147	0.0286965	0.85324	-0.254489	0.454306	0.0856349	0.72704	0.104293	0.673203	0.474617	0.535761	-0.409785	0.565486
0.191415	0.730747	-0.282126	0.591417	0.242093	0.695083	-0.240984	0.632596	0.72306	-0.0504896	-0.191583	0.661764	0.267182	-0.0992059	-0.198337	0.937782	0.101269	0.247962	0.448028	0.852954	0.753395	-0.224807	0.393437	0.476514	0.593679	0.485147	-0.598169	0.233177	0.0287788	0.853353	-0.25424	0.454227	0.085259	0.727046	0.104662	0.673188	0.474853	0.535688	-0.4098	0.565347
0.191238	0.731008	-0.281976	0.591223	0.241581	0.695241	-0.241086	0.632579	0.722791	-0.0496546	-0.191942	0.662016	0.266443	-0.0994711	-0.198905	0.937843	0.100851	0.247887	0.447531	0.853286	0.753392	-0.224269	0.393136	0.477021	0.59347	0.485516	-0.598029	0.233299	0.0288024	0.853323	-0.254127	0.454345	0.0853007	0.727291	0.104606	0.672926	0.474648	0.535851	-0.409215	0.565787
