FULLBODY	1																																						
Frames:	112																																						
0.433022	0.550142	-0.457563	0.548153	0.465619	0.536536	-0.446202	0.544272	0.731601	0.199358	-0.592065	0.272902	0.703499	0.0356201	-0.676206	0.215791	0.0508904	0.645135	0.00523481	0.762354	0.111298	0.65185	0.147809	0.73543	0.710441	0.116446	-0.683954	0.11799	0.458973	0.579788	-0.469376	0.482571	0.044452	0.731466	-0.116906	0.670309	0.379049	0.638229	-0.447922	0.498349
0.429209	0.560306	-0.460085	0.538664	0.461408	0.547625	-0.441496	0.540639	0.72777	0.223334	-0.584732	0.280288	0.699687	0.0620423	-0.674951	0.225899	0.0278153	0.652729	0.00302656	0.757075	0.0866852	0.658633	0.15118	0.732006	0.71395	0.112708	-0.681824	0.112642	0.46285	0.579792	-0.4692	0.479022	0.0430826	0.733685	-0.119208	0.667563	0.381686	0.638538	-0.446715	0.497022
0.428772	0.56034	-0.460621	0.538519	0.461233	0.547416	-0.442836	0.539903	0.727634	0.223613	-0.585371	0.279082	0.699603	0.0621393	-0.675465	0.224592	0.0280266	0.652542	0.0014612	0.757232	0.0862693	0.658825	0.149425	0.732243	0.714136	0.112441	-0.681655	0.112754	0.462733	0.579975	-0.46888	0.479227	0.0431643	0.733417	-0.118869	0.667912	0.381891	0.63861	-0.446663	0.496819
0.428239	0.560462	-0.461695	0.537896	0.460432	0.547693	-0.444286	0.539115	0.727536	0.224088	-0.585999	0.277634	0.699418	0.0623453	-0.676112	0.223158	0.0278139	0.65246	0.00026117	0.757313	0.0863036	0.659148	0.148328	0.732171	0.714229	0.112287	-0.681555	0.11292	0.462586	0.580162	-0.468515	0.4795	0.0434232	0.733511	-0.119013	0.667766	0.382132	0.638627	-0.446488	0.496768
0.427857	0.560426	-0.462025	0.537953	0.460226	0.547546	-0.444748	0.539059	0.727262	0.224837	-0.586428	0.276841	0.699376	0.0629014	-0.676494	0.221974	0.0275543	0.652439	-8.70E-05	0.75734	0.0863389	0.659347	0.14829	0.731995	0.714677	0.111167	-0.681485	0.111614	0.463144	0.579869	-0.468379	0.479449	0.0431595	0.733426	-0.11883	0.667909	0.382323	0.638664	-0.446347	0.496701
0.427813	0.560292	-0.46228	0.537909	0.460029	0.547659	-0.445053	0.53886	0.72736	0.224852	-0.586591	0.276224	0.699277	0.0629173	-0.676698	0.221659	0.0274923	0.652474	-0.000180801	0.757312	0.0864786	0.659402	0.148204	0.731947	0.714875	0.111196	-0.6813	0.111443	0.463382	0.579779	-0.468308	0.479397	0.0431967	0.733404	-0.11881	0.667935	0.382478	0.638635	-0.446321	0.496643
0.427864	0.559862	-0.463114	0.537598	0.459504	0.547735	-0.44616	0.538316	0.72755	0.225265	-0.58681	0.27492	0.69865	0.062463	-0.677161	0.222352	0.0280876	0.652421	-0.00123308	0.757335	0.0870833	0.6596	0.14752	0.731835	0.714729	0.11171	-0.681228	0.112298	0.463064	0.58011	-0.4681	0.479506	0.0436922	0.733518	-0.119705	0.667617	0.382802	0.638672	-0.446164	0.496486
0.428141	0.559464	-0.463543	0.537423	0.459414	0.547528	-0.446793	0.538078	0.727789	0.22503	-0.587022	0.274026	0.698016	0.0615464	-0.677676	0.223026	0.028492	0.652272	-0.002037	0.757447	0.0875213	0.659714	0.146966	0.731791	0.714692	0.11174	-0.681166	0.112882	0.462587	0.580533	-0.468033	0.47952	0.0437546	0.73345	-0.119725	0.667684	0.383228	0.638528	-0.446452	0.496083
0.428569	0.558911	-0.464039	0.537229	0.459414	0.547528	-0.446793	0.538078	0.727789	0.22503	-0.587022	0.274026	0.697172	0.0602745	-0.678336	0.224006	0.028492	0.652272	-0.002037	0.757447	0.0875213	0.659714	0.146966	0.731791	0.71464	0.111119	-0.681289	0.113083	0.462061	0.580986	-0.468198	0.479317	0.0437546	0.73345	-0.119725	0.667684	0.383501	0.638456	-0.446698	0.495744
0.429018	0.558422	-0.464567	0.536922	0.45931	0.547183	-0.448486	0.537108	0.728229	0.224241	-0.587683	0.272078	0.696033	0.0587603	-0.679155	0.225463	0.0304586	0.651679	-0.00574856	0.757861	0.0896495	0.660218	0.145645	0.731343	0.714681	0.11015	-0.681374	0.11326	0.461134	0.581699	-0.468278	0.479268	0.0432355	0.733127	-0.118903	0.66822	0.38348	0.638558	-0.446697	0.495629
0.430021	0.557322	-0.46602	0.536003	0.459151	0.547192	-0.449299	0.536555	0.72845	0.224065	-0.587911	0.271137	0.691772	0.0553488	-0.682333	0.229805	0.0320888	0.651141	-0.00803734	0.758236	0.0912498	0.660368	0.145374	0.731063	0.71414	0.108746	-0.681772	0.115609	0.45781	0.58399	-0.46867	0.479284	0.0427762	0.73293	-0.118335	0.668566	0.383461	0.638519	-0.447296	0.495154
0.430381	0.556809	-0.46664	0.535707	0.458631	0.547179	-0.450915	0.535658	0.729321	0.224408	-0.587326	0.269779	0.688651	0.052772	-0.684519	0.233259	0.0366288	0.64953	-0.0139152	0.759326	0.0958588	0.658374	0.151522	0.731024	0.714002	0.107249	-0.681945	0.116835	0.455403	0.585595	-0.46919	0.479111	0.0430484	0.732071	-0.11755	0.669628	0.383379	0.638549	-0.447836	0.49469
0.429991	0.557054	-0.466894	0.535546	0.456248	0.548922	-0.452926	0.534209	0.730094	0.225882	-0.585773	0.269833	0.68137	0.0442596	-0.68865	0.244004	0.04029	0.644497	-0.0164039	0.763368	0.107459	0.651678	0.168208	0.731761	0.713515	0.103191	-0.682556	0.119856	0.449723	0.589031	-0.470484	0.478995	0.0427028	0.730354	-0.113886	0.672152	0.383112	0.638494	-0.449691	0.493283
0.428989	0.557701	-0.466388	0.536115	0.454458	0.549953	-0.453595	0.534108	0.731365	0.225512	-0.584218	0.270072	0.675954	0.0397647	-0.690595	0.254133	0.0433557	0.640363	-0.0181086	0.766634	0.118742	0.644569	0.180608	0.733356	0.71298	0.101637	-0.682994	0.121854	0.446741	0.590563	-0.471637	0.478765	0.0419813	0.729505	-0.111034	0.673596	0.382652	0.638415	-0.45052	0.492986
0.427306	0.558738	-0.466013	0.536706	0.449693	0.552535	-0.455209	0.534103	0.73326	0.224488	-0.579324	0.276258	0.664375	0.0257661	-0.692181	0.280761	0.0471547	0.629357	-0.0127186	0.77558	0.152	0.624986	0.213401	0.735356	0.712169	0.100835	-0.683422	0.124828	0.443138	0.592468	-0.472953	0.478462	0.0394004	0.727319	-0.104328	0.677178	0.381271	0.638733	-0.450406	0.493748
0.417646	0.564707	-0.464019	0.539781	0.443855	0.555633	-0.454954	0.535987	0.734162	0.220484	-0.573755	0.288441	0.639869	-0.00821132	-0.69039	0.337433	0.0517937	0.614393	0.00126662	0.787297	0.199112	0.595561	0.2531	0.735936	0.707518	0.0982248	-0.684936	0.143642	0.421872	0.60347	-0.477911	0.479008	0.0351631	0.72384	-0.0952382	0.682458	0.373874	0.638957	-0.449449	0.499947
0.413224	0.567226	-0.462488	0.541853	0.435886	0.560634	-0.453791	0.5383	0.73511	0.210151	-0.568249	0.304209	0.629322	-0.0229036	-0.68823	0.360234	0.0559267	0.59578	0.0248869	0.800811	0.255832	0.557057	0.296497	0.732344	0.705596	0.0984616	-0.685803	0.148708	0.415966	0.606045	-0.479587	0.479247	0.0314594	0.720101	-0.0850437	0.687919	0.371441	0.63885	-0.44936	0.501975
0.413224	0.567226	-0.462488	0.541853	0.435886	0.560634	-0.453791	0.5383	0.73511	0.210151	-0.568249	0.304209	0.629322	-0.0229036	-0.68823	0.360234	0.0559267	0.59578	0.0248869	0.800811	0.255832	0.557057	0.296497	0.732344	0.705596	0.0984616	-0.685803	0.148708	0.415966	0.606045	-0.479587	0.479247	0.0314594	0.720101	-0.0850437	0.687919	0.371441	0.63885	-0.44936	0.501975
0.403192	0.572473	-0.458228	0.547484	0.426284	0.566631	-0.45115	0.541918	0.734297	0.197244	-0.562479	0.324839	0.602736	-0.0541389	-0.681355	0.411745	0.0657117	0.575049	0.0490233	0.814001	0.316731	0.508307	0.340089	0.725014	0.701172	0.097198	-0.688349	0.158387	0.401872	0.612047	-0.480468	0.48275	0.0278363	0.715157	-0.0723561	0.694651	0.366185	0.638385	-0.45014	0.505715
0.389642	0.579471	-0.453136	0.554131	0.413837	0.574338	-0.448056	0.546004	0.732737	0.190863	-0.559727	0.336709	0.567959	-0.0915751	-0.671313	0.467307	0.083174	0.548154	0.0675548	0.829485	0.347312	0.48186	0.360385	0.719241	0.69604	0.0971961	-0.691081	0.168786	0.389514	0.615582	-0.483553	0.485298	0.0264535	0.712801	-0.0652116	0.697827	0.359741	0.638266	-0.450355	0.510278
0.381273	0.583678	-0.45026	0.557869	0.406543	0.579002	-0.446504	0.547826	0.727622	0.176128	-0.556215	0.36079	0.547051	-0.112383	-0.665948	0.49459	0.0874929	0.536832	0.0802225	0.835297	0.408097	0.42556	0.397128	0.70331	0.692977	0.0966155	-0.693255	0.172757	0.383441	0.616887	-0.48492	0.487111	0.0234438	0.707913	-0.0504863	0.704103	0.35665	0.638004	-0.450627	0.51253
0.371404	0.588814	-0.446967	0.561763	0.398426	0.584521	-0.444724	0.549374	0.722702	0.170269	-0.555112	0.374915	0.524552	-0.133554	-0.659193	0.52199	0.0913143	0.522884	0.0916372	0.84253	0.437031	0.395604	0.41265	0.694422	0.690374	0.0952229	-0.695391	0.175348	0.378646	0.616945	-0.486956	0.488753	0.022155	0.704396	-0.0428723	0.708165	0.353506	0.637804	-0.450728	0.514864
0.360287	0.594322	-0.442931	0.566381	0.389579	0.590655	-0.441941	0.551402	0.716827	0.164959	-0.55543	0.387872	0.500552	-0.154593	-0.651406	0.548834	0.0935909	0.510113	0.104563	0.848582	0.46418	0.366409	0.427278	0.683897	0.68815	0.0943214	-0.697201	0.17738	0.37532	0.615507	-0.490008	0.490081	0.0211925	0.700368	-0.0341298	0.712651	0.349947	0.638001	-0.449946	0.517726
0.34749	0.600495	-0.439348	0.57064	0.379814	0.597508	-0.438523	0.553555	0.711932	0.158416	-0.555584	0.399228	0.475015	-0.175583	-0.643427	0.574049	0.0941815	0.498054	0.118976	0.853766	0.489584	0.33841	0.439962	0.672473	0.686213	0.091432	-0.69955	0.177151	0.373202	0.613201	-0.493348	0.491236	0.0197583	0.695256	-0.0240701	0.718087	0.347307	0.638168	-0.449131	0.52
0.333302	0.607401	-0.436387	0.574056	0.369259	0.604842	-0.434946	0.55555	0.707905	0.149462	-0.55683	0.40801	0.449039	-0.195987	-0.635118	0.597142	0.0940367	0.487118	0.132163	0.858141	0.513086	0.311307	0.450332	0.661084	0.683952	0.0902725	-0.701702	0.177974	0.370571	0.611237	-0.495247	0.493757	0.0186463	0.689915	-0.013634	0.723522	0.350998	0.635132	-0.453393	0.517536
0.319143	0.614218	-0.433597	0.576955	0.358254	0.612376	-0.431284	0.557354	0.703191	0.142518	-0.557565	0.41753	0.42322	-0.214912	-0.626134	0.618591	0.093537	0.477367	0.143151	0.861904	0.53414	0.285713	0.45932	0.649683	0.679805	0.0966448	-0.702576	0.186845	0.366445	0.606427	-0.496987	0.500966	0.0204781	0.685542	-0.00517987	0.727727	0.35582	0.630741	-0.458523	0.515087
0.293503	0.625146	-0.428957	0.582275	0.336987	0.625984	-0.423814	0.561218	0.69158	0.132249	-0.559952	0.436671	0.371594	-0.250027	-0.607679	0.655844	0.0920802	0.461379	0.160995	0.867601	0.570822	0.240294	0.472118	0.627316	0.677956	0.100457	-0.702782	0.190741	0.364677	0.604194	-0.49656	0.50536	0.0194191	0.681286	0.0114204	0.73167	0.356632	0.630409	-0.455521	0.517589
0.274726	0.631516	-0.427498	0.585627	0.316667	0.637875	-0.417622	0.564295	0.679496	0.122121	-0.561035	0.45674	0.324135	-0.278705	-0.589461	0.685417	0.0904236	0.446606	0.177562	0.872261	0.600895	0.202032	0.477383	0.608453	0.674259	0.108365	-0.703738	0.195922	0.364035	0.599334	-0.494788	0.513286	0.00716757	0.681	0.0268377	0.731757	0.337155	0.658333	-0.426972	0.520211
0.260871	0.636399	-0.421471	0.59102	0.301492	0.644126	-0.412057	0.569573	0.667909	0.107567	-0.562551	0.475251	0.281353	-0.302316	-0.572129	0.7086	0.0893882	0.431309	0.18981	0.877471	0.625164	0.170514	0.477274	0.593552	0.671814	0.119007	-0.703694	0.198288	0.366622	0.593661	-0.49334	0.519395	-0.0162017	0.685593	0.0442153	0.72646	0.299467	0.703363	-0.384496	0.517458
0.253971	0.639203	-0.416983	0.594174	0.295056	0.646035	-0.408638	0.573233	0.662925	0.0988505	-0.563887	0.482483	0.26205	-0.312545	-0.563697	0.718256	0.0897139	0.422547	0.194682	0.880627	0.636266	0.155909	0.474671	0.587831	0.670229	0.124666	-0.703945	0.199279	0.367639	0.591533	-0.492548	0.52185	-0.0293933	0.686363	0.0486027	0.725038	0.281715	0.725219	-0.3687	0.50868
0.247363	0.641891	-0.412161	0.59742	0.289173	0.647506	-0.405133	0.577046	0.657555	0.0911027	-0.564982	0.490017	0.243461	-0.321647	-0.556304	0.726495	0.089874	0.413616	0.200546	0.88353	0.646729	0.142079	0.472039	0.582009	0.668462	0.131628	-0.703631	0.201831	0.368776	0.589635	-0.492311	0.523416	-0.046153	0.686573	0.0522402	0.723712	0.26469	0.746073	-0.355255	0.4971
0.234943	0.647113	-0.401143	0.604261	0.283739	0.648794	-0.401286	0.580972	0.652269	0.0839872	-0.565546	0.497644	0.225676	-0.329887	-0.549007	0.734055	0.0899775	0.4041	0.206959	0.88644	0.656377	0.127835	0.468767	0.577136	0.665388	0.14764	-0.700473	0.211658	0.370946	0.586823	-0.493594	0.523835	-0.065414	0.686641	0.0556151	0.721909	0.228171	0.784763	-0.32837	0.47356
0.228283	0.650039	-0.394559	0.607996	0.273024	0.651932	-0.393017	0.588201	0.643055	0.0713297	-0.56583	0.511106	0.193285	-0.343108	-0.535239	0.747286	0.0895993	0.385686	0.221727	0.891098	0.673013	0.099338	0.461525	0.569368	0.663802	0.154095	-0.699195	0.21621	0.370785	0.586515	-0.494711	0.52324	-0.111148	0.686265	0.0621777	0.716115	0.209	0.801883	-0.315096	0.46262
0.214858	0.656484	-0.381949	0.613987	0.26798	0.653012	-0.388639	0.592218	0.638492	0.0662234	-0.565567	0.517761	0.178215	-0.348041	-0.529618	0.752736	0.0892207	0.376899	0.228727	0.893124	0.679702	0.0849945	0.458094	0.566508	0.661111	0.164329	-0.696298	0.226049	0.368199	0.588072	-0.494938	0.523104	-0.1354	0.685631	0.065261	0.712263	0.190136	0.817	-0.302682	0.452485
0.214858	0.656484	-0.381949	0.613987	0.262948	0.654122	-0.384245	0.596102	0.634687	0.061155	-0.565065	0.523579	0.164775	-0.352296	-0.523529	0.75806	0.0887008	0.368777	0.236154	0.894632	0.685321	0.0717893	0.454993	0.56406	0.661111	0.164329	-0.696298	0.226049	0.368199	0.588072	-0.494938	0.523104	-0.158802	0.684875	0.0676599	0.70792	0.170388	0.830343	-0.289795	0.444428
0.207784	0.659667	-0.375676	0.616874	0.257717	0.655682	-0.379866	0.599471	0.63143	0.055798	-0.564697	0.528488	0.15241	-0.355783	-0.517985	0.762811	0.0881341	0.360987	0.242927	0.896051	0.689806	0.0593609	0.45201	0.562433	0.659576	0.169951	-0.694048	0.233181	0.365636	0.590072	-0.49391	0.52362	-0.181476	0.683479	0.0697819	0.7036	0.148689	0.842043	-0.275253	0.43942
0.191494	0.665992	-0.361801	0.623606	0.25245	0.657441	-0.375308	0.602648	0.627858	0.0514154	-0.564204	0.53369	0.140849	-0.35851	-0.513373	0.766864	0.0871065	0.353798	0.24904	0.89734	0.693524	0.0482779	0.449344	0.561055	0.656029	0.183206	-0.68753	0.251724	0.361442	0.59408	-0.491711	0.524069	-0.203264	0.681455	0.0716951	0.699402	0.126536	0.851717	-0.260432	0.43674
0.191494	0.665992	-0.361801	0.623606	0.24729	0.659085	-0.370517	0.605947	0.624498	0.0475752	-0.563369	0.538845	0.130139	-0.360765	-0.509281	0.770419	0.0855467	0.347207	0.254789	0.898449	0.697117	0.0376161	0.446214	0.559915	0.656029	0.183206	-0.68753	0.251724	0.361442	0.59408	-0.491711	0.524069	-0.225144	0.678993	0.0749301	0.694741	0.105937	0.859072	-0.246696	0.435791
0.181498	0.669575	-0.354363	0.627021	0.241912	0.660976	-0.365812	0.60891	0.621692	0.0439748	-0.562351	0.54344	0.120459	-0.362398	-0.505679	0.773593	0.0841594	0.341256	0.26042	0.899246	0.69945	0.0277249	0.443501	0.559739	0.654189	0.190453	-0.682855	0.263578	0.359357	0.596448	-0.490031	0.524388	-0.246034	0.677051	0.0785186	0.689133	0.0849785	0.864216	-0.233026	0.437731
0.160859	0.677397	-0.340281	0.632034	0.229878	0.665549	-0.356164	0.614287	0.615955	0.0392639	-0.56036	0.552318	0.104229	-0.364166	-0.499498	0.779116	0.0812223	0.330767	0.268767	0.900978	0.702078	0.00883855	0.438309	0.561154	0.647684	0.208585	-0.670781	0.295044	0.355681	0.600682	-0.485737	0.526053	-0.285387	0.67245	0.0867852	0.677373	0.0444304	0.868247	-0.204527	0.449825
0.139487	0.686125	-0.326223	0.635101	0.218221	0.670317	-0.346131	0.61907	0.610767	0.0354898	-0.558033	0.560628	0.0912824	-0.365007	-0.494932	0.783249	0.0771179	0.32085	0.27639	0.902617	0.703672	-0.00613055	0.433943	0.562585	0.639489	0.22824	-0.655627	0.330322	0.353743	0.603831	-0.480611	0.528458	-0.319248	0.667391	0.101107	0.665167	0.0132022	0.866624	-0.177776	0.46603
0.128619	0.690419	-0.318343	0.636739	0.21234	0.673048	-0.340901	0.621051	0.609241	0.032425	-0.557574	0.562926	0.0848241	-0.365625	-0.492813	0.785021	0.0754119	0.316647	0.279054	0.903425	0.704114	-0.0123672	0.431951	0.563462	0.635817	0.235595	-0.649359	0.344332	0.354197	0.604217	-0.478287	0.529818	-0.333575	0.664698	0.110107	0.659379	-0.00233485	0.864099	-0.162825	0.476252
0.108512	0.70025	-0.302142	0.63764	0.199241	0.680258	-0.329952	0.623445	0.607329	0.0268284	-0.557011	0.565836	0.0708153	-0.366406	-0.490898	0.787243	0.0715774	0.309399	0.28323	0.904947	0.70456	-0.0232708	0.428185	0.56543	0.628513	0.248743	-0.639172	0.36682	0.354874	0.604592	-0.470576	0.53581	-0.356161	0.660205	0.128065	0.648751	-0.0247313	0.854717	-0.134988	0.500626
0.09469	0.710807	-0.287721	0.634825	0.186902	0.68601	-0.318932	0.62669	0.605491	0.0201258	-0.558485	0.566631	0.0568186	-0.36967	-0.488087	0.788598	0.0676035	0.304505	0.286756	0.905802	0.704273	-0.0332194	0.42693	0.566239	0.62045	0.260832	-0.631869	0.384383	0.355058	0.604355	-0.459945	0.545105	-0.371601	0.656297	0.149311	0.639448	-0.0339121	0.843761	-0.111856	0.523837
0.0897818	0.715144	-0.28093	0.633708	0.18179	0.688536	-0.31331	0.628257	0.604242	0.0171707	-0.559345	0.567213	0.0504957	-0.372225	-0.486221	0.788979	0.065396	0.302189	0.28921	0.90596	0.704062	-0.0374758	0.426466	0.566585	0.62045	0.260832	-0.631869	0.384383	0.355058	0.604355	-0.459945	0.545105	-0.377028	0.654058	0.160383	0.635874	-0.0411265	0.838026	-0.0969785	0.535365
0.0817998	0.721179	-0.266212	0.634304	0.173788	0.692052	-0.301794	0.632283	0.601231	0.0109687	-0.562016	0.567925	0.0381156	-0.378235	-0.482722	0.788965	0.0609343	0.298248	0.294498	0.905873	0.703709	-0.0454423	0.425627	0.567072	0.610974	0.276966	-0.624091	0.400638	0.35493	0.603232	-0.439315	0.56315	-0.386256	0.65097	0.182774	0.627406	-0.0604212	0.824553	-0.0631408	0.558994
0.0770009	0.725382	-0.252999	0.635518	0.167629	0.695047	-0.290523	0.63593	0.598384	0.00524262	-0.564088	0.568958	0.0273949	-0.384439	-0.478067	0.789245	0.056169	0.294496	0.30054	0.905424	0.704187	-0.0533695	0.424923	0.566316	0.605984	0.286065	-0.618769	0.409969	0.353583	0.603402	-0.42358	0.57573	-0.398522	0.644489	0.205671	0.619285	-0.0729326	0.818306	-0.0443532	0.568409
0.0739366	0.728673	-0.240741	0.636877	0.163819	0.696461	-0.278718	0.640642	0.596125	-0.00107241	-0.564901	0.570545	0.0181925	-0.389446	-0.472247	0.790559	0.0522299	0.290293	0.307521	0.904673	0.704696	-0.0635053	0.423609	0.565621	0.598669	0.296042	-0.61241	0.422977	0.343139	0.610626	-0.398466	0.592129	-0.404708	0.641662	0.22061	0.613035	-0.090813	0.807713	-0.00948703	0.582463
0.0682876	0.732406	-0.226037	0.638612	0.161432	0.69767	-0.266856	0.644968	0.595169	-0.00428958	-0.564419	0.572002	0.0103938	-0.392226	-0.466266	0.792873	0.0490254	0.284929	0.316221	0.903558	0.706125	-0.0738863	0.42211	0.563695	0.583773	0.31185	-0.602032	0.446673	0.314788	0.629506	-0.353597	0.616117	-0.407084	0.642482	0.226472	0.608448	-0.0906215	0.803751	-0.000487446	0.588024
0.0615547	0.735389	-0.209407	0.641532	0.160157	0.698689	-0.260501	0.646779	0.593329	-0.010301	-0.562489	0.575726	0.0048044	-0.393218	-0.460513	0.795792	0.0465698	0.280377	0.324657	0.902119	0.706373	-0.0797916	0.421684	0.562897	0.568917	0.326828	-0.588117	0.472901	0.289921	0.644702	-0.314608	0.633504	-0.412772	0.642919	0.238066	0.599665	-0.0929961	0.79952	0.0103987	0.593305
0.056025	0.737861	-0.19445	0.643903	0.154314	0.701041	-0.239145	0.653864	0.590722	-0.0189405	-0.558399	0.582134	-8.21E-05	-0.393738	-0.454994	0.798718	0.0430561	0.275315	0.333731	0.90054	0.705034	-0.0911065	0.421575	0.56294	0.55686	0.33553	-0.576513	0.494933	0.267882	0.658078	-0.279807	0.645662	-0.42381	0.641386	0.257983	0.585195	-0.0958842	0.795053	0.02228	0.598498
0.0506928	0.738873	-0.179534	0.647506	0.149252	0.70301	-0.224497	0.658104	0.590146	-0.0216224	-0.557136	0.583832	-0.00425885	-0.393886	-0.450117	0.801393	0.0386414	0.270816	0.340994	0.899383	0.701617	-0.104927	0.420825	0.565359	0.549822	0.339118	-0.567114	0.510956	0.259416	0.662879	-0.261716	0.651766	-0.42645	0.640885	0.264237	0.581021	-0.100551	0.791005	0.0357024	0.602433
0.0486096	0.739104	-0.172623	0.64928	0.147358	0.703979	-0.217751	0.65976	0.587572	-0.0242462	-0.554903	0.588433	-0.00585239	-0.393605	-0.448754	0.802285	0.035709	0.268632	0.345052	0.89861	0.70029	-0.10942	0.420446	0.566433	0.548766	0.33834	-0.563409	0.516674	0.258502	0.663623	-0.256979	0.653256	-0.429071	0.640185	0.270641	0.576901	-0.105185	0.788792	0.0441639	0.603981
0.04808	0.738975	-0.161263	0.652379	0.145314	0.704868	-0.205835	0.663081	0.586021	-0.0247935	-0.55434	0.590485	-0.0094135	-0.392633	-0.44706	0.803671	0.029596	0.264894	0.352967	0.896866	0.697852	-0.117657	0.420312	0.567888	0.546366	0.337984	-0.557571	0.525705	0.258102	0.663614	-0.249062	0.656482	-0.432256	0.639386	0.281084	0.570379	-0.112522	0.786044	0.0590254	0.60497
0.0487227	0.739025	-0.1565	0.653434	0.145125	0.705668	-0.200732	0.663835	0.583557	-0.0251259	-0.552555	0.59457	-0.0111759	-0.391721	-0.446257	0.80454	0.0272406	0.263204	0.356968	0.895855	0.696932	-0.121659	0.420195	0.568261	0.545971	0.336919	-0.555347	0.529141	0.258371	0.663075	-0.246146	0.658019	-0.43212	0.639672	0.289377	0.565997	-0.112787	0.785085	0.0630156	0.605764
0.0538864	0.738165	-0.146675	0.656273	0.14734	0.707419	-0.189817	0.664694	0.582386	-0.0246735	-0.548953	0.599057	-0.0152505	-0.388536	-0.444308	0.807092	0.0231351	0.262181	0.367234	0.892113	0.694605	-0.130191	0.423077	0.56708	0.544186	0.334681	-0.551743	0.536125	0.257609	0.662175	-0.235785	0.662999	-0.429142	0.642836	0.296728	0.560849	-0.117484	0.782042	0.0780378	0.607056
0.0580688	0.738623	-0.141799	0.656474	0.150393	0.708243	-0.185529	0.664344	0.58234	-0.024842	-0.547685	0.600253	-0.0156244	-0.386351	-0.442594	0.809073	0.0238419	0.264252	0.372191	0.889425	0.694527	-0.133088	0.426666	0.563805	0.540035	0.337302	-0.548475	0.542002	0.247334	0.665921	-0.218155	0.669166	-0.427149	0.643854	0.297911	0.560576	-0.113543	0.779605	0.0778835	0.610948
0.062033	0.737346	-0.141047	0.657707	0.152182	0.708722	-0.183699	0.663934	0.584193	-0.0245452	-0.545325	0.600614	-0.0148071	-0.385605	-0.442221	0.809648	0.0243959	0.265669	0.374194	0.888146	0.695014	-0.133569	0.42828	0.561864	0.538162	0.33944	-0.547595	0.543417	0.2412	0.668243	-0.208338	0.672212	-0.424015	0.652059	0.29899	0.552843	-0.11105	0.77833	0.0763649	0.613219
0.0647593	0.737754	-0.135074	0.65824	0.156651	0.707599	-0.178494	0.665511	0.587476	-0.0249189	-0.542597	0.599866	-0.01229	-0.383971	-0.440774	0.811254	0.0252157	0.267406	0.378474	0.885785	0.696176	-0.135222	0.430822	0.558074	0.531005	0.351101	-0.543047	0.547597	0.224586	0.674038	-0.183489	0.679386	-0.421369	0.651828	0.299149	0.555048	-0.101516	0.780089	0.0714608	0.613229
0.0666936	0.737971	-0.131414	0.658545	0.158162	0.707187	-0.173666	0.666867	0.588959	-0.0255516	-0.540918	0.599902	-0.00922891	-0.382326	-0.438612	0.813241	0.0262892	0.266857	0.383149	0.883908	0.696321	-0.137339	0.431317	0.556992	0.524493	0.361651	-0.538122	0.551851	0.209183	0.678794	-0.162476	0.684896	-0.420652	0.651363	0.300788	0.555252	-0.102419	0.779024	0.0725736	0.614301
0.0676661	0.736705	-0.129795	0.660182	0.158589	0.706221	-0.171414	0.668371	0.590252	-0.026164	-0.539433	0.599941	-0.0078607	-0.382236	-0.437804	0.813733	0.0261485	0.266178	0.385116	0.883261	0.695893	-0.139372	0.431752	0.556685	0.523663	0.363655	-0.537005	0.552411	0.208377	0.678971	-0.160961	0.685324	-0.420771	0.652636	0.302348	0.552815	-0.102195	0.778902	0.0718728	0.614575
0.0670705	0.736616	-0.127529	0.660784	0.158844	0.705384	-0.169243	0.669745	0.591497	-0.0277426	-0.538083	0.599857	-0.0068022	-0.38231	-0.43692	0.814183	0.0257268	0.26473	0.387258	0.882773	0.69479	-0.144424	0.431457	0.557003	0.524323	0.364149	-0.53607	0.552368	0.21306	0.677345	-0.166314	0.684214	-0.424021	0.650381	0.30469	0.551701	-0.10198	0.779325	0.071226	0.61415
0.0665331	0.737176	-0.124611	0.660771	0.157819	0.704154	-0.165876	0.67212	0.591949	-0.0286219	-0.537636	0.59977	-0.00493793	-0.382868	-0.435351	0.814774	0.0244616	0.260706	0.390996	0.882358	0.694229	-0.147558	0.430704	0.557465	0.526839	0.361884	-0.536591	0.550954	0.217083	0.676653	-0.172613	0.682071	-0.425105	0.648667	0.305403	0.552491	-0.10209	0.780211	0.06929	0.613227
0.0677583	0.736456	-0.124244	0.661517	0.156716	0.703874	-0.16485	0.672924	0.592956	-0.0289307	-0.537376	0.598993	-0.00343959	-0.383173	-0.435179	0.81473	0.0237006	0.258862	0.391958	0.882495	0.693637	-0.152458	0.42844	0.558626	0.526352	0.3611	-0.537255	0.551287	0.214579	0.678733	-0.172051	0.680937	-0.422993	0.650841	0.302006	0.553422	-0.103476	0.780192	0.068672	0.613089
0.0670841	0.735977	-0.121816	0.662569	0.154637	0.703461	-0.163341	0.674203	0.593764	-0.028178	-0.537909	0.597749	0.000121286	-0.38326	-0.436443	0.814021	0.0222341	0.255631	0.39258	0.883198	0.693794	-0.155525	0.425766	0.559629	0.521565	0.363316	-0.533174	0.558297	0.208569	0.684277	-0.171309	0.677434	-0.424709	0.64943	0.300697	0.554476	-0.105271	0.780895	0.0663826	0.612139
0.064321	0.737255	-0.119724	0.661804	0.150811	0.703902	-0.162684	0.674768	0.595179	-0.0271616	-0.537846	0.596444	0.00429018	-0.382847	-0.437216	0.813789	0.0211965	0.253139	0.3925	0.883977	0.6936	-0.157352	0.423391	0.561159	0.519686	0.363736	-0.531602	0.561267	0.204448	0.690237	-0.172928	0.672212	-0.429001	0.647723	0.30129	0.552846	-0.111874	0.780206	0.0671992	0.611757
0.057995	0.740308	-0.116143	0.659615	0.144643	0.703251	-0.160764	0.677253	0.598044	-0.0270074	-0.535943	0.595297	0.00879876	-0.381954	-0.435699	0.814984	0.0195733	0.249575	0.392124	0.885194	0.693334	-0.159028	0.42009	0.563491	0.516635	0.366831	-0.529217	0.564317	0.197401	0.696926	-0.171477	0.667775	-0.43051	0.64692	0.300901	0.552824	-0.118024	0.780046	0.0674798	0.610775
0.0466637	0.74502	-0.111514	0.655998	0.140419	0.703197	-0.159165	0.678575	0.59965	-0.0275388	-0.534108	0.595306	0.0148273	-0.380839	-0.432014	0.817377	0.0182468	0.246446	0.392116	0.886102	0.693334	-0.159028	0.42009	0.563491	0.511483	0.374597	-0.524823	0.567999	0.197401	0.696926	-0.171477	0.667775	-0.437946	0.640875	0.303436	0.552639	-0.12835	0.778314	0.0702638	0.610588
0.0401957	0.746728	-0.10887	0.654927	0.130505	0.70318	-0.154943	0.681542	0.602822	-0.0296929	-0.529562	0.596061	0.0195493	-0.38029	-0.429604	0.818803	0.0145827	0.237313	0.393782	0.887922	0.691052	-0.168208	0.410699	0.570508	0.509489	0.379435	-0.52289	0.568362	0.187157	0.704291	-0.167694	0.663947	-0.446884	0.634463	0.306269	0.551317	-0.133227	0.777492	0.0711238	0.61049
0.024219	0.751279	-0.101792	0.651638	0.126032	0.702908	-0.152435	0.683227	0.605176	-0.0315161	-0.523735	0.598724	0.0342944	-0.379597	-0.421322	0.822932	0.0118204	0.232225	0.395182	0.888686	0.690118	-0.172643	0.406791	0.573107	0.506733	0.389125	-0.518738	0.568079	0.183303	0.706189	-0.167304	0.663103	-0.451991	0.629373	0.308111	0.551962	-0.139257	0.776675	0.0702876	0.610281
0.0158919	0.752908	-0.0983516	0.650541	0.117543	0.703215	-0.146295	0.685762	0.60568	-0.0412018	-0.509636	0.609693	0.0450803	-0.381278	-0.416344	0.824168	0.0054111	0.221229	0.398701	0.889981	0.687056	-0.182933	0.39876	0.579207	0.505758	0.393854	-0.517058	0.56722	0.181038	0.707024	-0.166029	0.663157	-0.460763	0.620434	0.313148	0.551995	-0.144157	0.775426	0.0715556	0.610584
0.00751333	0.754221	-0.0949596	0.649675	0.114806	0.703688	-0.143606	0.686309	0.603417	-0.0491316	-0.497869	0.620967	0.0605311	-0.385534	-0.407155	0.825787	0.00122836	0.215993	0.401374	0.890081	0.684605	-0.188334	0.395353	0.582703	0.504975	0.398575	-0.515799	0.565764	0.179702	0.707273	-0.16555	0.663375	-0.465059	0.615824	0.316223	0.5518	-0.147676	0.77459	0.0718304	0.610772
-0.00120233	0.754161	-0.0909395	0.650361	0.112631	0.704594	-0.142031	0.686068	0.596045	-0.0598363	-0.480457	0.640555	0.0811072	-0.393036	-0.395657	0.826075	-0.00342373	0.211315	0.403291	0.890332	0.681786	-0.192958	0.392365	0.586502	0.504226	0.402846	-0.51463	0.56447	0.178959	0.707074	-0.165573	0.663782	-0.468456	0.611468	0.318813	0.552281	-0.149652	0.774292	0.0711057	0.610754
-0.0142336	0.752294	-0.0935101	0.652002	0.114017	0.703518	-0.138749	0.687613	0.578147	-0.0714923	-0.458091	0.671407	0.19638	-0.397007	-0.413325	0.795602	-0.00780744	0.206966	0.404266	0.890883	0.676015	-0.199483	0.387328	0.594295	0.506444	0.405862	-0.51715	0.557984	0.179677	0.705188	-0.167292	0.665161	-0.471882	0.606725	0.320359	0.553698	-0.15494	0.773738	0.0712879	0.610116
-0.0142336	0.752294	-0.0935101	0.652002	0.116093	0.704242	-0.135493	0.687173	0.52522	-0.108595	-0.405997	0.739944	0.19638	-0.397007	-0.413325	0.795602	-0.0161893	0.20009	0.406021	0.891543	0.673366	-0.201239	0.385681	0.597772	0.506444	0.405862	-0.51715	0.557984	0.179677	0.705188	-0.167292	0.665161	-0.47214	0.606145	0.320331	0.55413	-0.15494	0.773738	0.0712879	0.610116
-0.0145265	0.750982	-0.0966666	0.653047	0.12137	0.705597	-0.12969	0.685991	0.489003	-0.151656	-0.402802	0.758701	0.263712	-0.375748	-0.452228	0.764695	-0.0188364	0.197985	0.405914	0.892009	0.670757	-0.202779	0.384548	0.600906	0.507684	0.404277	-0.519715	0.55562	0.18056	0.70451	-0.167778	0.665518	-0.471514	0.60576	0.319631	0.555486	-0.155079	0.77482	0.0714166	0.608691
-0.0136927	0.753677	-0.0977215	0.649795	0.134458	0.705985	-0.110715	0.686475	0.455068	-0.204727	-0.401151	0.768165	0.376848	-0.354946	-0.454731	0.72472	-0.022971	0.194732	0.411434	0.890098	0.662685	-0.210526	0.385588	0.606506	0.50712	0.402384	-0.524975	0.552556	0.180137	0.704419	-0.168188	0.665625	-0.468926	0.605709	0.318173	0.558561	-0.146683	0.779789	0.0651741	0.605116
-0.0299998	0.757154	-0.0806232	0.647548	0.125026	0.709983	-0.0981566	0.686045	0.503347	-0.155062	-0.354844	0.772453	0.268498	-0.373736	-0.426722	0.778549	-0.0229796	0.208123	0.423643	0.881297	0.658985	-0.211743	0.400274	0.60057	0.503338	0.412475	-0.520464	0.552841	0.175519	0.705469	-0.166854	0.666082	-0.473567	0.590566	0.325081	0.566824	-0.150842	0.779683	0.0647219	0.604279
-0.0291275	0.754655	-0.0739772	0.651287	0.111681	0.709531	-0.0968095	0.689	0.519105	-0.142425	-0.405285	0.738911	0.152276	-0.39462	-0.427683	0.798858	-0.0260897	0.213823	0.419276	0.881933	0.659339	-0.20987	0.403982	0.598352	0.499039	0.42313	-0.512128	0.556459	0.172154	0.706005	-0.164857	0.66689	-0.483304	0.580561	0.333731	0.563906	-0.155279	0.778526	0.0644786	0.604672
-0.0309972	0.754852	-0.0676185	0.651663	0.0981665	0.715268	-0.118678	0.681667	0.563038	-0.0461929	-0.490473	0.663545	0.000339238	-0.437211	-0.392941	0.808977	-0.0434121	0.208779	0.418489	0.882833	0.653898	-0.208457	0.400503	0.607092	0.493807	0.43187	-0.507355	0.558779	0.164662	0.709204	-0.161438	0.666223	-0.489415	0.575831	0.3363	0.561955	-0.158349	0.775766	0.0622073	0.607654
-0.0309972	0.754852	-0.0676185	0.651663	0.0981665	0.715268	-0.118678	0.681667	0.563038	-0.0461929	-0.490473	0.663545	0.000339238	-0.437211	-0.392941	0.808977	-0.0434121	0.208779	0.418489	0.882833	0.653898	-0.208457	0.400503	0.607092	0.493807	0.43187	-0.507355	0.558779	0.163656	0.711151	-0.163582	0.663869	-0.489415	0.575831	0.3363	0.561955	-0.158349	0.775766	0.0622073	0.607654
-0.0293253	0.7512	-0.0699962	0.655698	0.0881666	0.712202	-0.127836	0.684582	0.596632	-0.0413469	-0.552825	0.580263	-0.0793639	-0.425296	-0.425942	0.794605	-0.0470504	0.206453	0.415959	0.884388	0.64609	-0.207597	0.399789	0.61615	0.493297	0.424376	-0.512218	0.560532	0.163552	0.712944	-0.166798	0.661166	-0.48782	0.579577	0.331688	0.562232	-0.160491	0.774699	0.0618511	0.608488
-0.0115704	0.749348	-0.0807267	0.657135	0.0874464	0.710982	-0.130269	0.685484	0.585386	-0.0255403	-0.564066	0.581808	-0.0946657	-0.412362	-0.455157	0.783472	-0.0425831	0.208434	0.409868	0.88699	0.646222	-0.204536	0.400423	0.616623	0.498182	0.412641	-0.520856	0.557002	0.165624	0.714208	-0.17151	0.658072	-0.483628	0.584285	0.325696	0.564479	-0.150929	0.77921	0.0544297	0.605879
0.00132367	0.747234	-0.0915519	0.658223	0.102039	0.711337	-0.14212	0.680727	0.561626	-0.00930925	-0.576342	0.593566	-0.0702954	-0.410312	-0.484294	0.76952	-0.0273303	0.21953	0.404925	0.887184	0.654722	-0.196491	0.407239	0.605713	0.501973	0.406783	-0.52863	0.550546	0.170576	0.711494	-0.176262	0.658491	-0.470611	0.594514	0.314126	0.571316	-0.148472	0.781252	0.0542133	0.603873
0.00571808	0.744078	-0.0970125	0.660987	0.107717	0.710673	-0.146407	0.679636	0.563357	-0.011035	-0.574172	0.593998	-0.0706328	-0.411821	-0.479369	0.771764	-0.0198632	0.231151	0.402994	0.885308	0.659929	-0.188932	0.415653	0.596684	0.505727	0.404284	-0.531387	0.546281	0.175309	0.708002	-0.179427	0.660156	-0.470684	0.594463	0.313683	0.571554	-0.149384	0.781716	0.0564124	0.602845
0.00634963	0.745105	-0.0993631	0.659473	0.111146	0.710258	-0.148156	0.679139	0.565811	-0.0128923	-0.571809	0.593907	-0.0732031	-0.410287	-0.476715	0.773982	-0.0167937	0.234994	0.402797	0.884449	0.661704	-0.186048	0.418503	0.593624	0.507281	0.403832	-0.532737	0.543853	0.177329	0.705706	-0.179249	0.66212	-0.469764	0.595227	0.312207	0.572322	-0.150584	0.781392	0.0574662	0.602866
0.00834539	0.744639	-0.101441	0.659661	0.117003	0.709632	-0.153693	0.677578	0.571098	-0.0146013	-0.566724	0.593682	-0.0719283	-0.405954	-0.473555	0.778314	-0.0114171	0.240039	0.401394	0.883818	0.664438	-0.181375	0.422017	0.589514	0.507624	0.403722	-0.533698	0.542671	0.177366	0.704733	-0.178807	0.663265	-0.468113	0.597968	0.309865	0.572091	-0.155542	0.779332	0.0615961	0.603866
0.0128797	0.743304	-0.104634	0.660594	0.120055	0.709442	-0.157312	0.676411	0.576378	-0.0141807	-0.562094	0.59299	-0.0668229	-0.402728	-0.47166	0.781589	-0.00796786	0.24185	0.399712	0.884124	0.666091	-0.178718	0.422951	0.587788	0.509473	0.402264	-0.536155	0.539592	0.177707	0.703067	-0.179395	0.664782	-0.467694	0.598527	0.309652	0.571965	-0.160513	0.77781	0.0663426	0.604024
0.0152526	0.744183	-0.105844	0.65936	0.122432	0.708102	-0.160086	0.676738	0.578501	-0.016672	-0.561949	0.590992	-0.0637545	-0.404515	-0.4692	0.782403	-0.00665661	0.241575	0.398588	0.884717	0.667526	-0.176892	0.421985	0.587407	0.511829	0.399542	-0.537847	0.537697	0.179479	0.702026	-0.18168	0.664785	-0.467271	0.598529	0.309765	0.572247	-0.160083	0.778046	0.0674403	0.603713
0.0175253	0.744348	-0.106885	0.65895	0.124778	0.706106	-0.162629	0.677788	0.5781	-0.019462	-0.562514	0.590761	-0.0640402	-0.407481	-0.466435	0.782493	-0.00504776	0.24029	0.39738	0.885621	0.669167	-0.176148	0.420156	0.587075	0.511984	0.398058	-0.537352	0.539142	0.180117	0.70146	-0.183044	0.664836	-0.466614	0.59911	0.309685	0.572219	-0.149285	0.781458	0.0602646	0.602831
0.0169885	0.746002	-0.105959	0.657241	0.125964	0.705198	-0.163751	0.678244	0.57681	-0.0211754	-0.562967	0.591531	-0.0651965	-0.409314	-0.464643	0.782508	-0.00345351	0.23941	0.397205	0.885945	0.670307	-0.176356	0.419301	0.586322	0.510366	0.396623	-0.536643	0.542431	0.177538	0.701875	-0.179876	0.665955	-0.464456	0.60081	0.310307	0.571855	-0.147518	0.781763	0.0604397	0.602854
0.0170384	0.746895	-0.10491	0.656393	0.128803	0.703434	-0.166778	0.678805	0.574553	-0.0256099	-0.563794	0.592764	-0.0668936	-0.412523	-0.460991	0.782839	0.00132125	0.239134	0.396155	0.886495	0.67362	-0.17604	0.418221	0.583383	0.508261	0.397131	-0.534955	0.545692	0.174991	0.702352	-0.17734	0.666806	-0.464359	0.602436	0.313866	0.568268	-0.149257	0.781074	0.0671774	0.602605
0.0189065	0.748225	-0.102824	0.655156	0.130895	0.704068	-0.16884	0.677236	0.573726	-0.0294307	-0.564033	0.59316	-0.0674874	-0.41524	-0.457472	0.783416	0.00668649	0.240894	0.394163	0.886883	0.677094	-0.17411	0.418479	0.579744	0.504355	0.398037	-0.530433	0.553022	0.170609	0.703669	-0.172342	0.667863	-0.466474	0.603266	0.3173	0.563731	-0.154527	0.777371	0.0740365	0.605255
0.0237618	0.747942	-0.102821	0.655322	0.132678	0.703515	-0.168803	0.677472	0.575815	-0.030207	-0.563239	0.59185	-0.0652639	-0.415794	-0.45619	0.784058	0.00852171	0.243667	0.392703	0.886757	0.678301	-0.170453	0.420249	0.578138	0.502924	0.398566	-0.527221	0.557002	0.170284	0.703355	-0.169513	0.669	-0.467421	0.604672	0.319537	0.560166	-0.153921	0.776662	0.0760501	0.60607
0.0255208	0.747732	-0.101306	0.655731	0.133043	0.704748	-0.166713	0.676636	0.578654	-0.0297015	-0.5625	0.589806	-0.0628446	-0.41512	-0.456302	0.784547	0.00674453	0.244759	0.393522	0.886109	0.677299	-0.169123	0.421387	0.578876	0.503	0.397973	-0.526841	0.557716	0.170726	0.701968	-0.167133	0.67094	-0.466888	0.604785	0.319761	0.56036	-0.154727	0.774545	0.0783456	0.608278
0.0286244	0.746121	-0.102581	0.657238	0.133214	0.704691	-0.166157	0.676798	0.580444	-0.0285467	-0.561959	0.588619	-0.0606308	-0.414564	-0.456948	0.78464	0.00396315	0.245356	0.39429	0.885618	0.676018	-0.168932	0.422083	0.57992	0.503859	0.39735	-0.527319	0.556932	0.172016	0.700679	-0.166894	0.672016	-0.467808	0.607354	0.321761	0.555649	-0.153972	0.774109	0.0783333	0.609025
0.0313352	0.743663	-0.102034	0.65998	0.134079	0.703305	-0.163922	0.678612	0.582167	-0.0266371	-0.560366	0.588525	-0.057584	-0.412721	-0.457777	0.785357	-0.00104706	0.243729	0.397009	0.884861	0.673343	-0.170057	0.421937	0.582802	0.505239	0.397587	-0.526662	0.556135	0.175557	0.697727	-0.167148	0.674105	-0.466155	0.607375	0.321641	0.557083	-0.148329	0.776167	0.076189	0.608077
0.032496	0.743937	-0.102067	0.659609	0.133901	0.702345	-0.161989	0.680104	0.582598	-0.0268048	-0.559371	0.589037	-0.0562946	-0.412673	-0.456406	0.786273	-0.00283704	0.240687	0.399145	0.884729	0.671495	-0.173532	0.420549	0.58491	0.506842	0.39691	-0.526712	0.555111	0.177343	0.695289	-0.166209	0.676385	-0.464907	0.608099	0.322647	0.556754	-0.146553	0.776519	0.0772124	0.60793
0.0334964	0.743261	-0.102094	0.660317	0.134329	0.702003	-0.161626	0.680459	0.582426	-0.0268203	-0.559282	0.589292	-0.0556786	-0.412878	-0.456197	0.786331	-0.00283704	0.240687	0.399145	0.884729	0.671367	-0.174999	0.419919	0.585072	0.507731	0.396437	-0.526504	0.554834	0.178901	0.694183	-0.166658	0.677	-0.465149	0.608364	0.323809	0.555588	-0.146553	0.776519	0.0772124	0.60793
0.0331939	0.743212	-0.100043	0.660701	0.135491	0.70189	-0.160777	0.680546	0.582224	-0.0265932	-0.559452	0.58934	-0.0545217	-0.413454	-0.455828	0.786324	-0.0020184	0.238689	0.401021	0.884424	0.672064	-0.176878	0.419393	0.584083	0.508978	0.395609	-0.52583	0.554921	0.181074	0.693121	-0.166666	0.677509	-0.464246	0.609216	0.32452	0.554994	-0.143973	0.776701	0.0776077	0.608264
0.033378	0.742701	-0.0987242	0.661464	0.135703	0.702357	-0.160286	0.680138	0.582425	-0.0261745	-0.560131	0.588515	-0.0536575	-0.414334	-0.456964	0.785259	-0.000893987	0.240484	0.400464	0.884192	0.672544	-0.176513	0.419946	0.583244	0.50889	0.395228	-0.525544	0.555544	0.181371	0.69316	-0.165292	0.677726	-0.463765	0.610615	0.324784	0.553702	-0.143594	0.776382	0.0786444	0.608627
0.0324773	0.742778	-0.096712	0.66172	0.135974	0.702455	-0.15955	0.680156	0.583549	-0.0249461	-0.561209	0.586424	-0.0525204	-0.413921	-0.458377	0.784731	0.000153844	0.241529	0.400194	0.88403	0.67329	-0.17376	0.421288	0.582241	0.509145	0.395195	-0.524624	0.556203	0.182277	0.693052	-0.164407	0.677808	-0.463472	0.611242	0.325784	0.552668	-0.142649	0.776966	0.0790911	0.608046
0.0332626	0.742623	-0.097213	0.661781	0.13592	0.702738	-0.159367	0.679917	0.58497	-0.0230458	-0.561499	0.584805	-0.0519694	-0.413448	-0.459354	0.784445	0.000136313	0.24199	0.400211	0.883896	0.673277	-0.172921	0.421521	0.582337	0.510221	0.394097	-0.525321	0.555337	0.183325	0.692751	-0.16473	0.677755	-0.462617	0.612693	0.326573	0.55131	-0.142241	0.77713	0.0790791	0.607933
0.035267	0.741037	-0.0983067	0.663292	0.136707	0.70241	-0.159558	0.680054	0.585553	-0.0219775	-0.561532	0.584232	-0.0504423	-0.412545	-0.460658	0.784255	-0.000445024	0.242286	0.400181	0.883828	0.673402	-0.172166	0.421613	0.58235	0.511989	0.392993	-0.525955	0.55389	0.185972	0.691862	-0.16568	0.67771	-0.461677	0.614213	0.325766	0.550884	-0.141135	0.777909	0.0789921	0.607205
0.0352361	0.741175	-0.0983627	0.663132	0.137063	0.702249	-0.159595	0.68014	0.586619	-0.0212638	-0.56098	0.583719	-0.0498831	-0.412033	-0.460705	0.784532	-0.000294158	0.241909	0.400572	0.883755	0.673577	-0.172625	0.42137	0.582187	0.51295	0.392429	-0.526364	0.553012	0.187425	0.691273	-0.166101	0.677808	-0.46048	0.615532	0.32443	0.551202	-0.141404	0.777809	0.0793327	0.607226
0.0369938	0.741234	-0.100846	0.662596	0.137765	0.701978	-0.160171	0.680141	0.58718	-0.0210669	-0.560561	0.583564	-0.0489602	-0.411215	-0.460724	0.785009	0.000288961	0.241808	0.401192	0.883501	0.674005	-0.173522	0.421457	0.581362	0.514766	0.391247	-0.526813	0.551733	0.189659	0.690194	-0.166259	0.678248	-0.460044	0.616672	0.324163	0.550449	-0.149068	0.77447	0.0850466	0.608886
0.0375874	0.741219	-0.101965	0.662408	0.138035	0.702068	-0.160432	0.679933	0.58849	-0.0208492	-0.560101	0.582694	-0.0486414	-0.411061	-0.460637	0.78516	0.000462938	0.24211	0.401235	0.883399	0.674175	-0.173556	0.421718	0.580964	0.515522	0.39082	-0.526574	0.551559	0.190861	0.689709	-0.166346	0.678382	-0.459087	0.61941	0.323371	0.548636	-0.154043	0.772503	0.0889878	0.609583
0.0370794	0.742484	-0.103586	0.660766	0.139006	0.702663	-0.161411	0.678888	0.589705	-0.0212446	-0.559697	0.581839	-0.048372	-0.411026	-0.459923	0.785614	0.00230689	0.243419	0.400927	0.883175	0.674824	-0.17272	0.422612	0.57981	0.516003	0.391021	-0.525197	0.552278	0.189738	0.690876	-0.163627	0.678171	-0.457283	0.621987	0.321559	0.548291	-0.159744	0.770753	0.0945453	0.609494
0.0370684	0.742757	-0.104163	0.66037	0.139234	0.703037	-0.161918	0.678332	0.590037	-0.0211376	-0.559585	0.581614	-0.0482656	-0.410994	-0.459802	0.785708	0.00272192	0.244412	0.400488	0.8831	0.674976	-0.171846	0.423224	0.579446	0.516176	0.391218	-0.525031	0.552135	0.189938	0.691229	-0.163429	0.677803	-0.456778	0.622946	0.320997	0.547953	-0.16026	0.770826	0.0953303	0.609144
0.0375068	0.743793	-0.105597	0.65895	0.139728	0.703841	-0.162719	0.677205	0.590572	-0.020445	-0.558824	0.581828	-0.0478416	-0.409817	-0.460289	0.786063	0.0035246	0.24676	0.399664	0.882817	0.675056	-0.169813	0.424812	0.57879	0.517773	0.391233	-0.524613	0.551025	0.191294	0.690926	-0.16312	0.677805	-0.456696	0.623604	0.320066	0.547818	-0.159625	0.771614	0.0951177	0.608345
0.0381825	0.744392	-0.106975	0.658011	0.139886	0.704267	-0.163111	0.676635	0.590956	-0.020023	-0.558364	0.581893	-0.0475843	-0.408772	-0.460525	0.786485	0.00383217	0.248866	0.39883	0.882601	0.675053	-0.168786	0.425596	0.578518	0.519898	0.39168	-0.525186	0.548153	0.193786	0.689308	-0.164084	0.678511	-0.4563	0.624266	0.319217	0.54789	-0.159364	0.77194	0.0948604	0.60804
0.0383607	0.744712	-0.107507	0.657552	0.140275	0.705004	-0.163968	0.675579	0.591635	-0.0194496	-0.557887	0.58168	-0.0473491	-0.408374	-0.460747	0.786576	0.00387056	0.249646	0.398329	0.882607	0.675113	-0.166848	0.426617	0.578258	0.52056	0.392239	-0.525182	0.547129	0.194279	0.688746	-0.163863	0.678995	-0.455751	0.625607	0.3181	0.547466	-0.159172	0.772207	0.0947321	0.607772
0.0384544	0.745374	-0.108323	0.656662	0.14049	0.705245	-0.164375	0.675184	0.591872	-0.0192827	-0.557614	0.581706	-0.0470519	-0.408035	-0.460715	0.786788	0.00414417	0.250124	0.398006	0.882617	0.675113	-0.166393	0.42692	0.578165	0.522096	0.392813	-0.524973	0.545452	0.195377	0.687585	-0.163514	0.67994	-0.455666	0.625758	0.317551	0.547684	-0.158183	0.772959	0.0940179	0.607185
