FULLBODY	1																																						
Frames:	115																																						
0.438188	0.555573	-0.464981	0.532092	0.471597	0.544807	-0.440342	0.535613	0.731375	0.220495	-0.58118	0.28054	0.699863	0.0594533	-0.673531	0.230246	0.0452505	0.655838	-0.00102865	0.753544	0.0972816	0.657604	0.149348	0.731975	0.711789	0.111778	-0.683966	0.114246	0.461876	0.569682	-0.486443	0.474875	0.0515509	0.736951	-0.118427	0.663492	0.381388	0.646338	-0.431063	0.500974
0.433393	0.5597	-0.456837	0.538709	0.468706	0.543725	-0.436214	0.542581	0.726324	0.230173	-0.58196	0.284247	0.695739	0.0707906	-0.675596	0.233463	0.0299124	0.65506	0.00254499	0.75498	0.0841742	0.657652	0.151332	0.733149	0.714605	0.110913	-0.681373	0.113	0.463623	0.570189	-0.483615	0.475452	0.0506975	0.738694	-0.112388	0.662668	0.38404	0.647333	-0.42846	0.499895
0.433156	0.560059	-0.457034	0.538358	0.468338	0.544461	-0.436837	0.541659	0.726289	0.230883	-0.581874	0.283937	0.695781	0.0714154	-0.675615	0.233096	0.0294047	0.655329	0.00106439	0.75477	0.0833104	0.658394	0.149976	0.73286	0.714635	0.110951	-0.681352	0.112898	0.463686	0.570224	-0.483565	0.4754	0.0504776	0.738557	-0.111945	0.662913	0.384133	0.647467	-0.428604	0.499527
0.433141	0.560061	-0.457109	0.538305	0.468115	0.544801	-0.437273	0.541159	0.726317	0.231202	-0.581782	0.283795	0.695762	0.0718889	-0.675604	0.233035	0.0292235	0.655439	0.000383535	0.754683	0.0829976	0.658693	0.149268	0.732772	0.714648	0.111104	-0.681315	0.112885	0.463834	0.570179	-0.483562	0.475312	0.0503975	0.738644	-0.112131	0.66279	0.384106	0.647541	-0.428537	0.499509
0.433232	0.560043	-0.457415	0.53799	0.467874	0.545106	-0.437689	0.540724	0.726331	0.231566	-0.581792	0.28344	0.695724	0.072654	-0.675777	0.232412	0.0282952	0.655877	-0.000179887	0.754338	0.0825801	0.659	0.148807	0.732636	0.714864	0.111036	-0.681154	0.112556	0.464134	0.570109	-0.483563	0.475102	0.050446	0.738756	-0.112575	0.662587	0.383924	0.647776	-0.428398	0.499463
0.433153	0.560176	-0.457705	0.537669	0.467709	0.545411	-0.438445	0.539946	0.72624	0.232524	-0.581825	0.282822	0.695725	0.0730911	-0.675857	0.232041	0.0280145	0.656095	-0.000633634	0.754158	0.081769	0.659674	0.148481	0.732187	0.714948	0.110911	-0.681129	0.112305	0.464328	0.570041	-0.483577	0.47498	0.0505641	0.738677	-0.112784	0.662631	0.384175	0.647721	-0.428645	0.49913
0.43406	0.559475	-0.458551	0.536946	0.467641	0.545755	-0.440052	0.538346	0.726346	0.233253	-0.582012	0.28156	0.695886	0.0738789	-0.676059	0.230714	0.0278634	0.656601	-0.00195551	0.753721	0.0816991	0.660556	0.147428	0.731612	0.715289	0.11066	-0.680966	0.111358	0.465207	0.56969	-0.483605	0.474513	0.0510092	0.739017	-0.11447	0.661927	0.384497	0.647623	-0.428746	0.498923
0.434283	0.559353	-0.459164	0.536368	0.467659	0.545794	-0.440649	0.537804	0.726483	0.233322	-0.582166	0.280831	0.696056	0.0735864	-0.676358	0.229415	0.0285574	0.656707	-0.00340288	0.753597	0.0819838	0.660811	0.146802	0.731476	0.715563	0.110273	-0.680871	0.110564	0.465723	0.56956	-0.483545	0.474223	0.0511073	0.738919	-0.114701	0.66199	0.384995	0.647642	-0.429192	0.498129
0.434441	0.559164	-0.459367	0.536263	0.467601	0.545934	-0.442035	0.536573	0.726785	0.23321	-0.582529	0.279384	0.696206	0.073586	-0.676426	0.228758	0.0291183	0.656667	-0.00431456	0.753606	0.0831182	0.661263	0.145267	0.731246	0.715713	0.110314	-0.680707	0.110557	0.465825	0.569609	-0.483417	0.474195	0.0515725	0.738861	-0.115216	0.661929	0.385351	0.647596	-0.429456	0.497686
0.435139	0.558645	-0.460132	0.535583	0.467763	0.545736	-0.443368	0.535533	0.726896	0.233576	-0.58276	0.278308	0.696379	0.0736722	-0.676432	0.228185	0.0296799	0.656585	-0.00518492	0.75365	0.0837801	0.661404	0.144595	0.731175	0.716092	0.10948	-0.680622	0.109451	0.466629	0.569236	-0.483577	0.473689	0.0517018	0.739003	-0.116149	0.661597	0.385425	0.647886	-0.429306	0.49738
0.436644	0.557449	-0.46188	0.534097	0.46807	0.545517	-0.444915	0.534203	0.727132	0.233418	-0.583157	0.276988	0.696795	0.0728247	-0.676983	0.225538	0.0316595	0.656094	-0.00762463	0.753976	0.0860009	0.661412	0.142536	0.731315	0.71672	0.107913	-0.680487	0.107719	0.467497	0.568884	-0.483871	0.472955	0.0520526	0.738817	-0.116974	0.661632	0.386014	0.648005	-0.429801	0.496341
0.437232	0.557007	-0.462658	0.533404	0.468615	0.544989	-0.446626	0.532834	0.727287	0.233124	-0.583459	0.276194	0.696798	0.0723448	-0.677253	0.224871	0.0335238	0.655598	-0.00956217	0.754305	0.0875694	0.661234	0.140771	0.731631	0.716912	0.107326	-0.680458	0.107215	0.467486	0.56897	-0.483857	0.472877	0.0523552	0.738739	-0.117577	0.661588	0.386001	0.648115	-0.429798	0.496209
0.437977	0.556394	-0.463225	0.532939	0.469094	0.544499	-0.448224	0.531571	0.727648	0.232468	-0.584447	0.273697	0.696371	0.0710206	-0.678071	0.224151	0.0363496	0.655035	-0.0122343	0.754625	0.089653	0.660881	0.138385	0.732153	0.717131	0.106599	-0.680451	0.106519	0.467489	0.568992	-0.484112	0.472585	0.0523925	0.738656	-0.118449	0.661523	0.386036	0.648269	-0.430035	0.495775
0.438569	0.555776	-0.464385	0.532087	0.469283	0.544182	-0.44958	0.530582	0.728234	0.232262	-0.584872	0.271392	0.694825	0.0689982	-0.679674	0.224722	0.0402887	0.654004	-0.01694	0.755227	0.0942547	0.660477	0.137272	0.73215	0.717466	0.105886	-0.680224	0.106422	0.466405	0.569829	-0.484092	0.47267	0.0526431	0.738507	-0.119219	0.66153	0.386152	0.648247	-0.430511	0.495301
0.438576	0.555608	-0.46494	0.531772	0.468872	0.544452	-0.450316	0.530044	0.728799	0.23311	-0.585028	0.2688	0.691501	0.0636315	-0.683129	0.226079	0.044472	0.651976	-0.0214091	0.756632	0.10142	0.659477	0.140827	0.731417	0.717457	0.105476	-0.680258	0.106668	0.46489	0.570753	-0.484298	0.472836	0.0519949	0.738031	-0.118283	0.662281	0.386422	0.648322	-0.431355	0.494257
0.436975	0.556526	-0.464625	0.532406	0.467037	0.545533	-0.451175	0.529821	0.729357	0.23432	-0.584782	0.266762	0.684156	0.0496482	-0.688954	0.23411	0.0450341	0.649575	-0.0238574	0.758587	0.111798	0.654699	0.161352	0.729957	0.716972	0.106494	-0.680161	0.109503	0.461491	0.572905	-0.484757	0.473094	0.0512706	0.737715	-0.116862	0.662942	0.38722	0.647991	-0.433091	0.492544
0.435918	0.557437	-0.464487	0.53244	0.46575	0.546099	-0.451817	0.529825	0.733247	0.231567	-0.585387	0.256998	0.679542	0.0381441	-0.691924	0.240849	0.0429169	0.646674	-0.0214846	0.761255	0.123743	0.650296	0.172351	0.729451	0.716972	0.106494	-0.680161	0.109503	0.458741	0.574681	-0.485041	0.473322	0.049508	0.737134	-0.113117	0.664369	0.387437	0.647732	-0.433888	0.492013
0.433333	0.559408	-0.463837	0.533049	0.46229	0.547609	-0.452095	0.531058	0.736311	0.229038	-0.5865	0.247803	0.66724	0.00739627	-0.69678	0.263123	0.0408974	0.639267	-0.0165091	0.767719	0.15646	0.635298	0.203024	0.728491	0.71621	0.105558	-0.679923	0.116641	0.453047	0.577857	-0.486502	0.47344	0.047503	0.736061	-0.108545	0.666465	0.386776	0.647403	-0.434491	0.492433
0.426461	0.563707	-0.460838	0.536651	0.458153	0.549872	-0.452193	0.53222	0.740306	0.223666	-0.585399	0.243369	0.650301	-0.0260546	-0.697556	0.299742	0.0391977	0.628385	-0.00664657	0.776886	0.204413	0.612217	0.239714	0.725219	0.714927	0.102847	-0.680549	0.123109	0.444508	0.582248	-0.489969	0.472579	0.0446641	0.735846	-0.104204	0.667591	0.384859	0.647163	-0.433185	0.495393
0.424257	0.564978	-0.460045	0.53774	0.453519	0.552216	-0.451844	0.534055	0.74257	0.217622	-0.582931	0.247833	0.627812	-0.0645734	-0.693559	0.347358	0.0397644	0.614952	0.0101643	0.787496	0.262583	0.580226	0.279642	0.718462	0.714266	0.102101	-0.680869	0.125765	0.441645	0.583464	-0.491331	0.472349	0.0421317	0.734662	-0.100617	0.669606	0.383614	0.646052	-0.432684	0.498239
0.419157	0.567568	-0.459939	0.539101	0.448527	0.554272	-0.451556	0.53638	0.743801	0.208596	-0.578691	0.261467	0.599307	-0.106418	-0.684381	0.401408	0.0512447	0.597971	0.0242348	0.79951	0.325478	0.539987	0.321025	0.706697	0.712777	0.100279	-0.681738	0.130867	0.434885	0.586509	-0.493713	0.472366	0.0400564	0.733317	-0.0962805	0.671843	0.382281	0.64485	-0.432401	0.501059
0.413446	0.570101	-0.45876	0.541836	0.442626	0.556742	-0.451388	0.538859	0.744153	0.18913	-0.5775	0.277417	0.564242	-0.150079	-0.670836	0.457259	0.0714182	0.577822	0.0377046	0.812157	0.390379	0.493506	0.358443	0.689619	0.711073	0.0980431	-0.682751	0.136436	0.428164	0.589174	-0.497175	0.471558	0.0384731	0.731155	-0.0920293	0.67488	0.380844	0.643533	-0.432634	0.503638
0.413446	0.570101	-0.45876	0.541836	0.442626	0.556742	-0.451388	0.538859	0.744153	0.18913	-0.5775	0.277417	0.564242	-0.150079	-0.670836	0.457259	0.0714182	0.577822	0.0377046	0.812157	0.390379	0.493506	0.358443	0.689619	0.71006	0.0965895	-0.683425	0.139342	0.424054	0.590914	-0.49881	0.471368	0.0384731	0.731155	-0.0920293	0.67488	0.380844	0.643533	-0.432634	0.503638
0.407518	0.572432	-0.458079	0.544439	0.43673	0.558128	-0.450784	0.542728	0.742039	0.16787	-0.575636	0.299736	0.524687	-0.19451	-0.652094	0.51151	0.0892249	0.555541	0.057746	0.824669	0.453419	0.443121	0.390625	0.667433	0.708681	0.0958201	-0.684158	0.143239	0.419692	0.592764	-0.50042	0.471242	0.037198	0.729829	-0.0888703	0.676808	0.378862	0.642559	-0.433192	0.505892
0.407518	0.572432	-0.458079	0.544439	0.43673	0.558128	-0.450784	0.542728	0.742039	0.16787	-0.575636	0.299736	0.524687	-0.19451	-0.652094	0.51151	0.0892249	0.555541	0.057746	0.824669	0.453419	0.443121	0.390625	0.667433	0.708681	0.0958201	-0.684158	0.143239	0.419692	0.592764	-0.50042	0.471242	0.0358244	0.728277	-0.0853541	0.679002	0.378862	0.642559	-0.433192	0.505892
0.40474	0.573449	-0.458185	0.545352	0.43301	0.559459	-0.45052	0.544554	0.740032	0.156326	-0.575062	0.311798	0.503236	-0.216126	-0.641057	0.53767	0.0988162	0.544367	0.0686668	0.830172	0.48417	0.416527	0.404221	0.654744	0.704819	0.0963047	-0.68598	0.152929	0.409825	0.597307	-0.503097	0.47134	0.0344425	0.726655	-0.0813454	0.681299	0.377294	0.642243	-0.433331	0.507343
0.398782	0.575123	-0.458096	0.548046	0.42513	0.562202	-0.450332	0.548082	0.734554	0.132219	-0.573667	0.337425	0.458383	-0.256454	-0.617167	0.585851	0.117835	0.521366	0.0904564	0.840304	0.541356	0.362673	0.427643	0.626517	0.702353	0.0959477	-0.687579	0.157256	0.402855	0.60137	-0.502428	0.472893	0.0308887	0.723467	-0.0723394	0.685863	0.373606	0.641853	-0.433564	0.510358
0.388719	0.57818	-0.457815	0.552278	0.416829	0.564925	-0.449772	0.552104	0.725692	0.10889	-0.572393	0.365897	0.412276	-0.291319	-0.590883	0.6293	0.134019	0.497607	0.112055	0.849629	0.592024	0.311029	0.443299	0.596871	0.693541	0.0997167	-0.691087	0.177358	0.379629	0.616135	-0.496122	0.47971	0.0307446	0.718975	-0.0647464	0.69133	0.371411	0.640364	-0.436996	0.510903
0.384736	0.579964	-0.456559	0.554232	0.408056	0.568309	-0.449675	0.555255	0.716372	0.0835586	-0.570547	0.392817	0.365854	-0.320048	-0.565429	0.666341	0.144344	0.474515	0.139274	0.85709	0.636638	0.261172	0.451681	0.567861	0.690386	0.0980907	-0.693914	0.179525	0.369643	0.623864	-0.48907	0.484735	0.0329757	0.713736	-0.0572259	0.697294	0.367651	0.63954	-0.440216	0.51189
0.37587	0.584495	-0.45347	0.558079	0.398312	0.57308	-0.448944	0.558011	0.706631	0.0597306	-0.568817	0.416596	0.320003	-0.343256	-0.54128	0.697703	0.15534	0.451726	0.160144	0.86381	0.674312	0.212857	0.453764	0.542304	0.682675	0.10035	-0.699914	0.184403	0.348105	0.640224	-0.468815	0.499148	0.033972	0.706689	-0.0458711	0.705218	0.362343	0.639206	-0.443227	0.513491
0.364816	0.590816	-0.446438	0.564392	0.386498	0.580543	-0.447541	0.559729	0.69576	0.0388409	-0.566196	0.440262	0.27668	-0.360556	-0.519759	0.723393	0.163724	0.430686	0.183801	0.868286	0.704179	0.169194	0.452889	0.519997	0.676197	0.106642	-0.704361	0.187778	0.344088	0.635274	-0.469544	0.507502	0.0340554	0.698683	-0.0322571	0.713892	0.355195	0.638648	-0.444514	0.518047
0.348877	0.599101	-0.440221	0.570586	0.373313	0.590488	-0.443936	0.561144	0.68469	0.0221131	-0.562605	0.462803	0.238401	-0.373277	-0.499075	0.744818	0.170218	0.41391	0.204595	0.870543	0.72536	0.131154	0.451403	0.502878	0.676066	0.0950059	-0.709835	0.173329	0.352709	0.619544	-0.483332	0.508086	0.0322491	0.691053	-0.0171738	0.72188	0.35194	0.63509	-0.445497	0.523767
0.348877	0.599101	-0.440221	0.570586	0.373313	0.590488	-0.443936	0.561144	0.68469	0.0221131	-0.562605	0.462803	0.238401	-0.373277	-0.499075	0.744818	0.170218	0.41391	0.204595	0.870543	0.72536	0.131154	0.451403	0.502878	0.674767	0.0955277	-0.710898	0.173745	0.354769	0.61383	-0.486654	0.510412	0.0322491	0.691053	-0.0171738	0.72188	0.35194	0.63509	-0.445497	0.523767
0.329877	0.608701	-0.436151	0.574836	0.360178	0.600737	-0.439263	0.562525	0.673278	0.00827621	-0.55836	0.484627	0.203546	-0.382286	-0.481341	0.762062	0.178026	0.401186	0.219281	0.871362	0.740567	0.0996686	0.450411	0.488627	0.673115	0.0994336	-0.711178	0.176793	0.358	0.608188	-0.489675	0.512017	0.0251409	0.68501	-0.000131091	0.728099	0.360267	0.62568	-0.451738	0.524085
0.312845	0.616528	-0.433614	0.577928	0.347055	0.610307	-0.434941	0.56383	0.661717	-0.00484721	-0.553048	0.506207	0.171967	-0.38937	-0.464071	0.776824	0.185691	0.391827	0.231934	0.870745	0.752496	0.0748012	0.450115	0.474923	0.669648	0.108564	-0.711142	0.184558	0.362705	0.59829	-0.494904	0.515329	0.0238644	0.682518	0.00647986	0.730451	0.347792	0.639486	-0.432633	0.531908
0.29966	0.621007	-0.431392	0.581769	0.334837	0.617674	-0.430872	0.566315	0.649931	-0.0211407	-0.55065	0.52338	0.141973	-0.397278	-0.448589	0.787897	0.19298	0.38448	0.23966	0.870343	0.761361	0.0553019	0.449048	0.464356	0.668003	0.113471	-0.711155	0.187499	0.371937	0.586207	-0.502122	0.515653	0.00598884	0.683915	0.0232468	0.729167	0.322603	0.670567	-0.402579	0.533101
0.290194	0.623708	-0.42672	0.5871	0.325233	0.621727	-0.427526	0.570001	0.635713	-0.0353602	-0.549785	0.5407	0.116477	-0.406428	-0.435244	0.794866	0.198253	0.376992	0.244795	0.871004	0.768639	0.0413953	0.446561	0.456141	0.668587	0.1153	-0.710911	0.18521	0.380079	0.576757	-0.508326	0.514293	-0.0204384	0.68475	0.0382682	0.727486	0.289067	0.711664	-0.369403	0.522987
0.278624	0.626865	-0.418679	0.595077	0.317039	0.624435	-0.423168	0.574888	0.62319	-0.0503231	-0.551593	0.552129	0.0924954	-0.416545	-0.424539	0.798562	0.200953	0.369213	0.24864	0.872627	0.775633	0.0287504	0.441585	0.450078	0.669123	0.119329	-0.708565	0.189657	0.383909	0.571747	-0.512634	0.512762	-0.056033	0.686453	0.0533264	0.723048	0.255519	0.75222	-0.342149	0.501806
0.272594	0.62905	-0.414858	0.598232	0.313396	0.625256	-0.420745	0.577764	0.617373	-0.0566597	-0.552601	0.557021	0.081607	-0.421328	-0.420253	0.799507	0.201492	0.36497	0.250189	0.873844	0.779023	0.0230526	0.438852	0.447215	0.669087	0.122165	-0.707121	0.193333	0.383815	0.571096	-0.513192	0.513001	-0.056033	0.686453	0.0533264	0.723048	0.239352	0.77089	-0.329984	0.489438
0.261765	0.63353	-0.406943	0.603751	0.307391	0.625954	-0.4159	0.583711	0.607177	-0.0676666	-0.554771	0.564789	0.0641999	-0.430692	-0.411584	0.800613	0.200568	0.3571	0.254834	0.875963	0.785165	0.0122297	0.433511	0.442081	0.668709	0.129222	-0.70351	0.202986	0.383743	0.570676	-0.514697	0.512012	-0.114172	0.686584	0.0620045	0.715348	0.20608	0.804616	-0.304696	0.466138
0.250325	0.639269	-0.398378	0.608249	0.302306	0.626563	-0.409548	0.59017	0.599607	-0.0762993	-0.556829	0.569729	0.0495645	-0.436741	-0.405884	0.801286	0.200445	0.350381	0.259411	0.87736	0.788872	0.00172867	0.429216	0.439831	0.667408	0.136083	-0.700018	0.214528	0.380686	0.573493	-0.512713	0.513136	-0.153378	0.68733	0.0675701	0.706743	0.17415	0.831715	-0.281013	0.446042
0.235917	0.646134	-0.387336	0.61386	0.297557	0.627453	-0.401812	0.596917	0.596483	-0.079136	-0.557145	0.572307	0.0387357	-0.440821	-0.400476	0.802369	0.199177	0.343811	0.265428	0.878448	0.789664	-0.00310819	0.427934	0.439652	0.664576	0.147863	-0.693872	0.234555	0.377036	0.577325	-0.509057	0.51517	-0.171619	0.687112	0.0695039	0.702562	0.13971	0.851979	-0.25462	0.435639
0.228344	0.649751	-0.381329	0.616661	0.294942	0.627983	-0.397733	0.600379	0.59194	-0.0843436	-0.557673	0.575756	0.0338795	-0.441822	-0.398648	0.802948	0.197983	0.340689	0.268233	0.879082	0.790249	-0.0129827	0.425174	0.441096	0.662819	0.154191	-0.690253	0.245859	0.374535	0.580746	-0.503391	0.518706	-0.208113	0.685206	0.0741147	0.694038	0.119215	0.859506	-0.239066	0.435756
0.214232	0.65674	-0.369588	0.621451	0.289679	0.628654	-0.388961	0.607939	0.588307	-0.0871422	-0.556468	0.580211	0.0270712	-0.442179	-0.395077	0.804772	0.195358	0.334542	0.273035	0.88055	0.789276	-0.0203288	0.422398	0.445208	0.65834	0.168879	-0.681575	0.271152	0.373693	0.58198	-0.499669	0.52152	-0.244463	0.681933	0.0827175	0.684371	0.0755091	0.869432	-0.204909	0.443168
0.207257	0.660455	-0.363227	0.623626	0.286875	0.629181	-0.384323	0.611661	0.586839	-0.0885763	-0.556015	0.581912	0.0242201	-0.441781	-0.393679	0.805767	0.193223	0.331489	0.275395	0.881441	0.788535	-0.0239128	0.421079	0.447586	0.655637	0.176369	-0.677131	0.283773	0.372359	0.583488	-0.495274	0.524971	-0.261725	0.678912	0.0890815	0.680179	0.0486976	0.872562	-0.183798	0.449981
0.200125	0.664434	-0.356255	0.625748	0.28394	0.630016	-0.379372	0.615252	0.585407	-0.0896052	-0.555063	0.584101	0.0218081	-0.440997	-0.392404	0.806886	0.190789	0.328213	0.277691	0.882476	0.78767	-0.0277923	0.419391	0.45046	0.652429	0.184359	-0.671988	0.297961	0.37097	0.585173	-0.49033	0.528706	-0.276911	0.676242	0.0958773	0.675888	0.0277887	0.873573	-0.165393	0.456884
0.187484	0.67164	-0.341099	0.630398	0.277386	0.631867	-0.368149	0.623111	0.582989	-0.0910883	-0.552182	0.589001	0.0188519	-0.439588	-0.389182	0.809286	0.185362	0.320645	0.282761	0.884802	0.785783	-0.0352333	0.415455	0.456837	0.646194	0.198572	-0.661028	0.325646	0.369806	0.587493	-0.480776	0.535677	-0.307962	0.66964	0.11702	0.665618	0.00349559	0.869263	-0.136156	0.475217
0.180735	0.67599	-0.332296	0.632418	0.274251	0.632568	-0.362265	0.627222	0.582102	-0.0924235	-0.550805	0.590956	0.017828	-0.438971	-0.387544	0.81043	0.182415	0.316721	0.285616	0.88591	0.784838	-0.0395899	0.41356	0.459816	0.642984	0.206409	-0.65404	0.340879	0.369144	0.588674	-0.475427	0.539597	-0.321458	0.66524	0.128298	0.661559	-0.00364853	0.863795	-0.124686	0.488158
0.166239	0.686091	-0.311898	0.635895	0.267291	0.635806	-0.348666	0.634617	0.581611	-0.0945732	-0.547157	0.594478	0.0167098	-0.437264	-0.383821	0.813144	0.176037	0.308187	0.292582	0.887934	0.782912	-0.0500489	0.409471	0.465701	0.636435	0.218596	-0.639867	0.37113	0.368167	0.590385	-0.465784	0.546757	-0.336401	0.663351	0.149446	0.651511	-0.00651311	0.847043	-0.113326	0.519263
0.158542	0.694302	-0.291238	0.63874	0.262913	0.638712	-0.340746	0.637822	0.582012	-0.0955163	-0.545382	0.595565	0.0163155	-0.436254	-0.380657	0.815179	0.16969	0.301947	0.298368	0.889387	0.781745	-0.0549129	0.40787	0.468509	0.631541	0.223633	-0.625465	0.399922	0.366877	0.592179	-0.45622	0.553704	-0.339763	0.662699	0.159799	0.647963	-0.0126141	0.830572	-0.0889946	0.549611
0.15881	0.69644	-0.281999	0.64049	0.252628	0.647419	-0.324024	0.641901	0.582288	-0.0962399	-0.544138	0.596316	0.0167484	-0.435903	-0.380478	0.815441	0.16625	0.300385	0.301343	0.889563	0.778123	-0.062412	0.407292	0.474071	0.629525	0.223566	-0.618837	0.413227	0.367153	0.592248	-0.453086	0.556017	-0.347828	0.656087	0.183276	0.644186	-0.0381572	0.822155	-0.0519506	0.565602
0.166096	0.696536	-0.269736	0.64381	0.245329	0.656837	-0.308111	0.642998	0.584612	-0.0926594	-0.544645	0.594142	0.0192764	-0.434593	-0.383639	0.814603	0.158032	0.299111	0.309085	0.888833	0.77371	-0.0690496	0.409198	0.47871	0.625088	0.222024	-0.605783	0.439314	0.369878	0.59175	-0.446211	0.560285	-0.360479	0.648347	0.220502	0.633309	-0.0673849	0.810879	0.000988338	0.581321
0.170693	0.695912	-0.257666	0.648212	0.240985	0.666111	-0.292615	0.642339	0.587017	-0.0824818	-0.548072	0.590106	0.02084	-0.430977	-0.393338	0.811855	0.145941	0.301382	0.320073	0.886241	0.767665	-0.0744451	0.415206	0.482444	0.615781	0.22779	-0.598112	0.459552	0.367645	0.59523	-0.42519	0.57424	-0.355691	0.65482	0.227	0.627029	-0.0674354	0.807878	0.0108308	0.585379
0.17454	0.695661	-0.248189	0.651148	0.240305	0.670481	-0.279469	0.643899	0.588714	-0.0711085	-0.551	0.587161	0.019479	-0.424888	-0.403887	0.809917	0.134329	0.305875	0.331022	0.882508	0.760476	-0.0787663	0.424106	0.485393	0.606113	0.241155	-0.590196	0.475543	0.363708	0.598992	-0.398095	0.591985	-0.3554	0.661805	0.233038	0.617574	-0.0414959	0.801379	0.00453948	0.596698
0.173572	0.698455	-0.239371	0.651717	0.24292	0.674203	-0.269458	0.643299	0.589988	-0.0602247	-0.551758	0.586388	0.0150409	-0.418853	-0.411309	0.80942	0.126792	0.309113	0.340162	0.879012	0.754692	-0.0833391	0.43049	0.48803	0.597282	0.256858	-0.586378	0.483155	0.359912	0.602201	-0.368051	0.61021	-0.35988	0.662948	0.245995	0.608665	-0.0295453	0.796567	0.00515862	0.603806
0.175448	0.699482	-0.231418	0.652985	0.245489	0.67814	-0.261845	0.641325	0.591917	-0.053501	-0.549394	0.587315	0.00974891	-0.412214	-0.414182	0.811442	0.124855	0.311976	0.345996	0.875996	0.750358	-0.0883239	0.436441	0.488549	0.594416	0.269912	-0.586968	0.478838	0.350776	0.607191	-0.332061	0.630881	-0.36163	0.661565	0.257838	0.604214	-0.01971	0.795557	0.00737582	0.605514
0.179223	0.697831	-0.225095	0.655929	0.249875	0.679123	-0.25573	0.641059	0.59323	-0.0515159	-0.543739	0.591415	0.00356103	-0.405026	-0.412827	0.815791	0.125713	0.313762	0.352882	0.872481	0.747479	-0.0942621	0.441531	0.487279	0.59665	0.27605	-0.588487	0.470626	0.346468	0.605363	-0.307201	0.647397	-0.356052	0.664396	0.260598	0.603236	-0.0111961	0.795167	0.00723243	0.606244
0.187382	0.692509	-0.225833	0.659028	0.252463	0.679126	-0.253709	0.640844	0.593675	-0.0519859	-0.541069	0.593373	0.000431984	-0.402495	-0.410978	0.817982	0.126905	0.314006	0.356372	0.870801	0.746795	-0.0973836	0.443455	0.485964	0.602011	0.273072	-0.59363	0.458931	0.351162	0.596539	-0.298925	0.656865	-0.350097	0.66923	0.256506	0.603132	-0.00905967	0.794076	0.00727334	0.607707
0.190983	0.690181	-0.226409	0.660238	0.258474	0.678194	-0.251086	0.640469	0.593367	-0.0526378	-0.53716	0.597163	-0.00455675	-0.399082	-0.407842	0.821205	0.128922	0.314814	0.362854	0.86753	0.746394	-0.103322	0.447293	0.481819	0.605235	0.26947	-0.596736	0.452751	0.356618	0.590514	-0.30077	0.658524	-0.340598	0.678265	0.248691	0.601749	-0.00714247	0.792319	0.00758777	0.610017
0.196026	0.687487	-0.225306	0.661946	0.261675	0.67741	-0.25004	0.640408	0.593356	-0.053068	-0.535787	0.598369	-0.00516973	-0.398077	-0.407082	0.822066	0.130022	0.31588	0.365719	0.865774	0.746483	-0.105592	0.449178	0.479429	0.609993	0.264314	-0.601625	0.442825	0.362604	0.583789	-0.301645	0.660847	-0.337211	0.680576	0.245709	0.602273	-0.00638971	0.792678	0.00729304	0.609563
0.198563	0.686164	-0.224824	0.662727	0.266772	0.676317	-0.247772	0.640341	0.593889	-0.0536579	-0.534916	0.598566	-0.00533183	-0.396614	-0.406471	0.823073	0.131174	0.317016	0.36789	0.864264	0.746501	-0.107444	0.451051	0.477227	0.611357	0.263599	-0.602194	0.440591	0.364242	0.582468	-0.301607	0.661129	-0.331427	0.684171	0.240629	0.60346	-0.00644401	0.793112	0.00674584	0.609004
0.204256	0.682753	-0.224273	0.664703	0.269754	0.674776	-0.245889	0.641442	0.594762	-0.0554661	-0.533845	0.598492	-0.00635061	-0.396661	-0.405438	0.823553	0.133721	0.319436	0.373694	0.860484	0.745722	-0.111398	0.455411	0.473382	0.612598	0.264914	-0.601341	0.439243	0.365205	0.582231	-0.301299	0.660948	-0.328321	0.686656	0.236932	0.603798	-0.00883186	0.79377	0.00651435	0.608119
0.206043	0.681595	-0.22327	0.665677	0.270584	0.673915	-0.244979	0.642346	0.594989	-0.0565861	-0.534035	0.59799	-0.00776624	-0.396861	-0.404802	0.823757	0.133982	0.319036	0.374898	0.860068	0.745815	-0.112512	0.455594	0.472794	0.613001	0.265612	-0.601707	0.437754	0.364715	0.582996	-0.301212	0.660583	-0.327895	0.687586	0.235464	0.603545	-0.0113361	0.793672	0.00703648	0.6082
0.206347	0.680844	-0.21976	0.667516	0.271016	0.673094	-0.243884	0.643441	0.594989	-0.0565861	-0.534035	0.59799	-0.0110991	-0.397467	-0.403515	0.824058	0.134216	0.316852	0.377138	0.859859	0.745809	-0.113923	0.455408	0.472645	0.613549	0.268204	-0.600817	0.436626	0.360923	0.586828	-0.298723	0.660403	-0.327895	0.687586	0.235464	0.603545	-0.0169373	0.793286	0.00802531	0.608561
0.204506	0.681749	-0.216165	0.668332	0.270317	0.671006	-0.240842	0.647051	0.593667	-0.0601019	-0.534901	0.598187	-0.0145392	-0.398291	-0.402786	0.823964	0.134139	0.31338	0.378891	0.860373	0.746083	-0.119564	0.452574	0.473541	0.613771	0.271262	-0.598819	0.43717	0.354925	0.592747	-0.295367	0.659877	-0.330259	0.688456	0.232673	0.602346	-0.0206772	0.793679	0.00751615	0.607939
0.202733	0.682292	-0.213911	0.669043	0.268726	0.67062	-0.239292	0.648687	0.592832	-0.0607806	-0.535261	0.598625	-0.0184565	-0.399672	-0.401997	0.823602	0.133194	0.310677	0.380369	0.860848	0.7458	-0.121352	0.451846	0.474226	0.614016	0.272784	-0.597425	0.437786	0.34958	0.598341	-0.294533	0.658051	-0.331249	0.688597	0.232388	0.601751	-0.0245312	0.794016	0.00651681	0.607367
0.200112	0.682809	-0.211133	0.670186	0.268025	0.670528	-0.23867	0.649301	0.590128	-0.0613435	-0.536421	0.600199	-0.0205536	-0.40031	-0.40189	0.823294	0.132335	0.30988	0.380869	0.861046	0.744713	-0.124083	0.450829	0.476192	0.614786	0.272629	-0.596769	0.437697	0.345741	0.603622	-0.295948	0.654613	-0.332496	0.68929	0.23064	0.600942	-0.0258541	0.794271	0.00539617	0.60699
0.198515	0.683479	-0.20972	0.670423	0.266552	0.670796	-0.237827	0.649939	0.587386	-0.0617873	-0.537435	0.601933	-0.0243148	-0.40155	-0.401486	0.822785	0.130347	0.309042	0.381207	0.861501	0.743259	-0.125029	0.450381	0.478634	0.614848	0.273069	-0.595845	0.438593	0.34397	0.606371	-0.297106	0.652478	-0.334437	0.68945	0.229328	0.600183	-0.0263409	0.795029	0.00182196	0.605997
0.193382	0.685801	-0.205008	0.671008	0.263377	0.672034	-0.23584	0.650678	0.585108	-0.062133	-0.538458	0.603201	-0.0266756	-0.402889	-0.401263	0.822166	0.127462	0.309403	0.380418	0.862152	0.740734	-0.124186	0.450817	0.482344	0.613823	0.274589	-0.59211	0.444104	0.338641	0.615309	-0.300822	0.645153	-0.340325	0.687388	0.231207	0.598514	-0.0321043	0.795671	0.00200593	0.604874
0.191148	0.686913	-0.203241	0.671049	0.261702	0.672877	-0.235081	0.650758	0.585066	-0.0623237	-0.538839	0.602881	-0.0264516	-0.403729	-0.401045	0.821867	0.126125	0.309399	0.380151	0.862467	0.740018	-0.123967	0.45078	0.483532	0.611801	0.277722	-0.588523	0.449678	0.335714	0.621165	-0.303672	0.639713	-0.343007	0.686753	0.232368	0.597262	-0.0345377	0.795497	0.00271564	0.604967
0.185378	0.68945	-0.198748	0.671411	0.257703	0.673909	-0.232332	0.652271	0.585077	-0.0637153	-0.539638	0.60201	-0.0233977	-0.407077	-0.399677	0.820975	0.122974	0.308551	0.380126	0.863237	0.738277	-0.124294	0.450233	0.486608	0.610345	0.279887	-0.586285	0.453224	0.333572	0.624482	-0.304004	0.637443	-0.347418	0.686358	0.233832	0.594589	-0.0383726	0.794741	0.0036245	0.605724
0.177939	0.693534	-0.193413	0.670775	0.25233	0.675558	-0.228378	0.65406	0.584978	-0.0665518	-0.53885	0.602505	-0.0156603	-0.411556	-0.395845	0.820782	0.118678	0.306478	0.380818	0.864271	0.735809	-0.125885	0.448965	0.491089	0.606769	0.286033	-0.5813	0.460551	0.329333	0.630334	-0.303474	0.63413	-0.351882	0.684747	0.236408	0.5928	-0.0425775	0.793855	0.0055313	0.606589
0.169572	0.696787	-0.186318	0.671579	0.246116	0.677458	-0.221856	0.656702	0.583929	-0.0713056	-0.533602	0.607627	0.00075807	-0.417984	-0.390097	0.820435	0.112998	0.30298	0.383639	0.865018	0.732292	-0.129888	0.447395	0.496704	0.60407	0.294546	-0.575915	0.465471	0.325848	0.634128	-0.301724	0.632982	-0.357963	0.682021	0.241229	0.590354	-0.0475216	0.792597	0.00775564	0.607842
0.159093	0.700591	-0.178439	0.672325	0.241977	0.678504	-0.217294	0.658683	0.577259	-0.0792718	-0.518104	0.626144	0.0366336	-0.429969	-0.380166	0.818082	0.105078	0.298497	0.387993	0.865633	0.72793	-0.135558	0.445598	0.503174	0.602935	0.301991	-0.572147	0.466817	0.323551	0.635729	-0.298919	0.633885	-0.364564	0.67855	0.246936	0.58795	-0.0531114	0.79094	0.0107924	0.609489
0.155785	0.701271	-0.1758	0.673086	0.240722	0.678076	-0.21644	0.659863	0.577259	-0.0792718	-0.518104	0.626144	0.0673898	-0.435746	-0.378054	0.814039	0.101415	0.295954	0.389016	0.866483	0.726251	-0.137945	0.444121	0.506248	0.602283	0.305774	-0.571074	0.46651	0.321843	0.635652	-0.296179	0.636114	-0.367048	0.677172	0.248947	0.587145	-0.0558596	0.790231	0.0125334	0.61013
0.155304	0.701822	-0.178457	0.671922	0.244666	0.674926	-0.212279	0.662987	0.545217	-0.0996229	-0.486781	0.675173	0.173926	-0.420986	-0.417875	0.786067	0.0969279	0.29023	0.391096	0.867995	0.723751	-0.142338	0.440751	0.511529	0.602254	0.305924	-0.571526	0.465895	0.321864	0.63489	-0.295546	0.637159	-0.368351	0.676419	0.249895	0.586795	-0.0571332	0.790301	0.0132957	0.609904
0.154359	0.704948	-0.183148	0.667591	0.255613	0.680251	-0.180409	0.662853	0.503476	-0.113449	-0.406208	0.75408	0.248744	-0.397752	-0.472523	0.746084	0.0924752	0.286205	0.402278	0.864701	0.716266	-0.153141	0.442741	0.517196	0.602634	0.306328	-0.5746	0.461336	0.323926	0.631558	-0.295051	0.63965	-0.360611	0.675927	0.248365	0.592788	-0.0539342	0.791917	0.0121543	0.608121
0.143423	0.709404	-0.173177	0.667971	0.247567	0.681262	-0.175185	0.66626	0.536591	-0.124946	-0.422207	0.719861	0.183324	-0.415188	-0.438879	0.775497	0.0861938	0.286689	0.407158	0.862904	0.713091	-0.157516	0.445051	0.518285	0.60244	0.311418	-0.572521	0.460765	0.323459	0.631007	-0.292682	0.641516	-0.368005	0.670243	0.255519	0.591656	-0.0584407	0.790553	0.0160114	0.609389
0.143423	0.709404	-0.173177	0.667971	0.247567	0.681262	-0.175185	0.66626	0.536591	-0.124946	-0.422207	0.719861	0.183324	-0.415188	-0.438879	0.775497	0.0861938	0.286689	0.407158	0.862904	0.713091	-0.157516	0.445051	0.518285	0.60244	0.311418	-0.572521	0.460765	0.323459	0.631007	-0.292682	0.641516	-0.368005	0.670243	0.255519	0.591656	-0.0584407	0.790553	0.0160114	0.609389
0.12791	0.716254	-0.161194	0.66681	0.227135	0.686888	-0.186411	0.664714	0.56185	-0.11501	-0.495624	0.652268	0.0202432	-0.450377	-0.368311	0.813079	0.0677278	0.286717	0.409169	0.86359	0.706911	-0.162435	0.446111	0.524287	0.600823	0.326012	-0.56445	0.462735	0.321301	0.631102	-0.286717	0.645189	-0.387296	0.659878	0.271155	0.583985	-0.0677226	0.786921	0.0221043	0.612927
0.124139	0.71863	-0.15739	0.665874	0.220084	0.684461	-0.19121	0.668218	0.588458	-0.107611	-0.538382	0.593533	-0.093542	-0.431872	-0.356799	0.823062	0.0582692	0.285041	0.409015	0.864906	0.698967	-0.161704	0.446869	0.534421	0.595415	0.335253	-0.55916	0.469496	0.317895	0.633083	-0.283515	0.64635	-0.388544	0.660168	0.272	0.582433	-0.0730474	0.784069	0.0256494	0.615826
0.130135	0.717336	-0.159898	0.665527	0.216713	0.68619	-0.193083	0.667006	0.581843	-0.100577	-0.549278	0.591301	-0.1268	-0.406861	-0.383239	0.81946	0.0604912	0.286318	0.406717	0.865416	0.696476	-0.15912	0.4483	0.537242	0.594316	0.334345	-0.55948	0.471153	0.317865	0.63335	-0.284993	0.645453	-0.384527	0.663826	0.268428	0.582598	-0.0718608	0.784398	0.0244831	0.615594
0.144324	0.712331	-0.167786	0.666035	0.221219	0.685052	-0.19891	0.664981	0.561401	-0.0709	-0.558728	0.606321	-0.118225	-0.395479	-0.423078	0.806613	0.0710081	0.290348	0.398229	0.867219	0.698444	-0.151814	0.450426	0.535019	0.598708	0.321134	-0.566672	0.466159	0.32158	0.631981	-0.291102	0.642219	-0.376606	0.668984	0.259385	0.585958	-0.0631268	0.786769	0.0175162	0.613761
0.15029	0.709488	-0.173181	0.666369	0.225208	0.684472	-0.202497	0.663155	0.559464	-0.0645067	-0.563624	0.604291	-0.104725	-0.399229	-0.430681	0.802597	0.075818	0.292603	0.39662	0.866792	0.701507	-0.148686	0.451081	0.531325	0.6026	0.312154	-0.571581	0.461225	0.325755	0.629783	-0.295747	0.640149	-0.370966	0.672668	0.254639	0.587419	-0.0590394	0.787907	0.0151632	0.61277
0.155443	0.706213	-0.178417	0.667284	0.229271	0.685656	-0.205269	0.659678	0.559217	-0.0628345	-0.562641	0.60561	-0.106814	-0.398731	-0.430693	0.802563	0.0797184	0.294788	0.395083	0.866403	0.704554	-0.146706	0.451585	0.527401	0.60754	0.302126	-0.577211	0.45436	0.33219	0.625333	-0.301058	0.638728	-0.363677	0.677264	0.249856	0.588748	-0.0537941	0.789206	0.0128428	0.611633
0.155964	0.70639	-0.17987	0.666585	0.231239	0.685876	-0.207105	0.658186	0.55962	-0.0645466	-0.560947	0.606628	-0.112618	-0.397978	-0.427658	0.803766	0.0843094	0.300491	0.391793	0.865503	0.709671	-0.141361	0.453691	0.520142	0.607924	0.3025	-0.576967	0.453907	0.333622	0.623747	-0.301021	0.639548	-0.362737	0.678772	0.249131	0.587898	-0.052747	0.789145	0.0122737	0.611815
0.157255	0.706239	-0.181799	0.665918	0.233726	0.684907	-0.209488	0.657563	0.560782	-0.06682	-0.559979	0.606203	-0.115184	-0.398106	-0.425042	0.804726	0.0861672	0.303835	0.390379	0.864791	0.711194	-0.137905	0.455443	0.517453	0.607175	0.304912	-0.575939	0.4546	0.334036	0.62273	-0.299676	0.640954	-0.362323	0.680083	0.248712	0.586815	-0.0519969	0.78891	0.0118584	0.61219
0.160669	0.705747	-0.185142	0.664703	0.23869	0.682627	-0.213405	0.656891	0.562162	-0.0682931	-0.559743	0.604977	-0.110963	-0.399583	-0.423066	0.805627	0.0911627	0.30937	0.388515	0.863154	0.712071	-0.134601	0.457358	0.515424	0.605652	0.309005	-0.575079	0.454957	0.333953	0.62159	-0.296383	0.64363	-0.361373	0.681115	0.248045	0.586485	-0.0495239	0.788961	0.0104309	0.612355
0.16165	0.705537	-0.185948	0.664462	0.240083	0.681987	-0.214273	0.656766	0.566461	-0.0691867	-0.558437	0.602066	-0.107933	-0.400136	-0.422337	0.806147	0.0940635	0.310781	0.387514	0.862786	0.713342	-0.129848	0.459642	0.512847	0.606116	0.308835	-0.57556	0.453846	0.334342	0.620885	-0.295742	0.644403	-0.359034	0.682974	0.246529	0.5864	-0.0488943	0.789045	0.00992725	0.612306
0.164078	0.703652	-0.187597	0.665402	0.24191	0.679939	-0.216398	0.657521	0.569896	-0.0708069	-0.557878	0.599147	-0.104008	-0.40207	-0.420929	0.806437	0.0977121	0.310752	0.386044	0.86305	0.715475	-0.128013	0.458868	0.511027	0.60965	0.30362	-0.579412	0.447688	0.336053	0.61906	-0.295907	0.645192	-0.356188	0.684863	0.244113	0.586943	-0.0469565	0.789833	0.00838928	0.611464
0.166647	0.702151	-0.190165	0.66562	0.24363	0.677626	-0.218605	0.658543	0.571183	-0.0732275	-0.558623	0.596932	-0.101751	-0.405016	-0.419236	0.806133	0.0990386	0.308467	0.385466	0.863977	0.7182	-0.128175	0.456326	0.509437	0.61293	0.298521	-0.582635	0.442423	0.338001	0.617225	-0.297181	0.645346	-0.353019	0.68662	0.241307	0.587964	-0.0445269	0.790882	0.00651196	0.610313
0.16778	0.701362	-0.191393	0.665815	0.244317	0.676665	-0.219235	0.659067	0.571516	-0.0739755	-0.558846	0.596312	-0.101201	-0.406303	-0.418417	0.80598	0.0997334	0.307529	0.385307	0.864302	0.71931	-0.128413	0.455306	0.508723	0.613556	0.297552	-0.583495	0.441073	0.338521	0.616694	-0.297421	0.64547	-0.351773	0.687559	0.240138	0.588092	-0.0441796	0.791122	0.00622307	0.610029
0.168275	0.700865	-0.191967	0.666049	0.245212	0.675773	-0.21968	0.659502	0.571634	-0.0748426	-0.559039	0.59591	-0.100434	-0.407527	-0.417508	0.80593	0.10054	0.306931	0.385283	0.864431	0.720162	-0.128519	0.454534	0.508181	0.613772	0.2973	-0.583964	0.440321	0.338497	0.616498	-0.296919	0.645901	-0.351419	0.687817	0.239618	0.588215	-0.0439469	0.791323	0.00605424	0.609786
0.168156	0.700915	-0.192173	0.665967	0.246093	0.675021	-0.219998	0.659838	0.571893	-0.0759131	-0.559116	0.595453	-0.100031	-0.408485	-0.416543	0.805993	0.10159	0.306598	0.385432	0.864361	0.720809	-0.128671	0.454227	0.507499	0.61373	0.297536	-0.584133	0.439996	0.338304	0.616433	-0.296189	0.6464	-0.35143	0.687586	0.239667	0.588457	-0.0437671	0.79152	0.00592743	0.609545
0.168118	0.701085	-0.192459	0.665715	0.246784	0.674831	-0.220192	0.659709	0.572079	-0.0767358	-0.558938	0.595337	-0.0999783	-0.409123	-0.415562	0.806183	0.10268	0.306669	0.3856	0.864132	0.721153	-0.128819	0.454327	0.506884	0.613495	0.298253	-0.584045	0.439954	0.338258	0.616242	-0.295575	0.646887	-0.351586	0.687344	0.239825	0.588583	-0.0438697	0.791602	0.006103	0.60943
0.168089	0.701074	-0.192709	0.665661	0.247984	0.674197	-0.220447	0.659822	0.572208	-0.0778178	-0.558411	0.595567	-0.0995803	-0.409981	-0.414002	0.806599	0.104281	0.307788	0.385859	0.863426	0.721379	-0.128625	0.455226	0.505803	0.6135	0.299038	-0.584153	0.439271	0.338486	0.615695	-0.294843	0.647622	-0.351974	0.687009	0.240357	0.588525	-0.0447822	0.791566	0.00708657	0.6094
0.168471	0.700873	-0.193338	0.665593	0.248316	0.674439	-0.220424	0.659458	0.572386	-0.0775568	-0.557479	0.596302	-0.0982215	-0.409619	-0.413193	0.807363	0.104842	0.308659	0.385753	0.863095	0.721569	-0.128275	0.455913	0.505003	0.613772	0.298603	-0.584336	0.438944	0.338801	0.615188	-0.294645	0.64803	-0.352093	0.68675	0.240552	0.588676	-0.0442678	0.791548	0.00700929	0.609462
0.168331	0.700764	-0.193331	0.665747	0.248288	0.674288	-0.220292	0.659666	0.572403	-0.0771129	-0.556926	0.59686	-0.0975545	-0.409422	-0.412972	0.807658	0.104515	0.308798	0.385911	0.863014	0.721554	-0.128193	0.45605	0.50492	0.61386	0.298377	-0.584524	0.438725	0.338788	0.615046	-0.294476	0.648247	-0.351776	0.687049	0.240292	0.588623	-0.0442214	0.791436	0.00711681	0.609608
0.168382	0.700661	-0.193121	0.665902	0.247969	0.674634	-0.220304	0.659429	0.572745	-0.0768483	-0.556409	0.597049	-0.0972129	-0.409053	-0.412684	0.808033	0.103434	0.308646	0.385701	0.863292	0.721331	-0.127745	0.455711	0.505658	0.613572	0.298773	-0.584388	0.439039	0.338814	0.614693	-0.294016	0.648778	-0.351991	0.686789	0.240714	0.588625	-0.0443724	0.791305	0.0073948	0.609765
0.168403	0.70032	-0.192344	0.66648	0.247687	0.674904	-0.220252	0.659275	0.572933	-0.0764032	-0.556094	0.597218	-0.0970616	-0.408212	-0.413	0.808315	0.102875	0.308579	0.385624	0.863418	0.720947	-0.127689	0.455718	0.506214	0.613141	0.299486	-0.584191	0.439417	0.338664	0.614456	-0.293401	0.649358	-0.352248	0.686367	0.241024	0.588837	-0.0448388	0.791162	0.00826973	0.609905
0.168594	0.700087	-0.192119	0.666742	0.247426	0.675145	-0.22008	0.659185	0.573134	-0.075431	-0.555934	0.597297	-0.0970083	-0.408074	-0.413245	0.808266	0.101822	0.308668	0.385984	0.863349	0.71995	-0.127832	0.455991	0.507349	0.613178	0.299426	-0.584175	0.439427	0.33863	0.614347	-0.293252	0.649546	-0.352517	0.68619	0.24132	0.588761	-0.0452561	0.791027	0.00869006	0.610043
0.168862	0.699955	-0.191886	0.66688	0.247491	0.675012	-0.219749	0.659407	0.573214	-0.0743403	-0.555777	0.597503	-0.0964765	-0.407387	-0.413741	0.808423	0.101007	0.308848	0.386225	0.863274	0.719295	-0.12767	0.4563	0.508041	0.613568	0.298611	-0.584577	0.438903	0.339293	0.613757	-0.293852	0.649487	-0.35221	0.686099	0.241092	0.589145	-0.0452215	0.791073	0.00897236	0.609981
0.169232	0.699972	-0.192064	0.666716	0.247583	0.675014	-0.219624	0.659412	0.573328	-0.0738407	-0.555439	0.597771	-0.0963071	-0.406963	-0.413902	0.808574	0.100786	0.308893	0.386345	0.863229	0.719197	-0.127819	0.456374	0.508076	0.61372	0.298264	-0.58466	0.438815	0.339525	0.613641	-0.294023	0.649398	-0.352158	0.685943	0.241202	0.589312	-0.045372	0.791141	0.00924883	0.609879
0.169793	0.699619	-0.192462	0.66683	0.247912	0.674974	-0.219633	0.659326	0.573498	-0.0735146	-0.555116	0.597948	-0.0967682	-0.405678	-0.414184	0.80902	0.100498	0.309042	0.386622	0.863086	0.719147	-0.12801	0.456582	0.507911	0.613847	0.297832	-0.584561	0.439063	0.339854	0.613634	-0.294205	0.64915	-0.352499	0.685908	0.241709	0.588941	-0.0463151	0.790987	0.01015	0.609993
0.169967	0.699703	-0.192814	0.666595	0.248367	0.674216	-0.21941	0.660004	0.573648	-0.0724249	-0.554448	0.598556	-0.0960954	-0.404639	-0.414248	0.809587	0.100884	0.309495	0.386408	0.862974	0.719308	-0.127491	0.456729	0.507681	0.613595	0.297964	-0.583955	0.44013	0.34004	0.613871	-0.294335	0.648769	-0.35286	0.685985	0.242032	0.588502	-0.0465696	0.791008	0.0107964	0.609936
0.169956	0.700323	-0.193679	0.665696	0.248436	0.673099	-0.21896	0.661267	0.574333	-0.0718498	-0.553817	0.598553	-0.0955018	-0.403897	-0.414537	0.80988	0.101617	0.309719	0.386082	0.862953	0.719574	-0.12679	0.45671	0.507497	0.613449	0.297959	-0.583324	0.441173	0.340039	0.614236	-0.294313	0.648435	-0.352826	0.68624	0.241914	0.588274	-0.0463843	0.79107	0.0109442	0.609866
0.16975	0.700789	-0.193943	0.66518	0.248479	0.672484	-0.218921	0.661889	0.574333	-0.0718498	-0.553817	0.598553	-0.0950959	-0.403705	-0.414763	0.809908	0.101617	0.309719	0.386082	0.862953	0.719574	-0.12679	0.45671	0.507497	0.613736	0.297625	-0.583346	0.440971	0.340203	0.614331	-0.294215	0.648303	-0.352826	0.68624	0.241914	0.588274	-0.0465147	0.791046	0.0111822	0.609884
0.169315	0.700509	-0.193622	0.66568	0.248393	0.672276	-0.21953	0.661931	0.574333	-0.0718498	-0.553817	0.598553	-0.0941825	-0.403338	-0.415323	0.80991	0.10168	0.309035	0.385401	0.863496	0.720455	-0.125967	0.455572	0.507476	0.614122	0.297693	-0.583	0.440844	0.340538	0.614447	-0.293923	0.648149	-0.353079	0.686845	0.241785	0.587469	-0.0463667	0.791265	0.0113175	0.609608
0.168884	0.700391	-0.193164	0.666046	0.247913	0.672383	-0.219486	0.662017	0.575693	-0.0692661	-0.55346	0.597881	-0.0934974	-0.402649	-0.415849	0.810062	0.101356	0.30885	0.384871	0.863836	0.720611	-0.125634	0.455264	0.507613	0.614251	0.297943	-0.582683	0.440916	0.340963	0.61452	-0.293737	0.647941	-0.352643	0.688018	0.241157	0.586616	-0.0462698	0.791395	0.0113337	0.609446
0.168174	0.700707	-0.192874	0.665978	0.247677	0.672411	-0.219655	0.662021	0.575693	-0.0692661	-0.55346	0.597881	-0.0938423	-0.402673	-0.41596	0.809954	0.100946	0.308292	0.384798	0.864116	0.720345	-0.125264	0.454603	0.508673	0.614699	0.298231	-0.582206	0.440726	0.341016	0.614823	-0.29308	0.647923	-0.353078	0.688204	0.241236	0.586102	-0.0463767	0.791572	0.0115866	0.609203
0.167711	0.700874	-0.19292	0.665906	0.247258	0.672758	-0.219934	0.661731	0.575066	-0.0687988	-0.554061	0.597981	-0.0943051	-0.402841	-0.416119	0.809735	0.100662	0.307915	0.384934	0.864223	0.720043	-0.125821	0.454334	0.509204	0.614769	0.298546	-0.581696	0.441089	0.340886	0.615242	-0.292605	0.647809	-0.353186	0.688698	0.241108	0.58551	-0.0460776	0.791673	0.0114582	0.609097
0.167244	0.700511	-0.192176	0.66662	0.247037	0.673014	-0.219968	0.661544	0.575066	-0.0687988	-0.554061	0.597981	-0.0942895	-0.402673	-0.416258	0.809749	0.100425	0.307893	0.384905	0.864271	0.720031	-0.125891	0.454281	0.50925	0.61485	0.298998	-0.581306	0.441184	0.34077	0.615598	-0.292211	0.647709	-0.353279	0.688882	0.240931	0.58531	-0.0453715	0.791817	0.0111037	0.60897
0.166798	0.700807	-0.191807	0.666527	0.246799	0.673245	-0.219703	0.661485	0.575336	-0.0679879	-0.553494	0.598341	-0.0939598	-0.402031	-0.416551	0.809955	0.0999896	0.308122	0.384883	0.86425	0.719881	-0.125809	0.454364	0.509408	0.614859	0.299389	-0.581008	0.441299	0.340486	0.615809	-0.29178	0.647853	-0.354017	0.688669	0.241358	0.584938	-0.0450639	0.791942	0.0109424	0.608833
0.166643	0.700975	-0.191298	0.666536	0.246638	0.674074	-0.219505	0.660766	0.575923	-0.0674273	-0.552922	0.598368	-0.0933972	-0.401562	-0.416451	0.810304	0.0991368	0.308527	0.385092	0.864111	0.719139	-0.125684	0.454941	0.509971	0.614922	0.299861	-0.580539	0.441508	0.340176	0.616152	-0.291462	0.647833	-0.354369	0.688848	0.24129	0.584543	-0.0455682	0.791802	0.0110741	0.608975
0.16654	0.701236	-0.190825	0.666422	0.246731	0.674267	-0.219434	0.660557	0.576138	-0.0673526	-0.552756	0.598322	-0.0930865	-0.401509	-0.416408	0.810388	0.0987008	0.308777	0.385205	0.864021	0.718907	-0.125524	0.455221	0.510089	0.615017	0.29986	-0.580426	0.441524	0.339875	0.616437	-0.291377	0.647758	-0.354591	0.688732	0.24135	0.584521	-0.0457341	0.791858	0.0111792	0.608888
0.166607	0.701464	-0.19077	0.666181	0.247079	0.674668	-0.219218	0.660089	0.57674	-0.0670473	-0.552095	0.598387	-0.0925943	-0.400837	-0.416345	0.81081	0.098293	0.309429	0.385404	0.863745	0.718486	-0.125347	0.455938	0.510084	0.615066	0.299822	-0.580461	0.441436	0.339884	0.616486	-0.291554	0.647627	-0.354447	0.688526	0.241129	0.584941	-0.0460939	0.792044	0.0113309	0.608616
