FULLBODY	1																																						
Frames:	149																																						
0.425995	0.567334	-0.452672	0.540137	0.460853	0.540426	-0.44174	0.548106	0.72517	0.215538	-0.591372	0.279197	0.697693	0.0623078	-0.674118	0.234321	0.0112527	0.652318	0.0278344	0.75735	0.0664524	0.649524	0.170027	0.738101	0.706946	0.121619	-0.685254	0.125949	0.450439	0.577419	-0.480475	0.482531	0.0567974	0.743854	-0.116755	0.655609	0.395504	0.644809	-0.440309	0.483659
0.422906	0.572432	-0.460121	0.530812	0.462237	0.538746	-0.445604	0.54546	0.725594	0.218245	-0.593597	0.271156	0.698801	0.0631213	-0.675882	0.22556	0.0126688	0.653452	0.0194806	0.756611	0.0672774	0.652545	0.163507	0.736834	0.709426	0.12297	-0.683578	0.119639	0.450877	0.578556	-0.482072	0.479156	0.0532106	0.744093	-0.12213	0.654659	0.395221	0.647262	-0.44316	0.477977
0.423117	0.572177	-0.459905	0.531105	0.461687	0.539277	-0.445987	0.545089	0.725458	0.218429	-0.593546	0.271481	0.698629	0.0635279	-0.675823	0.226154	0.0130447	0.65341	0.0190891	0.756651	0.0678058	0.65266	0.162957	0.736806	0.709611	0.122807	-0.683425	0.119587	0.45083	0.578688	-0.482212	0.478899	0.0537634	0.744373	-0.122955	0.654141	0.395856	0.647211	-0.443722	0.476998
0.423136	0.572271	-0.45979	0.531088	0.4614	0.539535	-0.446572	0.544597	0.725358	0.218568	-0.593631	0.271453	0.698366	0.0633245	-0.676037	0.226383	0.0132046	0.653397	0.0183704	0.756677	0.068062	0.65292	0.16258	0.736634	0.709849	0.122446	-0.683227	0.119671	0.450714	0.578855	-0.482497	0.478519	0.0539681	0.744517	-0.122812	0.653987	0.396671	0.647134	-0.444418	0.475775
0.422987	0.572548	-0.459843	0.530863	0.461283	0.539609	-0.447102	0.544187	0.725361	0.218592	-0.593601	0.271489	0.698254	0.0634779	-0.676071	0.226584	0.0137473	0.653415	0.0172801	0.756678	0.0686639	0.653084	0.1615	0.736671	0.710398	0.121889	-0.682607	0.120521	0.449976	0.57941	-0.482999	0.478035	0.0541918	0.744627	-0.122866	0.653833	0.398746	0.646532	-0.446165	0.473218
0.422908	0.572674	-0.460007	0.530648	0.461098	0.539945	-0.447509	0.543676	0.725394	0.21895	-0.593552	0.27122	0.698199	0.063493	-0.676107	0.226642	0.0139758	0.653447	0.0167327	0.756659	0.0689748	0.653213	0.161252	0.736582	0.711014	0.120837	-0.682066	0.121008	0.44953	0.579711	-0.483718	0.477362	0.0561603	0.744724	-0.123781	0.653384	0.399963	0.6463	-0.447155	0.471569
0.422112	0.573332	-0.460166	0.530433	0.460902	0.540147	-0.448065	0.543183	0.725581	0.219165	-0.593404	0.270868	0.697908	0.0634365	-0.676165	0.227381	0.0149724	0.6535	0.0140075	0.756648	0.0715642	0.653522	0.161893	0.73592	0.713145	0.116093	-0.680695	0.120831	0.44878	0.580333	-0.486033	0.474955	0.0569262	0.745157	-0.123555	0.652867	0.402527	0.645967	-0.449011	0.468069
0.421393	0.57385	-0.460111	0.530492	0.460065	0.541474	-0.448636	0.542099	0.726981	0.220016	-0.592337	0.268753	0.69716	0.0625896	-0.676414	0.22916	0.0144207	0.653715	0.0109821	0.756524	0.0750101	0.653467	0.170844	0.733599	0.715909	0.109432	-0.679028	0.120082	0.448543	0.580877	-0.488916	0.471542	0.0579518	0.746468	-0.122319	0.65151	0.405519	0.645593	-0.45073	0.464334
0.420132	0.57493	-0.459603	0.530763	0.459143	0.542953	-0.447993	0.541934	0.728498	0.220978	-0.590901	0.267013	0.695388	0.0604648	-0.677222	0.232702	0.01119	0.6527	0.0104009	0.757462	0.0868214	0.650479	0.185779	0.731317	0.717925	0.105637	-0.677214	0.121677	0.447294	0.582764	-0.489686	0.469598	0.0583215	0.747661	-0.121095	0.650336	0.409319	0.644845	-0.452443	0.460356
0.418873	0.576066	-0.458464	0.531511	0.457629	0.545547	-0.447067	0.541374	0.729613	0.221338	-0.589939	0.265793	0.691663	0.0550191	-0.679512	0.238409	0.0092947	0.648627	0.0101109	0.760982	0.110569	0.64237	0.209154	0.728965	0.719502	0.104658	-0.674832	0.126356	0.445923	0.585179	-0.489765	0.467813	0.0582966	0.748605	-0.120457	0.649371	0.413409	0.643708	-0.453326	0.457415
0.418058	0.576997	-0.457477	0.531993	0.456849	0.54679	-0.446511	0.541237	0.731878	0.223633	-0.587063	0.264008	0.68885	0.0495615	-0.681131	0.243083	0.00767265	0.645747	0.0120655	0.763417	0.126717	0.635242	0.224465	0.728029	0.720256	0.104101	-0.673602	0.129055	0.445391	0.586316	-0.489795	0.466863	0.0575148	0.750671	-0.118322	0.647445	0.415059	0.643365	-0.453044	0.456683
0.416485	0.579359	-0.455644	0.532233	0.455116	0.54942	-0.446121	0.540355	0.735665	0.222817	-0.584275	0.260332	0.680775	0.0319515	-0.684852	0.257881	0.00628087	0.639237	0.0170185	0.768795	0.16702	0.614579	0.2618	0.72516	0.721917	0.101647	-0.671277	0.133758	0.444572	0.588544	-0.490325	0.464277	0.0552034	0.75239	-0.114022	0.646422	0.420027	0.641522	-0.453688	0.454086
0.415415	0.581625	-0.455034	0.531118	0.453212	0.55226	-0.446069	0.539102	0.739757	0.222082	-0.580384	0.258056	0.668794	0.00539637	-0.686954	0.284219	0.0080442	0.630839	0.0250745	0.775467	0.217679	0.585809	0.302633	0.719623	0.724287	0.0964271	-0.668132	0.140393	0.442661	0.591531	-0.493325	0.4591	0.0532331	0.75384	-0.109222	0.645726	0.42512	0.639851	-0.453591	0.451795
0.41567	0.583627	-0.455412	0.528392	0.45144	0.555847	-0.446532	0.536512	0.742432	0.218953	-0.57905	0.256039	0.651818	-0.0311095	-0.686629	0.320477	0.0152644	0.619748	0.0348235	0.783879	0.276508	0.550553	0.343659	0.708755	0.726729	0.0866916	-0.663979	0.153237	0.436865	0.597255	-0.498287	0.451825	0.0513318	0.753777	-0.105669	0.646544	0.430841	0.637922	-0.454258	0.448421
0.415819	0.586602	-0.456346	0.524157	0.449668	0.560127	-0.447103	0.533062	0.748282	0.209795	-0.574349	0.25726	0.629717	-0.072467	-0.680836	0.36697	0.0342331	0.603529	0.0438958	0.795396	0.307457	0.530396	0.362111	0.702158	0.728298	0.0733016	-0.6591	0.172614	0.428856	0.60422	-0.505375	0.442263	0.0490357	0.753617	-0.0982527	0.648076	0.435674	0.635846	-0.454465	0.446486
0.41639	0.587614	-0.456729	0.522233	0.448637	0.56198	-0.447207	0.531892	0.753156	0.19751	-0.569183	0.264154	0.616473	-0.094589	-0.675867	0.392705	0.043341	0.596346	0.0497985	0.800008	0.368775	0.487477	0.395358	0.685611	0.72917	0.0655664	-0.655682	0.184646	0.423115	0.609026	-0.507874	0.438321	0.0486016	0.753098	-0.0935092	0.649413	0.437841	0.634551	-0.454445	0.44623
0.417729	0.589688	-0.458147	0.517564	0.447759	0.563436	-0.447547	0.530804	0.754949	0.191251	-0.565469	0.271516	0.585156	-0.139276	-0.661669	0.447648	0.0512733	0.5861	0.0574307	0.806572	0.398332	0.465023	0.410235	0.675865	0.729498	0.0496104	-0.650407	0.205772	0.40915	0.622054	-0.507227	0.434012	0.0485489	0.752707	-0.0916536	0.650135	0.440786	0.632154	-0.453326	0.447867
0.417729	0.589688	-0.458147	0.517564	0.446661	0.565125	-0.448541	0.529092	0.754949	0.191251	-0.565469	0.271516	0.585156	-0.139276	-0.661669	0.447648	0.0582322	0.577018	0.0687686	0.811745	0.398332	0.465023	0.410235	0.675865	0.729498	0.0496104	-0.650407	0.205772	0.40915	0.622054	-0.507227	0.434012	0.0485489	0.752707	-0.0916536	0.650135	0.440786	0.632154	-0.453326	0.447867
0.416474	0.592687	-0.456626	0.516492	0.443695	0.568838	-0.448827	0.527364	0.758571	0.16008	-0.557024	0.297773	0.549308	-0.183765	-0.64157	0.50287	0.0748517	0.557254	0.0884998	0.822212	0.483863	0.394009	0.447486	0.640617	0.72525	0.0386989	-0.653273	0.213889	0.399005	0.636556	-0.488302	0.444018	0.0473182	0.751448	-0.0877031	0.652223	0.441039	0.630392	-0.450904	0.452522
0.410734	0.598385	-0.452521	0.518129	0.439289	0.573431	-0.445886	0.528572	0.759159	0.135566	-0.551873	0.31739	0.509079	-0.224743	-0.617516	0.555881	0.0902438	0.536908	0.110757	0.831456	0.535725	0.344408	0.465081	0.614883	0.723468	0.0589012	-0.649713	0.225828	0.402591	0.640008	-0.455472	0.469952	0.042675	0.750737	-0.0820875	0.65409	0.436495	0.630849	-0.446427	0.460656
0.406145	0.602287	-0.448772	0.52048	0.433083	0.57813	-0.441509	0.532235	0.756447	0.116783	-0.545089	0.342094	0.464679	-0.260777	-0.590663	0.605959	0.0997416	0.515654	0.138814	0.839573	0.582514	0.296428	0.477423	0.58726	0.719626	0.0847583	-0.64915	0.231429	0.405302	0.641505	-0.415445	0.501604	0.0367745	0.74867	-0.0761928	0.657523	0.429001	0.632978	-0.441232	0.469694
0.398303	0.606622	-0.444073	0.525512	0.425881	0.582554	-0.437364	0.536627	0.753144	0.0937848	-0.537075	0.368144	0.392434	-0.302841	-0.547312	0.674339	0.10954	0.492998	0.168299	0.84654	0.625434	0.248364	0.483479	0.559817	0.703047	0.128213	-0.65165	0.25424	0.37751	0.661636	-0.352774	0.543391	0.0311727	0.7459	-0.0701041	0.661625	0.413031	0.638437	-0.434237	0.482951
0.394341	0.60841	-0.441533	0.528565	0.4171	0.587673	-0.433164	0.541329	0.748544	0.0667837	-0.530068	0.392747	0.368466	-0.31457	-0.532545	0.694027	0.119672	0.469002	0.193796	0.853322	0.663589	0.20018	0.482367	0.535629	0.697392	0.136214	-0.654759	0.257645	0.366342	0.667509	-0.342108	0.550625	0.0249267	0.741185	-0.0601062	0.668139	0.407665	0.640223	-0.433557	0.48575
0.383207	0.613006	-0.43449	0.537211	0.407094	0.593168	-0.42795	0.547069	0.740224	0.0410648	-0.523764	0.419587	0.321309	-0.334261	-0.503313	0.729182	0.130178	0.442968	0.219772	0.85938	0.696136	0.15356	0.475458	0.515513	0.686676	0.146064	-0.664217	0.25682	0.355176	0.668399	-0.341434	0.557239	0.0175642	0.735624	-0.0451848	0.675653	0.394746	0.644918	-0.432455	0.491161
0.357045	0.624766	-0.422648	0.550958	0.395259	0.599623	-0.421446	0.55372	0.728052	0.0174312	-0.51946	0.446988	0.273766	-0.349968	-0.478606	0.757305	0.139679	0.41516	0.246451	0.864519	0.721396	0.107903	0.4652	0.501531	0.680149	0.148039	-0.672528	0.251372	0.346241	0.664907	-0.348419	0.56269	0.0103897	0.729027	-0.0295635	0.683768	0.375246	0.650447	-0.432937	0.498673
0.34581	0.630695	-0.417883	0.554989	0.380987	0.607016	-0.414907	0.560565	0.713011	-0.00154532	-0.517045	0.473579	0.2296	-0.361598	-0.457707	0.779124	0.143793	0.389421	0.272634	0.867955	0.740612	0.0680522	0.455302	0.489452	0.676275	0.151261	-0.674468	0.254688	0.340368	0.665032	-0.347043	0.566959	0.0108465	0.72117	-0.0182417	0.692432	0.368669	0.651365	-0.432836	0.502454
0.323779	0.641455	-0.408963	0.562541	0.363425	0.616804	-0.410187	0.564997	0.697336	-0.0187675	-0.516754	0.496322	0.18621	-0.369949	-0.441178	0.796132	0.149708	0.366979	0.291061	0.870745	0.75488	0.0300139	0.445153	0.480723	0.666321	0.167847	-0.678599	0.259512	0.330565	0.662208	-0.344878	0.577292	0.00288741	0.713965	-0.00466057	0.70016	0.359971	0.648077	-0.432515	0.513174
0.312651	0.646583	-0.404473	0.566199	0.354211	0.622056	-0.406894	0.567467	0.689747	-0.0258704	-0.516195	0.507073	0.166701	-0.373543	-0.434243	0.802565	0.152105	0.357167	0.300245	0.871291	0.760359	0.0142931	0.44065	0.476946	0.662022	0.175609	-0.679528	0.262927	0.326109	0.660308	-0.343617	0.582729	-0.00494969	0.710857	0.000173533	0.703319	0.364568	0.640106	-0.438202	0.515104
0.289046	0.658113	-0.395502	0.571767	0.339151	0.628471	-0.400558	0.574067	0.674044	-0.0400266	-0.516352	0.526728	0.131068	-0.379816	-0.42215	0.81262	0.15878	0.341259	0.309978	0.873066	0.769799	-0.0111143	0.431982	0.469763	0.655462	0.187799	-0.679975	0.269697	0.316955	0.657079	-0.340492	0.593171	-0.0164442	0.707866	0.00322197	0.706148	0.359113	0.637429	-0.433486	0.526128
0.275913	0.663147	-0.391329	0.575299	0.326663	0.633063	-0.399499	0.576995	0.658851	-0.052507	-0.517989	0.542998	0.101285	-0.387248	-0.41234	0.818386	0.166009	0.330885	0.31583	0.873618	0.777007	-0.0298053	0.42606	0.462434	0.651157	0.196667	-0.680294	0.272978	0.31337	0.653279	-0.340565	0.599201	-0.0421555	0.706366	0.0180635	0.70636	0.323224	0.672872	-0.398476	0.532904
0.267234	0.66498	-0.384611	0.581774	0.318733	0.633498	-0.398239	0.581803	0.643688	-0.0620363	-0.521956	0.556218	0.0762398	-0.395378	-0.406207	0.82028	0.173211	0.324129	0.318091	0.873931	0.783778	-0.0408897	0.421779	0.454007	0.647319	0.204569	-0.681122	0.274231	0.309449	0.650766	-0.338178	0.605295	-0.0830985	0.704089	0.0391061	0.704148	0.280651	0.718511	-0.3654	0.521019
0.252925	0.669074	-0.37424	0.59018	0.315947	0.633291	-0.396591	0.584667	0.63686	-0.0659937	-0.524388	0.561312	0.0656623	-0.399587	-0.403611	0.820437	0.176838	0.32144	0.3189	0.873903	0.787086	-0.0449135	0.419731	0.449783	0.643986	0.215886	-0.679648	0.277045	0.306376	0.648458	-0.3351	0.611018	-0.10108	0.704186	0.0456386	0.7013	0.244748	0.758334	-0.344596	0.496268
0.245883	0.671306	-0.369802	0.593411	0.310668	0.632788	-0.392213	0.59096	0.625736	-0.0729871	-0.529602	0.568022	0.0471328	-0.406929	-0.400073	0.819835	0.182153	0.317732	0.321348	0.873271	0.792484	-0.0525184	0.416654	0.44228	0.642169	0.223635	-0.677224	0.281023	0.304857	0.647809	-0.333115	0.613547	-0.135797	0.704998	0.0507822	0.694232	0.224774	0.77659	-0.331733	0.486146
0.235425	0.675515	-0.363535	0.596738	0.305817	0.632416	-0.387375	0.597048	0.616264	-0.0763994	-0.533555	0.574196	0.0335364	-0.411789	-0.398682	0.818754	0.185292	0.315425	0.323454	0.872669	0.7969	-0.0582178	0.414456	0.435646	0.636775	0.239568	-0.671417	0.293809	0.303108	0.647274	-0.330819	0.616215	-0.174104	0.704213	0.0546247	0.68614	0.180766	0.808348	-0.301288	0.472359
0.222278	0.680789	-0.354469	0.601224	0.300623	0.632621	-0.381643	0.603129	0.608967	-0.0795464	-0.537761	0.57762	0.0273121	-0.413567	-0.398927	0.817969	0.186942	0.314804	0.325622	0.871734	0.799503	-0.061994	0.413688	0.431061	0.63416	0.245176	-0.669324	0.299559	0.30002	0.648581	-0.327485	0.61813	-0.216934	0.701028	0.0656437	0.676159	0.157877	0.821026	-0.284824	0.468899
0.214539	0.683839	-0.349289	0.603601	0.297595	0.633251	-0.378523	0.60593	0.605974	-0.0796297	-0.539027	0.579572	0.0172496	-0.415346	-0.400215	0.816711	0.187363	0.314609	0.326468	0.871398	0.800054	-0.0639346	0.413775	0.42967	0.629695	0.254612	-0.664023	0.312617	0.292398	0.652091	-0.320007	0.621994	-0.237874	0.698402	0.0720035	0.671168	0.114339	0.840163	-0.252382	0.466214
0.198311	0.691518	-0.337817	0.606923	0.290323	0.636723	-0.370786	0.610585	0.600887	-0.0792017	-0.541603	0.582519	0.00991405	-0.416472	-0.402182	0.815293	0.186571	0.314188	0.328025	0.871135	0.799915	-0.0681968	0.413934	0.429119	0.623313	0.264981	-0.656947	0.331191	0.283527	0.65665	-0.311006	0.625859	-0.27283	0.69326	0.082947	0.661872	0.0747922	0.853003	-0.221017	0.466844
0.198311	0.691518	-0.337817	0.606923	0.290323	0.636723	-0.370786	0.610585	0.600887	-0.0792017	-0.541603	0.582519	0.00991405	-0.416472	-0.402182	0.815293	0.186571	0.314188	0.328025	0.871135	0.799915	-0.0681968	0.413934	0.429119	0.619559	0.270618	-0.652105	0.343034	0.278593	0.659231	-0.305405	0.628115	-0.27283	0.69326	0.082947	0.661872	0.0747922	0.853003	-0.221017	0.466844
0.187029	0.697608	-0.327279	0.609304	0.281901	0.641583	-0.361658	0.614904	0.596563	-0.0785023	-0.543574	0.585215	0.00273789	-0.416403	-0.403713	0.814627	0.182653	0.312752	0.330947	0.871377	0.798548	-0.073248	0.413776	0.430983	0.616319	0.275191	-0.647136	0.354451	0.275153	0.660879	-0.301067	0.629991	-0.300379	0.687618	0.0934039	0.654392	0.03549	0.859363	-0.188049	0.474207
0.181562	0.700649	-0.321592	0.610495	0.277964	0.644201	-0.357037	0.616656	0.594364	-0.0775853	-0.543985	0.58719	-0.000284046	-0.416344	-0.40431	0.814365	0.180191	0.311106	0.332746	0.871793	0.797562	-0.0760142	0.413116	0.432957	0.613737	0.278429	-0.642629	0.364462	0.269688	0.663261	-0.292274	0.633978	-0.312745	0.684385	0.10118	0.650822	0.0183525	0.860242	-0.171892	0.479687
0.168303	0.708122	-0.3024	0.61546	0.266752	0.653675	-0.342287	0.619993	0.588404	-0.0764016	-0.542132	0.59501	-0.00822266	-0.413816	-0.404517	0.815509	0.171353	0.303069	0.339441	0.873823	0.794	-0.088998	0.409776	0.440144	0.606579	0.285225	-0.628736	0.394207	0.266935	0.664652	-0.283771	0.637541	-0.343995	0.67579	0.13123	0.638556	-0.0151116	0.852332	-0.127857	0.506907
0.163098	0.711819	-0.289164	0.618948	0.259216	0.660776	-0.330544	0.622031	0.585269	-0.0777496	-0.538637	0.60107	-0.0148491	-0.411439	-0.401558	0.818076	0.164576	0.297539	0.346328	0.874324	0.790503	-0.0995448	0.409	0.444877	0.59825	0.293713	-0.617327	0.418016	0.263034	0.666441	-0.271864	0.642464	-0.350683	0.671696	0.13974	0.637431	-0.027741	0.846067	-0.0996263	0.522949
0.161381	0.71362	-0.284053	0.61969	0.255833	0.663939	-0.324228	0.623386	0.583879	-0.0785311	-0.53676	0.603992	-0.0185156	-0.409972	-0.400018	0.819491	0.160842	0.295602	0.349754	0.874312	0.788226	-0.104969	0.409201	0.447477	0.593755	0.298402	-0.611104	0.430074	0.262222	0.66682	-0.263203	0.645999	-0.362066	0.666969	0.15845	0.631628	-0.03306	0.842699	-0.0885235	0.530027
0.15859	0.715603	-0.273261	0.622969	0.2502	0.669288	-0.311727	0.626322	0.581338	-0.0795138	-0.532568	0.609996	-0.0269985	-0.406889	-0.396621	0.822438	0.153401	0.291986	0.357375	0.873782	0.783139	-0.115322	0.410121	0.452984	0.588797	0.301314	-0.601793	0.447632	0.26352	0.6663	-0.260661	0.647038	-0.367641	0.66612	0.164654	0.627704	-0.0341731	0.836006	-0.0777281	0.542112
0.15859	0.715603	-0.273261	0.622969	0.2502	0.669288	-0.311727	0.626322	0.581338	-0.0795138	-0.532568	0.609996	-0.0269985	-0.406889	-0.396621	0.822438	0.153401	0.291986	0.357375	0.873782	0.783139	-0.115322	0.410121	0.452984	0.588797	0.301314	-0.601793	0.447632	0.26352	0.6663	-0.260661	0.647038	-0.369625	0.668976	0.167186	0.622814	-0.0341731	0.836006	-0.0777281	0.542112
0.157604	0.716624	-0.268782	0.623993	0.248368	0.671151	-0.305956	0.627901	0.579744	-0.0798077	-0.53078	0.613025	-0.0317573	-0.405764	-0.394772	0.823712	0.149608	0.289556	0.361432	0.87358	0.780824	-0.121168	0.410196	0.455379	0.58749	0.300253	-0.598951	0.453829	0.264567	0.665597	-0.252377	0.650608	-0.370425	0.672393	0.169073	0.618132	-0.0303429	0.833012	-0.0770856	0.547017
0.154092	0.72025	-0.259775	0.62451	0.245171	0.674761	-0.296902	0.629633	0.574997	-0.0795764	-0.529174	0.618886	-0.040865	-0.404075	-0.392292	0.825324	0.142222	0.283254	0.370861	0.872927	0.776695	-0.134192	0.40902	0.459826	0.584501	0.301093	-0.592711	0.465183	0.261754	0.667412	-0.242458	0.653651	-0.369716	0.678677	0.172168	0.610792	-0.0288405	0.827385	-0.0691521	0.556615
0.153048	0.723124	-0.252934	0.624254	0.242188	0.677801	-0.290398	0.630555	0.569903	-0.0782747	-0.528976	0.623914	-0.0472698	-0.403319	-0.392408	0.825297	0.137181	0.278103	0.377693	0.872461	0.773498	-0.144418	0.408075	0.462946	0.582446	0.304896	-0.582786	0.477657	0.253231	0.673651	-0.214246	0.660429	-0.373217	0.67868	0.181905	0.605816	-0.0317701	0.824696	-0.0561316	0.561886
0.151865	0.725982	-0.245527	0.624182	0.239581	0.680491	-0.285215	0.631019	0.566121	-0.0763828	-0.530138	0.626599	-0.0515543	-0.402025	-0.394737	0.824561	0.133485	0.276123	0.381525	0.871996	0.771108	-0.150806	0.408297	0.464698	0.583021	0.30759	-0.57631	0.483054	0.249073	0.676727	-0.191257	0.665901	-0.372987	0.67993	0.18674	0.60308	-0.0299327	0.823624	-0.0508074	0.564063
0.151796	0.726718	-0.239947	0.625512	0.237407	0.681772	-0.280097	0.632749	0.564907	-0.0751807	-0.530944	0.627158	-0.0562883	-0.401079	-0.397043	0.823605	0.129735	0.277399	0.384135	0.87101	0.768643	-0.151233	0.410455	0.466737	0.584997	0.31027	-0.5728	0.483126	0.248044	0.676334	-0.176242	0.67081	-0.371745	0.682211	0.186839	0.601237	-0.0287269	0.821735	-0.0490091	0.567031
0.151199	0.727794	-0.237431	0.625365	0.237493	0.681445	-0.277507	0.634208	0.563204	-0.0727377	-0.53219	0.627921	-0.0581784	-0.400968	-0.397871	0.823127	0.127722	0.27807	0.385048	0.870691	0.767168	-0.150856	0.411946	0.46797	0.585654	0.312181	-0.5724	0.481571	0.250792	0.673953	-0.175449	0.67239	-0.369306	0.685171	0.186138	0.599588	-0.0286506	0.821284	-0.0482813	0.567751
0.152044	0.727292	-0.233224	0.627324	0.238896	0.680024	-0.272465	0.637385	0.561696	-0.0712758	-0.532513	0.629164	-0.0597856	-0.399055	-0.399897	0.82296	0.124849	0.278687	0.388901	0.869196	0.765121	-0.151637	0.414164	0.469109	0.587445	0.314145	-0.573953	0.476235	0.258344	0.667301	-0.180529	0.674816	-0.368468	0.685464	0.187011	0.599498	-0.0310531	0.820826	-0.0454108	0.568522
0.153327	0.726001	-0.231639	0.629092	0.239801	0.679405	-0.2702	0.638668	0.560305	-0.0710421	-0.531441	0.631333	-0.0618789	-0.398121	-0.399336	0.82353	0.124565	0.278516	0.390902	0.868394	0.764687	-0.152866	0.414896	0.468772	0.588635	0.313114	-0.57579	0.473217	0.260054	0.665409	-0.181629	0.675732	-0.367862	0.68581	0.188958	0.598863	-0.0323243	0.82085	-0.0443773	0.568499
0.154108	0.725159	-0.230024	0.630463	0.240555	0.678674	-0.267879	0.640137	0.560381	-0.0722386	-0.530164	0.632203	-0.0651745	-0.397669	-0.397331	0.824463	0.124932	0.277839	0.392978	0.867621	0.764547	-0.155052	0.415294	0.467929	0.589629	0.311992	-0.576989	0.471255	0.263011	0.663493	-0.184715	0.675635	-0.366447	0.686128	0.18806	0.599649	-0.0329371	0.821146	-0.0441592	0.568053
0.156514	0.723353	-0.227978	0.632684	0.24264	0.676371	-0.26478	0.643071	0.560424	-0.0757221	-0.528688	0.632993	-0.0696089	-0.398987	-0.392253	0.825894	0.126813	0.274964	0.397554	0.866178	0.76513	-0.160701	0.414775	0.465525	0.591771	0.310224	-0.578808	0.467493	0.268484	0.660697	-0.190534	0.674605	-0.364015	0.686601	0.185844	0.601277	-0.0337123	0.821749	-0.0453239	0.567043
0.16062	0.720978	-0.228814	0.634063	0.244541	0.674468	-0.263483	0.64488	0.561365	-0.0768579	-0.528722	0.631993	-0.0657866	-0.399806	-0.392288	0.825795	0.129594	0.271916	0.40122	0.865037	0.766825	-0.166127	0.41325	0.462175	0.592017	0.30879	-0.579999	0.466654	0.267504	0.661505	-0.191941	0.673804	-0.36352	0.687342	0.18485	0.601036	-0.0348707	0.821598	-0.046824	0.56707
0.161797	0.719849	-0.22755	0.6355	0.245391	0.673044	-0.262161	0.64658	0.565129	-0.0762368	-0.527845	0.629442	-0.0587796	-0.399417	-0.393247	0.826056	0.132253	0.269786	0.402981	0.864483	0.767959	-0.16933	0.41217	0.460089	0.590469	0.308233	-0.579989	0.46899	0.266589	0.663083	-0.195878	0.671478	-0.362011	0.688008	0.182362	0.601945	-0.0362416	0.821815	-0.0477742	0.56659
0.161994	0.719429	-0.226786	0.636198	0.245187	0.672678	-0.261761	0.647201	0.567695	-0.0764399	-0.527414	0.627465	-0.0560707	-0.399322	-0.393034	0.826391	0.13339	0.268709	0.403489	0.864407	0.768	-0.170919	0.411569	0.459972	0.590083	0.308319	-0.579983	0.469426	0.265296	0.664191	-0.196786	0.670629	-0.362777	0.686286	0.182203	0.603495	-0.0383514	0.821735	-0.0474162	0.566597
0.162241	0.71885	-0.225493	0.637248	0.243527	0.672279	-0.261094	0.64851	0.573258	-0.0763925	-0.526573	0.623106	-0.0508475	-0.399328	-0.392508	0.826976	0.134172	0.265878	0.404553	0.864664	0.76766	-0.173477	0.409918	0.461055	0.590137	0.308494	-0.580037	0.469176	0.266064	0.665356	-0.201214	0.667851	-0.363792	0.686147	0.181582	0.603229	-0.0391862	0.821641	-0.0502546	0.566432
0.160364	0.718718	-0.223056	0.638728	0.24018	0.672162	-0.259968	0.650329	0.577674	-0.0765405	-0.525367	0.620019	-0.0432504	-0.400004	-0.391414	0.8276	0.133159	0.261993	0.405017	0.865788	0.767347	-0.176548	0.406873	0.463103	0.588053	0.310476	-0.579859	0.470703	0.264279	0.668294	-0.203193	0.665021	-0.363004	0.68659	0.179958	0.603687	-0.0374892	0.821786	-0.0551347	0.565882
0.15894	0.718949	-0.221524	0.639357	0.237608	0.672491	-0.259185	0.651247	0.579329	-0.0774671	-0.524309	0.619255	-0.0336041	-0.401022	-0.388989	0.828698	0.130627	0.256486	0.404416	0.868101	0.767084	-0.177997	0.404685	0.464897	0.587036	0.311302	-0.57851	0.473081	0.263089	0.669967	-0.204559	0.663388	-0.362945	0.687016	0.178565	0.60365	-0.0371806	0.821509	-0.0586448	0.565952
0.15401	0.719637	-0.216801	0.641406	0.230668	0.673812	-0.256081	0.6536	0.581844	-0.0799176	-0.521187	0.619221	-0.0278877	-0.402021	-0.387209	0.829259	0.12874	0.253107	0.403794	0.869663	0.765906	-0.181022	0.399434	0.470182	0.584327	0.314489	-0.575507	0.477964	0.260085	0.674006	-0.206789	0.65978	-0.366107	0.684963	0.179761	0.603719	-0.0369681	0.821387	-0.060402	0.565958
0.145037	0.7216	-0.209295	0.643781	0.226564	0.67422	-0.253643	0.655561	0.582447	-0.0813697	-0.518685	0.620564	-0.0127664	-0.405396	-0.383515	0.829703	0.122763	0.245234	0.402693	0.873286	0.764891	-0.182671	0.396439	0.473718	0.580572	0.320341	-0.571468	0.483469	0.256377	0.678496	-0.208056	0.656221	-0.368432	0.683253	0.181147	0.603829	-0.0404374	0.820455	-0.0607781	0.567031
0.145037	0.7216	-0.209295	0.643781	0.216336	0.676041	-0.248078	0.659261	0.581528	-0.0858557	-0.512502	0.625935	-0.0127664	-0.405396	-0.383515	0.829703	0.122763	0.245234	0.402693	0.873286	0.761654	-0.186671	0.389494	0.483044	0.578443	0.323828	-0.569346	0.486194	0.254056	0.680663	-0.207834	0.65495	-0.374847	0.678701	0.185751	0.603615	-0.0404374	0.820455	-0.0607781	0.567031
0.128371	0.725357	-0.195779	0.64734	0.210731	0.676837	-0.244727	0.661508	0.580211	-0.0881557	-0.507786	0.630664	0.0266697	-0.408083	-0.384986	0.827371	0.113884	0.236209	0.401447	0.87754	0.759453	-0.188823	0.385553	0.4888	0.574709	0.332916	-0.564523	0.490092	0.250157	0.684227	-0.207964	0.652691	-0.378038	0.676387	0.188203	0.603464	-0.0473738	0.818293	-0.0599725	0.569697
0.11424	0.728366	-0.185792	0.649549	0.191964	0.679672	-0.23266	0.66863	0.573966	-0.10027	-0.499377	0.641195	0.0598708	-0.407797	-0.393799	0.821608	0.094186	0.220257	0.400305	0.884518	0.753573	-0.193297	0.377364	0.502355	0.570758	0.343001	-0.56004	0.49289	0.244045	0.687982	-0.204779	0.652064	-0.3855	0.670923	0.193959	0.603019	-0.0528616	0.8162	-0.05915	0.572297
0.105855	0.730522	-0.180913	0.649925	0.185818	0.680955	-0.228051	0.670645	0.562736	-0.118108	-0.490056	0.655152	0.0805299	-0.407174	-0.398824	0.817719	0.0860235	0.214449	0.400784	0.886557	0.745973	-0.198889	0.368819	0.517629	0.568421	0.349149	-0.556794	0.494948	0.242283	0.688862	-0.204379	0.651918	-0.392966	0.664529	0.200547	0.603125	-0.0553693	0.815148	-0.0587165	0.573603
0.0966246	0.73306	-0.176485	0.649722	0.180066	0.682628	-0.223233	0.672133	0.554724	-0.130779	-0.484505	0.663651	0.101251	-0.406002	-0.40666	0.81212	0.0772347	0.208937	0.400978	0.888593	0.74173	-0.201823	0.364564	0.525544	0.56602	0.355591	-0.553572	0.496724	0.240705	0.68947	-0.204145	0.651933	-0.39727	0.660255	0.204985	0.603507	-0.0590731	0.813843	-0.0575257	0.575205
0.0774231	0.736454	-0.167342	0.650874	0.17466	0.684504	-0.218138	0.673323	0.545328	-0.14258	-0.478331	0.673415	0.148698	-0.4051	-0.423453	0.796537	0.0680442	0.203769	0.401273	0.890409	0.736945	-0.204314	0.360624	0.533964	0.562284	0.366651	-0.548682	0.49835	0.236588	0.691011	-0.202395	0.652354	-0.402063	0.655801	0.210048	0.603448	-0.0660656	0.811148	-0.0557642	0.578416
0.0684918	0.737928	-0.163423	0.651202	0.16363	0.689565	-0.206844	0.674494	0.522086	-0.167404	-0.466976	0.693783	0.174307	-0.402253	-0.437161	0.785302	0.0499669	0.194386	0.402072	0.89334	0.726205	-0.208819	0.354377	0.550852	0.56039	0.371788	-0.546447	0.499132	0.234218	0.691665	-0.201323	0.652848	-0.409991	0.647612	0.218448	0.603975	-0.0689467	0.809869	-0.0555259	0.579893
0.0519752	0.741071	-0.155732	0.651045	0.154664	0.69603	-0.19452	0.673635	0.493793	-0.191718	-0.457368	0.714302	0.228092	-0.393221	-0.47115	0.755889	0.0319335	0.187645	0.403532	0.894948	0.714681	-0.213053	0.350666	0.566456	0.557002	0.381509	-0.542539	0.499851	0.229688	0.692522	-0.199386	0.654142	-0.415366	0.640862	0.2238	0.605541	-0.0757251	0.806944	-0.0546185	0.583201
0.0359744	0.744619	-0.145609	0.65042	0.146735	0.702317	-0.181915	0.672404	0.470163	-0.204342	-0.440414	0.737039	0.291127	-0.378605	-0.503133	0.720251	0.0150101	0.183443	0.404534	0.89581	0.704095	-0.215128	0.348565	0.580063	0.553401	0.391208	-0.538531	0.500687	0.224676	0.693556	-0.197087	0.655483	-0.422274	0.632743	0.230748	0.606693	-0.0826388	0.803803	-0.0535518	0.586689
0.0288443	0.746464	-0.140745	0.649731	0.142792	0.705531	-0.175495	0.671593	0.458359	-0.213851	-0.438694	0.74278	0.329194	-0.369115	-0.509188	0.704352	0.00740448	0.181611	0.403961	0.896537	0.699733	-0.21537	0.347227	0.586023	0.551266	0.395709	-0.536401	0.501791	0.221722	0.694274	-0.195714	0.65614	-0.425842	0.628872	0.23452	0.606778	-0.0865388	0.802058	-0.0524651	0.58861
0.0226114	0.748261	-0.135962	0.648929	0.139709	0.708579	-0.168772	0.670755	0.447077	-0.218506	-0.434195	0.750901	0.364852	-0.361665	-0.513067	0.687636	0.000509618	0.179563	0.403315	0.89727	0.695555	-0.215742	0.345782	0.591687	0.549128	0.399594	-0.534588	0.50299	0.219112	0.69484	-0.194698	0.656719	-0.428931	0.625376	0.237286	0.607139	-0.0898801	0.800286	-0.0519315	0.590565
0.0171448	0.749904	-0.131802	0.648057	0.136643	0.712006	-0.162072	0.66941	0.441178	-0.220462	-0.427174	0.757813	0.394481	-0.356685	-0.516792	0.670886	-0.00614296	0.177623	0.403398	0.897598	0.691763	-0.215984	0.344341	0.596862	0.546955	0.403527	-0.533071	0.503826	0.216337	0.695444	-0.193448	0.657368	-0.431656	0.622111	0.239521	0.607685	-0.0933836	0.798457	-0.0515719	0.592525
0.0113497	0.751745	-0.127327	0.646945	0.133126	0.715875	-0.156002	0.667431	0.440314	-0.219137	-0.412501	0.766776	0.419026	-0.351609	-0.514729	0.660184	-0.0120654	0.176024	0.402412	0.898295	0.688355	-0.215978	0.342946	0.601588	0.544937	0.406772	-0.53185	0.504694	0.213791	0.696024	-0.192682	0.657813	-0.434174	0.619028	0.2411	0.608414	-0.0961941	0.796757	-0.0519074	0.594332
0.00295012	0.754617	-0.120787	0.644946	0.126765	0.721223	-0.14741	0.66486	0.445099	-0.214722	-0.370518	0.786446	0.451133	-0.344032	-0.501949	0.652815	-0.0215876	0.172761	0.399803	0.899914	0.683421	-0.214857	0.33969	0.609412	0.541633	0.410198	-0.53102	0.506349	0.210333	0.696804	-0.193005	0.658007	-0.437259	0.614891	0.242348	0.609902	-0.100341	0.793459	-0.0535422	0.597903
-0.00363517	0.75737	-0.117432	0.642329	0.12305	0.725271	-0.143253	0.662056	0.445532	-0.215597	-0.350034	0.795296	0.46248	-0.345838	-0.494434	0.649649	-0.0300478	0.170601	0.397524	0.901092	0.679941	-0.213631	0.337145	0.615122	0.539547	0.411693	-0.531054	0.507326	0.208196	0.696986	-0.194273	0.658121	-0.439012	0.612465	0.242455	0.61104	-0.102881	0.790868	-0.0558213	0.600689
-0.00546674	0.758704	-0.116591	0.640894	0.122264	0.727457	-0.14164	0.660149	0.444574	-0.215788	-0.344658	0.798123	0.466007	-0.34586	-0.489749	0.650664	-0.0328755	0.170515	0.396622	0.901407	0.67846	-0.212855	0.336871	0.617174	0.539365	0.411721	-0.531804	0.506711	0.208215	0.696563	-0.195856	0.658094	-0.438995	0.61191	0.241874	0.611839	-0.103697	0.789912	-0.0569653	0.601698
-0.00656165	0.759202	-0.116863	0.640244	0.122939	0.730423	-0.140092	0.657071	0.4441	-0.215182	-0.336303	0.802105	0.469099	-0.34561	-0.48304	0.653584	-0.0358877	0.172477	0.396404	0.901015	0.676325	-0.211066	0.339072	0.618923	0.539452	0.410256	-0.534698	0.504756	0.210793	0.694886	-0.201032	0.657485	-0.438487	0.610263	0.240486	0.61439	-0.104637	0.78851	-0.0587602	0.603201
-0.0067551	0.760192	-0.117093	0.639024	0.123298	0.731674	-0.13994	0.655643	0.443867	-0.21429	-0.33365	0.803579	0.469473	-0.345418	-0.481658	0.654437	-0.0363057	0.174811	0.39584	0.900796	0.676053	-0.20966	0.340919	0.618683	0.539835	0.408384	-0.537634	0.502742	0.212812	0.693477	-0.20551	0.656937	-0.438299	0.609638	0.24023	0.615245	-0.1049	0.788061	-0.0594946	0.603669
-0.00435426	0.760791	-0.119372	0.637909	0.125722	0.733409	-0.140538	0.653112	0.443129	-0.212642	-0.331926	0.805137	0.46953	-0.344431	-0.480138	0.656031	-0.0353465	0.180172	0.396336	0.899559	0.676441	-0.206994	0.345808	0.61644	0.539943	0.407203	-0.539112	0.502001	0.213032	0.693112	-0.206801	0.656846	-0.437836	0.608823	0.238425	0.61708	-0.105659	0.787549	-0.0598757	0.604167
-0.00161514	0.761059	-0.120901	0.637315	0.128452	0.734357	-0.141402	0.651326	0.443255	-0.211051	-0.332035	0.805441	0.469178	-0.343761	-0.479681	0.656967	-0.0326812	0.185066	0.396681	0.898514	0.677763	-0.204999	0.350175	0.613181	0.539412	0.40604	-0.540777	0.501723	0.214875	0.692018	-0.210815	0.656123	-0.436118	0.609166	0.236258	0.618789	-0.104757	0.787158	-0.0633594	0.604479
0.000674292	0.760985	-0.122202	0.637156	0.130226	0.734452	-0.141817	0.650776	0.443487	-0.20984	-0.331844	0.805708	0.469733	-0.34306	-0.479954	0.656738	-0.0313112	0.186572	0.397447	0.897912	0.678663	-0.20454	0.351629	0.611504	0.53994	0.404734	-0.541961	0.500932	0.215891	0.691463	-0.212457	0.655844	-0.435708	0.609028	0.235358	0.619556	-0.105128	0.78697	-0.0634578	0.604648
0.00682813	0.760847	-0.125126	0.636717	0.134526	0.733898	-0.142716	0.650329	0.445469	-0.207391	-0.331334	0.805459	0.471468	-0.341534	-0.480301	0.656036	-0.0271869	0.187745	0.399843	0.896738	0.681776	-0.205863	0.353156	0.606699	0.540937	0.403264	-0.545173	0.497546	0.218092	0.689283	-0.215657	0.656366	-0.435016	0.608945	0.232921	0.621043	-0.104714	0.786698	-0.0653861	0.604869
0.00890346	0.760999	-0.126125	0.636313	0.13564	0.73329	-0.142933	0.650736	0.446347	-0.206968	-0.330413	0.80546	0.472177	-0.341523	-0.479988	0.655761	-0.0262469	0.187047	0.400842	0.896465	0.682641	-0.207079	0.352721	0.605563	0.541157	0.401679	-0.547386	0.496157	0.218394	0.688302	-0.216802	0.656918	-0.434152	0.609156	0.23148	0.621979	-0.103779	0.786843	-0.0665382	0.604716
0.0130008	0.760595	-0.128377	0.636275	0.137562	0.732772	-0.142762	0.650954	0.447061	-0.207	-0.329342	0.805495	0.472706	-0.342332	-0.47912	0.655593	-0.0255649	0.185006	0.402546	0.896145	0.683636	-0.209748	0.351475	0.604246	0.541736	0.400577	-0.548505	0.49518	0.218909	0.68772	-0.217501	0.657125	-0.433332	0.609662	0.229824	0.622669	-0.102716	0.786934	-0.0680428	0.604611
0.0144966	0.760347	-0.129363	0.63634	0.138291	0.732225	-0.14267	0.651436	0.447449	-0.207053	-0.328235	0.805717	0.472796	-0.342861	-0.478479	0.655719	-0.0257469	0.183994	0.403929	0.895726	0.683528	-0.211266	0.351141	0.604033	0.542495	0.399322	-0.550519	0.493122	0.219045	0.686993	-0.217705	0.657773	-0.43261	0.609977	0.229255	0.623073	-0.102212	0.786973	-0.068624	0.60458
0.016252	0.760272	-0.130143	0.636227	0.138998	0.73176	-0.141778	0.652002	0.447378	-0.207548	-0.327255	0.806028	0.472427	-0.343637	-0.477869	0.656024	-0.0264394	0.183176	0.40544	0.89519	0.682842	-0.213146	0.351199	0.604115	0.541971	0.399297	-0.551322	0.492822	0.21839	0.687186	-0.21729	0.657926	-0.431661	0.60958	0.228435	0.624419	-0.101329	0.787186	-0.0699824	0.604296
0.0168306	0.760102	-0.130316	0.63638	0.139175	0.731579	-0.141015	0.652332	0.447055	-0.208043	-0.327275	0.806072	0.471721	-0.34431	-0.478285	0.655876	-0.0269171	0.182835	0.406386	0.894817	0.682315	-0.213937	0.351422	0.604301	0.541814	0.39887	-0.551926	0.492664	0.217016	0.686946	-0.215974	0.659063	-0.431752	0.609043	0.228482	0.624862	-0.101607	0.78719	-0.0701194	0.604228
0.016504	0.759903	-0.129767	0.636738	0.138926	0.731529	-0.139504	0.652766	0.44659	-0.208395	-0.326735	0.806457	0.470992	-0.344737	-0.477924	0.656438	-0.0277526	0.182194	0.407847	0.894257	0.681402	-0.215645	0.35154	0.604655	0.542059	0.399164	-0.552089	0.491973	0.217306	0.686137	-0.216273	0.659712	-0.431337	0.608167	0.22898	0.625819	-0.102291	0.787189	-0.0700006	0.604128
0.0162566	0.759723	-0.129493	0.637015	0.138721	0.731553	-0.138916	0.652908	0.446219	-0.208402	-0.326619	0.806708	0.470638	-0.344878	-0.478138	0.656462	-0.0282905	0.181874	0.408299	0.894099	0.681275	-0.216136	0.351505	0.604644	0.542367	0.399557	-0.552635	0.4907	0.217095	0.684986	-0.215806	0.661129	-0.431195	0.607694	0.229514	0.62618	-0.102879	0.787077	-0.069389	0.604245
0.0156524	0.760094	-0.129299	0.636626	0.1378	0.731592	-0.138354	0.653179	0.445794	-0.208682	-0.327029	0.806704	0.469555	-0.345369	-0.478554	0.656677	-0.0287887	0.181679	0.408512	0.894025	0.681121	-0.216403	0.351455	0.60475	0.542808	0.399946	-0.553492	0.488927	0.217194	0.684444	-0.215787	0.661664	-0.43161	0.606873	0.230578	0.6263	-0.103628	0.786762	-0.0688615	0.604586
0.0143839	0.760662	-0.128922	0.636055	0.136308	0.731644	-0.138245	0.653456	0.445308	-0.208734	-0.32724	0.806873	0.469085	-0.345315	-0.478509	0.657074	-0.0299089	0.180577	0.407632	0.894614	0.680436	-0.216133	0.35039	0.606235	0.542593	0.400744	-0.553592	0.488399	0.21669	0.683971	-0.215197	0.66251	-0.431672	0.605192	0.230891	0.627767	-0.104343	0.786145	-0.0688651	0.605265
0.0125031	0.761343	-0.128398	0.635385	0.134625	0.731941	-0.138363	0.653448	0.445361	-0.20852	-0.327137	0.806942	0.468724	-0.345779	-0.478867	0.656827	-0.03072	0.179812	0.406533	0.89524	0.680125	-0.215476	0.349361	0.60741	0.541982	0.401282	-0.553241	0.489032	0.215811	0.683825	-0.214471	0.663182	-0.431969	0.604651	0.231297	0.627934	-0.104472	0.785799	-0.069186	0.605656
0.0120025	0.761561	-0.128472	0.635119	0.134098	0.731985	-0.138498	0.653478	0.44565	-0.208265	-0.328099	0.806457	0.468943	-0.345714	-0.479256	0.656421	-0.0311886	0.1795	0.40607	0.895497	0.679965	-0.215173	0.348939	0.607938	0.54166	0.401673	-0.553157	0.489164	0.215877	0.683541	-0.214581	0.663418	-0.432919	0.603596	0.232437	0.627874	-0.105606	0.784859	-0.0688931	0.60671
0.0114497	0.761733	-0.128393	0.634938	0.133558	0.732206	-0.138576	0.653325	0.445895	-0.208032	-0.328509	0.806215	0.469327	-0.345319	-0.479579	0.656118	-0.0316877	0.179296	0.405529	0.895765	0.67985	-0.214876	0.348505	0.608421	0.541563	0.401977	-0.553114	0.489069	0.216052	0.683159	-0.214882	0.663658	-0.432919	0.603596	0.232437	0.627874	-0.106101	0.784487	-0.0687962	0.607116
0.0109694	0.761687	-0.128339	0.635013	0.133108	0.732193	-0.138702	0.653404	0.446153	-0.207703	-0.328899	0.805998	0.469367	-0.345104	-0.480008	0.655889	-0.032147	0.179186	0.405134	0.895949	0.679723	-0.214487	0.348338	0.608796	0.541974	0.401739	-0.553155	0.488764	0.216571	0.682727	-0.215376	0.663773	-0.433336	0.602862	0.232621	0.628223	-0.106698	0.784147	-0.0685177	0.607482
0.0100134	0.761848	-0.128632	0.634776	0.132501	0.732004	-0.139317	0.653609	0.446596	-0.207063	-0.32957	0.805643	0.469651	-0.344429	-0.48043	0.655732	-0.0328584	0.179182	0.40489	0.896035	0.6792	-0.214268	0.348327	0.609463	0.542489	0.401586	-0.553404	0.488036	0.21754	0.682126	-0.216291	0.663776	-0.433289	0.602671	0.232682	0.628416	-0.10699	0.783805	-0.0684278	0.607882
0.00967407	0.761745	-0.128767	0.634879	0.13238	0.731842	-0.13959	0.653756	0.44684	-0.206559	-0.329841	0.805526	0.469733	-0.344066	-0.480691	0.655672	-0.0330779	0.179255	0.404806	0.89605	0.679052	-0.214241	0.348487	0.609546	0.542458	0.40162	-0.55358	0.487842	0.217405	0.682136	-0.216117	0.663866	-0.433384	0.602506	0.232741	0.628487	-0.107026	0.783765	-0.0685849	0.607909
0.00927163	0.761114	-0.129138	0.635565	0.131853	0.731961	-0.13993	0.653657	0.446951	-0.206209	-0.330374	0.805335	0.469895	-0.343566	-0.481028	0.655571	-0.0329941	0.179314	0.404493	0.896182	0.679116	-0.21395	0.348456	0.609594	0.542458	0.401525	-0.553307	0.488229	0.217615	0.682038	-0.216454	0.663789	-0.433262	0.602329	0.232633	0.628781	-0.10751	0.783725	-0.0684495	0.607891
0.00858878	0.76067	-0.129504	0.636032	0.131037	0.7316	-0.140678	0.654065	0.446774	-0.206522	-0.331461	0.804907	0.469491	-0.343322	-0.480799	0.656156	-0.0328046	0.178975	0.403708	0.896611	0.679641	-0.213663	0.347974	0.609385	0.542834	0.401059	-0.553739	0.487705	0.21778	0.682201	-0.216632	0.663509	-0.432775	0.602267	0.23242	0.629255	-0.106975	0.784386	-0.0685366	0.607123
0.00837878	0.760421	-0.12963	0.636307	0.130712	0.731424	-0.140774	0.654305	0.446753	-0.206449	-0.332098	0.804675	0.46889	-0.343488	-0.480947	0.65639	-0.0327375	0.178717	0.403431	0.89679	0.680091	-0.213196	0.347245	0.609462	0.542916	0.400939	-0.553657	0.487805	0.21794	0.682148	-0.216732	0.663479	-0.432382	0.602274	0.23254	0.629474	-0.106738	0.784655	-0.0684278	0.606829
0.00740351	0.76027	-0.12956	0.636513	0.130245	0.731283	-0.141579	0.654383	0.446504	-0.207413	-0.333987	0.803783	0.467625	-0.343873	-0.481026	0.657033	-0.0327541	0.178517	0.402863	0.897084	0.680415	-0.212436	0.346616	0.609724	0.543415	0.400679	-0.553955	0.487125	0.218647	0.681947	-0.217166	0.66331	-0.432211	0.602441	0.233301	0.629149	-0.107245	0.784896	-0.0673207	0.606551
0.00752944	0.76001	-0.129902	0.636752	0.130286	0.730826	-0.142634	0.654656	0.446779	-0.20811	-0.337394	0.802025	0.465587	-0.34411	-0.481874	0.657735	-0.0320806	0.178809	0.401822	0.897517	0.680834	-0.210939	0.346387	0.609907	0.543668	0.400422	-0.554177	0.486801	0.218858	0.68183	-0.216951	0.663431	-0.43211	0.602378	0.233842	0.629079	-0.107489	0.78532	-0.0670507	0.605989
0.00787641	0.759664	-0.130198	0.6371	0.130853	0.730211	-0.143511	0.655037	0.44932	-0.209012	-0.347676	0.795956	0.458121	-0.344529	-0.478869	0.664913	-0.0298495	0.179192	0.401751	0.897549	0.681834	-0.210421	0.346605	0.608844	0.544422	0.399953	-0.554127	0.486401	0.219961	0.68105	-0.217621	0.663648	-0.431717	0.602646	0.233528	0.629209	-0.107769	0.785732	-0.0671998	0.605389
0.00875169	0.758521	-0.131259	0.638233	0.131106	0.729474	-0.144087	0.655681	0.453171	-0.208566	-0.353256	0.791421	0.4374	-0.346684	-0.471814	0.682556	-0.0263875	0.180324	0.403093	0.896829	0.682579	-0.21084	0.346965	0.607657	0.545843	0.399305	-0.554297	0.485145	0.221141	0.680284	-0.21781	0.66398	-0.431167	0.603212	0.233132	0.629189	-0.107494	0.786286	-0.0672114	0.604716
0.00931865	0.757816	-0.131681	0.638974	0.131813	0.72764	-0.146566	0.657027	0.465211	-0.205063	-0.361562	0.781537	0.420799	-0.349221	-0.469492	0.693217	-0.0242335	0.181304	0.403816	0.896367	0.684765	-0.211329	0.348636	0.604061	0.546416	0.399161	-0.554462	0.484429	0.221958	0.679852	-0.21791	0.664116	-0.430413	0.604047	0.232704	0.629063	-0.107513	0.786734	-0.06673	0.604184
0.0120594	0.75646	-0.132989	0.640263	0.132353	0.726292	-0.148316	0.658016	0.474372	-0.202044	-0.363691	0.775808	0.382371	-0.35524	-0.463895	0.71582	-0.0187099	0.183617	0.405083	0.895457	0.686315	-0.211182	0.349752	0.601704	0.547753	0.398355	-0.554229	0.48385	0.222861	0.679497	-0.217192	0.664413	-0.429841	0.604697	0.232598	0.628869	-0.107033	0.78789	-0.0660335	0.602838
0.0142088	0.755723	-0.134023	0.640873	0.132751	0.723899	-0.15299	0.659501	0.489899	-0.19602	-0.369923	0.764678	0.359777	-0.359707	-0.460554	0.727366	-0.0157178	0.184535	0.405339	0.89521	0.690219	-0.210861	0.351193	0.596488	0.54864	0.397326	-0.554181	0.483746	0.223478	0.67926	-0.216856	0.664557	-0.428285	0.606633	0.231013	0.628651	-0.105242	0.788964	-0.0664014	0.601707
0.0209935	0.753409	-0.138818	0.642389	0.134697	0.720309	-0.15979	0.661422	0.506197	-0.185936	-0.38172	0.750655	0.308744	-0.377296	-0.45132	0.747419	-0.00916566	0.186702	0.406685	0.894241	0.694761	-0.209829	0.353014	0.590475	0.551165	0.394548	-0.554996	0.482212	0.225778	0.678354	-0.216132	0.664942	-0.426306	0.609923	0.22855	0.627712	-0.102463	0.790905	-0.0653184	0.599754
0.0275618	0.75181	-0.143527	0.642979	0.137624	0.715524	-0.166856	0.664262	0.518604	-0.178372	-0.403381	0.732473	0.255619	-0.398805	-0.434342	0.766133	-0.0018032	0.190223	0.4084	0.892761	0.699129	-0.209229	0.356351	0.583486	0.553801	0.391857	-0.555649	0.480632	0.228378	0.677029	-0.214273	0.666004	-0.4241	0.613663	0.226035	0.626471	-0.0973151	0.79346	-0.0658795	0.597169
0.0349906	0.749853	-0.148362	0.643805	0.139998	0.712176	-0.173964	0.66554	0.52848	-0.170816	-0.422649	0.71617	0.201026	-0.419861	-0.413058	0.782744	0.00614879	0.19426	0.409983	0.891145	0.703105	-0.208693	0.360333	0.576412	0.556672	0.388996	-0.556619	0.478512	0.231724	0.675159	-0.211989	0.667477	-0.421294	0.616907	0.223317	0.626152	-0.0910962	0.79688	-0.0664922	0.593518
0.0439395	0.74713	-0.155097	0.644835	0.142816	0.709921	-0.177455	0.666428	0.531401	-0.168958	-0.433348	0.708008	0.147964	-0.438454	-0.389555	0.796311	0.0135878	0.198289	0.412158	0.88917	0.705109	-0.208353	0.362179	0.572919	0.560571	0.38534	-0.557486	0.475902	0.237294	0.672342	-0.210901	0.668707	-0.419948	0.618426	0.222309	0.625917	-0.0857039	0.800259	-0.0649263	0.589937
0.0480138	0.745977	-0.157667	0.645255	0.149058	0.705138	-0.183502	0.668498	0.53285	-0.160551	-0.45015	0.698327	0.122467	-0.446611	-0.380099	0.800665	0.0178752	0.200653	0.413338	0.888015	0.709649	-0.207356	0.366546	0.564841	0.562598	0.383469	-0.557925	0.474506	0.240284	0.670922	-0.21029	0.669257	-0.418299	0.621598	0.221603	0.624126	-0.0829696	0.801722	-0.0641384	0.588425
0.0562012	0.742504	-0.162811	0.647319	0.153186	0.702831	-0.186041	0.669292	0.530861	-0.153437	-0.458924	0.695724	0.098402	-0.454642	-0.368415	0.804915	0.0218662	0.202999	0.415154	0.886544	0.711841	-0.20718	0.368937	0.560575	0.566385	0.380299	-0.558927	0.471361	0.246493	0.668012	-0.209144	0.670269	-0.416892	0.623976	0.220703	0.623014	-0.0783424	0.803953	-0.0621903	0.58622
0.0599091	0.741099	-0.164968	0.64805	0.160817	0.698036	-0.190305	0.671318	0.534084	-0.146808	-0.477466	0.682076	0.0455421	-0.465381	-0.349276	0.812005	0.0290787	0.208318	0.418495	0.883527	0.716186	-0.206971	0.373953	0.551725	0.568137	0.378949	-0.559295	0.469901	0.24899	0.66669	-0.208048	0.671002	-0.414057	0.628861	0.219049	0.620571	-0.0764822	0.804964	-0.0610991	0.585193
0.070357	0.736339	-0.170365	0.651023	0.171023	0.691477	-0.195014	0.674226	0.536133	-0.140142	-0.509722	0.658107	-0.0383155	-0.464889	-0.341828	0.815821	0.0381466	0.216069	0.423392	0.878976	0.721452	-0.206461	0.381407	0.539824	0.572921	0.375224	-0.560303	0.465865	0.255166	0.663306	-0.205052	0.672955	-0.409929	0.634953	0.218275	0.617373	-0.0690133	0.808573	-0.0595577	0.581292
0.0736442	0.734855	-0.171791	0.651961	0.173799	0.690526	-0.196518	0.674054	0.537405	-0.137304	-0.518327	0.650908	-0.0629918	-0.459341	-0.34435	0.81637	0.040724	0.21832	0.424733	0.877656	0.722928	-0.206092	0.383394	0.536573	0.574663	0.373464	-0.56093	0.464376	0.256613	0.662524	-0.204061	0.673477	-0.409929	0.634953	0.218275	0.617373	-0.0675814	0.809408	-0.0585937	0.580394
0.0818212	0.730982	-0.175297	0.654402	0.178788	0.68871	-0.199818	0.673637	0.539906	-0.128179	-0.527003	0.643692	-0.103948	-0.445135	-0.351025	0.817209	0.0461064	0.222278	0.425037	0.876248	0.726046	-0.204102	0.386467	0.530888	0.577062	0.370074	-0.5619	0.46294	0.26006	0.661145	-0.203944	0.673544	-0.405934	0.640728	0.216076	0.614814	-0.0636426	0.811188	-0.0586653	0.578345
0.0884342	0.727715	-0.17777	0.656513	0.182851	0.686233	-0.20261	0.67424	0.536923	-0.117251	-0.531368	0.644681	-0.125693	-0.430319	-0.36409	0.816373	0.0521791	0.22484	0.424599	0.875465	0.729118	-0.201928	0.388148	0.526263	0.579887	0.364938	-0.563954	0.460985	0.261893	0.660433	-0.202927	0.673841	-0.402315	0.6447	0.213317	0.614003	-0.0604427	0.812649	-0.0587815	0.576622
0.0921603	0.726292	-0.179461	0.657115	0.184401	0.685595	-0.203847	0.674093	0.534566	-0.111883	-0.533052	0.646202	-0.130496	-0.425264	-0.370595	0.815341	0.0554519	0.225529	0.423834	0.875458	0.730678	-0.200922	0.388431	0.524272	0.58125	0.362697	-0.565177	0.459537	0.263577	0.659514	-0.203344	0.673958	-0.400519	0.646701	0.211891	0.613567	-0.0587064	0.813311	-0.0591935	0.575825
0.0981398	0.723643	-0.18217	0.658425	0.186354	0.684426	-0.204776	0.674463	0.531241	-0.104089	-0.534049	0.649415	-0.135164	-0.41879	-0.378154	0.81446	0.0606688	0.22591	0.423319	0.875263	0.733601	-0.20023	0.388142	0.520657	0.584038	0.358995	-0.567151	0.456466	0.266711	0.657668	-0.204101	0.674301	-0.396647	0.649604	0.209155	0.613954	-0.0544995	0.814892	-0.0606487	0.573849
0.0994419	0.723203	-0.182839	0.658528	0.187034	0.683877	-0.20455	0.6749	0.530061	-0.10173	-0.533818	0.650941	-0.136993	-0.41716	-0.379724	0.81426	0.0624452	0.225415	0.423542	0.875158	0.734749	-0.200775	0.387532	0.51928	0.584894	0.357506	-0.568015	0.455464	0.267382	0.657103	-0.203842	0.674664	-0.395605	0.650229	0.208687	0.614125	-0.0536547	0.815482	-0.0605321	0.573102
0.101316	0.722366	-0.184222	0.658776	0.18864	0.682833	-0.203236	0.675906	0.528555	-0.100199	-0.53242	0.653542	-0.140501	-0.413954	-0.380223	0.815066	0.0636188	0.224113	0.4264	0.874019	0.735625	-0.203936	0.387085	0.517137	0.586479	0.355813	-0.568763	0.453815	0.268568	0.656011	-0.202862	0.67555	-0.394375	0.650927	0.208112	0.614371	-0.0509123	0.81671	-0.0613894	0.57151
0.101416	0.722341	-0.184546	0.658696	0.189039	0.682415	-0.20264	0.676395	0.529036	-0.100533	-0.531569	0.653795	-0.140742	-0.413695	-0.379158	0.815652	0.0632414	0.223835	0.427532	0.873565	0.735106	-0.205164	0.387261	0.517258	0.587387	0.355339	-0.568782	0.452987	0.268293	0.655913	-0.201905	0.676041	-0.3938	0.651037	0.207982	0.614667	-0.0506787	0.816963	-0.0611463	0.571196
0.10135	0.722258	-0.18459	0.658786	0.189555	0.681858	-0.201784	0.677068	0.530194	-0.101851	-0.530474	0.653543	-0.139907	-0.413282	-0.377816	0.816627	0.0618049	0.223334	0.429146	0.873004	0.733842	-0.206823	0.38761	0.518129	0.587732	0.355065	-0.569009	0.452469	0.2682	0.655877	-0.201593	0.676206	-0.394227	0.650624	0.208571	0.614632	-0.0514332	0.817114	-0.0603518	0.570997
0.10135	0.722258	-0.18459	0.658786	0.189555	0.681858	-0.201784	0.677068	0.530194	-0.101851	-0.530474	0.653543	-0.139907	-0.413282	-0.377816	0.816627	0.0618049	0.223334	0.429146	0.873004	0.733842	-0.206823	0.38761	0.518129	0.587732	0.355065	-0.569009	0.452469	0.2682	0.655877	-0.201593	0.676206	-0.394227	0.650624	0.208571	0.614632	-0.0514332	0.817114	-0.0603518	0.570997
0.101278	0.721849	-0.184746	0.659201	0.189917	0.681514	-0.201552	0.677382	0.530975	-0.102515	-0.529724	0.653413	-0.138593	-0.413596	-0.376765	0.817177	0.0611496	0.222927	0.429761	0.872852	0.733302	-0.207366	0.387602	0.518683	0.588551	0.354715	-0.569271	0.451349	0.268056	0.655809	-0.20142	0.67638	-0.39421	0.650698	0.208509	0.614585	-0.0517089	0.81708	-0.0603507	0.571021
0.101374	0.721801	-0.18504	0.659156	0.190542	0.68102	-0.201183	0.677813	0.532282	-0.103664	-0.528918	0.652821	-0.136828	-0.414219	-0.37546	0.817759	0.0604224	0.22242	0.43092	0.87246	0.732806	-0.20846	0.387477	0.51904	0.588739	0.354491	-0.569465	0.451034	0.267999	0.655789	-0.201433	0.676419	-0.393966	0.650916	0.208258	0.614596	-0.0518567	0.817009	-0.0606134	0.571081
0.101743	0.721426	-0.185646	0.65934	0.191216	0.680878	-0.201426	0.677695	0.532423	-0.104426	-0.528878	0.652617	-0.135674	-0.415573	-0.374096	0.81789	0.0609293	0.222615	0.431472	0.872102	0.733242	-0.209149	0.387568	0.518077	0.588969	0.354163	-0.570294	0.449943	0.268488	0.655361	-0.202481	0.676327	-0.393812	0.65097	0.207624	0.614852	-0.0528155	0.816744	-0.0605363	0.57138
0.102088	0.721315	-0.186218	0.659246	0.191749	0.680773	-0.201907	0.677505	0.532272	-0.104542	-0.52873	0.652841	-0.135245	-0.415884	-0.374135	0.817785	0.0618145	0.223016	0.431537	0.871905	0.733725	-0.209209	0.38781	0.517187	0.589238	0.353763	-0.570675	0.449423	0.268666	0.655298	-0.203014	0.676157	-0.393696	0.650895	0.207216	0.615143	-0.0529384	0.816701	-0.0608211	0.5714
0.103247	0.721094	-0.187433	0.658964	0.19316	0.680152	-0.202915	0.677428	0.531455	-0.103588	-0.528987	0.653451	-0.13503	-0.416319	-0.374679	0.81735	0.0645993	0.224112	0.431157	0.87161	0.734974	-0.208567	0.38843	0.515203	0.589129	0.353371	-0.571038	0.449412	0.270176	0.654711	-0.20524	0.675452	-0.393353	0.650302	0.207003	0.61606	-0.0531644	0.816944	-0.0611801	0.570993
0.102738	0.72108	-0.187748	0.658968	0.193903	0.679534	-0.2034	0.67769	0.530728	-0.103046	-0.529388	0.653802	-0.134637	-0.417202	-0.375267	0.816695	0.0675349	0.225666	0.430466	0.871328	0.735647	-0.20791	0.388959	0.514108	0.590052	0.352418	-0.571785	0.447998	0.273246	0.65355	-0.208525	0.674334	-0.393237	0.650238	0.206674	0.616312	-0.0539108	0.816759	-0.0612849	0.571176
0.102849	0.721432	-0.188516	0.658346	0.196306	0.677846	-0.205066	0.678186	0.52961	-0.102052	-0.530334	0.654098	-0.135037	-0.417181	-0.376052	0.816278	0.0690339	0.22666	0.430115	0.871126	0.737358	-0.20603	0.390082	0.511557	0.590437	0.351992	-0.572158	0.447349	0.274093	0.653201	-0.209378	0.674064	-0.392843	0.650606	0.205742	0.616487	-0.053579	0.816802	-0.0619477	0.571074
0.103467	0.722016	-0.190292	0.657097	0.198329	0.676731	-0.206554	0.678259	0.528879	-0.101023	-0.531892	0.653585	-0.136071	-0.417505	-0.377756	0.815153	0.0721055	0.228784	0.42936	0.870694	0.739257	-0.204158	0.391339	0.508599	0.590579	0.351351	-0.572966	0.44663	0.274996	0.652571	-0.210868	0.673842	-0.39179	0.650654	0.204793	0.617422	-0.0527929	0.817189	-0.0629954	0.570479
0.104285	0.721283	-0.191953	0.65729	0.199161	0.676292	-0.207337	0.678215	0.528739	-0.100697	-0.533099	0.652764	-0.136794	-0.41892	-0.379376	0.813552	0.0736866	0.229937	0.428966	0.870453	0.740238	-0.203235	0.391967	0.507055	0.591419	0.349809	-0.574224	0.445111	0.275789	0.652132	-0.211922	0.673613	-0.39179	0.650654	0.204793	0.617422	-0.0526995	0.817279	-0.063714	0.570279
0.104285	0.721283	-0.191953	0.65729	0.199972	0.676003	-0.208221	0.677994	0.528566	-0.100309	-0.534289	0.65199	-0.136794	-0.41892	-0.379376	0.813552	0.075212	0.230919	0.428528	0.870278	0.741207	-0.202469	0.392517	0.505519	0.591419	0.349809	-0.574224	0.445111	0.275789	0.652132	-0.211922	0.673613	-0.391256	0.651147	0.20388	0.617542	-0.0526995	0.817279	-0.063714	0.570279
0.104688	0.721057	-0.192615	0.657279	0.200693	0.675856	-0.209208	0.677623	0.528314	-0.0998366	-0.535065	0.651631	-0.136501	-0.419408	-0.38029	0.812923	0.0767244	0.231839	0.428155	0.870084	0.742162	-0.201632	0.393026	0.504054	0.591707	0.349349	-0.574654	0.444535	0.27594	0.652021	-0.212189	0.673574	-0.390713	0.651279	0.203166	0.617982	-0.0519053	0.817555	-0.0646041	0.569856
0.105388	0.720684	-0.193668	0.657268	0.201913	0.675923	-0.211271	0.676553	0.528586	-0.0998587	-0.536022	0.650619	-0.135877	-0.420517	-0.380635	0.812293	0.0796616	0.23348	0.426949	0.869975	0.743834	-0.19989	0.393741	0.501719	0.592352	0.348115	-0.575307	0.443799	0.275493	0.65204	-0.211979	0.673805	-0.389957	0.651519	0.202586	0.618398	-0.0513338	0.817852	-0.0652041	0.569413
0.105614	0.720478	-0.194288	0.657274	0.202313	0.675992	-0.212216	0.676069	0.528836	-0.100175	-0.536478	0.649992	-0.135473	-0.421105	-0.380665	0.812042	0.0808609	0.23431	0.426056	0.870078	0.744458	-0.198863	0.394103	0.500917	0.592407	0.347742	-0.575814	0.44336	0.275334	0.65205	-0.211954	0.673867	-0.389416	0.652039	0.202175	0.618325	-0.051537	0.81777	-0.0650908	0.569525
0.106498	0.720171	-0.195671	0.657058	0.203231	0.67569	-0.214157	0.675483	0.529172	-0.100384	-0.536877	0.649356	-0.134071	-0.422244	-0.380658	0.811686	0.0827014	0.235541	0.424643	0.870264	0.745604	-0.196692	0.394565	0.499706	0.592884	0.347103	-0.576217	0.442699	0.274642	0.652083	-0.211304	0.674322	-0.389476	0.652022	0.202032	0.618351	-0.0514226	0.817683	-0.0652257	0.569645
0.106899	0.72046	-0.196521	0.656422	0.203591	0.675588	-0.214836	0.675261	0.530434	-0.100784	-0.537617	0.647649	-0.133175	-0.422944	-0.380675	0.811462	0.0834618	0.235949	0.42408	0.870355	0.746077	-0.195872	0.394684	0.499226	0.592948	0.347047	-0.576211	0.442664	0.273957	0.652183	-0.210692	0.674695	-0.389135	0.652062	0.201631	0.618655	-0.0508367	0.817702	-0.0657819	0.569606
0.107066	0.720521	-0.197191	0.656127	0.20392	0.675684	-0.216065	0.674673	0.531055	-0.101004	-0.538136	0.646675	-0.13146	-0.424317	-0.380847	0.810943	0.0841722	0.236357	0.423566	0.870426	0.746903	-0.194969	0.39495	0.498134	0.593024	0.346893	-0.576191	0.442709	0.272588	0.652497	-0.20946	0.67533	-0.389127	0.652146	0.201619	0.618576	-0.0510885	0.817572	-0.0656573	0.569785
0.106931	0.72044	-0.198012	0.65599	0.204217	0.67555	-0.216736	0.674502	0.531967	-0.100605	-0.538956	0.645303	-0.130574	-0.424874	-0.381257	0.810602	0.0850733	0.237093	0.423116	0.870358	0.747233	-0.194643	0.395084	0.497661	0.593015	0.346702	-0.576462	0.442517	0.272335	0.652446	-0.209256	0.675544	-0.388941	0.652338	0.201325	0.618585	-0.0509267	0.817465	-0.065932	0.569922
0.10682	0.720471	-0.198993	0.655678	0.204494	0.675453	-0.218422	0.673971	0.532184	-0.0999916	-0.539785	0.644526	-0.128663	-0.426082	-0.382341	0.809763	0.0857471	0.237914	0.422368	0.870431	0.747701	-0.193055	0.395582	0.49718	0.593374	0.346105	-0.577165	0.441587	0.272963	0.651908	-0.210144	0.675534	-0.388399	0.652339	0.200982	0.619037	-0.0505367	0.817412	-0.0662388	0.569997
0.107232	0.720152	-0.199906	0.655683	0.204605	0.675371	-0.219137	0.673788	0.531806	-0.0990375	-0.540672	0.644242	-0.128509	-0.426672	-0.383427	0.808962	0.086185	0.23871	0.421712	0.870488	0.747928	-0.192329	0.395815	0.496934	0.593505	0.345428	-0.577621	0.441345	0.274952	0.651154	-0.212607	0.674684	-0.388146	0.652367	0.200559	0.619303	-0.0504272	0.817467	-0.0665368	0.569892
0.107232	0.720152	-0.199906	0.655683	0.204605	0.675371	-0.219137	0.673788	0.531453	-0.0983767	-0.541161	0.644224	-0.128509	-0.426672	-0.383427	0.808962	0.086185	0.23871	0.421712	0.870488	0.747928	-0.192329	0.395815	0.496934	0.593505	0.345428	-0.577621	0.441345	0.274952	0.651154	-0.212607	0.674684	-0.387864	0.652257	0.200283	0.619685	-0.0504272	0.817467	-0.0665368	0.569892
0.106647	0.719568	-0.199823	0.656444	0.204249	0.675479	-0.21958	0.673643	0.53062	-0.0976497	-0.5418	0.644484	-0.128973	-0.427193	-0.38386	0.808408	0.0865191	0.239327	0.421348	0.870461	0.748123	-0.191879	0.396079	0.496604	0.593709	0.345096	-0.577866	0.441009	0.276223	0.65083	-0.213968	0.674047	-0.387581	0.652103	0.200282	0.620024	-0.0507464	0.81785	-0.0663839	0.569332
0.106745	0.71922	-0.199826	0.656808	0.204208	0.675603	-0.219708	0.673489	0.530157	-0.0970028	-0.541521	0.645196	-0.128808	-0.427304	-0.383776	0.808416	0.0867629	0.239473	0.42129	0.870425	0.748681	-0.191488	0.396094	0.495902	0.59395	0.344929	-0.577753	0.440963	0.276593	0.650685	-0.214237	0.673949	-0.387688	0.651237	0.200821	0.620692	-0.0509019	0.817972	-0.0661733	0.569168
