FULLBODY	1																																						
Frames:	141																																						
0.415356	0.567885	-0.443818	0.554988	0.446161	0.551704	-0.440209	0.550254	0.699766	0.271357	-0.579903	0.316868	0.683288	0.0907529	-0.679805	0.250494	0.0199825	0.648509	0.0221055	0.760623	0.0775318	0.651713	0.16374	0.736511	0.704892	0.130997	-0.686213	0.122791	0.425709	0.59582	-0.46472	0.497801	0.0442903	0.737228	-0.108422	0.665416	0.395252	0.633797	-0.452425	0.487225
0.420608	0.565822	-0.449393	0.548617	0.453758	0.547598	-0.444091	0.544998	0.705392	0.267829	-0.580428	0.306255	0.687793	0.0862613	-0.679069	0.241589	0.0248316	0.650298	0.0133571	0.759156	0.0820665	0.655909	0.155751	0.734024	0.70758	0.130155	-0.684167	0.119603	0.430675	0.595204	-0.463685	0.495224	0.0466938	0.739474	-0.114408	0.661747	0.397873	0.635195	-0.452517	0.48317
0.42132	0.565348	-0.449693	0.548314	0.452995	0.548832	-0.444814	0.5438	0.705189	0.269008	-0.580167	0.306184	0.68771	0.0874583	-0.679031	0.241499	0.0241979	0.650646	0.0123679	0.758895	0.0812562	0.656528	0.155069	0.733704	0.707687	0.129444	-0.684183	0.11965	0.430893	0.595064	-0.463756	0.495137	0.0471004	0.739702	-0.114528	0.661442	0.39802	0.635196	-0.452335	0.483218
0.42136	0.565397	-0.44939	0.54848	0.452606	0.549517	-0.44493	0.543337	0.704934	0.270189	-0.580049	0.305956	0.687674	0.0887596	-0.679101	0.24093	0.0234385	0.65113	0.0117389	0.758513	0.0802976	0.657261	0.154562	0.733261	0.707831	0.129125	-0.684102	0.119607	0.431133	0.594937	-0.463553	0.495271	0.0471625	0.739455	-0.114118	0.661785	0.398283	0.635103	-0.452407	0.483056
0.421407	0.565387	-0.449413	0.548436	0.452236	0.55022	-0.445182	0.542728	0.704962	0.270924	-0.580053	0.305234	0.687776	0.0895425	-0.679158	0.240189	0.0225721	0.651634	0.0114416	0.758111	0.0795473	0.657812	0.15452	0.732857	0.707854	0.129287	-0.683974	0.120031	0.431278	0.594899	-0.463333	0.495396	0.0472571	0.739692	-0.114163	0.661505	0.398273	0.635114	-0.451979	0.483449
0.421653	0.565293	-0.449407	0.548349	0.452146	0.550575	-0.445712	0.542007	0.705085	0.271714	-0.579857	0.304619	0.68783	0.0901386	-0.679185	0.239736	0.021974	0.651926	0.0108795	0.757886	0.0791807	0.658253	0.1545	0.732505	0.707907	0.128957	-0.683934	0.120302	0.43143	0.594782	-0.463367	0.495372	0.0475426	0.739528	-0.11383	0.661726	0.398459	0.635118	-0.451987	0.483284
0.421835	0.565211	-0.449761	0.548003	0.45182	0.55108	-0.446489	0.541125	0.705226	0.271993	-0.579758	0.304233	0.688091	0.0905059	-0.679074	0.23916	0.0220177	0.651879	0.00980974	0.757939	0.0799005	0.658172	0.153878	0.732631	0.707917	0.128708	-0.683908	0.120657	0.431501	0.594783	-0.46333	0.495343	0.0474895	0.739599	-0.113489	0.661709	0.398583	0.635071	-0.451879	0.483344
0.421936	0.565163	-0.449837	0.547911	0.451664	0.551253	-0.446821	0.540805	0.70545	0.27251	-0.579712	0.303337	0.688347	0.0906857	-0.67895	0.238706	0.022075	0.651658	0.00942003	0.758133	0.0805744	0.658019	0.153381	0.732798	0.707916	0.128558	-0.683888	0.120935	0.431547	0.594765	-0.46338	0.495278	0.0480093	0.739654	-0.113801	0.661556	0.398618	0.635108	-0.451829	0.483314
0.421936	0.565163	-0.449837	0.547911	0.451664	0.551253	-0.446821	0.540805	0.70545	0.27251	-0.579712	0.303337	0.688347	0.0906857	-0.67895	0.238706	0.022075	0.651658	0.00942003	0.758133	0.0805744	0.658019	0.153381	0.732798	0.707916	0.128558	-0.683888	0.120935	0.431547	0.594765	-0.46338	0.495278	0.0480093	0.739654	-0.113801	0.661556	0.398618	0.635108	-0.451829	0.483314
0.422166	0.565054	-0.450102	0.547629	0.451489	0.551362	-0.447803	0.540027	0.70555	0.272824	-0.579653	0.302932	0.688805	0.0910251	-0.678789	0.237714	0.0224838	0.651443	0.00775109	0.758325	0.0809286	0.658125	0.152809	0.732783	0.708051	0.127887	-0.683858	0.121023	0.431642	0.594733	-0.463388	0.495227	0.048159	0.739592	-0.113601	0.661649	0.398967	0.635037	-0.452162	0.482807
0.422842	0.564544	-0.450874	0.546998	0.451395	0.551362	-0.449197	0.538947	0.705831	0.273259	-0.579925	0.301361	0.689292	0.0909028	-0.678774	0.236386	0.0222937	0.651999	0.00504531	0.757876	0.080215	0.659878	0.149242	0.73202	0.708214	0.126975	-0.683925	0.120652	0.432052	0.594447	-0.463654	0.494964	0.048774	0.739634	-0.114118	0.661468	0.398897	0.635191	-0.451882	0.482925
0.42334	0.564158	-0.451377	0.546597	0.451507	0.55127	-0.449859	0.538395	0.706058	0.272954	-0.5803	0.300383	0.689451	0.0904782	-0.67899	0.235465	0.0214102	0.652469	0.00434225	0.7575	0.0792903	0.660713	0.148172	0.731585	0.708303	0.126382	-0.68395	0.120613	0.432082	0.594447	-0.463798	0.494803	0.0490763	0.739465	-0.114378	0.66159	0.399196	0.635106	-0.452126	0.482561
0.423998	0.563477	-0.453073	0.545385	0.451954	0.550935	-0.451241	0.537205	0.706298	0.272649	-0.580909	0.298916	0.689458	0.0900308	-0.679574	0.233928	0.0200625	0.65344	0.00252025	0.756708	0.0763682	0.662489	0.145876	0.730751	0.709065	0.124564	-0.683574	0.12015	0.43179	0.59474	-0.464155	0.494371	0.0492475	0.739071	-0.1145	0.661995	0.399488	0.635064	-0.452305	0.482207
0.424826	0.562645	-0.454347	0.544539	0.452238	0.550791	-0.452657	0.535922	0.706321	0.272769	-0.581474	0.297651	0.689175	0.0898448	-0.680264	0.232823	0.019793	0.653688	0.000283893	0.756505	0.0756554	0.662695	0.143982	0.731014	0.709742	0.120508	-0.68397	0.118021	0.430616	0.595688	-0.465033	0.493427	0.0490276	0.738632	-0.114708	0.662465	0.399164	0.635239	-0.452025	0.482507
0.424845	0.562148	-0.455837	0.543791	0.451587	0.550911	-0.454025	0.53519	0.706492	0.273451	-0.58189	0.295799	0.687424	0.0877572	-0.682371	0.232632	0.0208994	0.65214	-0.000713659	0.75781	0.0771031	0.661126	0.143879	0.732302	0.709601	0.117307	-0.684672	0.118024	0.428263	0.597201	-0.465811	0.492912	0.0495015	0.738057	-0.114442	0.663117	0.398985	0.635221	-0.452464	0.482268
0.424337	0.561847	-0.457549	0.54306	0.450446	0.550807	-0.455836	0.534718	0.706869	0.274103	-0.581554	0.294953	0.684364	0.0838786	-0.68505	0.235194	0.0245895	0.649685	-0.00516212	0.759788	0.0814755	0.657481	0.146666	0.734554	0.708378	0.117583	-0.685087	0.122598	0.424549	0.599382	-0.46731	0.492057	0.0494359	0.737024	-0.112825	0.664547	0.398541	0.635309	-0.453491	0.481553
0.422682	0.562134	-0.460002	0.541981	0.448184	0.551496	-0.458467	0.533658	0.706989	0.27432	-0.581356	0.294856	0.679997	0.0753435	-0.687922	0.242262	0.023233	0.646741	-0.00481624	0.762341	0.0832558	0.654782	0.152763	0.735522	0.707232	0.114446	-0.686103	0.126437	0.419657	0.602057	-0.46971	0.490702	0.0486763	0.735517	-0.108435	0.666998	0.397377	0.635726	-0.454858	0.480675
0.419825	0.56247	-0.462447	0.541772	0.446725	0.551748	-0.459773	0.533497	0.708147	0.272352	-0.581112	0.294382	0.673457	0.0639171	-0.690835	0.255183	0.0235168	0.644179	-0.00585973	0.764491	0.0914664	0.64861	0.1666	0.73701	0.707232	0.114446	-0.686103	0.126437	0.419657	0.602057	-0.46971	0.490702	0.0480452	0.734598	-0.105985	0.668449	0.394811	0.636454	-0.455017	0.481674
0.418165	0.562877	-0.463302	0.541903	0.442386	0.553286	-0.463092	0.532649	0.709144	0.270832	-0.579324	0.296897	0.669233	0.056522	-0.692323	0.263858	0.0257988	0.637542	-0.00813477	0.76994	0.108111	0.639247	0.181276	0.739469	0.704986	0.108783	-0.687774	0.134641	0.408886	0.607664	-0.473485	0.489252	0.0460364	0.732673	-0.101112	0.671452	0.393597	0.636498	-0.45522	0.482416
0.416391	0.56327	-0.463831	0.542407	0.436722	0.555074	-0.466291	0.532672	0.710605	0.266806	-0.578294	0.29905	0.664276	0.0469329	-0.694202	0.273163	0.0281284	0.633345	-0.0102851	0.77329	0.131644	0.626358	0.200785	0.741641	0.703663	0.108039	-0.688663	0.137581	0.402147	0.610156	-0.475926	0.489369	0.0441011	0.730019	-0.0956048	0.675268	0.39233	0.636425	-0.455488	0.483292
0.404599	0.568965	-0.466169	0.543382	0.430663	0.55689	-0.468417	0.533843	0.712371	0.260055	-0.577534	0.302247	0.645166	0.0126097	-0.69807	0.310322	0.0303192	0.61986	-0.00498643	0.78411	0.160819	0.610409	0.225207	0.742172	0.697696	0.106137	-0.693627	0.144347	0.391514	0.613088	-0.477339	0.492938	0.04155	0.726752	-0.0891514	0.679822	0.385626	0.635524	-0.456914	0.488499
0.400735	0.571186	-0.467038	0.543169	0.42404	0.559437	-0.470398	0.534739	0.712705	0.257158	-0.576878	0.305177	0.628609	-0.0154814	-0.698241	0.342156	0.0312014	0.614759	-0.00277696	0.788093	0.177948	0.60116	0.238477	0.741667	0.69605	0.105149	-0.695344	0.14476	0.388307	0.613475	-0.477886	0.49446	0.0389194	0.722901	-0.0821667	0.684944	0.383849	0.635021	-0.457453	0.490046
0.392487	0.575906	-0.468937	0.542572	0.416512	0.562987	-0.472671	0.534925	0.713918	0.244649	-0.576833	0.312622	0.608018	-0.0472123	-0.696593	0.377946	0.0306562	0.600347	0.00671609	0.799123	0.238006	0.56586	0.283512	0.736733	0.692129	0.101313	-0.700002	0.143838	0.381088	0.614516	-0.478675	0.498008	0.0374598	0.718456	-0.0763551	0.690353	0.380811	0.633195	-0.459104	0.493224
0.388081	0.578355	-0.469921	0.542285	0.412691	0.565036	-0.473526	0.534971	0.714006	0.240558	-0.576451	0.316278	0.59651	-0.0629854	-0.694187	0.397885	0.0305643	0.595927	0.0101772	0.802392	0.259693	0.551803	0.300259	0.733429	0.689668	0.0992506	-0.702542	0.144712	0.377066	0.615035	-0.479219	0.499902	0.0374959	0.715832	-0.0739225	0.693335	0.379102	0.632208	-0.459679	0.495267
0.377317	0.584329	-0.471335	0.542249	0.404232	0.569941	-0.47561	0.534377	0.714003	0.23219	-0.575244	0.324626	0.570683	-0.0956414	-0.687893	0.438151	0.0322903	0.586039	0.0160582	0.80948	0.304115	0.521365	0.334396	0.72379	0.683123	0.0962468	-0.70826	0.149828	0.368235	0.616392	-0.480354	0.503709	0.038422	0.710776	-0.0698937	0.698882	0.376001	0.629696	-0.460731	0.499834
0.359842	0.592431	-0.47162	0.545082	0.395123	0.57531	-0.478124	0.533192	0.712814	0.222731	-0.575331	0.333588	0.542175	-0.128302	-0.679068	0.477966	0.036638	0.57569	0.0201777	0.816598	0.34785	0.490589	0.363238	0.711604	0.675902	0.0880701	-0.715033	0.155334	0.358424	0.614918	-0.48419	0.508889	0.0394741	0.705526	-0.0656584	0.704531	0.370194	0.626228	-0.460264	0.508873
0.353478	0.594771	-0.471364	0.546916	0.386401	0.58053	-0.480695	0.531613	0.710966	0.212345	-0.574523	0.345486	0.512824	-0.158242	-0.668811	0.514454	0.0383185	0.565397	0.0233247	0.823598	0.387357	0.460691	0.38932	0.697244	0.674772	0.0854022	-0.716088	0.156867	0.357952	0.612118	-0.487431	0.509503	0.0403159	0.699859	-0.060082	0.710607	0.367827	0.625435	-0.459298	0.512425
0.339922	0.599272	-0.471726	0.550274	0.377517	0.586057	-0.483074	0.529772	0.710014	0.198617	-0.573839	0.356569	0.483651	-0.185557	-0.65743	0.547207	0.0362037	0.557234	0.0292064	0.829052	0.421747	0.434765	0.413088	0.68005	0.673165	0.0826426	-0.717769	0.157564	0.357876	0.60608	-0.492044	0.512332	0.0386512	0.694481	-0.0488013	0.716813	0.367709	0.62232	-0.461332	0.514472
0.333495	0.601873	-0.473053	0.550228	0.372732	0.589219	-0.484132	0.528685	0.709153	0.191856	-0.573592	0.362333	0.469407	-0.198312	-0.651394	0.562153	0.0352931	0.553105	0.0319883	0.831749	0.438428	0.422283	0.422484	0.671539	0.671267	0.0828112	-0.719124	0.159387	0.357978	0.600302	-0.493688	0.517457	0.0373522	0.691861	-0.0420117	0.719839	0.37353	0.617616	-0.467672	0.510205
0.316433	0.60875	-0.479507	0.547144	0.358571	0.598025	-0.486425	0.526482	0.704526	0.172923	-0.572555	0.381997	0.426806	-0.233866	-0.631614	0.603496	0.0384877	0.538515	0.0367155	0.840936	0.48871	0.38649	0.441764	0.64547	0.667552	0.085842	-0.72082	0.165602	0.357888	0.595001	-0.492761	0.524478	0.0416154	0.686217	-0.0311164	0.725539	0.368525	0.628614	-0.466598	0.501318
0.309814	0.610405	-0.484558	0.544633	0.354176	0.600659	-0.487225	0.525719	0.702508	0.166304	-0.572345	0.388904	0.413014	-0.244702	-0.624845	0.615719	0.0397688	0.532183	0.0421934	0.844642	0.506123	0.374115	0.445443	0.636756	0.665129	0.0862244	-0.723056	0.165403	0.359075	0.589963	-0.490931	0.531033	0.0408453	0.687013	-0.0288806	0.724921	0.360627	0.640359	-0.460298	0.49801
0.307184	0.611261	-0.485385	0.544426	0.346889	0.604117	-0.488706	0.52524	0.697969	0.151516	-0.572916	0.402057	0.385224	-0.265954	-0.610907	0.638485	0.0464091	0.517887	0.0521404	0.852597	0.541244	0.34844	0.449543	0.619318	0.664096	0.0873036	-0.724012	0.164808	0.360827	0.586899	-0.490775	0.53338	0.0293962	0.691141	-0.0244496	0.721708	0.33993	0.669451	-0.445776	0.487408
0.300333	0.614441	-0.48369	0.546175	0.341636	0.606442	-0.489096	0.525641	0.693259	0.135189	-0.574538	0.413549	0.355961	-0.288055	-0.596696	0.658991	0.0559199	0.501731	0.0623688	0.860958	0.577856	0.320472	0.450235	0.600557	0.662322	0.0914678	-0.725422	0.163481	0.363467	0.582099	-0.489069	0.53839	0.00913875	0.696503	-0.0215301	0.717173	0.317849	0.699728	-0.435671	0.468555
0.292802	0.61885	-0.479213	0.549224	0.336199	0.60955	-0.487537	0.526997	0.688685	0.119428	-0.576507	0.42319	0.323929	-0.309109	-0.582331	0.678537	0.0679862	0.484963	0.0761814	0.868554	0.613964	0.290214	0.448943	0.580753	0.659948	0.101195	-0.725109	0.168653	0.369454	0.574685	-0.492391	0.539251	-0.016217	0.700113	-0.0216025	0.713521	0.292205	0.730734	-0.424032	0.448152
0.283631	0.62532	-0.473303	0.551826	0.330637	0.612852	-0.483681	0.530231	0.683197	0.106175	-0.577742	0.433801	0.290552	-0.327764	-0.567607	0.697118	0.0807022	0.468334	0.0941815	0.874803	0.646722	0.257802	0.447089	0.561606	0.658608	0.113255	-0.722382	0.177687	0.371803	0.572035	-0.494951	0.538109	-0.03083	0.700995	-0.0224583	0.712146	0.261717	0.762115	-0.407746	0.429451
0.283631	0.62532	-0.473303	0.551826	0.330637	0.612852	-0.483681	0.530231	0.683197	0.106175	-0.577742	0.433801	0.290552	-0.327764	-0.567607	0.697118	0.0807022	0.468334	0.0941815	0.874803	0.646722	0.257802	0.447089	0.561606	0.658608	0.113255	-0.722382	0.177687	0.371803	0.572035	-0.494951	0.538109	-0.0480096	0.701508	-0.0220543	0.7107	0.261717	0.762115	-0.407746	0.429451
0.273622	0.633064	-0.467076	0.553354	0.323977	0.61723	-0.478087	0.534321	0.67753	0.093963	-0.577142	0.446128	0.257048	-0.341732	-0.553241	0.714891	0.0931462	0.452194	0.113541	0.879746	0.674937	0.225878	0.444884	0.543616	0.658205	0.122128	-0.719479	0.184936	0.375169	0.568045	-0.498675	0.53656	-0.0884456	0.701877	-0.0155563	0.706615	0.227549	0.79134	-0.388322	0.413773
0.261109	0.641218	-0.458087	0.55751	0.316722	0.622291	-0.471064	0.539018	0.671081	0.0826506	-0.574828	0.460859	0.22577	-0.351159	-0.54026	0.73064	0.103366	0.436104	0.133363	0.883936	0.697867	0.195026	0.441698	0.529008	0.65695	0.131071	-0.715819	0.197081	0.376769	0.565867	-0.50163	0.534983	-0.12684	0.700267	-0.00890326	0.702466	0.190433	0.817165	-0.364622	0.403767
0.247995	0.649005	-0.448581	0.562198	0.308356	0.627828	-0.463252	0.544193	0.663826	0.0718276	-0.571879	0.476582	0.198008	-0.35779	-0.528316	0.744084	0.111059	0.418782	0.150586	0.888601	0.716052	0.168367	0.435689	0.518746	0.655993	0.138795	-0.711692	0.209532	0.376877	0.565203	-0.50331	0.53403	-0.145095	0.698662	-0.00527438	0.700565	0.149056	0.839457	-0.335586	0.400595
0.241584	0.652828	-0.444448	0.563843	0.303707	0.630502	-0.459231	0.547117	0.659965	0.0662259	-0.570521	0.48432	0.185146	-0.360606	-0.522898	0.749841	0.113843	0.410141	0.158521	0.890896	0.723395	0.155624	0.432477	0.515213	0.654981	0.143833	-0.709072	0.218008	0.376027	0.565639	-0.50229	0.535128	-0.181161	0.694026	0.00466733	0.696768	0.128684	0.848598	-0.320578	0.400689
0.227428	0.661345	-0.43461	0.567462	0.293748	0.635353	-0.45087	0.553855	0.652201	0.0544236	-0.568784	0.498152	0.161953	-0.366384	-0.513023	0.759171	0.117168	0.39334	0.174817	0.894983	0.734917	0.130373	0.425632	0.511602	0.652025	0.157431	-0.701691	0.240228	0.376218	0.565526	-0.501565	0.535792	-0.215235	0.688837	0.0160843	0.69204	0.0985785	0.862176	-0.294158	0.400508
0.212399	0.670106	-0.423153	0.571652	0.283282	0.640447	-0.441156	0.561213	0.643341	0.0443275	-0.56806	0.511327	0.143261	-0.372616	-0.50411	0.765837	0.117804	0.377028	0.191307	0.89854	0.74377	0.10345	0.419251	0.510228	0.648021	0.172055	-0.693987	0.262387	0.376075	0.565772	-0.497155	0.539728	-0.24654	0.684524	0.0290463	0.685421	0.0708496	0.871859	-0.266385	0.404822
0.205063	0.674234	-0.416625	0.574266	0.27832	0.642818	-0.435713	0.565223	0.638835	0.0394087	-0.568087	0.517314	0.135187	-0.375952	-0.500225	0.768218	0.11819	0.369373	0.200209	0.899728	0.747699	0.0902459	0.415799	0.509816	0.645989	0.17935	-0.689969	0.2729	0.377045	0.564944	-0.4952	0.541713	-0.24654	0.684524	0.0290463	0.685421	0.0554583	0.875112	-0.251263	0.409842
0.205063	0.674234	-0.416625	0.574266	0.27348	0.645087	-0.429963	0.569389	0.634575	0.0342401	-0.568345	0.522614	0.127282	-0.379305	-0.49657	0.770289	0.118483	0.361636	0.208807	0.900878	0.751053	0.0772305	0.412994	0.509304	0.645989	0.17935	-0.689969	0.2729	0.377984	0.564136	-0.492911	0.543983	-0.27267	0.681368	0.0411675	0.678007	0.0554583	0.875112	-0.251263	0.409842
0.185029	0.68593	-0.393871	0.583207	0.264827	0.648649	-0.417819	0.578402	0.630511	0.0292757	-0.568311	0.527846	0.112526	-0.385696	-0.488199	0.774751	0.119307	0.347078	0.225301	0.90252	0.756923	0.0510954	0.407712	0.508161	0.640134	0.199047	-0.677337	0.303023	0.378587	0.563512	-0.486994	0.549511	-0.284171	0.680356	0.0476827	0.673861	0.0177548	0.87663	-0.207437	0.433791
0.178858	0.690081	-0.384976	0.586167	0.261024	0.650292	-0.411413	0.58286	0.622788	0.0190359	-0.566906	0.538879	0.106171	-0.388777	-0.483128	0.777283	0.119799	0.339755	0.233183	0.903239	0.759482	0.0385689	0.404768	0.507802	0.637963	0.205091	-0.673096	0.312862	0.37809	0.564066	-0.483017	0.552786	-0.308875	0.676258	0.0658458	0.665535	0.00580781	0.873955	-0.191819	0.446514
0.159661	0.702063	-0.354163	0.596812	0.250688	0.655059	-0.388651	0.597498	0.614268	0.00360972	-0.56246	0.553444	0.0892911	-0.395651	-0.468043	0.785126	0.120837	0.31931	0.255585	0.904498	0.765898	0.00592602	0.39676	0.505912	0.629922	0.224843	-0.654616	0.352311	0.375467	0.567187	-0.471048	0.561638	-0.336671	0.671991	0.0986526	0.652188	-0.0225363	0.859291	-0.146066	0.489669
0.151553	0.709051	-0.332728	0.602968	0.244169	0.658644	-0.372122	0.606708	0.611967	-0.0010385	-0.5604	0.558074	0.0806242	-0.398597	-0.457828	0.790578	0.1211	0.307539	0.269453	0.904516	0.76732	-0.00471736	0.39449	0.505546	0.62467	0.23349	-0.64324	0.376182	0.372585	0.570515	-0.461336	0.568209	-0.342062	0.671254	0.110045	0.648307	-0.0351669	0.848731	-0.114186	0.515151
0.149075	0.711978	-0.321483	0.606229	0.240956	0.660729	-0.3634	0.610997	0.608536	-0.0108504	-0.555812	0.56625	0.0760514	-0.399477	-0.45327	0.793209	0.120261	0.302408	0.276819	0.904134	0.769883	-0.0231393	0.390839	0.503973	0.622414	0.23721	-0.637359	0.387436	0.370382	0.57266	-0.455226	0.572404	-0.349531	0.665671	0.133634	0.645641	-0.0452503	0.844536	-0.094995	0.525059
0.149807	0.714111	-0.303321	0.612862	0.234188	0.667504	-0.345033	0.616885	0.607369	-0.0150119	-0.553884	0.56929	0.0674196	-0.40064	-0.44538	0.797859	0.118541	0.294431	0.289109	0.903147	0.77111	-0.0395417	0.388534	0.502859	0.617731	0.241741	-0.626709	0.408906	0.366579	0.577368	-0.442255	0.580238	-0.356165	0.660586	0.149107	0.643848	-0.0720065	0.835926	-0.0512997	0.541674
0.152123	0.712898	-0.286613	0.621682	0.230491	0.67322	-0.327463	0.621624	0.60304	-0.0205688	-0.549311	0.578081	0.0581459	-0.400612	-0.441402	0.800808	0.11522	0.289082	0.303689	0.900516	0.769651	-0.0557914	0.389948	0.50246	0.610153	0.246824	-0.616514	0.43209	0.356548	0.590107	-0.41604	0.592923	-0.366101	0.663252	0.181517	0.626991	-0.0767577	0.82922	-0.0270302	0.552966
0.152845	0.713237	-0.271153	0.628019	0.22801	0.677113	-0.31125	0.62662	0.599678	-0.0228216	-0.546719	0.583921	0.0449808	-0.399557	-0.438026	0.80403	0.111959	0.285606	0.3193	0.896628	0.768801	-0.069754	0.393596	0.49916	0.601626	0.257487	-0.603146	0.456028	0.342719	0.605162	-0.380887	0.609301	-0.368463	0.666088	0.192435	0.619299	-0.0777944	0.825396	-0.0106757	0.559066
0.156334	0.713286	-0.261201	0.631314	0.227444	0.678323	-0.304073	0.629037	0.598442	-0.023896	-0.545956	0.585857	0.0279261	-0.397772	-0.43509	0.807276	0.10984	0.282535	0.333159	0.892813	0.769167	-0.0769515	0.395144	0.496309	0.596016	0.264493	-0.592626	0.472867	0.332999	0.615006	-0.349188	0.623656	-0.371018	0.666004	0.198611	0.615904	-0.0690475	0.824275	-0.00360203	0.561952
0.156849	0.712937	-0.256067	0.633679	0.226944	0.681419	-0.291814	0.631672	0.596034	-0.023767	-0.543912	0.590202	0.0178315	-0.396445	-0.433389	0.809128	0.1088	0.281631	0.340274	0.890539	0.770578	-0.0929332	0.397905	0.489126	0.594169	0.266373	-0.589642	0.477841	0.329452	0.617722	-0.335152	0.630518	-0.370778	0.668388	0.206801	0.610749	-0.0649238	0.823766	-0.000755282	0.5632
0.15843	0.710855	-0.244033	0.640338	0.22711	0.684641	-0.278366	0.634193	0.591188	-0.0209188	-0.541429	0.597423	-0.0137146	-0.389891	-0.431419	0.813434	0.108185	0.281883	0.355403	0.884605	0.772656	-0.109163	0.402321	0.478774	0.59206	0.269454	-0.586032	0.483141	0.325177	0.618497	-0.302903	0.648051	-0.367281	0.677768	0.217302	0.598761	-0.0582999	0.819585	0.0110105	0.569878
0.158718	0.711028	-0.240382	0.641455	0.227945	0.685113	-0.274848	0.634917	0.58956	-0.0193662	-0.540781	0.599666	-0.0227429	-0.387362	-0.431636	0.814324	0.108286	0.283242	0.359599	0.882461	0.772839	-0.113124	0.404445	0.475759	0.590723	0.270616	-0.585795	0.484415	0.32216	0.618897	-0.291755	0.654263	-0.366473	0.679697	0.221037	0.595694	-0.0597129	0.818144	0.0178627	0.571625
0.15924	0.711063	-0.232722	0.644106	0.22871	0.687252	-0.268528	0.635034	0.588227	-0.0181741	-0.540245	0.601494	-0.0363347	-0.382864	-0.432382	0.815562	0.110099	0.287208	0.365778	0.878406	0.772095	-0.117958	0.409824	0.471168	0.586161	0.2758	-0.583879	0.489321	0.315559	0.619741	-0.271122	0.665459	-0.366244	0.680287	0.225437	0.59351	-0.0601375	0.81536	0.0284476	0.575119
0.158979	0.710354	-0.2286	0.646425	0.229074	0.687903	-0.265429	0.635502	0.585968	-0.0149971	-0.540036	0.603969	-0.0405358	-0.380881	-0.433488	0.815705	0.111145	0.289915	0.368249	0.87635	0.770923	-0.119637	0.413399	0.469538	0.583802	0.278367	-0.582748	0.492029	0.31146	0.620951	-0.261023	0.670283	-0.3666	0.682357	0.234527	0.587359	-0.0609354	0.813707	0.0330395	0.577128
0.158815	0.709767	-0.224798	0.648441	0.229591	0.688149	-0.262482	0.636272	0.584537	-0.0133317	-0.539634	0.605751	-0.0427739	-0.378916	-0.434835	0.815789	0.111837	0.29247	0.371106	0.874205	0.769601	-0.121429	0.416992	0.468067	0.581655	0.280782	-0.581224	0.494992	0.307202	0.622295	-0.251488	0.674633	-0.366294	0.684336	0.23719	0.58417	-0.0622214	0.811998	0.0372424	0.579138
0.158736	0.709296	-0.218147	0.651241	0.229862	0.689139	-0.256899	0.637381	0.582728	-0.0108294	-0.538817	0.608266	-0.0447842	-0.37579	-0.436761	0.816098	0.112505	0.29558	0.376737	0.870657	0.767517	-0.125214	0.421921	0.466071	0.577793	0.284184	-0.579481	0.499597	0.29852	0.626307	-0.235155	0.680682	-0.365458	0.688005	0.240205	0.57913	-0.0600547	0.809281	0.0396213	0.582999
0.158966	0.708448	-0.215497	0.652987	0.229563	0.689571	-0.254054	0.63816	0.58217	-0.00926987	-0.538438	0.609161	-0.0451724	-0.374568	-0.437703	0.816133	0.111882	0.296225	0.379062	0.869509	0.766664	-0.127258	0.42345	0.465534	0.575745	0.28537	-0.578816	0.502049	0.291947	0.630129	-0.225323	0.683326	-0.36417	0.690458	0.240518	0.576887	-0.0581482	0.808211	0.0391328	0.584707
0.158334	0.707182	-0.212586	0.655463	0.229451	0.689178	-0.25117	0.639765	0.581614	-0.00824873	-0.538138	0.609971	-0.0458641	-0.373658	-0.438776	0.815936	0.110502	0.296278	0.381598	0.868557	0.765728	-0.129339	0.424447	0.465593	0.574184	0.286934	-0.5787	0.503079	0.283327	0.63518	-0.213041	0.686211	-0.362801	0.692435	0.240303	0.575468	-0.0567279	0.807552	0.0385837	0.585792
0.156126	0.705882	-0.206699	0.659265	0.229312	0.688467	-0.248226	0.641726	0.580877	-0.00787024	-0.537948	0.610845	-0.0483735	-0.373581	-0.438809	0.815808	0.108743	0.295518	0.384227	0.867879	0.764433	-0.131631	0.42483	0.466728	0.571291	0.292413	-0.578818	0.503083	0.269458	0.641452	-0.192452	0.692021	-0.362801	0.692435	0.240303	0.575468	-0.0571693	0.806726	0.0388952	0.586866
0.154284	0.705154	-0.203803	0.661376	0.228447	0.686961	-0.243655	0.64539	0.578496	-0.00895534	-0.537943	0.61309	-0.0496346	-0.37405	-0.438206	0.815842	0.105766	0.291557	0.388726	0.867583	0.761754	-0.137492	0.423752	0.470384	0.569888	0.296445	-0.577339	0.504012	0.266659	0.642165	-0.188018	0.693661	-0.363441	0.69389	0.242526	0.57237	-0.058686	0.806196	0.039302	0.587417
0.150457	0.704227	-0.198545	0.664836	0.226246	0.685704	-0.239527	0.649038	0.576297	-0.0105801	-0.538294	0.614825	-0.0518643	-0.375218	-0.437043	0.815791	0.102775	0.286646	0.392909	0.867694	0.759606	-0.144107	0.421356	0.474016	0.569705	0.301324	-0.574793	0.504235	0.269457	0.640957	-0.191768	0.69267	-0.366166	0.694105	0.243284	0.570047	-0.0623853	0.805472	0.0393343	0.588027
0.145907	0.704464	-0.193001	0.667228	0.223242	0.685599	-0.236058	0.651455	0.575566	-0.0113966	-0.539355	0.614565	-0.053371	-0.376521	-0.437003	0.815114	0.09911	0.283325	0.39518	0.86818	0.758139	-0.148484	0.419401	0.47674	0.569148	0.304833	-0.573943	0.503723	0.265345	0.644581	-0.188976	0.691661	-0.368655	0.692688	0.243526	0.570063	-0.0677652	0.805219	0.0402455	0.587716
0.144052	0.704502	-0.190678	0.668257	0.221667	0.685797	-0.234534	0.652334	0.575443	-0.011738	-0.540094	0.614024	-0.053446	-0.377271	-0.437284	0.814612	0.0975491	0.282296	0.395659	0.868474	0.757398	-0.149651	0.418663	0.478199	0.568019	0.307897	-0.572394	0.504894	0.262958	0.646645	-0.188023	0.690906	-0.371394	0.691325	0.244599	0.56948	-0.0715692	0.804889	0.0413289	0.587642
0.139498	0.706446	-0.185592	0.668602	0.218706	0.686333	-0.232053	0.653656	0.575225	-0.012037	-0.541623	0.612875	-0.0519295	-0.378862	-0.43805	0.813559	0.0951748	0.280689	0.395668	0.869254	0.755518	-0.150982	0.417502	0.481756	0.5667	0.312873	-0.569293	0.506821	0.261331	0.649973	-0.190304	0.687769	-0.371394	0.691325	0.244599	0.56948	-0.0793228	0.804311	0.0434055	0.587288
0.139498	0.706446	-0.185592	0.668602	0.218706	0.686333	-0.232053	0.653656	0.575225	-0.012037	-0.541623	0.612875	-0.0519295	-0.378862	-0.43805	0.813559	0.0951748	0.280689	0.395668	0.869254	0.755518	-0.150982	0.417502	0.481756	0.5667	0.312873	-0.569293	0.506821	0.261331	0.649973	-0.190304	0.687769	-0.371394	0.691325	0.244599	0.56948	-0.0793228	0.804311	0.0434055	0.587288
0.134533	0.709535	-0.18104	0.667596	0.215522	0.686968	-0.230145	0.65472	0.575726	-0.0128575	-0.54286	0.611292	-0.0489475	-0.381169	-0.438179	0.812597	0.0932177	0.279072	0.395108	0.870241	0.753526	-0.152149	0.416399	0.48545	0.564741	0.317389	-0.566887	0.508891	0.256951	0.654627	-0.190075	0.685063	-0.384136	0.683481	0.249109	0.56854	-0.0900435	0.802527	0.0476616	0.587853
0.129285	0.713138	-0.176859	0.665913	0.213794	0.687274	-0.229144	0.655316	0.576168	-0.0136684	-0.54331	0.610457	-0.0468771	-0.382939	-0.437671	0.812161	0.0917191	0.278298	0.395236	0.87059	0.752483	-0.15282	0.416028	0.487172	0.562417	0.322423	-0.564265	0.51121	0.252182	0.658752	-0.189037	0.683165	-0.384136	0.683481	0.249109	0.56854	-0.0981261	0.800717	0.0500799	0.588825
0.121759	0.717017	-0.171358	0.664603	0.20767	0.688606	-0.224096	0.657629	0.574897	-0.0186758	-0.543272	0.611555	-0.0338506	-0.391104	-0.43426	0.810747	0.0863704	0.274703	0.395623	0.872101	0.748679	-0.156023	0.414021	0.493684	0.55918	0.330133	-0.559178	0.515412	0.247887	0.662216	-0.187923	0.681694	-0.39925	0.6746	0.255835	0.56574	-0.106258	0.798592	0.0531865	0.590027
0.116317	0.719275	-0.16719	0.6642	0.203123	0.689537	-0.219089	0.659757	0.568544	-0.0237393	-0.539883	0.620259	-0.0135411	-0.399809	-0.433176	0.807668	0.0820795	0.27167	0.397204	0.872747	0.74506	-0.159352	0.412785	0.4991	0.556062	0.337121	-0.555458	0.518277	0.243502	0.665149	-0.185666	0.681038	-0.405915	0.669743	0.259778	0.564972	-0.112848	0.796997	0.0556509	0.590732
0.116317	0.719275	-0.16719	0.6642	0.203123	0.689537	-0.219089	0.659757	0.568544	-0.0237393	-0.539883	0.620259	-0.0135411	-0.399809	-0.433176	0.807668	0.0820795	0.27167	0.397204	0.872747	0.74506	-0.159352	0.412785	0.4991	0.556062	0.337121	-0.555458	0.518277	0.243502	0.665149	-0.185666	0.681038	-0.405915	0.669743	0.259778	0.564972	-0.112848	0.796997	0.0556509	0.590732
0.109065	0.721097	-0.159912	0.665246	0.199572	0.689904	-0.212	0.662766	0.546521	-0.0437318	-0.528533	0.648117	0.0387568	-0.406476	-0.447745	0.795487	0.0738796	0.266363	0.400045	0.873817	0.73862	-0.165367	0.410914	0.508177	0.553642	0.344928	-0.552128	0.519288	0.240024	0.666682	-0.184543	0.681078	-0.41249	0.663692	0.26424	0.565281	-0.12025	0.795614	0.0589822	0.590812
0.10754	0.721322	-0.157915	0.665727	0.1992	0.689742	-0.210168	0.663629	0.535258	-0.0585869	-0.525003	0.659119	0.0613341	-0.403619	-0.459445	0.788822	0.0711019	0.264872	0.400782	0.874163	0.736537	-0.167043	0.410543	0.510944	0.552607	0.348435	-0.550726	0.519538	0.238301	0.666954	-0.183342	0.681741	-0.41249	0.663692	0.26424	0.565281	-0.121978	0.795226	0.0599486	0.590883
0.105806	0.722096	-0.155106	0.665826	0.2016	0.688987	-0.20567	0.665097	0.508313	-0.0971803	-0.517409	0.681514	0.117464	-0.394554	-0.486911	0.770355	0.0656693	0.262578	0.403588	0.873989	0.732082	-0.170597	0.410475	0.516201	0.551981	0.3498	-0.549987	0.520069	0.23805	0.666868	-0.183069	0.681986	-0.41249	0.663692	0.26424	0.565281	-0.123624	0.794497	0.0606805	0.591447
0.104287	0.722465	-0.151654	0.66646	0.208432	0.690649	-0.198321	0.663497	0.47441	-0.134768	-0.494905	0.715431	0.221028	-0.363353	-0.54257	0.724389	0.0583057	0.26144	0.403694	0.874803	0.726046	-0.172663	0.411382	0.523269	0.551276	0.35018	-0.549201	0.521389	0.237552	0.66672	-0.181843	0.682633	-0.416071	0.661014	0.267934	0.564054	-0.124357	0.793463	0.0622171	0.59252
0.104224	0.723498	-0.151296	0.665431	0.211828	0.691616	-0.193303	0.662895	0.439867	-0.164159	-0.469306	0.747877	0.26011	-0.352063	-0.549891	0.711347	0.0570683	0.261305	0.405227	0.874216	0.723624	-0.173652	0.412457	0.525446	0.550569	0.351325	-0.548	0.522629	0.23793	0.666127	-0.180811	0.683353	-0.414928	0.662229	0.26863	0.56314	-0.124466	0.793039	0.0628232	0.593001
0.101775	0.724713	-0.14695	0.665461	0.215042	0.695606	-0.179788	0.661488	0.430799	-0.165601	-0.456644	0.760569	0.30534	-0.340459	-0.559391	0.691329	0.0519854	0.262274	0.411087	0.871503	0.717743	-0.17784	0.416247	0.529109	0.550038	0.35367	-0.546376	0.523306	0.238116	0.665694	-0.179979	0.68393	-0.416642	0.661049	0.271601	0.561833	-0.124101	0.792497	0.0637486	0.593703
0.0983521	0.725222	-0.14243	0.666404	0.21457	0.697267	-0.175808	0.660962	0.429348	-0.172643	-0.452686	0.762188	0.318031	-0.337088	-0.560346	0.686469	0.0476826	0.263173	0.413216	0.87047	0.715272	-0.17916	0.418057	0.530582	0.548709	0.358836	-0.541999	0.525731	0.237336	0.665213	-0.177244	0.685382	-0.418545	0.659348	0.274046	0.561231	-0.124629	0.792142	0.0646358	0.593971
0.0971272	0.724147	-0.137485	0.668786	0.213574	0.696777	-0.174085	0.662256	0.426057	-0.177733	-0.450494	0.764161	0.328513	-0.335716	-0.563152	0.679878	0.0399414	0.263396	0.414764	0.870056	0.711635	-0.180356	0.419306	0.534069	0.548922	0.359603	-0.541136	0.525873	0.237434	0.664828	-0.176516	0.685908	-0.421624	0.658448	0.277021	0.558515	-0.126157	0.790837	0.0660528	0.59523
0.0971272	0.724147	-0.137485	0.668786	0.213574	0.696777	-0.174085	0.662256	0.426057	-0.177733	-0.450494	0.764161	0.328513	-0.335716	-0.563152	0.679878	0.0399414	0.263396	0.414764	0.870056	0.711635	-0.180356	0.419306	0.534069	0.548922	0.359603	-0.541136	0.525873	0.237434	0.664828	-0.176516	0.685908	-0.421624	0.658448	0.277021	0.558515	-0.126157	0.790837	0.0660528	0.59523
0.0998012	0.723625	-0.137119	0.669033	0.212	0.69606	-0.173821	0.663584	0.428346	-0.180696	-0.457765	0.757839	0.325874	-0.338486	-0.565143	0.67812	0.0357004	0.259996	0.416503	0.870432	0.708774	-0.182885	0.417799	0.538179	0.55069	0.358604	-0.541836	0.523983	0.239722	0.663572	-0.177793	0.686	-0.41986	0.660385	0.275722	0.558199	-0.123517	0.791277	0.0645814	0.59536
0.100848	0.722625	-0.13667	0.670048	0.211452	0.695449	-0.173791	0.664406	0.430318	-0.181963	-0.459512	0.755357	0.32403	-0.339822	-0.564694	0.678709	0.0349718	0.25822	0.416797	0.87085	0.708081	-0.184278	0.416685	0.539478	0.551548	0.357537	-0.542563	0.523055	0.240367	0.663184	-0.177939	0.686111	-0.418821	0.661213	0.274877	0.558416	-0.121857	0.791778	0.0637037	0.59513
0.103509	0.720748	-0.138807	0.671223	0.211866	0.693677	-0.1759	0.66557	0.432234	-0.184006	-0.4632	0.751506	0.320775	-0.342334	-0.566014	0.677893	0.0344531	0.255028	0.417711	0.871373	0.708235	-0.186712	0.414349	0.540239	0.553565	0.354878	-0.543788	0.521462	0.242682	0.662135	-0.179329	0.685948	-0.418028	0.6632	0.273881	0.557142	-0.121099	0.792043	0.0634754	0.594957
0.104538	0.720349	-0.140057	0.671232	0.212663	0.692908	-0.177318	0.665742	0.433285	-0.183672	-0.462945	0.751139	0.321247	-0.342367	-0.565557	0.678035	0.0350104	0.254195	0.418165	0.871377	0.708724	-0.187685	0.413767	0.539705	0.554722	0.353924	-0.544378	0.520263	0.244288	0.661221	-0.180066	0.686066	-0.418028	0.6632	0.273881	0.557142	-0.117227	0.793379	0.0612837	0.594182
0.105348	0.72013	-0.141196	0.671102	0.213802	0.692436	-0.178204	0.665631	0.433812	-0.183894	-0.462317	0.751168	0.32242	-0.342321	-0.564855	0.678086	0.0363508	0.254011	0.418469	0.871229	0.709212	-0.188517	0.413669	0.538848	0.556047	0.353072	-0.545122	0.518646	0.245596	0.660313	-0.180395	0.686387	-0.415479	0.665551	0.270977	0.557666	-0.115055	0.794087	0.0601374	0.593777
0.106338	0.719606	-0.143436	0.671033	0.21621	0.691458	-0.179292	0.665578	0.43376	-0.185584	-0.462538	0.750646	0.322014	-0.344819	-0.56573	0.676281	0.0396805	0.255091	0.419037	0.870495	0.710206	-0.189025	0.414667	0.53659	0.558119	0.352335	-0.545914	0.516082	0.247888	0.658478	-0.180779	0.687224	-0.414638	0.666732	0.270419	0.557151	-0.112051	0.795021	0.0587138	0.593245
0.106338	0.719606	-0.143436	0.671033	0.21621	0.691458	-0.179292	0.665578	0.43376	-0.185584	-0.462538	0.750646	0.322014	-0.344819	-0.56573	0.676281	0.0396805	0.255091	0.419037	0.870495	0.710206	-0.189025	0.414667	0.53659	0.558119	0.352335	-0.545914	0.516082	0.247888	0.658478	-0.180779	0.687224	-0.414451	0.667542	0.270171	0.55644	-0.112051	0.795021	0.0587138	0.593245
0.106967	0.719259	-0.145308	0.670902	0.218079	0.690682	-0.18053	0.665439	0.434105	-0.187205	-0.461064	0.750951	0.321928	-0.346241	-0.563755	0.677244	0.0425359	0.257077	0.419048	0.869771	0.711292	-0.188245	0.416228	0.534212	0.560534	0.351625	-0.547	0.512789	0.24938	0.656724	-0.180261	0.688498	-0.41337	0.668793	0.268322	0.556637	-0.108289	0.796421	0.0564702	0.592282
0.106974	0.7192	-0.145903	0.670835	0.218871	0.690284	-0.181017	0.66546	0.434142	-0.187688	-0.460034	0.751441	0.321658	-0.346728	-0.562578	0.678102	0.0436005	0.257643	0.419043	0.869553	0.711823	-0.187799	0.416676	0.53331	0.561608	0.351619	-0.547291	0.511306	0.250185	0.65581	-0.180043	0.689133	-0.41247	0.669621	0.267782	0.55657	-0.106831	0.796896	0.0556182	0.591988
0.107206	0.719097	-0.146611	0.670755	0.21944	0.690069	-0.18142	0.665386	0.434137	-0.187829	-0.459056	0.752006	0.321247	-0.347275	-0.561744	0.678707	0.0444238	0.258015	0.418856	0.869491	0.712296	-0.187423	0.416943	0.532603	0.562691	0.351437	-0.547841	0.509649	0.250737	0.655046	-0.17966	0.689759	-0.412105	0.670267	0.267395	0.556247	-0.106485	0.797039	0.055523	0.591868
0.107911	0.718546	-0.147659	0.671003	0.220166	0.689547	-0.182008	0.665527	0.43408	-0.188372	-0.458505	0.75224	0.320838	-0.347913	-0.560812	0.679345	0.0455464	0.258426	0.41858	0.869444	0.713143	-0.186609	0.416982	0.531723	0.564054	0.35205	-0.548641	0.50685	0.251567	0.653548	-0.178698	0.691127	-0.412124	0.670762	0.266638	0.556	-0.104755	0.797698	0.0543451	0.591398
0.107757	0.71852	-0.1474	0.671111	0.220308	0.689255	-0.182096	0.665757	0.433992	-0.188635	-0.458592	0.752171	0.320915	-0.348093	-0.560982	0.679076	0.0461199	0.258318	0.418426	0.86952	0.71345	-0.186556	0.41681	0.531465	0.565251	0.352759	-0.548615	0.505048	0.251666	0.652559	-0.177523	0.692326	-0.411741	0.671075	0.266264	0.556086	-0.103581	0.798048	0.053399	0.591218
0.108292	0.718288	-0.147806	0.671185	0.219989	0.688992	-0.182168	0.666116	0.434292	-0.188541	-0.458879	0.751846	0.321395	-0.347755	-0.56138	0.678693	0.0466919	0.257711	0.418482	0.869642	0.71404	-0.186941	0.416085	0.531105	0.56584	0.352655	-0.549081	0.503953	0.252325	0.652015	-0.177965	0.692485	-0.411593	0.671854	0.265968	0.555395	-0.103512	0.798065	0.0531965	0.591226
0.108292	0.718288	-0.147806	0.671185	0.219839	0.688793	-0.18222	0.666356	0.434613	-0.188285	-0.458953	0.751679	0.321579	-0.347518	-0.56162	0.678529	0.0467254	0.257348	0.418338	0.869817	0.714167	-0.187031	0.415751	0.531165	0.56584	0.352655	-0.549081	0.503953	0.252325	0.652015	-0.177965	0.692485	-0.411464	0.672018	0.265575	0.555481	-0.103512	0.798065	0.0531965	0.591226
0.109404	0.717955	-0.148412	0.671226	0.219492	0.688925	-0.18236	0.666296	0.435136	-0.188366	-0.460069	0.750674	0.320925	-0.347696	-0.562173	0.678289	0.0461989	0.25664	0.418296	0.870074	0.714089	-0.187067	0.415092	0.531772	0.566856	0.351906	-0.549502	0.502876	0.252657	0.651287	-0.177907	0.693065	-0.41062	0.672798	0.264703	0.555578	-0.101632	0.798464	0.0516023	0.591155
0.109755	0.716998	-0.148203	0.672238	0.218969	0.689328	-0.181982	0.666155	0.436113	-0.187882	-0.460142	0.750183	0.31865	-0.348193	-0.561288	0.679838	0.045013	0.257046	0.417968	0.870175	0.713452	-0.186168	0.415321	0.532762	0.567191	0.351508	-0.549874	0.50237	0.253345	0.650861	-0.178693	0.693012	-0.410314	0.673155	0.264341	0.555543	-0.100804	0.798776	0.0508807	0.590937
0.109943	0.717009	-0.14808	0.672223	0.219023	0.689294	-0.181868	0.666203	0.436882	-0.187452	-0.459911	0.749985	0.317663	-0.348443	-0.561136	0.680297	0.0450255	0.257281	0.418007	0.870086	0.713293	-0.18596	0.415544	0.532875	0.567259	0.35137	-0.550062	0.502183	0.253671	0.650613	-0.179013	0.693043	-0.410176	0.673034	0.264108	0.555903	-0.100777	0.798834	0.0507848	0.590872
0.110626	0.716456	-0.148471	0.672614	0.219397	0.689095	-0.181654	0.666345	0.437248	-0.186999	-0.459717	0.750004	0.316735	-0.348702	-0.560717	0.680942	0.045128	0.257607	0.418164	0.869909	0.713131	-0.185896	0.415972	0.53278	0.567596	0.351035	-0.550626	0.501418	0.254771	0.650011	-0.180173	0.692903	-0.40977	0.673222	0.263788	0.556127	-0.100881	0.798972	0.0507529	0.59067
0.110874	0.716181	-0.148599	0.672838	0.219664	0.688904	-0.181712	0.666438	0.438075	-0.185934	-0.460477	0.74932	0.313035	-0.35037	-0.560413	0.682046	0.045649	0.258414	0.418347	0.869554	0.713102	-0.185628	0.416787	0.532275	0.567481	0.350869	-0.550804	0.501469	0.255689	0.64946	-0.181087	0.692843	-0.409388	0.673004	0.263486	0.556815	-0.100739	0.79916	0.0506468	0.590449
0.111635	0.715762	-0.14878	0.673117	0.219812	0.688505	-0.181751	0.666791	0.441402	-0.183746	-0.460807	0.747702	0.305696	-0.353538	-0.556148	0.687212	0.0466685	0.258991	0.418551	0.86923	0.713375	-0.185543	0.417328	0.531515	0.567974	0.349862	-0.551544	0.500801	0.255987	0.64922	-0.181382	0.692882	-0.408654	0.67332	0.263057	0.557175	-0.10083	0.799217	0.050532	0.590366
0.112528	0.715333	-0.149244	0.673322	0.219934	0.687632	-0.182244	0.667517	0.450412	-0.175583	-0.458677	0.745597	0.287293	-0.359343	-0.546818	0.699518	0.0476828	0.259808	0.418573	0.86892	0.713891	-0.185052	0.417878	0.53056	0.56805	0.349441	-0.552373	0.500094	0.256844	0.648711	-0.182424	0.692768	-0.40798	0.673565	0.26249	0.557638	-0.100288	0.799423	0.0501254	0.590214
0.113064	0.715395	-0.14939	0.673134	0.219105	0.686548	-0.184139	0.668384	0.463912	-0.164546	-0.461203	0.738243	0.254964	-0.369452	-0.531256	0.718517	0.0487005	0.260464	0.417989	0.868949	0.714388	-0.184318	0.418109	0.529964	0.568025	0.348915	-0.552733	0.500092	0.257436	0.648394	-0.183183	0.692644	-0.407727	0.673545	0.262422	0.557881	-0.10038	0.799443	0.0501729	0.590167
0.113064	0.715395	-0.14939	0.673134	0.219105	0.686548	-0.184139	0.668384	0.463912	-0.164546	-0.461203	0.738243	0.254964	-0.369452	-0.531256	0.718517	0.0487005	0.260464	0.417989	0.868949	0.714388	-0.184318	0.418109	0.529964	0.568025	0.348915	-0.552733	0.500092	0.257436	0.648394	-0.183183	0.692644	-0.407727	0.673545	0.262422	0.557881	-0.10038	0.799443	0.0501729	0.590167
0.113896	0.715238	-0.150198	0.672981	0.217061	0.685675	-0.186275	0.669355	0.47164	-0.158203	-0.466419	0.731424	0.20857	-0.384465	-0.510321	0.740444	0.0494054	0.261405	0.417181	0.869014	0.714559	-0.183154	0.418525	0.529808	0.568224	0.347996	-0.553473	0.499687	0.257881	0.648321	-0.183643	0.692425	-0.407727	0.673545	0.262422	0.557881	-0.101626	0.799232	0.05097	0.590172
0.114562	0.714902	-0.150769	0.673097	0.21602	0.685336	-0.187038	0.669826	0.487031	-0.143365	-0.488002	0.710001	0.179153	-0.395928	-0.498918	0.749817	0.0498633	0.261784	0.416786	0.869064	0.714549	-0.182674	0.418709	0.529843	0.56845	0.347345	-0.553955	0.49935	0.258132	0.648238	-0.184063	0.692297	-0.407727	0.673545	0.262422	0.557881	-0.102153	0.799186	0.0513805	0.590107
0.113774	0.715308	-0.151144	0.672715	0.212168	0.685196	-0.187521	0.671064	0.501646	-0.124708	-0.518428	0.681198	0.11132	-0.418816	-0.472852	0.767211	0.0497785	0.262066	0.416598	0.869074	0.713923	-0.182318	0.418902	0.530655	0.568423	0.347516	-0.553728	0.499513	0.258138	0.648222	-0.183922	0.692348	-0.407727	0.673545	0.262422	0.557881	-0.104692	0.798801	0.0532983	0.590013
0.112992	0.715822	-0.151229	0.672281	0.210435	0.684906	-0.187677	0.671862	0.508119	-0.110503	-0.533375	0.667169	0.0743366	-0.430359	-0.460514	0.772782	0.0495023	0.262406	0.416539	0.869015	0.713665	-0.182068	0.419182	0.530867	0.568335	0.347851	-0.553659	0.499457	0.258282	0.648276	-0.183949	0.692237	-0.407727	0.673545	0.262422	0.557881	-0.106125	0.798648	0.0543953	0.589864
0.111052	0.717166	-0.151263	0.671163	0.206004	0.684836	-0.188071	0.673195	0.520994	-0.0748587	-0.559213	0.640501	0.00204728	-0.443504	-0.433045	0.784711	0.0480094	0.262725	0.41654	0.869002	0.712816	-0.182097	0.419662	0.531618	0.567793	0.348903	-0.552655	0.500451	0.257854	0.64876	-0.183422	0.692082	-0.408583	0.672476	0.26254	0.558488	-0.109564	0.798148	0.0569846	0.589668
0.109575	0.718195	-0.150993	0.670365	0.204041	0.68475	-0.188507	0.673758	0.530361	-0.0617212	-0.569149	0.625282	-0.0366053	-0.439566	-0.426173	0.789822	0.0474424	0.263064	0.416232	0.869079	0.712663	-0.181852	0.419851	0.531758	0.567722	0.349108	-0.552327	0.50075	0.257624	0.649013	-0.183134	0.692007	-0.409354	0.672148	0.263369	0.557927	-0.109564	0.798148	0.0569846	0.589668
0.108418	0.719255	-0.151131	0.669386	0.203006	0.684227	-0.188772	0.674528	0.541359	-0.0500187	-0.575109	0.611292	-0.0720068	-0.430853	-0.427014	0.791732	0.0473737	0.263427	0.416206	0.868985	0.712431	-0.181667	0.42024	0.531825	0.567503	0.349535	-0.551999	0.501061	0.257631	0.649234	-0.183087	0.69181	-0.410142	0.671767	0.263843	0.557584	-0.113333	0.797247	0.0598337	0.589892
0.106985	0.720983	-0.151501	0.667671	0.201585	0.683236	-0.191316	0.675241	0.551781	-0.0327155	-0.579459	0.598911	-0.129236	-0.39675	-0.449074	0.790076	0.0485139	0.26483	0.41599	0.868599	0.71251	-0.180866	0.421509	0.530987	0.566641	0.35018	-0.551214	0.502449	0.257201	0.650004	-0.182794	0.691324	-0.410693	0.671161	0.264415	0.557637	-0.115105	0.796912	0.0615401	0.589826
0.108319	0.721071	-0.152377	0.667161	0.201833	0.682541	-0.193864	0.675143	0.552118	-0.0262127	-0.581384	0.597052	-0.146087	-0.370245	-0.476125	0.784144	0.0499696	0.266076	0.415064	0.868578	0.713279	-0.179789	0.42215	0.529809	0.566554	0.348711	-0.551584	0.503162	0.257129	0.650325	-0.182435	0.691144	-0.410693	0.671161	0.264415	0.557637	-0.116439	0.796374	0.0630431	0.590133
0.110359	0.720315	-0.153338	0.667424	0.204441	0.681131	-0.199815	0.674046	0.547844	-0.0143147	-0.58249	0.600307	-0.14249	-0.365511	-0.483777	0.782341	0.0556728	0.268623	0.412243	0.868791	0.716552	-0.176433	0.422994	0.525833	0.567046	0.347415	-0.552298	0.502721	0.257672	0.649965	-0.182757	0.691195	-0.409612	0.67291	0.264015	0.556512	-0.116278	0.796422	0.0632561	0.590076
0.112746	0.720495	-0.154657	0.666526	0.20604	0.681036	-0.200863	0.673343	0.547839	-0.016805	-0.582857	0.59989	-0.136852	-0.367054	-0.483465	0.782818	0.0616759	0.269566	0.409986	0.869161	0.719923	-0.174363	0.422646	0.522186	0.568375	0.345274	-0.553794	0.501047	0.259722	0.648346	-0.183986	0.691623	-0.408328	0.673714	0.262828	0.557045	-0.113794	0.796957	0.0621354	0.589958
0.113162	0.720457	-0.156209	0.666134	0.207456	0.681294	-0.199898	0.672934	0.547422	-0.0231004	-0.581195	0.601671	-0.14169	-0.369921	-0.47616	0.785082	0.0628703	0.269851	0.409691	0.869126	0.721565	-0.173429	0.422464	0.520376	0.569546	0.344904	-0.554154	0.499572	0.261476	0.646589	-0.183943	0.692616	-0.406989	0.674565	0.262198	0.557292	-0.112207	0.797453	0.061802	0.589626
0.112441	0.720194	-0.156689	0.666427	0.209031	0.681033	-0.199115	0.672944	0.546758	-0.0258113	-0.580236	0.603089	-0.145319	-0.370982	-0.471284	0.786858	0.0614789	0.270774	0.411089	0.868279	0.720818	-0.173582	0.423757	0.520308	0.56979	0.346512	-0.554051	0.498294	0.262428	0.645038	-0.183173	0.693906	-0.406989	0.674565	0.262198	0.557292	-0.110899	0.797856	0.0613026	0.589381
0.112256	0.720008	-0.156767	0.666641	0.209153	0.680815	-0.198537	0.673297	0.545767	-0.0276244	-0.578357	0.605705	-0.145801	-0.370373	-0.470769	0.787364	0.0614789	0.270774	0.411089	0.868279	0.719819	-0.174009	0.424809	0.520691	0.570101	0.346829	-0.554159	0.497596	0.262947	0.644397	-0.183208	0.694296	-0.407229	0.674132	0.262893	0.557313	-0.110617	0.798007	0.0611581	0.589244
0.112898	0.719576	-0.156793	0.666993	0.2084	0.681037	-0.197643	0.673569	0.545954	-0.0259652	-0.577358	0.606563	-0.145487	-0.369177	-0.471381	0.787618	0.0598113	0.272048	0.413215	0.866987	0.718146	-0.174929	0.426141	0.521603	0.571184	0.346161	-0.555088	0.49578	0.263073	0.643968	-0.183052	0.694687	-0.406362	0.674564	0.262343	0.557682	-0.10974	0.798431	0.0603067	0.588921
0.11344	0.719382	-0.156986	0.667066	0.2084	0.681037	-0.197643	0.673569	0.545954	-0.0259652	-0.577358	0.606563	-0.145487	-0.369177	-0.471381	0.787618	0.0598113	0.272048	0.413215	0.866987	0.718146	-0.174929	0.426141	0.521603	0.571557	0.345814	-0.555387	0.495258	0.26289	0.643862	-0.182959	0.694879	-0.406362	0.674564	0.262343	0.557682	-0.10974	0.798431	0.0603067	0.588921
0.11344	0.719382	-0.156986	0.667066	0.207936	0.681126	-0.197515	0.67366	0.546251	-0.0249646	-0.57768	0.60603	-0.145368	-0.368821	-0.472525	0.787121	0.059059	0.271817	0.413358	0.867043	0.717923	-0.175169	0.425946	0.521989	0.571557	0.345814	-0.555387	0.495258	0.26289	0.643862	-0.182959	0.694879	-0.405526	0.675171	0.261392	0.558003	-0.108782	0.798722	0.0594027	0.588796
0.114436	0.719422	-0.157523	0.666726	0.207183	0.681153	-0.197524	0.673862	0.547099	-0.022747	-0.578033	0.605015	-0.144393	-0.368717	-0.474342	0.786256	0.0579409	0.270764	0.413195	0.867525	0.718238	-0.175047	0.424798	0.522532	0.571998	0.345188	-0.55615	0.494329	0.262753	0.643655	-0.18315	0.695072	-0.405207	0.675411	0.261091	0.558084	-0.106039	0.799302	0.0572087	0.588727
0.115541	0.719867	-0.158375	0.665852	0.20703	0.681082	-0.197497	0.673989	0.547771	-0.0220571	-0.577967	0.604495	-0.143473	-0.369	-0.474537	0.786174	0.0577203	0.270275	0.413059	0.867757	0.718346	-0.174976	0.424255	0.522849	0.572441	0.34498	-0.556809	0.493218	0.262484	0.643445	-0.183267	0.695337	-0.405207	0.675411	0.261091	0.558084	-0.102117	0.800022	0.0542199	0.588725
0.116312	0.719799	-0.158771	0.665697	0.207335	0.68132	-0.197929	0.673528	0.549316	-0.0216853	-0.577467	0.603585	-0.141914	-0.369337	-0.47464	0.786236	0.0579143	0.269818	0.413082	0.867875	0.718384	-0.175222	0.423999	0.522921	0.572441	0.34498	-0.556809	0.493218	0.262484	0.643445	-0.183267	0.695337	-0.405207	0.675411	0.261091	0.558084	-0.100038	0.800402	0.0524961	0.588722
0.11779	0.719802	-0.15996	0.665149	0.208442	0.681381	-0.198567	0.672936	0.550833	-0.0215913	-0.576282	0.603337	-0.140445	-0.369329	-0.473832	0.786991	0.0584197	0.270664	0.413563	0.867348	0.718317	-0.175443	0.42486	0.52224	0.573662	0.34354	-0.55867	0.490694	0.263046	0.642656	-0.184393	0.695557	-0.405207	0.675411	0.261091	0.558084	-0.0972605	0.801084	0.0501411	0.588465
0.11996	0.719761	-0.161808	0.664359	0.210004	0.681827	-0.199493	0.671723	0.552608	-0.0216698	-0.575167	0.602776	-0.139409	-0.369172	-0.473106	0.787685	0.0592254	0.272486	0.413869	0.866577	0.718561	-0.174989	0.426399	0.5208	0.57437	0.342044	-0.559623	0.489823	0.26298	0.642564	-0.184831	0.695551	-0.400139	0.67937	0.255547	0.5595	-0.0966909	0.801338	0.0494598	0.58827
0.121858	0.719483	-0.163299	0.66395	0.211894	0.682216	-0.200153	0.670537	0.554721	-0.0210004	-0.573965	0.602004	-0.137176	-0.368855	-0.472643	0.788503	0.060451	0.274994	0.414142	0.86557	0.71888	-0.173959	0.428558	0.51893	0.57488	0.34118	-0.560577	0.488736	0.263339	0.642245	-0.185701	0.695478	-0.39984	0.6796	0.254843	0.559756	-0.0958132	0.801949	0.0477242	0.587724
0.123461	0.719663	-0.16471	0.663108	0.212867	0.682167	-0.200416	0.670201	0.555767	-0.0208098	-0.573469	0.601518	-0.134499	-0.369562	-0.471698	0.789199	0.061158	0.276292	0.414227	0.865065	0.719044	-0.173408	0.429688	0.517952	0.575264	0.340192	-0.561665	0.487722	0.26375	0.641947	-0.186807	0.695301	-0.39879	0.680097	0.25328	0.560611	-0.0960743	0.802088	0.0472952	0.587526
0.124411	0.719899	-0.165568	0.662462	0.214543	0.681918	-0.200608	0.669862	0.557511	-0.0205571	-0.572721	0.600625	-0.133312	-0.370188	-0.470948	0.789554	0.0629437	0.278327	0.414529	0.86414	0.71939	-0.172767	0.43152	0.516159	0.575629	0.339484	-0.562258	0.487101	0.263879	0.641793	-0.187149	0.695302	-0.398304	0.680573	0.252014	0.560949	-0.0965078	0.802092	0.047232	0.587455
0.125796	0.720049	-0.166684	0.661757	0.215152	0.68183	-0.200909	0.669666	0.558425	-0.0202742	-0.572255	0.600229	-0.130229	-0.371045	-0.469965	0.790252	0.0635571	0.279147	0.414619	0.863787	0.719661	-0.17248	0.43222	0.515291	0.576585	0.338196	-0.563366	0.485585	0.264061	0.641436	-0.187599	0.695441	-0.398304	0.680573	0.252014	0.560949	-0.0967804	0.802272	0.0466765	0.587209
0.126147	0.719908	-0.166942	0.661778	0.216021	0.681462	-0.201586	0.669558	0.55988	-0.020187	-0.571418	0.599673	-0.129086	-0.371295	-0.469409	0.790653	0.064526	0.280147	0.41452	0.863439	0.720258	-0.172018	0.432954	0.513993	0.576931	0.337875	-0.563586	0.485141	0.264097	0.641265	-0.187808	0.695529	-0.397134	0.68119	0.249816	0.562012	-0.0974077	0.802232	0.0468518	0.587146
0.126209	0.719707	-0.166877	0.662001	0.216181	0.681753	-0.201862	0.669127	0.560409	-0.0200466	-0.571	0.599583	-0.127683	-0.371453	-0.468548	0.791317	0.0647654	0.28022	0.414572	0.863373	0.720436	-0.172039	0.432992	0.513704	0.577291	0.337609	-0.563824	0.484622	0.264217	0.641175	-0.188168	0.695469	-0.397134	0.68119	0.249816	0.562012	-0.098811	0.802095	0.047378	0.587056
0.126196	0.719606	-0.166643	0.662172	0.216459	0.682196	-0.202021	0.668536	0.561337	-0.0200246	-0.570302	0.599379	-0.127021	-0.371463	-0.468303	0.791563	0.0649802	0.28062	0.414769	0.863132	0.720623	-0.172126	0.433394	0.513073	0.577344	0.337496	-0.563987	0.484447	0.264085	0.641264	-0.188148	0.695442	-0.39767	0.68073	0.249293	0.562422	-0.0995732	0.802023	0.0477467	0.586996
0.125143	0.719902	-0.165732	0.662279	0.216288	0.682435	-0.201767	0.668425	0.561588	-0.0199832	-0.570115	0.599323	-0.126627	-0.371481	-0.468161	0.791702	0.0648694	0.280878	0.414838	0.863023	0.720526	-0.172143	0.433656	0.512984	0.577106	0.337963	-0.563698	0.484741	0.263526	0.64169	-0.187865	0.695338	-0.39767	0.68073	0.249293	0.562422	-0.100227	0.801948	0.0481136	0.586958
0.124585	0.720052	-0.165306	0.662327	0.215677	0.682946	-0.201667	0.66813	0.561368	-0.0194154	-0.570319	0.599353	-0.126568	-0.371839	-0.468174	0.791536	0.0643173	0.280989	0.41505	0.862926	0.720071	-0.17215	0.433903	0.51341	0.576802	0.33845	-0.563429	0.485076	0.263166	0.641979	-0.187609	0.695277	-0.398361	0.680159	0.249824	0.562388	-0.10243	0.801419	0.0494733	0.587186
0.124104	0.72001	-0.164783	0.662594	0.215317	0.682933	-0.201488	0.668314	0.561086	-0.0191723	-0.570508	0.599446	-0.126416	-0.372004	-0.468395	0.791352	0.0639867	0.280745	0.415055	0.863028	0.719956	-0.172087	0.433761	0.513713	0.576292	0.339729	-0.562613	0.485734	0.262389	0.642516	-0.186783	0.695296	-0.399781	0.679384	0.25057	0.561985	-0.103474	0.8012	0.0501118	0.587248
0.1213	0.720561	-0.162453	0.663089	0.213315	0.683745	-0.20061	0.66839	0.560678	-0.0179814	-0.570982	0.599413	-0.126895	-0.372058	-0.469249	0.790744	0.0632866	0.279225	0.415634	0.863294	0.720232	-0.173609	0.432489	0.513886	0.575359	0.341616	-0.561135	0.487225	0.261694	0.643274	-0.186181	0.695019	-0.401478	0.678121	0.252408	0.561478	-0.105635	0.800524	0.051775	0.587642
0.1213	0.720561	-0.162453	0.663089	0.211993	0.683824	-0.200085	0.668887	0.560057	-0.016977	-0.571662	0.599375	-0.126181	-0.372614	-0.469993	0.790154	0.0626072	0.277645	0.416233	0.863564	0.721608	-0.174627	0.430836	0.512998	0.575359	0.341616	-0.561135	0.487225	0.261422	0.643549	-0.185896	0.694944	-0.402772	0.677192	0.253418	0.561217	-0.1066	0.800228	0.0525712	0.587799
0.119399	0.720881	-0.160988	0.663443	0.21116	0.684067	-0.199695	0.669019	0.560011	-0.0166253	-0.571967	0.599137	-0.125682	-0.372927	-0.470266	0.789924	0.0621028	0.276434	0.416595	0.863815	0.722706	-0.175723	0.429541	0.512164	0.574634	0.343132	-0.559973	0.488351	0.260889	0.643839	-0.18514	0.695077	-0.403071	0.676972	0.253777	0.561106	-0.106941	0.800091	0.0528956	0.587894
0.118753	0.720816	-0.160561	0.663734	0.209563	0.684341	-0.198777	0.669513	0.559735	-0.0152107	-0.572409	0.59901	-0.125127	-0.373459	-0.4708	0.789442	0.0607468	0.274041	0.417378	0.864295	0.724383	-0.177605	0.427072	0.51121	0.574582	0.343633	-0.559589	0.4885	0.260862	0.643897	-0.185027	0.695063	-0.404081	0.676463	0.254682	0.560582	-0.107659	0.799863	0.053495	0.58802
