FULLBODY	1																																						
Frames:	156																																						
0.425597	0.562618	-0.440763	0.555028	0.449212	0.547303	-0.435982	0.555507	0.723634	0.207903	-0.594145	0.28306	0.696531	0.0565139	-0.675457	0.235389	-0.00184035	0.651392	0.0775908	0.754761	0.0670249	0.639182	0.193311	0.74134	0.704012	0.132928	-0.688879	0.110193	0.4403	0.589755	-0.468283	0.488913	0.0546879	0.735499	-0.112937	0.665804	0.389517	0.634279	-0.45026	0.493186
0.418153	0.569916	-0.446951	0.54825	0.446747	0.548896	-0.435395	0.556383	0.721527	0.213801	-0.593925	0.284502	0.695241	0.062515	-0.676033	0.236031	-0.00518784	0.652054	0.0753504	0.754401	0.0637471	0.640252	0.191813	0.741095	0.702839	0.129064	-0.690716	0.110776	0.443297	0.5863	-0.464959	0.493511	0.0522502	0.731889	-0.103922	0.671422	0.384232	0.636344	-0.440534	0.503351
0.418321	0.569692	-0.446838	0.548447	0.446676	0.548953	-0.434958	0.556724	0.721569	0.213778	-0.593917	0.284427	0.695149	0.0626439	-0.676062	0.236184	-0.00558702	0.651967	0.0758281	0.754426	0.0636434	0.640041	0.192313	0.741156	0.70285	0.129252	-0.690622	0.111074	0.443052	0.586444	-0.46498	0.493541	0.0521472	0.731892	-0.103893	0.671432	0.384236	0.636383	-0.440613	0.503229
0.419036	0.568838	-0.445891	0.549558	0.445778	0.550269	-0.435197	0.555958	0.72132	0.214247	-0.593821	0.284909	0.694927	0.0634591	-0.676103	0.236503	-0.00562202	0.651715	0.0759121	0.754635	0.0636571	0.63988	0.192406	0.74127	0.702681	0.129765	-0.690629	0.111501	0.443015	0.586455	-0.465002	0.49354	0.0523621	0.731806	-0.104262	0.671452	0.384055	0.636526	-0.440663	0.503142
0.419252	0.568382	-0.444839	0.550715	0.445374	0.550739	-0.435579	0.555516	0.721167	0.214784	-0.593619	0.285311	0.69474	0.0645033	-0.675942	0.237228	-0.00545581	0.651591	0.0754832	0.754786	0.0637679	0.639754	0.192085	0.741453	0.702396	0.129973	-0.690833	0.111789	0.442769	0.586577	-0.465174	0.493454	0.0525388	0.731739	-0.104317	0.671502	0.383963	0.63664	-0.440959	0.50281
0.419361	0.568373	-0.444867	0.55062	0.444499	0.551737	-0.435901	0.554975	0.721117	0.215204	-0.593451	0.28547	0.69465	0.0648736	-0.675908	0.237488	-0.00572352	0.651523	0.0753175	0.754859	0.0635835	0.639667	0.192057	0.74155	0.702327	0.129768	-0.690917	0.111937	0.442544	0.586651	-0.465328	0.493422	0.0529332	0.731762	-0.104585	0.671405	0.383825	0.636759	-0.441073	0.502663
0.419361	0.568373	-0.444867	0.55062	0.444499	0.551737	-0.435901	0.554975	0.721117	0.215204	-0.593451	0.28547	0.69465	0.0648736	-0.675908	0.237488	-0.00572352	0.651523	0.0753175	0.754859	0.0635835	0.639667	0.192057	0.74155	0.702327	0.129768	-0.690917	0.111937	0.442544	0.586651	-0.465328	0.493422	0.0529332	0.731762	-0.104585	0.671405	0.383825	0.636759	-0.441073	0.502663
0.419207	0.568744	-0.444843	0.550373	0.443916	0.552554	-0.436492	0.554164	0.721042	0.216453	-0.593018	0.285614	0.6946	0.0656027	-0.675772	0.237822	-0.00698924	0.651357	0.0747706	0.755046	0.0625756	0.639456	0.191936	0.741849	0.702164	0.130074	-0.690891	0.112763	0.442288	0.586617	-0.465589	0.493445	0.0539448	0.731679	-0.104788	0.671383	0.383609	0.636967	-0.441454	0.502231
0.419516	0.56881	-0.444918	0.550009	0.443035	0.553665	-0.43717	0.553225	0.720956	0.217906	-0.59271	0.285368	0.694541	0.0668527	-0.67575	0.237708	-0.00809572	0.651435	0.0740579	0.755038	0.0614225	0.639756	0.191522	0.741795	0.701899	0.130177	-0.691119	0.112902	0.441877	0.58674	-0.465638	0.493621	0.0539766	0.731495	-0.104494	0.671626	0.38348	0.636956	-0.441737	0.502095
0.419509	0.569262	-0.44451	0.549877	0.44254	0.554505	-0.437179	0.552772	0.720845	0.219312	-0.592524	0.284957	0.694623	0.0682557	-0.675795	0.236942	-0.0096632	0.651685	0.0735584	0.754852	0.0596384	0.640341	0.191358	0.741477	0.701761	0.130308	-0.691268	0.112689	0.441405	0.586862	-0.46546	0.494067	0.0524609	0.731255	-0.10358	0.67215	0.383025	0.636941	-0.441555	0.50262
0.419179	0.569763	-0.444467	0.549644	0.442362	0.554967	-0.43703	0.552569	0.720829	0.21983	-0.592537	0.28457	0.694742	0.0687609	-0.67584	0.236318	-0.0103436	0.651872	0.0732855	0.754709	0.0587358	0.640575	0.191111	0.741411	0.701625	0.13083	-0.691318	0.112628	0.441133	0.586896	-0.465376	0.494349	0.0522505	0.730934	-0.103507	0.672526	0.383072	0.636782	-0.441715	0.502645
0.419179	0.569763	-0.444467	0.549644	0.442044	0.555533	-0.437068	0.552225	0.720805	0.220402	-0.592528	0.284206	0.694879	0.0692943	-0.675825	0.235801	-0.0110198	0.652055	0.0729967	0.754569	0.0577998	0.64081	0.190862	0.741345	0.701625	0.13083	-0.691318	0.112628	0.441133	0.586896	-0.465376	0.494349	0.0518904	0.730798	-0.103387	0.672721	0.382997	0.636648	-0.441659	0.502922
0.418979	0.569978	-0.444485	0.549559	0.441797	0.5559	-0.437079	0.552044	0.720814	0.221016	-0.592446	0.283879	0.694983	0.0698612	-0.675795	0.235411	-0.0119445	0.652225	0.0728969	0.754417	0.0568143	0.641045	0.190814	0.741231	0.701534	0.130921	-0.691408	0.112536	0.44085	0.586983	-0.465285	0.494583	0.0513038	0.730934	-0.103365	0.672621	0.382721	0.636604	-0.441315	0.503488
0.418336	0.570679	-0.444385	0.549402	0.441362	0.556634	-0.437158	0.55159	0.720933	0.222158	-0.592175	0.283251	0.69508	0.0709386	-0.67579	0.234819	-0.0140832	0.652504	0.0726258	0.754165	0.0548467	0.641497	0.19107	0.740922	0.701253	0.131342	-0.691594	0.112653	0.440326	0.587113	-0.465191	0.494983	0.0511214	0.730881	-0.10379	0.672628	0.382489	0.636516	-0.441298	0.503791
0.416425	0.572654	-0.443385	0.549607	0.440953	0.557389	-0.436845	0.551402	0.721157	0.223394	-0.591666	0.28277	0.695258	0.0718754	-0.675575	0.234624	-0.0155053	0.65208	0.0714737	0.754614	0.0532265	0.641592	0.191478	0.740853	0.701312	0.13108	-0.691618	0.112444	0.439655	0.587339	-0.464903	0.495582	0.0523663	0.730199	-0.10291	0.673407	0.382314	0.637142	-0.442192	0.502347
0.415389	0.573988	-0.442869	0.549414	0.440867	0.557741	-0.436471	0.551411	0.721432	0.223856	-0.591242	0.28259	0.695275	0.0722657	-0.675454	0.234803	-0.0168962	0.651592	0.0724123	0.754916	0.0524083	0.641332	0.192113	0.740971	0.701466	0.130837	-0.691471	0.112672	0.438958	0.587699	-0.464598	0.49606	0.0525605	0.729995	-0.101053	0.673894	0.381092	0.638769	-0.442278	0.501131
0.41431	0.575471	-0.442476	0.548996	0.441042	0.558123	-0.43603	0.551234	0.721912	0.224367	-0.590518	0.282472	0.695036	0.0726066	-0.675427	0.235481	-0.0172153	0.650373	0.0722005	0.75598	0.0521606	0.640524	0.192657	0.741547	0.701873	0.130057	-0.691162	0.11293	0.438326	0.587895	-0.464755	0.496238	0.0550544	0.728275	-0.099388	0.6758	0.380162	0.640792	-0.443864	0.497843
0.412438	0.577681	-0.441521	0.548852	0.441126	0.559068	-0.435755	0.550426	0.722602	0.225161	-0.589375	0.282465	0.694449	0.0727529	-0.675513	0.236919	-0.0165736	0.648524	0.0710422	0.757691	0.0525751	0.638972	0.192944	0.742781	0.702703	0.128209	-0.690665	0.112926	0.437761	0.588062	-0.465263	0.496063	0.0575817	0.725053	-0.0940791	0.679803	0.384217	0.640471	-0.451293	0.488374
0.409438	0.582307	-0.439715	0.547659	0.441057	0.561814	-0.435888	0.547573	0.724742	0.227007	-0.586108	0.282301	0.692351	0.0706525	-0.675744	0.242959	-0.0125766	0.643074	0.0686445	0.762617	0.0564358	0.6336	0.191314	0.747506	0.704074	0.121819	-0.690667	0.111441	0.435353	0.589486	-0.465505	0.496266	0.0677506	0.718238	-0.08338	0.687453	0.40421	0.632253	-0.476116	0.458458
0.409391	0.584013	-0.43969	0.545894	0.440856	0.563538	-0.436354	0.545587	0.726326	0.227538	-0.584111	0.281943	0.690864	0.066948	-0.676645	0.245717	-0.0100383	0.639148	0.0682535	0.765983	0.0607178	0.629767	0.19061	0.750583	0.706987	0.115597	-0.688906	0.110522	0.433892	0.590758	-0.465305	0.496219	0.0691645	0.717123	-0.0782594	0.689077	0.412198	0.62911	-0.485775	0.445349
0.409698	0.587127	-0.440487	0.541665	0.44078	0.566926	-0.437948	0.540842	0.730302	0.228145	-0.579707	0.280266	0.687594	0.054593	-0.677526	0.255329	-0.00515891	0.63002	0.0703631	0.773368	0.0699724	0.619545	0.196345	0.756781	0.708133	0.113589	-0.687932	0.111332	0.433712	0.591534	-0.46477	0.495953	0.0772375	0.717087	-0.0765394	0.68845	0.418968	0.627932	-0.494519	0.430834
0.410263	0.588378	-0.440876	0.539559	0.441153	0.568644	-0.439218	0.537695	0.732607	0.228117	-0.577311	0.279215	0.68526	0.044124	-0.678234	0.26167	-0.00213789	0.624778	0.0721	0.777464	0.0765815	0.613478	0.20109	0.759831	0.710379	0.109383	-0.68592	0.113624	0.436256	0.591585	-0.464884	0.49355	0.0825928	0.718148	-0.0778071	0.686577	0.42373	0.625818	-0.498469	0.424657
0.413486	0.589572	-0.443923	0.533261	0.44261	0.571939	-0.441294	0.531265	0.7389	0.22447	-0.573099	0.274222	0.677455	0.0152635	-0.680702	0.278327	0.00673433	0.613783	0.0754383	0.785834	0.09674	0.599135	0.215325	0.765058	0.711783	0.105688	-0.685026	0.113729	0.438499	0.591361	-0.465145	0.491581	0.0907328	0.71917	-0.0794313	0.68429	0.419418	0.631812	-0.488637	0.431434
0.415199	0.590172	-0.446578	0.529032	0.443772	0.573603	-0.442532	0.527458	0.74228	0.221735	-0.570711	0.272292	0.672088	3.45E-05	-0.680887	0.291015	0.0113872	0.608771	0.0790629	0.789314	0.109791	0.591046	0.226633	0.766321	0.716114	0.0951682	-0.682136	0.113201	0.444208	0.590365	-0.4661	0.486724	0.0887376	0.721074	-0.0761919	0.682915	0.415655	0.636206	-0.4817	0.436391
0.417908	0.591745	-0.451548	0.520861	0.446131	0.577988	-0.445493	0.518105	0.748673	0.216984	-0.564909	0.27071	0.657993	-0.0344896	-0.678598	0.324593	0.0231402	0.598939	0.0862172	0.795803	0.144231	0.572241	0.251238	0.767214	0.718014	0.0898304	-0.680685	0.114259	0.446869	0.59016	-0.466233	0.484402	0.0857199	0.725749	-0.0722474	0.678764	0.41861	0.637439	-0.476167	0.437838
0.424198	0.593668	-0.461122	0.504956	0.447613	0.582727	-0.449971	0.507541	0.756516	0.208275	-0.559356	0.267257	0.637539	-0.0754469	-0.673771	0.365903	0.0364739	0.590138	0.0931012	0.801086	0.189072	0.550534	0.280019	0.763383	0.723938	0.0735019	-0.675519	0.1191	0.457229	0.587513	-0.466021	0.478116	0.0947247	0.728487	-0.0771218	0.674081	0.432768	0.632059	-0.473959	0.434253
0.426699	0.594074	-0.463992	0.499715	0.447122	0.588449	-0.456116	0.495749	0.763367	0.199152	-0.553223	0.267495	0.610834	-0.119117	-0.663589	0.415143	0.0522949	0.58234	0.100491	0.805013	0.243069	0.525888	0.309087	0.754205	0.72761	0.0647944	-0.671821	0.122644	0.466411	0.583778	-0.464123	0.475661	0.105629	0.731105	-0.0823549	0.668988	0.437699	0.63042	-0.472875	0.432874
0.429824	0.596745	-0.469735	0.488361	0.446898	0.592861	-0.462775	0.484394	0.771461	0.180054	-0.548155	0.268244	0.578527	-0.162475	-0.648993	0.466602	0.0730433	0.575713	0.107724	0.807227	0.300817	0.498498	0.338436	0.739236	0.730023	0.0598912	-0.669794	0.121886	0.472353	0.580602	-0.463126	0.474655	0.110121	0.733184	-0.0802897	0.666234	0.449221	0.62604	-0.471816	0.428561
0.431679	0.598259	-0.473109	0.481567	0.44664	0.59482	-0.466211	0.478904	0.774562	0.170469	-0.545384	0.271202	0.560435	-0.183742	-0.640433	0.491931	0.0855159	0.571719	0.110683	0.808439	0.330438	0.484011	0.351384	0.730119	0.732258	0.0554404	-0.668013	0.120346	0.479641	0.575914	-0.462512	0.473657	0.112121	0.733511	-0.0788308	0.665714	0.453212	0.624948	-0.469962	0.427989
0.435899	0.600986	-0.47974	0.467608	0.44596	0.598053	-0.472923	0.468824	0.778528	0.15175	-0.53993	0.281678	0.522123	-0.223482	-0.617982	0.543637	0.113544	0.563875	0.114022	0.810032	0.387496	0.453472	0.378489	0.707782	0.736494	0.0446028	-0.665034	0.115395	0.486154	0.573005	-0.456637	0.476237	0.118887	0.733242	-0.0768868	0.665064	0.459505	0.623614	-0.465323	0.428292
0.439679	0.603079	-0.485816	0.454929	0.445926	0.600459	-0.479602	0.458891	0.77983	0.131351	-0.535297	0.296766	0.478333	-0.260468	-0.592744	0.593303	0.142114	0.555954	0.118466	0.810361	0.440712	0.423403	0.405941	0.679496	0.741308	0.0368629	-0.660541	0.113085	0.481179	0.580105	-0.463848	0.465607	0.125976	0.732975	-0.0764272	0.664106	0.464332	0.622906	-0.460656	0.429162
0.440664	0.605859	-0.490252	0.445425	0.44682	0.601963	-0.48496	0.45034	0.780855	0.108391	-0.529468	0.313336	0.433843	-0.290954	-0.563297	0.640173	0.166458	0.548658	0.129108	0.809072	0.490652	0.389901	0.429946	0.649911	0.745348	0.0356748	-0.656832	0.108418	0.473935	0.588651	-0.481528	0.443854	0.130135	0.733331	-0.0766968	0.662879	0.462054	0.626853	-0.45103	0.436043
0.443085	0.606412	-0.494529	0.437471	0.448458	0.602306	-0.488653	0.44422	0.781074	0.0950297	-0.526478	0.322046	0.389296	-0.314834	-0.531584	0.683189	0.186434	0.543059	0.144107	0.805955	0.513298	0.374181	0.442405	0.633082	0.751396	0.0368864	-0.652369	0.0919663	0.467175	0.596756	-0.504147	0.414084	0.131707	0.732818	-0.0767487	0.663129	0.460295	0.630567	-0.443465	0.440286
0.444782	0.606044	-0.497378	0.433007	0.449305	0.602091	-0.490643	0.441454	0.780895	0.0692519	-0.518258	0.341784	0.368033	-0.324629	-0.514634	0.703079	0.196813	0.540967	0.150944	0.803639	0.554208	0.342862	0.465252	0.599033	0.754938	0.0376283	-0.649718	0.0807398	0.462005	0.602362	-0.514258	0.399061	0.13582	0.731914	-0.076845	0.663287	0.460864	0.631353	-0.441878	0.440161
0.444782	0.606044	-0.497378	0.433007	0.449305	0.602091	-0.490643	0.441454	0.780895	0.0692519	-0.518258	0.341784	0.368033	-0.324629	-0.514634	0.703079	0.196813	0.540967	0.150944	0.803639	0.554208	0.342862	0.465252	0.599033	0.754938	0.0376283	-0.649718	0.0807398	0.462005	0.602362	-0.514258	0.399061	0.13582	0.731914	-0.076845	0.663287	0.460864	0.631353	-0.441878	0.440161
0.449237	0.604077	-0.503855	0.423565	0.451127	0.600878	-0.495007	0.436346	0.780582	0.0548265	-0.514124	0.351229	0.325912	-0.340332	-0.483287	0.737827	0.2157	0.534763	0.16292	0.800599	0.572969	0.326728	0.47481	0.582675	0.761361	0.0404634	-0.644613	0.0562609	0.451239	0.612786	-0.534392	0.367833	0.139366	0.731392	-0.0777461	0.663022	0.463178	0.631855	-0.441791	0.437088
0.453208	0.601546	-0.511664	0.413455	0.453459	0.598702	-0.499573	0.431693	0.777872	0.0100878	-0.500736	0.379575	0.287033	-0.35186	-0.453529	0.766889	0.230689	0.529569	0.177697	0.796721	0.620718	0.283595	0.498579	0.534511	0.767101	0.0439087	-0.639364	0.0290153	0.443557	0.617755	-0.556822	0.334043	0.152884	0.72808	-0.083178	0.663029	0.466329	0.630858	-0.443426	0.433508
0.454932	0.600017	-0.519403	0.404026	0.45703	0.595506	-0.50356	0.427696	0.774516	-0.0191775	-0.49277	0.396151	0.250142	-0.361787	-0.427497	0.789801	0.245374	0.522949	0.189737	0.793925	0.647085	0.256907	0.507733	0.507433	0.772234	0.0445027	-0.633766	-0.00378868	0.436971	0.620687	-0.576555	0.302306	0.164758	0.725193	-0.0903288	0.662412	0.468805	0.629104	-0.44476	0.432018
0.454911	0.599931	-0.523267	0.399163	0.458514	0.594032	-0.505652	0.425685	0.772067	-0.0334512	-0.488865	0.404727	0.232033	-0.365979	-0.415269	0.799857	0.253296	0.519477	0.19478	0.792493	0.65861	0.2452	0.510824	0.495146	0.774295	0.0442062	-0.630931	-0.0209495	0.434177	0.621957	-0.584857	0.287404	0.171233	0.723041	-0.0941817	0.662587	0.469996	0.62799	-0.445371	0.431714
0.456488	0.598131	-0.530823	0.38998	0.462232	0.589956	-0.50926	0.423023	0.765993	-0.0606084	-0.482236	0.420749	0.197081	-0.373384	-0.393026	0.816868	0.268983	0.511885	0.203364	0.790104	0.679036	0.223759	0.514747	0.473157	0.776884	0.046921	-0.625843	-0.050696	0.430781	0.621976	-0.600261	0.259346	0.180865	0.720041	-0.0987751	0.662626	0.4762	0.622147	-0.448686	0.429939
0.456488	0.598131	-0.530823	0.38998	0.462232	0.589956	-0.50926	0.423023	0.765993	-0.0606084	-0.482236	0.420749	0.197081	-0.373384	-0.393026	0.816868	0.268983	0.511885	0.203364	0.790104	0.679036	0.223759	0.514747	0.473157	0.776884	0.046921	-0.625843	-0.050696	0.430781	0.621976	-0.600261	0.259346	0.180865	0.720041	-0.0987751	0.662626	0.4762	0.622147	-0.448686	0.429939
0.458378	0.59525	-0.538274	0.381874	0.465459	0.585551	-0.514438	0.419322	0.759297	-0.0867081	-0.477133	0.433929	0.165272	-0.37932	-0.373574	0.830207	0.284453	0.504635	0.211552	0.787195	0.696089	0.205991	0.516266	0.45442	0.778161	0.0516241	-0.621639	-0.0732445	0.425741	0.622588	-0.612016	0.237834	0.18998	0.71884	-0.105859	0.66028	0.481802	0.615173	-0.450711	0.431611
0.458828	0.593958	-0.542035	0.378006	0.466912	0.583206	-0.517429	0.41729	0.756029	-0.0984165	-0.474777	0.439683	0.150726	-0.381812	-0.364624	0.835793	0.292537	0.500922	0.214272	0.785867	0.703654	0.198246	0.516475	0.445895	0.777946	0.0526343	-0.62049	-0.0837979	0.424627	0.622082	-0.61668	0.228937	0.197191	0.716478	-0.111066	0.659878	0.483677	0.612025	-0.450888	0.4338
0.459925	0.588087	-0.553018	0.369857	0.472595	0.575135	-0.525612	0.411832	0.747221	-0.130817	-0.470256	0.451006	0.11654	-0.388905	-0.341697	0.847593	0.317755	0.491296	0.220587	0.780385	0.723143	0.179356	0.516078	0.422561	0.776839	0.0529425	-0.617702	-0.110286	0.422799	0.619936	-0.625067	0.214969	0.214352	0.710104	-0.124158	0.659083	0.489049	0.602166	-0.450971	0.441421
0.46137	0.584859	-0.556721	0.367612	0.475057	0.571782	-0.528314	0.410208	0.744705	-0.140169	-0.468776	0.45389	0.107583	-0.390633	-0.334604	0.850806	0.325904	0.487558	0.221728	0.779045	0.729603	0.172984	0.515155	0.415177	0.775333	0.0521255	-0.618395	-0.117172	0.423474	0.618264	-0.626879	0.213172	0.219528	0.707676	-0.12761	0.659331	0.491054	0.598514	-0.451238	0.443882
0.463283	0.578185	-0.563827	0.364925	0.479291	0.565152	-0.53392	0.407202	0.740432	-0.15693	-0.465462	0.458779	0.0936349	-0.3935	-0.320956	0.856375	0.340678	0.481258	0.224621	0.775806	0.742644	0.161421	0.513521	0.398396	0.771603	0.0513844	-0.620841	-0.128625	0.432034	0.611332	-0.627077	0.215392	0.230656	0.703236	-0.135073	0.658796	0.498076	0.588261	-0.454431	0.4465
0.464504	0.574014	-0.567291	0.364589	0.481505	0.561518	-0.536621	0.406065	0.738595	-0.164343	-0.463915	0.460708	0.0887979	-0.39487	-0.314739	0.858564	0.347227	0.478157	0.226071	0.774397	0.750059	0.155926	0.511414	0.3893	0.769419	0.0502584	-0.622719	-0.133004	0.439094	0.605959	-0.625859	0.219797	0.235882	0.701261	-0.13836	0.658369	0.501719	0.582834	-0.456736	0.447185
0.465607	0.569874	-0.570888	0.364061	0.481505	0.561518	-0.536621	0.406065	0.738595	-0.164343	-0.463915	0.460708	0.0852358	-0.39621	-0.308513	0.860565	0.353884	0.47503	0.227002	0.773034	0.750059	0.155926	0.511414	0.3893	0.767424	0.048068	-0.624696	-0.136033	0.444159	0.60096	-0.624893	0.226008	0.235882	0.701261	-0.13836	0.658369	0.505754	0.576962	-0.460001	0.446909
0.466252	0.566076	-0.574473	0.363521	0.485412	0.554063	-0.542144	0.404314	0.735764	-0.177211	-0.460365	0.464017	0.082827	-0.397636	-0.30237	0.862321	0.360099	0.472266	0.22807	0.771542	0.763253	0.1452	0.508332	0.371429	0.76515	0.045123	-0.627322	-0.137755	0.444159	0.60096	-0.624893	0.226008	0.24982	0.694165	-0.143383	0.659671	0.508803	0.57193	-0.462625	0.447208
0.466569	0.562372	-0.577457	0.364136	0.486948	0.550312	-0.545203	0.403474	0.734803	-0.183184	-0.458908	0.464662	0.0811962	-0.399254	-0.296847	0.863647	0.366185	0.469745	0.228449	0.770103	0.769367	0.140676	0.50705	0.362196	0.762832	0.0441667	-0.630219	-0.137697	0.453462	0.588854	-0.628857	0.228392	0.255761	0.691179	-0.145003	0.660176	0.510756	0.567913	-0.46398	0.448694
0.469485	0.553692	-0.580898	0.368193	0.491013	0.541775	-0.550828	0.402461	0.733433	-0.194344	-0.456566	0.464601	0.0799056	-0.403077	-0.286983	0.865323	0.37696	0.465157	0.229331	0.767423	0.780596	0.132658	0.504856	0.343792	0.757329	0.0450737	-0.637135	-0.135945	0.460034	0.579455	-0.631707	0.2314	0.262502	0.686291	-0.144809	0.662667	0.51361	0.560255	-0.466302	0.452637
0.473124	0.545029	-0.584776	0.370317	0.493381	0.537236	-0.553169	0.402438	0.733137	-0.199862	-0.455604	0.46367	0.0781319	-0.406105	-0.279383	0.866556	0.382023	0.463124	0.229656	0.76605	0.785945	0.129222	0.503909	0.334168	0.752502	0.0413137	-0.64334	-0.134714	0.463127	0.571044	-0.634678	0.237918	0.267815	0.683376	-0.145305	0.663445	0.516465	0.551109	-0.470489	0.45627
0.473124	0.545029	-0.584776	0.370317	0.49565	0.532792	-0.555709	0.402058	0.732965	-0.205239	-0.454832	0.462351	0.0781319	-0.406105	-0.279383	0.866556	0.386358	0.461245	0.23043	0.764776	0.791169	0.125475	0.502734	0.324908	0.752502	0.0413137	-0.64334	-0.134714	0.463127	0.571044	-0.634678	0.237918	0.274722	0.679819	-0.146631	0.663983	0.516465	0.551109	-0.470489	0.45627
0.477916	0.535932	-0.588188	0.372031	0.499479	0.524362	-0.561637	0.400161	0.732761	-0.217044	-0.454178	0.457903	0.0759375	-0.408797	-0.273376	0.867401	0.393338	0.458114	0.23234	0.762519	0.800944	0.11803	0.50021	0.307159	0.747188	0.037067	-0.650269	-0.132237	0.462452	0.565414	-0.636759	0.246948	0.291607	0.671142	-0.152862	0.664204	0.521123	0.539428	-0.477087	0.458079
0.480552	0.531555	-0.589305	0.373147	0.50186	0.520117	-0.564105	0.39925	0.733027	-0.22261	-0.453894	0.455078	0.0745104	-0.409672	-0.271074	0.867834	0.39601	0.456553	0.233107	0.761838	0.805143	0.114452	0.499159	0.299141	0.745131	0.0346113	-0.653019	-0.130949	0.461825	0.562457	-0.638099	0.251376	0.296806	0.668121	-0.154117	0.664657	0.527611	0.52924	-0.484917	0.454298
0.482343	0.527972	-0.59038	0.374223	0.504028	0.516297	-0.566363	0.398279	0.733592	-0.22722	-0.453378	0.452396	0.0737135	-0.41031	-0.268849	0.868292	0.397968	0.455469	0.234287	0.761104	0.808717	0.110366	0.498015	0.292879	0.743571	0.0308469	-0.65498	-0.130967	0.462268	0.558412	-0.640048	0.254603	0.300219	0.666261	-0.153373	0.665163	0.532444	0.520762	-0.49123	0.451667
0.484103	0.522114	-0.59163	0.378173	0.507207	0.51036	-0.570345	0.396206	0.736538	-0.232075	-0.451773	0.446715	0.0782958	-0.412522	-0.26591	0.867748	0.401133	0.454545	0.235676	0.759564	0.812452	0.107625	0.49643	0.286174	0.740532	0.0251515	-0.6586	-0.131247	0.464947	0.549843	-0.644119	0.258085	0.305646	0.664765	-0.150241	0.664903	0.543414	0.501465	-0.507359	0.442516
0.484578	0.519274	-0.592314	0.380397	0.507976	0.507971	-0.572395	0.395335	0.738573	-0.233254	-0.450847	0.443666	0.084024	-0.413836	-0.265119	0.866829	0.403161	0.454969	0.235157	0.758396	0.812654	0.109003	0.496206	0.285467	0.738826	0.0236834	-0.660756	-0.130298	0.464753	0.547928	-0.644574	0.26135	0.310338	0.664397	-0.151241	0.662868	0.551287	0.487781	-0.519656	0.433717
0.486604	0.515731	-0.593151	0.381327	0.510744	0.501598	-0.575252	0.395758	0.742381	-0.235445	-0.448445	0.438557	0.0943126	-0.416089	-0.262117	0.865604	0.408042	0.456483	0.233093	0.755508	0.812002	0.113337	0.495513	0.286836	0.737591	0.0226479	-0.662445	-0.128892	0.464	0.546516	-0.644806	0.265046	0.324415	0.660032	-0.158779	0.658713	0.560395	0.467585	-0.537019	0.423004
0.496027	0.504805	-0.596701	0.378255	0.5147	0.494915	-0.577989	0.395059	0.744022	-0.241744	-0.446266	0.434554	0.0984058	-0.419223	-0.256423	0.865342	0.412244	0.454765	0.232232	0.754527	0.81356	0.116473	0.492781	0.28587	0.733405	0.0161728	-0.666972	-0.130396	0.467528	0.537042	-0.648582	0.26897	0.32934	0.65761	-0.16496	0.65717	0.562883	0.45683	-0.542075	0.424997
0.501293	0.499434	-0.596913	0.378109	0.519155	0.488322	-0.580403	0.393892	0.745273	-0.247115	-0.445258	0.430404	0.102995	-0.422798	-0.251167	0.864609	0.415849	0.452282	0.232932	0.753826	0.816375	0.11534	0.489836	0.283352	0.729997	0.0155479	-0.670538	-0.131306	0.468532	0.534407	-0.649057	0.271316	0.32922	0.654251	-0.166864	0.660095	0.558168	0.45958	-0.536188	0.435587
0.503168	0.497329	-0.597066	0.378151	0.520426	0.486225	-0.581142	0.393722	0.746237	-0.2486	-0.445082	0.428054	0.105859	-0.424353	-0.250105	0.863809	0.417501	0.451495	0.233142	0.753319	0.817513	0.114927	0.489069	0.28156	0.729318	0.0166511	-0.671428	-0.130392	0.468678	0.533898	-0.649198	0.271727	0.330199	0.652853	-0.168708	0.660522	0.556308	0.460899	-0.533288	0.440112
0.504101	0.49581	-0.597207	0.37868	0.520426	0.486225	-0.581142	0.393722	0.746237	-0.2486	-0.445082	0.428054	0.105859	-0.424353	-0.250105	0.863809	0.417501	0.451495	0.233142	0.753319	0.817513	0.114927	0.489069	0.28156	0.729245	0.0170483	-0.671587	-0.129928	0.468824	0.533402	-0.649678	0.271302	0.330199	0.652853	-0.168708	0.660522	0.554467	0.462262	-0.530392	0.444483
0.50545	0.493862	-0.597568	0.378857	0.521418	0.483004	-0.582482	0.394392	0.748471	-0.251859	-0.443485	0.423886	0.111751	-0.426504	-0.24704	0.862889	0.420707	0.449925	0.233272	0.752434	0.819706	0.113096	0.48779	0.278124	0.729404	0.0164753	-0.671438	-0.12988	0.468494	0.533497	-0.649949	0.271037	0.333408	0.652263	-0.175401	0.657744	0.551976	0.464758	-0.527166	0.448796
0.508906	0.490588	-0.599226	0.375854	0.521631	0.481182	-0.583635	0.394632	0.74955	-0.253357	-0.442998	0.421589	0.115047	-0.427742	-0.245577	0.86226	0.422362	0.449334	0.233015	0.75194	0.820724	0.112812	0.486938	0.276726	0.729339	0.0169252	-0.67173	-0.128669	0.467757	0.533799	-0.650381	0.270677	0.335445	0.650794	-0.178556	0.657314	0.551105	0.465331	-0.52569	0.451
0.508906	0.490588	-0.599226	0.375854	0.521248	0.48006	-0.584927	0.394594	0.750629	-0.254485	-0.442999	0.418982	0.118283	-0.429408	-0.244959	0.86117	0.424153	0.448531	0.232005	0.751723	0.821469	0.112646	0.486235	0.275817	0.729339	0.0169252	-0.67173	-0.128669	0.467757	0.533799	-0.650381	0.270677	0.335314	0.649834	-0.179002	0.658208	0.550138	0.466061	-0.524151	0.453212
0.509834	0.489781	-0.599702	0.374889	0.520866	0.479167	-0.585934	0.394688	0.75161	-0.255149	-0.44349	0.41629	0.121465	-0.431384	-0.244783	0.859788	0.425554	0.447826	0.231185	0.751605	0.822011	0.11287	0.485483	0.275436	0.729065	0.0177474	-0.67206	-0.128394	0.467678	0.53391	-0.65035	0.270669	0.333239	0.650543	-0.17903	0.658554	0.549157	0.467086	-0.522144	0.455657
0.509357	0.489568	-0.60054	0.374473	0.520645	0.478036	-0.587038	0.394711	0.752563	-0.255983	-0.444087	0.413411	0.125249	-0.433571	-0.244252	0.858295	0.426857	0.446943	0.230208	0.751691	0.822574	0.113026	0.484391	0.275612	0.729028	0.0198577	-0.671951	-0.128865	0.468972	0.533796	-0.649685	0.270253	0.330895	0.651907	-0.179903	0.658149	0.548293	0.46809	-0.520074	0.458028
0.509357	0.489568	-0.60054	0.374473	0.52076	0.476582	-0.587984	0.39491	0.753697	-0.257179	-0.444618	0.410019	0.12952	-0.435937	-0.243649	0.856632	0.427688	0.446032	0.229437	0.751996	0.82308	0.113301	0.483283	0.275933	0.729028	0.0198577	-0.671951	-0.128865	0.468972	0.533796	-0.649685	0.270253	0.329702	0.65223	-0.180749	0.658196	0.546781	0.469951	-0.517739	0.460568
0.509732	0.488634	-0.602902	0.371374	0.51993	0.474489	-0.590875	0.394208	0.756226	-0.259631	-0.445574	0.402713	0.137033	-0.440608	-0.242087	0.85351	0.429033	0.443668	0.227184	0.753311	0.824532	0.114135	0.480024	0.276943	0.729198	0.0209386	-0.671311	-0.131045	0.471735	0.532766	-0.649177	0.268693	0.331028	0.6511	-0.183069	0.658009	0.545933	0.471426	-0.51667	0.461265
0.509905	0.487183	-0.605286	0.36916	0.519396	0.472051	-0.593852	0.393365	0.758442	-0.262545	-0.447001	0.395001	0.145563	-0.446367	-0.240061	0.84967	0.430027	0.440576	0.225133	0.755172	0.826144	0.114288	0.476106	0.278833	0.729617	0.0196148	-0.67027	-0.134213	0.475436	0.530094	-0.649985	0.265482	0.332908	0.650742	-0.185024	0.656866	0.546356	0.471935	-0.518088	0.458647
0.508536	0.48646	-0.607633	0.368143	0.518906	0.470718	-0.595694	0.392824	0.759969	-0.263774	-0.447515	0.390641	0.15031	-0.449079	-0.239073	0.847691	0.430306	0.438836	0.223976	0.756369	0.827077	0.114488	0.473923	0.279703	0.730424	0.017766	-0.668645	-0.138128	0.479019	0.528083	-0.65014	0.262656	0.334163	0.650527	-0.185621	0.656273	0.546849	0.471997	-0.519423	0.456481
0.508137	0.485855	-0.608547	0.367984	0.518082	0.467717	-0.599205	0.392154	0.763351	-0.266561	-0.448407	0.381013	0.160167	-0.454637	-0.237248	0.843424	0.431208	0.435296	0.221841	0.758527	0.828507	0.114344	0.470429	0.281421	0.730958	0.017222	-0.667755	-0.139669	0.480457	0.527432	-0.650052	0.261552	0.335457	0.650157	-0.186047	0.655859	0.546185	0.474695	-0.519726	0.454128
0.508137	0.485855	-0.608547	0.367984	0.518082	0.467717	-0.599205	0.392154	0.763351	-0.266561	-0.448407	0.381013	0.160167	-0.454637	-0.237248	0.843424	0.431208	0.435296	0.221841	0.758527	0.828507	0.114344	0.470429	0.281421	0.730958	0.017222	-0.667755	-0.139669	0.480457	0.527432	-0.650052	0.261552	0.336049	0.649762	-0.185717	0.656041	0.546185	0.474695	-0.519726	0.454128
0.507989	0.483996	-0.610351	0.367651	0.51776	0.466161	-0.600783	0.392019	0.765312	-0.268297	-0.448659	0.375526	0.172612	-0.460588	-0.234801	0.838411	0.432363	0.429991	0.220551	0.761267	0.829603	0.113593	0.46816	0.282281	0.731497	0.0172166	-0.666733	-0.141715	0.483131	0.526157	-0.649907	0.259545	0.336398	0.649341	-0.185677	0.65629	0.545425	0.477571	-0.518861	0.453013
0.50732	0.483521	-0.610917	0.368257	0.516484	0.462801	-0.604189	0.392447	0.770255	-0.27143	-0.44862	0.363004	0.180487	-0.463333	-0.233894	0.835488	0.4334	0.42676	0.21998	0.762659	0.832176	0.11102	0.463195	0.283917	0.731584	0.0173308	-0.666351	-0.143041	0.484503	0.525755	-0.649517	0.258778	0.336399	0.650035	-0.186201	0.655454	0.545249	0.478736	-0.518422	0.452498
0.50632	0.4834	-0.611394	0.369002	0.515316	0.461344	-0.605818	0.393187	0.773996	-0.272457	-0.448002	0.354952	0.189785	-0.465833	-0.233356	0.832182	0.434654	0.423388	0.219417	0.763986	0.833493	0.108918	0.46084	0.284697	0.731624	0.0178755	-0.666069	-0.144081	0.48742	0.525039	-0.648406	0.257537	0.336276	0.650483	-0.186234	0.655063	0.544767	0.480337	-0.517405	0.452546
0.505082	0.483631	-0.611871	0.369604	0.5142	0.459737	-0.607367	0.394138	0.778622	-0.272815	-0.447284	0.345335	0.200727	-0.468191	-0.233351	0.828283	0.435677	0.419618	0.219406	0.765485	0.835117	0.106123	0.458082	0.285446	0.731741	0.018437	-0.665679	-0.145211	0.48742	0.525039	-0.648406	0.257537	0.335739	0.651217	-0.185841	0.65472	0.544643	0.481489	-0.516586	0.452406
0.502575	0.484041	-0.613247	0.370204	0.512822	0.458191	-0.609008	0.395202	0.784093	-0.272588	-0.446295	0.334239	0.22949	-0.472138	-0.235344	0.817944	0.436815	0.415379	0.219476	0.767127	0.836913	0.103151	0.455142	0.285976	0.732428	0.0197758	-0.664544	-0.146767	0.490386	0.523782	-0.647893	0.25575	0.334401	0.65306	-0.185315	0.653717	0.543522	0.484676	-0.513828	0.453491
0.502575	0.484041	-0.613247	0.370204	0.512822	0.458191	-0.609008	0.395202	0.784093	-0.272588	-0.446295	0.334239	0.22949	-0.472138	-0.235344	0.817944	0.436815	0.415379	0.219476	0.767127	0.836913	0.103151	0.455142	0.285976	0.732428	0.0197758	-0.664544	-0.146767	0.490386	0.523782	-0.647893	0.25575	0.334401	0.65306	-0.185315	0.653717	0.543522	0.484676	-0.513828	0.453491
0.49855	0.485685	-0.615015	0.37056	0.507079	0.453657	-0.61474	0.398951	0.805756	-0.266749	-0.442296	0.289788	0.266288	-0.475473	-0.239737	0.803456	0.439412	0.399937	0.219461	0.773825	0.842753	0.0925445	0.444342	0.289419	0.733269	0.0206079	-0.663089	-0.149014	0.492513	0.523534	-0.646974	0.254493	0.333759	0.653944	-0.184962	0.653262	0.54371	0.486637	-0.512604	0.452549
0.495823	0.487034	-0.615918	0.370949	0.504806	0.45238	-0.616582	0.400437	0.814669	-0.262482	-0.44084	0.27033	0.287955	-0.476806	-0.243144	0.794115	0.439976	0.393753	0.219143	0.77676	0.844952	0.088533	0.439814	0.291172	0.733788	0.0221258	-0.66242	-0.149214	0.492732	0.525795	-0.644787	0.254961	0.334673	0.655267	-0.18426	0.651665	0.544062	0.487495	-0.512361	0.451478
0.488559	0.491422	-0.617014	0.372971	0.498232	0.451183	-0.620422	0.404075	0.833181	-0.250266	-0.438334	0.22592	0.337017	-0.478226	-0.253833	0.770252	0.440372	0.380258	0.21828	0.783473	0.849944	0.0805299	0.428988	0.295091	0.735186	0.0265502	-0.660707	-0.149209	0.492352	0.527607	-0.643399	0.255456	0.335565	0.657745	-0.182312	0.649253	0.546508	0.487344	-0.513527	0.447343
0.483872	0.494764	-0.616874	0.37489	0.494394	0.450952	-0.621952	0.406685	0.842746	-0.241821	-0.437017	0.200796	0.363579	-0.478159	-0.260518	0.755847	0.440646	0.372919	0.217042	0.787182	0.852613	0.076512	0.423065	0.297006	0.735714	0.0305102	-0.660333	-0.147491	0.491845	0.529586	-0.642031	0.25578	0.334877	0.659652	-0.179718	0.648396	0.547502	0.487879	-0.513314	0.445785
0.478366	0.498901	-0.616389	0.377264	0.489824	0.45105	-0.623441	0.409815	0.851902	-0.230857	-0.436761	0.173802	0.391302	-0.477884	-0.268695	0.73913	0.440871	0.365203	0.215503	0.791086	0.85541	0.0721028	0.416425	0.29944	0.736512	0.0350153	-0.659657	-0.145523	0.491406	0.531582	-0.640787	0.255602	0.333744	0.661838	-0.176912	0.647524	0.549251	0.48754	-0.513717	0.443536
0.465655	0.508308	-0.614257	0.384027	0.478331	0.4523	-0.626307	0.417567	0.866666	-0.203674	-0.440265	0.116505	0.449783	-0.477623	-0.288419	0.697413	0.441284	0.348131	0.211428	0.799607	0.861276	0.0635323	0.401678	0.304667	0.738732	0.0466385	-0.657984	-0.138407	0.487731	0.538598	-0.637211	0.256891	0.330286	0.66741	-0.170423	0.645315	0.551615	0.488794	-0.511898	0.441318
0.458639	0.513553	-0.612714	0.387936	0.471488	0.453272	-0.627602	0.422325	0.871216	-0.188142	-0.445012	0.0868911	0.478874	-0.47829	-0.298679	0.672837	0.440929	0.338989	0.209002	0.804354	0.864315	0.0590576	0.393646	0.307433	0.739879	0.0538039	-0.657169	-0.133465	0.485316	0.542632	-0.635549	0.257092	0.326412	0.67085	-0.163837	0.645425	0.553073	0.489107	-0.511252	0.439894
0.443477	0.524287	-0.607803	0.398781	0.456796	0.454329	-0.63022	0.433297	0.873452	-0.154235	-0.461054	0.0268666	0.53574	-0.481406	-0.322652	0.614106	0.4396	0.317954	0.202713	0.815208	0.870589	0.0489805	0.375843	0.313717	0.742897	0.0698962	-0.654531	-0.121685	0.476839	0.555199	-0.630461	0.258646	0.318219	0.678339	-0.150411	0.644957	0.554629	0.491799	-0.506983	0.439873
0.443477	0.524287	-0.607803	0.398781	0.456796	0.454329	-0.63022	0.433297	0.873452	-0.154235	-0.461054	0.0268666	0.53574	-0.481406	-0.322652	0.614106	0.4396	0.317954	0.202713	0.815208	0.870589	0.0489805	0.375843	0.313717	0.742897	0.0698962	-0.654531	-0.121685	0.476839	0.555199	-0.630461	0.258646	0.318219	0.678339	-0.150411	0.644957	0.554629	0.491799	-0.506983	0.439873
0.426441	0.536051	-0.600839	0.412055	0.43945	0.456185	-0.631969	0.446536	0.870869	-0.134859	-0.472652	-0.000875151	0.586853	-0.486532	-0.347737	0.545865	0.436098	0.294691	0.198373	0.826815	0.876546	0.0350222	0.356732	0.321222	0.745274	0.0895658	-0.65201	-0.1069	0.460844	0.576753	-0.620309	0.264944	0.312456	0.682784	-0.143266	0.644711	0.555491	0.495085	-0.50157	0.441303
0.426441	0.536051	-0.600839	0.412055	0.43945	0.456185	-0.631969	0.446536	0.865848	-0.118037	-0.485393	-0.0277213	0.586853	-0.486532	-0.347737	0.545865	0.436098	0.294691	0.198373	0.826815	0.876546	0.0350222	0.356732	0.321222	0.745274	0.0895658	-0.65201	-0.1069	0.460844	0.576753	-0.620309	0.264944	0.305075	0.687672	-0.134239	0.644993	0.555491	0.495085	-0.50157	0.441303
0.415906	0.543039	-0.59639	0.420058	0.430316	0.457108	-0.631479	0.455099	0.859134	-0.102528	-0.498556	-0.0530954	0.609042	-0.489271	-0.362357	0.50831	0.43322	0.281929	0.196458	0.833211	0.87951	0.027288	0.346184	0.325383	0.745528	0.103975	-0.651252	-0.0961693	0.460844	0.576753	-0.620309	0.264944	0.298796	0.692389	-0.125255	0.644693	0.555742	0.497101	-0.498563	0.442126
0.391369	0.558311	-0.585359	0.438719	0.408444	0.460452	-0.628996	0.474891	0.840693	-0.0660887	-0.529028	-0.0948522	0.6482	-0.492266	-0.39418	0.426771	0.426414	0.252586	0.191712	0.847123	0.885189	0.00963967	0.322648	0.335032	0.744066	0.14177	-0.649252	-0.0688395	0.419276	0.628581	-0.589183	0.286281	0.287989	0.70119	-0.107088	0.643371	0.556998	0.500495	-0.493069	0.442878
0.377518	0.567223	-0.577476	0.449733	0.383887	0.465724	-0.622093	0.49873	0.818613	-0.029525	-0.560597	-0.121372	0.663927	-0.49238	-0.413164	0.382175	0.416105	0.219201	0.189546	0.861905	0.890042	-0.0113985	0.295948	0.34657	0.742169	0.163708	-0.64772	-0.0533355	0.39963	0.650669	-0.573602	0.29649	0.275501	0.709619	-0.0852281	0.642866	0.557914	0.501589	-0.490931	0.442863
0.329257	0.596197	-0.548121	0.485492	0.355313	0.472993	-0.612272	0.524551	0.796691	0.00745246	-0.589601	-0.132658	0.700205	-0.479192	-0.46871	0.245762	0.401226	0.180745	0.187553	0.878164	0.892774	-0.0377226	0.267405	0.360592	0.728613	0.240979	-0.641124	0.00347329	0.328689	0.718585	-0.517024	0.329066	0.257972	0.718818	-0.0564254	0.643092	0.560208	0.505363	-0.482414	0.445031
0.31186	0.605893	-0.536426	0.49788	0.33929	0.477284	-0.606131	0.538226	0.786806	0.0255869	-0.602752	-0.130277	0.708332	-0.469784	-0.487585	0.199573	0.391327	0.161347	0.188335	0.886206	0.893102	-0.0526791	0.252955	0.368249	0.721301	0.26729	-0.638543	0.0233355	0.302825	0.738894	-0.496864	0.339793	0.246365	0.724194	-0.0405928	0.642806	0.560358	0.50673	-0.478861	0.447119
0.295147	0.61504	-0.525178	0.508725	0.322406	0.481945	-0.598982	0.552272	0.786806	0.0255869	-0.602752	-0.130277	0.715061	-0.456593	-0.505964	0.155597	0.379586	0.141414	0.189753	0.894377	0.893102	-0.0526791	0.252955	0.368249	0.712974	0.292295	-0.635935	0.0426455	0.277612	0.756766	-0.477652	0.349408	0.246365	0.724194	-0.0405928	0.642806	0.560036	0.508467	-0.474832	0.449839
0.27761	0.624371	-0.513772	0.518779	0.304108	0.487501	-0.591593	0.565579	0.768266	0.0620888	-0.626469	-0.115967	0.718908	-0.441291	-0.524948	0.113413	0.366222	0.120426	0.190121	0.902903	0.890899	-0.0856151	0.222039	0.38687	0.704827	0.314304	-0.633105	0.0600885	0.254999	0.771571	-0.46055	0.357139	0.227834	0.73179	-0.0129546	0.642189	0.558862	0.511046	-0.470096	0.453337
0.245338	0.640691	-0.492254	0.535733	0.266033	0.498895	-0.575438	0.590933	0.760204	0.0834348	-0.636506	-0.0999406	0.720881	-0.404663	-0.56131	0.0388418	0.334697	0.0791884	0.194062	0.91872	0.888426	-0.101891	0.20646	0.397105	0.691405	0.347578	-0.627541	0.0856761	0.220209	0.792754	-0.43446	0.366461	0.2207	0.733907	-0.00128129	0.642394	0.558186	0.513002	-0.463433	0.458789
0.231485	0.647439	-0.483286	0.541916	0.246518	0.504673	-0.566297	0.603194	0.753411	0.103702	-0.644208	-0.0813275	0.718325	-0.384577	-0.579666	0.00988935	0.316723	0.0595495	0.198035	0.925701	0.879928	-0.134966	0.175767	0.420257	0.684517	0.361755	-0.625556	0.0961773	0.207527	0.79964	-0.42596	0.368872	0.213837	0.736291	0.00938161	0.64192	0.556887	0.514922	-0.459275	0.462383
0.20703	0.660336	-0.468638	0.549065	0.205001	0.515693	-0.545733	0.627862	0.730378	0.165308	-0.66262	-0.0124928	0.712653	-0.340914	-0.612573	-0.0256516	0.276987	0.0215059	0.206141	0.938255	0.867541	-0.165472	0.146047	0.445714	0.674618	0.3812	-0.622881	0.107689	0.192881	0.807059	-0.417714	0.370091	0.190951	0.743628	0.0367239	0.639693	0.554505	0.517811	-0.452574	0.468587
0.183888	0.673309	-0.452109	0.555371	0.184297	0.520319	-0.533699	0.640678	0.722076	0.182837	-0.667041	0.0152642	0.709222	-0.316762	-0.628993	-0.0321402	0.255695	0.00362382	0.210883	0.94347	0.860146	-0.179043	0.131743	0.459059	0.668111	0.392823	-0.622166	0.11058	0.187047	0.809263	-0.416467	0.369678	0.184723	0.745783	0.042648	0.638644	0.553038	0.519924	-0.448679	0.471715
0.172427	0.680558	-0.443823	0.556894	0.142523	0.529422	-0.504714	0.666831	0.703994	0.211745	-0.673519	0.0770006	0.699527	-0.274626	-0.659182	-0.0268699	0.210946	-0.0286242	0.223479	0.951178	0.843538	-0.202588	0.103771	0.48645	0.666855	0.395622	-0.621957	0.109348	0.187357	0.809027	-0.417941	0.368371	0.17526	0.748782	0.0477125	0.637443	0.550645	0.522831	-0.443914	0.475792
0.155522	0.691105	-0.43273	0.557612	0.102733	0.538091	-0.472626	0.69031	0.689823	0.217897	-0.676532	0.137727	0.684453	-0.247535	-0.685748	0.00106877	0.164296	-0.0618961	0.238707	0.955089	0.824885	-0.222773	0.0753316	0.514064	0.665049	0.399894	-0.621815	0.105548	0.189767	0.807775	-0.421391	0.365948	0.170462	0.750694	0.0502918	0.636296	0.551129	0.522498	-0.444066	0.475455
0.149425	0.694743	-0.428484	0.558037	0.0850206	0.542514	-0.45695	0.699748	0.68274	0.217678	-0.676701	0.168989	0.674282	-0.241244	-0.697641	0.0210475	0.141041	-0.0792413	0.246961	0.955426	0.81537	-0.231902	0.0608107	0.526967	0.662716	0.403965	-0.621709	0.10534	0.189026	0.807648	-0.421912	0.366012	0.167728	0.751486	0.051986	0.635951	0.554089	0.51912	-0.448053	0.471962
0.142908	0.698958	-0.423266	0.558463	0.0691563	0.54627	-0.441107	0.708683	0.675324	0.2142	-0.675934	0.202902	0.662404	-0.24051	-0.708045	0.0452596	0.118638	-0.0967039	0.256086	0.95446	0.805884	-0.241224	0.0467411	0.53868	0.660366	0.408155	-0.621436	0.105558	0.187867	0.807764	-0.421827	0.36645	0.164356	0.752552	0.0542994	0.635377	0.557279	0.515515	-0.452591	0.467809
0.136188	0.701813	-0.417601	0.560821	0.0547781	0.550609	-0.425462	0.716108	0.669869	0.199914	-0.675826	0.2336	0.647378	-0.247849	-0.717251	0.0708762	0.0974914	-0.113398	0.26583	0.95235	0.796579	-0.250131	0.0330935	0.549364	0.658086	0.412553	-0.620814	0.106364	0.186104	0.808335	-0.420702	0.367381	0.160995	0.75444	0.0569454	0.633765	0.560613	0.511572	-0.457376	0.46348
0.130506	0.70397	-0.412626	0.563147	0.0420451	0.555227	-0.411054	0.721796	0.665141	0.178783	-0.676406	0.260958	0.629901	-0.259959	-0.725313	0.0978129	0.0769405	-0.129334	0.273925	0.949904	0.787986	-0.257548	0.0197397	0.558889	0.655182	0.417528	-0.620118	0.108911	0.182304	0.80987	-0.417978	0.369013	0.158689	0.755115	0.0592258	0.633333	0.562459	0.509693	-0.460278	0.460432
0.125255	0.706273	-0.408038	0.564796	0.0306674	0.560164	-0.398394	0.725643	0.659204	0.15768	-0.675356	0.290656	0.611897	-0.272552	-0.731388	0.127939	0.0578832	-0.143188	0.281331	0.947101	0.780273	-0.263166	0.00778324	0.567324	0.652285	0.422282	-0.619311	0.112496	0.177266	0.811981	-0.414259	0.371016	0.154871	0.75542	0.0636006	0.633491	0.563132	0.509542	-0.46147	0.45858
0.117266	0.710963	-0.399354	0.56683	0.0207205	0.564895	-0.386648	0.728675	0.651777	0.137155	-0.672389	0.322906	0.56771	-0.308557	-0.740628	0.184305	0.0415496	-0.154232	0.287739	0.944295	0.773604	-0.266647	-0.00228671	0.574832	0.647752	0.429226	-0.618082	0.118983	0.168501	0.815408	-0.40806	0.374438	0.150083	0.756027	0.0682858	0.633431	0.563551	0.509126	-0.464608	0.455346
0.115457	0.71359	-0.396036	0.566228	0.0123636	0.569672	-0.375219	0.731117	0.642845	0.111127	-0.670202	0.353878	0.543237	-0.32686	-0.74294	0.2147	0.0276931	-0.162975	0.291522	0.942172	0.767844	-0.26808	-0.0102499	0.581759	0.646778	0.430728	-0.617743	0.120602	0.166256	0.816277	-0.406279	0.375484	0.14659	0.756078	0.0711674	0.633871	0.563486	0.508627	-0.467113	0.453418
0.115457	0.71359	-0.396036	0.566228	0.00607386	0.573948	-0.364553	0.733244	0.633801	0.080726	-0.668451	0.380726	0.543237	-0.32686	-0.74294	0.2147	0.0166163	-0.16904	0.293876	0.940631	0.763043	-0.267698	-0.0161099	0.588084	0.646778	0.430728	-0.617743	0.120602	0.166256	0.816277	-0.406279	0.375484	0.145233	0.75578	0.0727034	0.634364	0.563486	0.508627	-0.467113	0.453418
0.113122	0.718065	-0.390233	0.565071	0.00203224	0.579124	-0.354707	0.734026	0.624526	0.055685	-0.661882	0.410828	0.490049	-0.363332	-0.74144	0.279479	0.0079585	-0.172431	0.295274	0.93969	0.763043	-0.267698	-0.0161099	0.588084	0.644539	0.433384	-0.617919	0.122164	0.163731	0.816841	-0.404596	0.37718	0.145322	0.755075	0.0734123	0.635101	0.55988	0.51125	-0.469304	0.452673
0.113912	0.719592	-0.388936	0.563861	-0.00133888	0.589723	-0.337571	0.733669	0.602361	0.0175045	-0.640483	0.476064	0.462804	-0.381437	-0.736964	0.311775	-0.00374779	-0.170424	0.296555	0.939679	0.753573	-0.260632	-0.0208672	0.603128	0.6436	0.433891	-0.618421	0.122771	0.162755	0.816728	-0.404472	0.37798	0.142257	0.752864	0.0747618	0.638255	0.557605	0.51235	-0.470601	0.452889
0.113947	0.724732	-0.386004	0.559267	-0.00106094	0.5955	-0.329118	0.732844	0.589496	-0.00403272	-0.634364	0.50006	0.433715	-0.399585	-0.731706	0.341804	-0.00695686	-0.166066	0.296525	0.94045	0.75195	-0.255947	-0.0181209	0.607235	0.642699	0.433396	-0.619773	0.122426	0.163402	0.815059	-0.405877	0.379793	0.140923	0.75274	0.0744885	0.638728	0.554555	0.51218	-0.474409	0.452854
0.114231	0.727143	-0.384983	0.556779	0.00278113	0.607476	-0.313919	0.729671	0.566878	-0.0502094	-0.620915	0.539066	0.376801	-0.431113	-0.71313	0.404486	-0.0125185	-0.155095	0.297186	0.942056	0.750222	-0.246258	-0.00949652	0.613542	0.643411	0.432706	-0.619868	0.120628	0.165013	0.813818	-0.405849	0.381783	0.14158	0.751634	0.0713664	0.640241	0.553531	0.511453	-0.476867	0.452348
0.113539	0.733141	-0.383666	0.549921	0.00663978	0.61833	-0.302894	0.725175	0.543042	-0.0828241	-0.605486	0.575876	0.319133	-0.460826	-0.689057	0.45934	-0.0179895	-0.141872	0.299666	0.943265	0.748656	-0.244371	-0.00341934	0.616267	0.644246	0.433492	-0.619076	0.117376	0.167577	0.811986	-0.402718	0.387833	0.144643	0.749285	0.0679821	0.642674	0.552682	0.509125	-0.481973	0.450596
0.107891	0.740184	-0.380991	0.543445	0.00988661	0.62854	-0.296196	0.719102	0.523783	-0.101818	-0.586782	0.609075	0.270938	-0.481564	-0.661542	0.507002	-0.0240253	-0.132057	0.301742	0.943894	0.743028	-0.239717	0.0126621	0.624728	0.644964	0.43525	-0.617442	0.115516	0.168037	0.810905	-0.397083	0.395629	0.148748	0.747788	0.0648586	0.643802	0.551751	0.508124	-0.485106	0.449503
0.10717	0.742724	-0.380602	0.540387	0.0113973	0.631608	-0.293945	0.717313	0.517406	-0.110071	-0.578861	0.62056	0.253755	-0.486673	-0.649566	0.526139	-0.0275002	-0.127983	0.30123	0.944523	0.740895	-0.237665	0.0168783	0.627938	0.645395	0.435791	-0.61658	0.115675	0.166905	0.810722	-0.394249	0.399299	0.149992	0.74699	0.0637444	0.644551	0.551226	0.508236	-0.485919	0.449143
0.106393	0.746893	-0.383144	0.532947	0.0158658	0.636658	-0.29634	0.711756	0.509782	-0.119627	-0.569271	0.633831	0.229209	-0.489058	-0.634532	0.552861	-0.0371808	-0.123142	0.299982	0.945232	0.734951	-0.23335	0.0226089	0.636304	0.650809	0.429252	-0.615873	0.113534	0.165948	0.811371	-0.389451	0.40307	0.15734	0.744403	0.0605079	0.646102	0.55069	0.509418	-0.487107	0.447169
0.105036	0.746169	-0.388291	0.530499	0.0219568	0.637767	-0.305751	0.706603	0.505857	-0.124492	-0.57184	0.633727	0.213862	-0.487635	-0.632172	0.56288	-0.0504571	-0.121001	0.294697	0.946555	0.727345	-0.227709	0.0253771	0.646895	0.654886	0.424931	-0.614342	0.11464	0.161535	0.81445	-0.382089	0.405692	0.163622	0.742257	0.0604979	0.647011	0.551164	0.513791	-0.482859	0.446188
0.107463	0.743134	-0.395324	0.529077	0.0251817	0.637424	-0.310972	0.704524	0.505667	-0.125837	-0.575466	0.630321	0.210564	-0.486079	-0.633136	0.564383	-0.0558237	-0.120014	0.290883	0.947559	0.722862	-0.22487	0.0263891	0.652846	0.65823	0.420059	-0.614331	0.113493	0.159589	0.816364	-0.380782	0.403838	0.165051	0.741168	0.0602763	0.647915	0.551212	0.518565	-0.480144	0.443529
0.107647	0.74182	-0.398216	0.528715	0.0305106	0.636781	-0.321696	0.700065	0.509187	-0.124065	-0.578934	0.624637	0.212065	-0.481589	-0.635236	0.56531	-0.0630939	-0.11944	0.286644	0.948467	0.716972	-0.221638	0.0270739	0.660375	0.659799	0.417865	-0.61447	0.111717	0.161253	0.816744	-0.382429	0.400842	0.175344	0.737177	0.0585724	0.649918	0.550612	0.523231	-0.476648	0.442564
0.107647	0.74182	-0.398216	0.528715	0.0305106	0.636781	-0.321696	0.700065	0.509187	-0.124065	-0.578934	0.624637	0.212065	-0.481589	-0.635236	0.56531	-0.0630939	-0.11944	0.286644	0.948467	0.716972	-0.221638	0.0270739	0.660375	0.659799	0.417865	-0.61447	0.111717	0.161253	0.816744	-0.382429	0.400842	0.175344	0.737177	0.0585724	0.649918	0.550612	0.523231	-0.476648	0.442564
0.107613	0.740305	-0.402917	0.527282	0.0341333	0.634906	-0.328241	0.69856	0.510145	-0.124864	-0.582415	0.620446	0.212434	-0.480319	-0.637604	0.563584	-0.0680682	-0.120739	0.284813	0.948509	0.715164	-0.218987	0.0253167	0.663283	0.66138	0.416751	-0.613359	0.112631	0.154359	0.820664	-0.37667	0.401004	0.179434	0.73445	0.0597131	0.651783	0.550097	0.528873	-0.470294	0.443295
0.102406	0.740875	-0.416386	0.516953	0.0377955	0.633848	-0.345335	0.691051	0.51384	-0.121503	-0.586171	0.614499	0.213208	-0.480192	-0.638977	0.561842	-0.0756371	-0.121307	0.277235	0.950108	0.709842	-0.213631	0.0234458	0.670773	0.662557	0.416701	-0.611879	0.11394	0.152518	0.822402	-0.374046	0.400602	0.184153	0.729389	0.0601818	0.656092	0.544532	0.544305	-0.448905	0.453543
0.102406	0.740875	-0.416386	0.516953	0.0377955	0.633848	-0.345335	0.691051	0.51384	-0.121503	-0.586171	0.614499	0.213208	-0.480192	-0.638977	0.561842	-0.0756371	-0.121307	0.277235	0.950108	0.709842	-0.213631	0.0234458	0.670773	0.662557	0.416701	-0.611879	0.11394	0.152518	0.822402	-0.374046	0.400602	0.184153	0.729389	0.0601818	0.656092	0.544532	0.544305	-0.448905	0.453543
0.100792	0.739197	-0.422489	0.514715	0.0377955	0.633848	-0.345335	0.691051	0.515396	-0.121118	-0.588209	0.611317	0.213208	-0.480192	-0.638977	0.561842	-0.0756371	-0.121307	0.277235	0.950108	0.707089	-0.208327	0.0226174	0.675362	0.661585	0.419929	-0.609723	0.119171	0.149969	0.826488	-0.369897	0.396992	0.182374	0.728222	0.0658211	0.657342	0.544532	0.544305	-0.448905	0.453543
0.0886634	0.739649	-0.427827	0.51188	0.0452877	0.628809	-0.367859	0.683541	0.519415	-0.121531	-0.589611	0.606463	0.214894	-0.477602	-0.639164	0.563193	-0.080814	-0.11861	0.259182	0.955105	0.704788	-0.197489	0.0227514	0.680995	0.660226	0.422328	-0.609169	0.121055	0.144258	0.829192	-0.366936	0.396218	0.170394	0.729376	0.0805669	0.657637	0.520077	0.599124	-0.367453	0.485333
0.0886634	0.739649	-0.427827	0.51188	0.0452877	0.628809	-0.367859	0.683541	0.519415	-0.121531	-0.589611	0.606463	0.214894	-0.477602	-0.639164	0.563193	-0.080814	-0.11861	0.259182	0.955105	0.704788	-0.197489	0.0227514	0.680995	0.660226	0.422328	-0.609169	0.121055	0.144258	0.829192	-0.366936	0.396218	0.170394	0.729376	0.0805669	0.657637	0.520077	0.599124	-0.367453	0.485333
0.0816082	0.74306	-0.43	0.506263	0.0472592	0.631973	-0.37643	0.675779	0.520326	-0.121614	-0.591172	0.604142	0.216111	-0.47682	-0.638657	0.563965	-0.0759254	-0.110112	0.25149	0.958574	0.70967	-0.186861	0.0267411	0.678776	0.658196	0.42874	-0.60628	0.124032	0.143744	0.831341	-0.368599	0.390313	0.155432	0.731282	0.0934053	0.657528	0.506788	0.622101	-0.331948	0.495951
0.0780929	0.743023	-0.429234	0.507519	0.0456728	0.633217	-0.37788	0.673912	0.518343	-0.124474	-0.593773	0.60271	0.21433	-0.477655	-0.639451	0.563037	-0.07245	-0.104393	0.249732	0.959941	0.712708	-0.183221	0.030684	0.676414	0.655254	0.433614	-0.605053	0.128578	0.136812	0.834783	-0.364368	0.389431	0.148866	0.731211	0.0984084	0.658396	0.503294	0.62895	-0.319953	0.498746
0.0663956	0.74623	-0.428473	0.505116	0.0394443	0.636616	-0.382855	0.668271	0.511735	-0.126417	-0.597571	0.604198	0.20662	-0.481381	-0.640944	0.561044	-0.0685274	-0.0929595	0.247368	0.962014	0.716937	-0.176378	0.0387781	0.673341	0.648794	0.444886	-0.601404	0.139483	0.122246	0.841474	-0.353862	0.389563	0.136764	0.733502	0.105888	0.657312	0.497021	0.638847	-0.2999	0.504881
0.0641487	0.743948	-0.427173	0.509852	0.0353068	0.638383	-0.383596	0.66639	0.508735	-0.129158	-0.600381	0.603365	0.20252	-0.482957	-0.641203	0.560889	-0.0675732	-0.0892864	0.24458	0.963142	0.718717	-0.171797	0.0409013	0.672501	0.645591	0.450299	-0.599924	0.143299	0.117975	0.843724	-0.351025	0.388579	0.124907	0.738102	0.111985	0.6535	0.500404	0.636114	-0.301388	0.504103
0.0641487	0.743948	-0.427173	0.509852	0.0353068	0.638383	-0.383596	0.66639	0.508735	-0.129158	-0.600381	0.603365	0.20252	-0.482957	-0.641203	0.560889	-0.0675732	-0.0892864	0.24458	0.963142	0.718717	-0.171797	0.0409013	0.672501	0.645591	0.450299	-0.599924	0.143299	0.117975	0.843724	-0.351025	0.388579	0.124907	0.738102	0.111985	0.6535	0.500404	0.636114	-0.301388	0.504103
0.0475815	0.752044	-0.426102	0.500602	0.0256304	0.643156	-0.385779	0.66096	0.505753	-0.130231	-0.601483	0.604542	0.193554	-0.486881	-0.640308	0.561685	-0.072589	-0.0835025	0.238284	0.964873	0.715522	-0.165173	0.0436693	0.677377	0.642173	0.45522	-0.599132	0.146388	0.110123	0.846477	-0.346363	0.389078	0.133407	0.7332	0.107501	0.658075	0.506102	0.630672	-0.309859	0.500101
0.0497201	0.74966	-0.426897	0.503287	0.0218419	0.643938	-0.386795	0.659739	0.502688	-0.130324	-0.604708	0.603862	0.189586	-0.488215	-0.642133	0.559794	-0.0756403	-0.0821938	0.233327	0.965961	0.712403	-0.161748	0.0438016	0.681469	0.64212	0.455481	-0.599476	0.144384	0.112605	0.845737	-0.349619	0.387061	0.12982	0.736696	0.107362	0.654904	0.508914	0.627598	-0.313911	0.498585
0.0486854	0.751763	-0.430407	0.497225	0.0211465	0.642134	-0.388423	0.660564	0.498437	-0.131326	-0.609167	0.602685	0.187267	-0.488408	-0.644408	0.557787	-0.0793301	-0.0838061	0.230767	0.966142	0.709724	-0.158555	0.0423729	0.685096	0.641534	0.456208	-0.599818	0.143273	0.112756	0.845253	-0.351598	0.38628	0.132561	0.73719	0.102121	0.654637	0.508914	0.626389	-0.314905	0.499478
0.0453006	0.754555	-0.433046	0.490985	0.020457	0.642085	-0.391928	0.65856	0.495664	-0.131678	-0.610722	0.603321	0.186313	-0.486834	-0.646335	0.557252	-0.0830232	-0.0856511	0.228865	0.966122	0.707204	-0.157429	0.040036	0.688096	0.641476	0.45694	-0.599629	0.141984	0.113181	0.84503	-0.352999	0.385364	0.132148	0.736279	0.101696	0.655811	0.511468	0.622811	-0.319933	0.498147
0.042608	0.75275	-0.437913	0.489677	0.016841	0.64337	-0.396391	0.654726	0.492687	-0.130424	-0.609675	0.607079	0.186722	-0.482881	-0.648985	0.557476	-0.0841377	-0.0885541	0.220539	0.967699	0.705501	-0.152565	0.0351434	0.6912	0.64251	0.456709	-0.599493	0.138584	0.116454	0.844524	-0.356759	0.382021	0.138334	0.741458	0.092826	0.64999	0.521749	0.609376	-0.337682	0.492352
0.041549	0.75458	-0.442125	0.483122	0.0175681	0.643155	-0.399382	0.653098	0.490847	-0.131219	-0.612259	0.605797	0.186411	-0.48263	-0.650509	0.556019	-0.0851945	-0.0895127	0.217216	0.96827	0.705583	-0.148632	0.0331624	0.69207	0.644424	0.453134	-0.601154	0.134165	0.11908	0.842696	-0.360598	0.381646	0.143279	0.742654	0.0850046	0.648621	0.527102	0.603109	-0.346455	0.488253
0.0405832	0.756072	-0.446188	0.477101	0.0177308	0.645689	-0.404045	0.647703	0.488928	-0.130321	-0.614751	0.605019	0.185038	-0.482874	-0.652407	0.554039	-0.086909	-0.0881424	0.214022	0.968954	0.704915	-0.144691	0.0327566	0.693604	0.644424	0.453134	-0.601154	0.134165	0.11908	0.842696	-0.360598	0.381646	0.143249	0.744325	0.0809362	0.647232	0.532167	0.597174	-0.354857	0.484001
0.03979	0.755144	-0.449745	0.475293	0.0165303	0.647554	-0.408198	0.643253	0.487487	-0.129476	-0.616657	0.604423	0.184172	-0.482278	-0.654196	0.552735	-0.0875367	-0.0844911	0.209084	0.9703	0.704369	-0.139385	0.0343957	0.695164	0.645661	0.451178	-0.601923	0.131336	0.122634	0.841054	-0.363901	0.381006	0.147341	0.746564	0.0734399	0.644623	0.538239	0.590021	-0.365815	0.477863
0.0383367	0.755913	-0.457246	0.46696	0.0156981	0.648887	-0.415691	0.637103	0.486917	-0.127143	-0.617748	0.604263	0.18473	-0.479732	-0.65691	0.551544	-0.0888924	-0.0743813	0.200415	0.972831	0.703633	-0.126361	0.0406847	0.698053	0.646006	0.448202	-0.604737	0.12682	0.124664	0.838419	-0.368772	0.38147	0.151166	0.749049	0.0642763	0.641828	0.557217	0.566222	-0.395838	0.460668
0.0358429	0.757038	-0.459881	0.462728	0.014716	0.652829	-0.418864	0.630992	0.487349	-0.125868	-0.618636	0.603273	0.185057	-0.47865	-0.657691	0.551444	-0.0899485	-0.0693572	0.19569	0.974066	0.703098	-0.121179	0.0432326	0.699356	0.646872	0.44506	-0.606866	0.123255	0.13161	0.833564	-0.379268	0.379481	0.155837	0.753697	0.0492385	0.636577	0.564209	0.555997	-0.408496	0.453505
0.0385196	0.758214	-0.465095	0.455318	0.0145898	0.658395	-0.423162	0.622284	0.488093	-0.121897	-0.618776	0.603342	0.186964	-0.476338	-0.659396	0.550766	-0.0894193	-0.0592497	0.186434	0.976594	0.702588	-0.110233	0.0494444	0.701266	0.650185	0.437624	-0.610874	0.112151	0.137833	0.830183	-0.38668	0.377196	0.160414	0.753906	0.0418781	0.635719	0.572594	0.539966	-0.424831	0.447316
0.0397435	0.759724	-0.466788	0.450942	0.0158222	0.661127	-0.424548	0.618401	0.487952	-0.120327	-0.618969	0.603574	0.18805	-0.474242	-0.659942	0.551551	-0.0898932	-0.0548711	0.184254	0.97722	0.702017	-0.106449	0.0524662	0.702202	0.65089	0.436107	-0.612025	0.107603	0.141666	0.827929	-0.392044	0.375188	0.165915	0.751421	0.0326235	0.637789	0.56977	0.54141	-0.424072	0.44989
0.0332325	0.760824	-0.467083	0.449307	0.013772	0.667523	-0.426157	0.610421	0.488371	-0.11861	-0.617511	0.605066	0.189721	-0.469945	-0.659427	0.55526	-0.0903166	-0.0432033	0.178913	0.978758	0.70097	-0.097795	0.060286	0.703877	0.64497	0.441413	-0.614191	0.109257	0.134501	0.827948	-0.391965	0.377855	0.159261	0.752059	0.0362314	0.638538	0.565057	0.543092	-0.424092	0.45377
0.0332325	0.760824	-0.467083	0.449307	0.013772	0.667523	-0.426157	0.610421	0.489448	-0.116658	-0.615391	0.606733	0.189721	-0.469945	-0.659427	0.55526	-0.0903166	-0.0432033	0.178913	0.978758	0.70097	-0.097795	0.060286	0.703877	0.64497	0.441413	-0.614191	0.109257	0.134501	0.827948	-0.391965	0.377855	0.152717	0.753118	0.0384913	0.638756	0.565057	0.543092	-0.424092	0.45377
0.0302885	0.762423	-0.467505	0.446355	0.0118733	0.668899	-0.425822	0.609186	0.489544	-0.115568	-0.614736	0.607528	0.190119	-0.468518	-0.659492	0.556252	-0.0903166	-0.0432033	0.178913	0.978758	0.700951	-0.093919	0.0636083	0.704131	0.642943	0.442881	-0.614961	0.11092	0.13146	0.828157	-0.391458	0.378991	0.149416	0.75337	0.0390191	0.639208	0.562613	0.544142	-0.424442	0.45522
0.0253722	0.761947	-0.468149	0.446799	0.00690364	0.673859	-0.426645	0.603192	0.486692	-0.113058	-0.61706	0.607936	0.18932	-0.465421	-0.661745	0.556449	-0.0916305	-0.0305092	0.167989	0.981047	0.700322	-0.0841699	0.0681261	0.705566	0.638423	0.446204	-0.617417	0.110065	0.126325	0.827447	-0.392311	0.381398	0.144194	0.751431	0.0402311	0.642604	0.55563	0.549137	-0.427728	0.454723
0.023214	0.762998	-0.469194	0.444019	0.00603507	0.674877	-0.427431	0.601504	0.486692	-0.113058	-0.61706	0.607936	0.1897	-0.462978	-0.662109	0.557921	-0.0935327	-0.028997	0.166548	0.981159	0.699327	-0.0811622	0.0689859	0.706821	0.637015	0.446317	-0.618957	0.10911	0.125593	0.826597	-0.394292	0.381443	0.142636	0.750418	0.0383774	0.644248	0.553716	0.549993	-0.429236	0.454601
0.0193417	0.762614	-0.470651	0.44332	0.00427591	0.67743	-0.428874	0.59761	0.489217	-0.107607	-0.614454	0.609535	0.192092	-0.458196	-0.66184	0.56136	-0.0967336	-0.025935	0.16237	0.981634	0.696442	-0.0761951	0.0706626	0.710049	0.632751	0.448266	-0.62237	0.106482	0.122895	0.824463	-0.398297	0.382777	0.139228	0.748732	0.0345903	0.647162	0.549224	0.552262	-0.432476	0.454229
0.018388	0.762343	-0.471771	0.442636	0.00425742	0.678158	-0.429311	0.596469	0.490577	-0.105677	-0.613344	0.609898	0.19327	-0.457032	-0.661601	0.562185	-0.0967336	-0.025935	0.16237	0.981634	0.695451	-0.0733431	0.0717682	0.711209	0.631737	0.447898	-0.624203	0.103281	0.123231	0.822853	-0.40164	0.382638	0.138459	0.747461	0.0313179	0.64896	0.54734	0.552898	-0.43496	0.453356
0.0150349	0.763049	-0.474251	0.438882	0.00421916	0.680132	-0.429938	0.593765	0.491666	-0.104918	-0.613085	0.609413	0.19556	-0.456239	-0.661214	0.562493	-0.0990062	-0.0198704	0.158395	0.982199	0.693875	-0.0704305	0.0747833	0.71273	0.628747	0.447492	-0.628413	0.0975985	0.123493	0.819336	-0.408465	0.382877	0.138645	0.744883	0.0254731	0.652133	0.543134	0.554287	-0.441564	0.450325
0.0144984	0.762302	-0.475884	0.438428	0.00485138	0.680776	-0.430634	0.592516	0.491958	-0.104184	-0.612684	0.609707	0.195753	-0.456019	-0.661346	0.562449	-0.0987942	-0.0171359	0.158389	0.982272	0.693818	-0.0689039	0.0770287	0.712696	0.628747	0.447492	-0.628413	0.0975985	0.123493	0.819336	-0.408465	0.382877	0.139777	0.743061	0.0208476	0.654132	0.541392	0.554356	-0.445249	0.448706
0.01214	0.760715	-0.477958	0.438999	0.00569442	0.682642	-0.431664	0.589605	0.492376	-0.104021	-0.611841	0.610242	0.1957	-0.45515	-0.660611	0.564033	-0.0977671	-0.0117257	0.158056	0.982508	0.694722	-0.0665185	0.0820759	0.711477	0.622293	0.447425	-0.635465	0.0935256	0.119053	0.815864	-0.415486	0.384139	0.136307	0.739419	0.0143405	0.659146	0.536845	0.555138	-0.451864	0.446585
