FULLBODY	1																																						
Frames:	150																																						
0.411468	0.576445	-0.453424	0.541121	0.451599	0.542106	-0.432665	0.561231	0.708334	0.233979	-0.5805	0.326398	0.682365	0.0945695	-0.670493	0.275452	0.00946441	0.647157	0.0471226	0.76084	0.0899823	0.646608	0.181079	0.735535	0.699715	0.12937	-0.695359	0.100692	0.41114	0.594572	-0.45495	0.520067	0.0521013	0.736431	-0.118341	0.664041	0.387762	0.638965	-0.448916	0.489733
0.406453	0.583126	-0.454324	0.536982	0.438519	0.562786	-0.439356	0.545838	0.714595	0.256003	-0.571224	0.312282	0.683509	0.100063	-0.672389	0.265886	-0.00885867	0.653401	0.0244615	0.756565	0.0695018	0.654286	0.17542	0.73233	0.706247	0.125802	-0.688854	0.104257	0.448282	0.584211	-0.466287	0.490221	0.0501444	0.730191	-0.105103	0.673246	0.37714	0.641168	-0.447595	0.496315
0.404058	0.585439	-0.452437	0.537865	0.437237	0.564728	-0.437726	0.546169	0.714567	0.259489	-0.571253	0.309402	0.686475	0.108578	-0.670797	0.258832	-0.0122495	0.653859	0.0263586	0.756058	0.065937	0.654012	0.178741	0.732101	0.707368	0.123847	-0.688294	0.102679	0.446588	0.585191	-0.465692	0.491164	0.0500992	0.728968	-0.101608	0.675109	0.376984	0.642402	-0.449295	0.493292
0.404058	0.585439	-0.452437	0.537865	0.437237	0.564728	-0.437726	0.546169	0.714567	0.259489	-0.571253	0.309402	0.686475	0.108578	-0.670797	0.258832	-0.0122495	0.653859	0.0263586	0.756058	0.065937	0.654012	0.178741	0.732101	0.707368	0.123847	-0.688294	0.102679	0.446588	0.585191	-0.465692	0.491164	0.0500992	0.728968	-0.101608	0.675109	0.376984	0.642402	-0.449295	0.493292
0.40285	0.58676	-0.451655	0.537989	0.436916	0.565432	-0.436818	0.546427	0.714583	0.261246	-0.571121	0.308127	0.688079	0.112561	-0.669815	0.255394	-0.0143946	0.654074	0.0274787	0.755794	0.0639569	0.65394	0.180917	0.731807	0.708	0.122965	-0.687863	0.102274	0.446054	0.585469	-0.465575	0.491428	0.0507498	0.727751	-0.099751	0.676648	0.377675	0.642671	-0.45078	0.491054
0.400549	0.589181	-0.450664	0.537893	0.435495	0.567869	-0.436013	0.545676	0.715058	0.264931	-0.569763	0.306389	0.691103	0.12092	-0.667162	0.250299	-0.0181082	0.654719	0.0283543	0.755123	0.0611499	0.653858	0.185042	0.731088	0.708771	0.122314	-0.687112	0.102766	0.44551	0.585964	-0.465205	0.491683	0.0528787	0.727882	-0.0984405	0.676537	0.379272	0.642953	-0.452513	0.487848
0.400118	0.589812	-0.450378	0.537761	0.43494	0.568992	-0.435897	0.54504	0.715205	0.267586	-0.568445	0.306185	0.692271	0.124896	-0.665645	0.249156	-0.0195636	0.654728	0.0276539	0.755105	0.0606567	0.653809	0.186818	0.730721	0.709293	0.121308	-0.686753	0.102754	0.445428	0.586322	-0.464944	0.491577	0.0543506	0.728094	-0.098846	0.676133	0.380627	0.642745	-0.453487	0.48616
0.400107	0.590262	-0.450249	0.537383	0.43494	0.568992	-0.435897	0.54504	0.715205	0.267586	-0.568445	0.306185	0.692849	0.127734	-0.66454	0.249061	-0.0195636	0.654728	0.0276539	0.755105	0.0606567	0.653809	0.186818	0.730721	0.710053	0.120216	-0.686145	0.102853	0.445614	0.586678	-0.464687	0.491226	0.0543506	0.728094	-0.098846	0.676133	0.382346	0.642378	-0.454471	0.484374
0.400146	0.590701	-0.450365	0.536774	0.434191	0.571458	-0.435944	0.543016	0.716386	0.272499	-0.565086	0.305309	0.692849	0.127734	-0.66454	0.249061	-0.0233852	0.654417	0.0276844	0.755265	0.0612368	0.653847	0.189409	0.729972	0.71052	0.119812	-0.685642	0.10345	0.445881	0.587092	-0.464239	0.490912	0.0578809	0.728057	-0.0998813	0.675727	0.383752	0.642285	-0.454705	0.483163
0.399943	0.591212	-0.450269	0.536444	0.433966	0.572742	-0.435812	0.541948	0.717755	0.273848	-0.563428	0.303947	0.69213	0.129317	-0.664349	0.250747	-0.0241657	0.654266	0.027589	0.755374	0.0616642	0.653695	0.189652	0.730009	0.711182	0.119583	-0.684862	0.104325	0.446314	0.587503	-0.463778	0.490464	0.0586506	0.728704	-0.0996797	0.674993	0.385244	0.642245	-0.454696	0.482038
0.399898	0.59164	-0.449732	0.536455	0.433966	0.572742	-0.435812	0.541948	0.717755	0.273848	-0.563428	0.303947	0.690943	0.12652	-0.665652	0.251989	-0.0241657	0.654266	0.027589	0.755374	0.0616642	0.653695	0.189652	0.730009	0.712063	0.119425	-0.683792	0.105508	0.447023	0.587804	-0.463374	0.489838	0.0586506	0.728704	-0.0996797	0.674993	0.386971	0.642173	-0.454814	0.480636
0.39991	0.592113	-0.449182	0.536385	0.434335	0.575117	-0.435221	0.539607	0.721761	0.275834	-0.560839	0.297382	0.689009	0.120548	-0.667773	0.254586	-0.0219565	0.653433	0.0250988	0.756249	0.0619553	0.652572	0.189863	0.730933	0.71283	0.119895	-0.682592	0.107553	0.447737	0.588163	-0.462854	0.489246	0.0595886	0.730171	-0.0975377	0.673637	0.388567	0.642364	-0.454748	0.479154
0.400327	0.593279	-0.449352	0.534641	0.434904	0.576165	-0.435006	0.538203	0.724179	0.275965	-0.560483	0.292005	0.683318	0.0964012	-0.674281	0.262922	-0.0206488	0.652849	0.0249205	0.756796	0.0617633	0.651745	0.190673	0.731476	0.714855	0.120156	-0.679695	0.112072	0.449579	0.589006	-0.461262	0.488045	0.0612257	0.730825	-0.0963328	0.672954	0.392908	0.642537	-0.45487	0.47525
0.400327	0.593279	-0.449352	0.534641	0.43555	0.57721	-0.434999	0.536564	0.726839	0.274423	-0.561019	0.285753	0.683318	0.0964012	-0.674281	0.262922	-0.0186613	0.651657	0.0247565	0.75788	0.0622926	0.650439	0.190943	0.732522	0.714855	0.120156	-0.679695	0.112072	0.449579	0.589006	-0.461262	0.488045	0.0635058	0.731214	-0.0952994	0.672467	0.392908	0.642537	-0.45487	0.47525
0.402832	0.593533	-0.450569	0.531445	0.438027	0.578728	-0.436239	0.531885	0.734327	0.26729	-0.560481	0.27419	0.675045	0.0601314	-0.680486	0.278636	-0.0129129	0.647963	0.0220296	0.761243	0.0702655	0.64507	0.192052	0.736249	0.717338	0.117081	-0.677261	0.114173	0.453619	0.58847	-0.460321	0.485837	0.0655547	0.733524	-0.0922416	0.670177	0.398341	0.642322	-0.4546	0.47126
0.404368	0.593709	-0.451243	0.529505	0.439104	0.579874	-0.437545	0.528667	0.738515	0.262235	-0.56022	0.268296	0.669674	0.0368724	-0.683492	0.288126	-0.0118187	0.645419	0.0232063	0.763385	0.0763094	0.641371	0.195971	0.737845	0.718933	0.113651	-0.676207	0.113851	0.45612	0.587951	-0.459827	0.48459	0.0655547	0.733524	-0.0922416	0.670177	0.40264	0.641116	-0.455359	0.468508
0.404368	0.593709	-0.451243	0.529505	0.439104	0.579874	-0.437545	0.528667	0.738515	0.262235	-0.56022	0.268296	0.669674	0.0368724	-0.683492	0.288126	-0.0118187	0.645419	0.0232063	0.763385	0.0763094	0.641371	0.195971	0.737845	0.718933	0.113651	-0.676207	0.113851	0.45612	0.587951	-0.459827	0.48459	0.0669399	0.735082	-0.0914387	0.66844	0.40264	0.641116	-0.455359	0.468508
0.409214	0.593451	-0.453708	0.523935	0.441593	0.581211	-0.440525	0.522616	0.746513	0.25007	-0.559668	0.258756	0.655898	-0.0105428	-0.685711	0.315417	-0.00628924	0.636817	0.025139	0.77058	0.0957105	0.631863	0.206244	0.74098	0.72231	0.105211	-0.674046	0.113404	0.461371	0.586769	-0.458257	0.482534	0.0729296	0.73769	-0.0934466	0.664652	0.41185	0.638371	-0.45618	0.463424
0.415348	0.593135	-0.45694	0.516606	0.443764	0.583304	-0.44415	0.515326	0.753789	0.237731	-0.557056	0.254903	0.638742	-0.0607435	-0.68096	0.353004	0.0033477	0.626084	0.0295327	0.779189	0.125262	0.615519	0.225483	0.744717	0.725511	0.0961201	-0.671883	0.113878	0.467338	0.584838	-0.456498	0.480801	0.0793734	0.739062	-0.0938768	0.662325	0.422431	0.634707	-0.457935	0.45716
0.417642	0.593553	-0.458123	0.513219	0.445073	0.584469	-0.446019	0.511248	0.757729	0.229909	-0.555	0.25488	0.629017	-0.0859946	-0.675914	0.374276	0.0103623	0.619287	0.0345617	0.784335	0.144756	0.604891	0.2353	0.746851	0.727198	0.0912498	-0.670631	0.114502	0.470273	0.583928	-0.455357	0.480127	0.0837011	0.739116	-0.0937421	0.661751	0.42738	0.633036	-0.458178	0.454627
0.42236	0.594617	-0.46174	0.504815	0.44708	0.587481	-0.45022	0.502282	0.76662	0.20729	-0.549805	0.258921	0.606362	-0.136394	-0.660793	0.420803	0.0292325	0.603779	0.0461045	0.79528	0.189476	0.57828	0.259891	0.749765	0.730187	0.0800698	-0.668695	0.115169	0.476874	0.581313	-0.452952	0.479062	0.0904265	0.739908	-0.0929023	0.660097	0.436796	0.629657	-0.457717	0.450818
0.424455	0.595471	-0.463618	0.50031	0.448701	0.58851	-0.452119	0.497908	0.772057	0.193311	-0.545414	0.262836	0.593522	-0.159901	-0.650286	0.446421	0.0399603	0.595726	0.0540453	0.800371	0.214019	0.562992	0.274595	0.749555	0.731876	0.0742976	-0.667533	0.115053	0.481508	0.578573	-0.452505	0.478165	0.0919945	0.740693	-0.0913008	0.659223	0.441271	0.628055	-0.457117	0.4493
0.424455	0.595471	-0.463618	0.50031	0.448701	0.58851	-0.452119	0.497908	0.772057	0.193311	-0.545414	0.262836	0.593522	-0.159901	-0.650286	0.446421	0.0399603	0.595726	0.0540453	0.800371	0.214019	0.562992	0.274595	0.749555	0.733525	0.0689146	-0.666359	0.11471	0.486733	0.575224	-0.452064	0.477333	0.0919945	0.740693	-0.0913008	0.659223	0.441271	0.628055	-0.457117	0.4493
0.428395	0.597589	-0.468295	0.489964	0.451179	0.590973	-0.456452	0.488713	0.782018	0.162044	-0.535745	0.274166	0.56619	-0.204652	-0.622644	0.49986	0.0638236	0.57962	0.0722784	0.809162	0.266965	0.528243	0.305597	0.745855	0.735156	0.0634927	-0.665244	0.113861	0.49229	0.571447	-0.451184	0.477003	0.0986335	0.740059	-0.0906896	0.65906	0.45005	0.624632	-0.455863	0.446629
0.431477	0.597637	-0.470897	0.484679	0.452246	0.592022	-0.458831	0.484209	0.786548	0.145879	-0.529554	0.282194	0.550948	-0.225066	-0.606671	0.527023	0.0756783	0.571787	0.0832573	0.81265	0.293788	0.509843	0.321397	0.741925	0.738696	0.0510778	-0.663131	0.109438	0.504409	0.562655	-0.449995	0.475915	0.102777	0.739853	-0.0916652	0.658522	0.453973	0.622984	-0.454941	0.445902
0.43836	0.59656	-0.476843	0.473896	0.455097	0.592539	-0.463729	0.476171	0.7934	0.113523	-0.517404	0.29987	0.518248	-0.261688	-0.571835	0.579606	0.0994699	0.557705	0.105839	0.817232	0.345948	0.472907	0.354437	0.728734	0.739835	0.0432279	-0.663179	0.104737	0.511048	0.557388	-0.45069	0.47437	0.109376	0.740306	-0.0947723	0.656508	0.462586	0.618451	-0.454039	0.444276
0.441697	0.595987	-0.480341	0.467949	0.457021	0.592241	-0.466228	0.472243	0.795861	0.0954744	-0.51221	0.308433	0.500966	-0.278919	-0.553671	0.603892	0.112607	0.550248	0.116429	0.81914	0.372057	0.454136	0.368766	0.720656	0.742605	0.0273411	-0.662311	0.0955736	0.521263	0.548738	-0.453455	0.470691	0.113174	0.740408	-0.0974358	0.655358	0.467259	0.615528	-0.454357	0.443119
0.444997	0.595224	-0.483718	0.46228	0.45882	0.59205	-0.468812	0.468162	0.797687	0.0775167	-0.506783	0.317581	0.483311	-0.295294	-0.535765	0.626233	0.125838	0.543215	0.126801	0.820368	0.39757	0.435064	0.382313	0.711684	0.742605	0.0273411	-0.662311	0.0955736	0.521263	0.548738	-0.453455	0.470691	0.118205	0.740275	-0.100857	0.654102	0.472279	0.612068	-0.455413	0.441502
0.447762	0.594568	-0.486394	0.457624	0.460812	0.591566	-0.471181	0.464425	0.798871	0.0608268	-0.501396	0.326662	0.465243	-0.30964	-0.517739	0.64778	0.139024	0.536574	0.135139	0.821278	0.421859	0.416558	0.395172	0.701679	0.744254	0.0200722	-0.661448	0.0903855	0.523885	0.546418	-0.456862	0.467171	0.123829	0.739925	-0.104337	0.652909	0.476564	0.609019	-0.456263	0.440235
0.449649	0.594474	-0.488692	0.453428	0.462869	0.590895	-0.473426	0.460938	0.799119	0.045244	-0.496719	0.335608	0.446798	-0.32284	-0.500209	0.667785	0.151836	0.530138	0.14238	0.821966	0.445092	0.399429	0.40732	0.690246	0.747849	0.0116287	-0.65884	0.0807236	0.528712	0.542762	-0.467938	0.45487	0.128951	0.740002	-0.107153	0.651373	0.479953	0.606531	-0.456504	0.439738
0.452671	0.59431	-0.493422	0.445443	0.466673	0.589364	-0.477745	0.454562	0.79841	0.01381	-0.48829	0.352028	0.410104	-0.345327	-0.465699	0.704051	0.174536	0.518505	0.158965	0.821839	0.489411	0.366276	0.428738	0.665209	0.750304	0.00977714	-0.656777	0.0747877	0.529243	0.543872	-0.4731	0.447528	0.134955	0.740154	-0.111072	0.649324	0.484109	0.603328	-0.454653	0.441502
0.454018	0.594255	-0.495676	0.441627	0.46865	0.588282	-0.479301	0.452286	0.797632	-0.000895909	-0.484411	0.359344	0.390623	-0.355244	-0.450365	0.719991	0.184344	0.513837	0.170251	0.820368	0.510552	0.349896	0.438026	0.651953	0.755614	0.00703097	-0.652382	0.0582638	0.527249	0.550145	-0.484321	0.429863	0.135589	0.740471	-0.111821	0.648702	0.485534	0.602104	-0.453222	0.443077
0.455221	0.594219	-0.498127	0.437661	0.470196	0.587406	-0.480945	0.450069	0.796767	-0.0159294	-0.480753	0.365767	0.370988	-0.363657	-0.435776	0.734997	0.194152	0.508753	0.179046	0.819401	0.53068	0.333933	0.446519	0.638348	0.755614	0.00703097	-0.652382	0.0582638	0.527249	0.550145	-0.484321	0.429863	0.136108	0.740731	-0.11285	0.648118	0.487482	0.600308	-0.45232	0.444295
0.456052	0.594307	-0.500756	0.433658	0.471824	0.586181	-0.482506	0.448288	0.795038	-0.0301523	-0.478163	0.371975	0.351538	-0.370508	-0.422266	0.74889	0.203872	0.503935	0.18603	0.818461	0.55044	0.318327	0.45411	0.624074	0.758576	0.00757921	-0.649603	0.0501972	0.525391	0.553981	-0.491934	0.418414	0.138212	0.740891	-0.115478	0.647026	0.489587	0.598263	-0.451715	0.445352
0.456919	0.594253	-0.503741	0.42934	0.474631	0.583577	-0.486425	0.444471	0.790628	-0.0537659	-0.472665	0.385491	0.332474	-0.376542	-0.408613	0.762045	0.222565	0.494235	0.19618	0.817135	0.588343	0.288108	0.466584	0.594261	0.761432	0.00807815	-0.646861	0.041566	0.51873	0.563282	-0.509884	0.391983	0.145973	0.739902	-0.123016	0.645061	0.491669	0.596199	-0.451344	0.446203
0.458614	0.593884	-0.510144	0.420392	0.475791	0.58222	-0.488621	0.442598	0.787554	-0.065851	-0.470894	0.392021	0.293276	-0.386451	-0.385611	0.784824	0.231338	0.489693	0.200552	0.816371	0.605744	0.273815	0.472269	0.578846	0.767505	0.00863686	-0.640644	0.0208872	0.512917	0.569508	-0.519476	0.377785	0.151476	0.738838	-0.127369	0.644167	0.497132	0.591112	-0.452511	0.445735
0.459219	0.593724	-0.51301	0.41645	0.476705	0.580924	-0.490684	0.441032	0.784184	-0.0769718	-0.468921	0.399054	0.273778	-0.390096	-0.374885	0.795193	0.239135	0.485309	0.20472	0.815708	0.622535	0.259841	0.47724	0.563182	0.770844	0.00869375	-0.636892	0.00959421	0.49827	0.582534	-0.541483	0.345222	0.155616	0.738249	-0.130327	0.643263	0.499408	0.588958	-0.453133	0.445411
0.461565	0.591924	-0.519073	0.408835	0.4785	0.577904	-0.494701	0.438561	0.780539	-0.0866143	-0.467064	0.406334	0.233766	-0.394767	-0.358553	0.81299	0.252559	0.477406	0.215546	0.813534	0.653859	0.233349	0.485006	0.531777	0.776149	0.0102947	-0.630345	-0.0123133	0.490244	0.588344	-0.553554	0.327244	0.158905	0.737436	-0.132197	0.64301	0.503929	0.584846	-0.45526	0.443565
0.461565	0.591924	-0.519073	0.408835	0.4785	0.577904	-0.494701	0.438561	0.780539	-0.0866143	-0.467064	0.406334	0.233766	-0.394767	-0.358553	0.81299	0.252559	0.477406	0.215546	0.813534	0.653859	0.233349	0.485006	0.531777	0.776149	0.0102947	-0.630345	-0.0123133	0.490244	0.588344	-0.553554	0.327244	0.162015	0.736364	-0.133336	0.643227	0.503929	0.584846	-0.45526	0.443565
0.462701	0.590866	-0.521969	0.40538	0.479295	0.57636	-0.496577	0.437603	0.780539	-0.0866143	-0.467064	0.406334	0.21402	-0.395943	-0.351766	0.820783	0.260377	0.473979	0.219493	0.812017	0.667697	0.221484	0.488888	0.515863	0.778686	0.0122043	-0.626884	-0.0227193	0.481386	0.594153	-0.565518	0.308931	0.165738	0.735308	-0.134182	0.64331	0.50556	0.583354	-0.456111	0.442797
0.463516	0.589471	-0.527085	0.399823	0.480172	0.57361	-0.500492	0.435792	0.762078	-0.118747	-0.461239	0.438628	0.176655	-0.396838	-0.340156	0.83403	0.274812	0.467842	0.227706	0.808549	0.69321	0.197421	0.494284	0.485972	0.783291	0.0168429	-0.619895	-0.0436053	0.462563	0.6057	-0.586878	0.273382	0.169387	0.734029	-0.134809	0.643689	0.5029	0.585451	-0.45263	0.446615
0.46385	0.588735	-0.529157	0.397778	0.480613	0.572188	-0.502412	0.434966	0.762078	-0.118747	-0.461239	0.438628	0.158944	-0.397334	-0.335027	0.839416	0.281915	0.46531	0.231529	0.806477	0.704624	0.186462	0.496934	0.470949	0.785235	0.0205603	-0.616559	-0.0532765	0.443009	0.616588	-0.603876	0.242686	0.172995	0.732648	-0.135615	0.644134	0.498464	0.589189	-0.448094	0.451222
0.464262	0.587123	-0.532905	0.394665	0.482037	0.569039	-0.505677	0.433734	0.747665	-0.139696	-0.460178	0.45795	0.128008	-0.399013	-0.325935	0.847449	0.295902	0.461143	0.238174	0.801912	0.725093	0.167945	0.501452	0.441112	0.787935	0.0293465	-0.61099	-0.0706256	0.434839	0.620978	-0.610293	0.229877	0.181545	0.726768	-0.133396	0.648888	0.493529	0.59254	-0.443437	0.456825
0.463916	0.586315	-0.535592	0.392629	0.482793	0.567592	-0.507268	0.432931	0.747665	-0.139696	-0.460178	0.45795	0.114628	-0.400194	-0.321724	0.850411	0.302558	0.458783	0.240368	0.800125	0.735006	0.157979	0.502462	0.427015	0.788665	0.0342779	-0.608847	-0.0783433	0.42379	0.626098	-0.62014	0.209353	0.185555	0.724813	-0.133578	0.649902	0.493597	0.592005	-0.443434	0.457448
0.464873	0.583486	-0.540472	0.389007	0.484466	0.56396	-0.510905	0.431529	0.736018	-0.159101	-0.461947	0.468582	0.0929462	-0.403143	-0.313876	0.854587	0.312583	0.456624	0.248328	0.795059	0.752474	0.141872	0.504065	0.399466	0.789312	0.041288	-0.605547	-0.0927111	0.420822	0.626562	-0.623973	0.202451	0.190166	0.722849	-0.134365	0.650594	0.495113	0.589297	-0.444999	0.457786
0.465564	0.581671	-0.543	0.387375	0.485566	0.562024	-0.512587	0.430823	0.732921	-0.16442	-0.462607	0.470944	0.084317	-0.404768	-0.310332	0.856007	0.319143	0.454447	0.248836	0.793541	0.76046	0.133641	0.503941	0.387149	0.789161	0.0431518	-0.604591	-0.0991616	0.419439	0.625899	-0.627085	0.1977	0.202028	0.717473	-0.137264	0.652362	0.495514	0.587892	-0.445325	0.45884
0.467394	0.577	-0.54895	0.383755	0.488232	0.558025	-0.51628	0.428593	0.730116	-0.169235	-0.463269	0.472939	0.0715601	-0.408374	-0.302952	0.858097	0.329175	0.45114	0.252448	0.790181	0.76838	0.126438	0.503449	0.374358	0.786687	0.0431433	-0.605719	-0.111209	0.422463	0.621986	-0.62975	0.195122	0.20813	0.714484	-0.139158	0.653321	0.495572	0.585033	-0.444981	0.462749
0.467394	0.577	-0.54895	0.383755	0.488232	0.558025	-0.51628	0.428593	0.727629	-0.173726	-0.463813	0.474608	0.0715601	-0.408374	-0.302952	0.858097	0.329175	0.45114	0.252448	0.790181	0.775834	0.11952	0.503406	0.361079	0.786687	0.0431433	-0.605719	-0.111209	0.422463	0.621986	-0.62975	0.195122	0.20813	0.714484	-0.139158	0.653321	0.495572	0.585033	-0.444981	0.462749
0.469118	0.571766	-0.553889	0.382386	0.491922	0.553469	-0.519938	0.425852	0.723871	-0.182273	-0.464922	0.476061	0.0634431	-0.412454	-0.296267	0.859117	0.33727	0.449075	0.257051	0.786451	0.789599	0.103453	0.503702	0.334836	0.782157	0.0433348	-0.610106	-0.11884	0.43237	0.614692	-0.626955	0.205273	0.224376	0.705608	-0.142375	0.656888	0.4965	0.580868	-0.44612	0.465895
0.470508	0.566175	-0.558056	0.382939	0.495003	0.550013	-0.523308	0.422619	0.721109	-0.189348	-0.465823	0.47661	0.0580935	-0.41643	-0.290084	0.859688	0.34357	0.447987	0.26577	0.78143	0.800155	0.0876214	0.505165	0.31126	0.776063	0.0415817	-0.617322	-0.122109	0.436975	0.608057	-0.625121	0.220325	0.234838	0.699184	-0.142471	0.660072	0.498433	0.575365	-0.44896	0.467925
0.469281	0.562371	-0.560092	0.387055	0.497371	0.546452	-0.527169	0.419649	0.71981	-0.19255	-0.466399	0.476729	0.053149	-0.419886	-0.284728	0.860117	0.347979	0.44734	0.273051	0.777329	0.804325	0.078016	0.506017	0.301533	0.769815	0.0485647	-0.625463	-0.11757	0.438854	0.602731	-0.626057	0.228417	0.239435	0.696356	-0.141618	0.661591	0.500926	0.568753	-0.452754	0.469689
0.469281	0.562371	-0.560092	0.387055	0.497371	0.546452	-0.527169	0.419649	0.71981	-0.19255	-0.466399	0.476729	0.053149	-0.419886	-0.284728	0.860117	0.347979	0.44734	0.273051	0.777329	0.804325	0.078016	0.506017	0.301533	0.769815	0.0485647	-0.625463	-0.11757	0.438854	0.602731	-0.626057	0.228417	0.239435	0.696356	-0.141618	0.661591	0.500926	0.568753	-0.452754	0.469689
0.46908	0.560058	-0.560739	0.389707	0.498722	0.544262	-0.528638	0.419043	0.717139	-0.199426	-0.467227	0.477116	0.0509433	-0.421666	-0.281975	0.860286	0.34987	0.447298	0.27667	0.775222	0.810568	0.0642276	0.508531	0.283286	0.766467	0.0508081	-0.629426	-0.117348	0.439708	0.601165	-0.62511	0.233444	0.247152	0.691116	-0.14046	0.664489	0.502347	0.564966	-0.454752	0.470809
0.470219	0.554588	-0.562362	0.393797	0.502058	0.538649	-0.530614	0.419813	0.7144	-0.206519	-0.467976	0.477474	0.0455675	-0.424481	-0.277029	0.860811	0.352757	0.446514	0.283192	0.772004	0.81491	0.0511995	0.510565	0.269487	0.760408	0.0554428	-0.636182	-0.11823	0.446246	0.594146	-0.624918	0.239441	0.25421	0.68674	-0.141171	0.666211	0.51286	0.549698	-0.466698	0.465833
0.471498	0.551521	-0.563407	0.395077	0.50361	0.535604	-0.532044	0.420041	0.713134	-0.209432	-0.467995	0.478079	0.0431083	-0.425376	-0.274681	0.861248	0.352851	0.446279	0.287209	0.770611	0.816734	0.0453553	0.510943	0.264245	0.757393	0.0571613	-0.639411	-0.119338	0.44962	0.590502	-0.624872	0.242247	0.259495	0.68408	-0.143003	0.666519	0.518584	0.541182	-0.473712	0.462374
0.473177	0.545438	-0.565724	0.398192	0.505486	0.529918	-0.535376	0.420764	0.711009	-0.215073	-0.467771	0.478957	0.0388813	-0.426817	-0.270336	0.86211	0.354187	0.443452	0.292087	0.769797	0.819187	0.0360244	0.510572	0.258748	0.751005	0.063975	-0.647022	-0.115156	0.45163	0.58614	-0.624249	0.250566	0.272346	0.677697	-0.147818	0.666861	0.52842	0.525325	-0.487261	0.455392
0.474067	0.540023	-0.568521	0.400524	0.506898	0.524656	-0.538894	0.421169	0.709854	-0.219441	-0.46677	0.479664	0.0370341	-0.42805	-0.265629	0.863043	0.356809	0.439892	0.293825	0.769967	0.820174	0.0302551	0.509489	0.258495	0.745902	0.0653142	-0.653294	-0.112122	0.450323	0.582651	-0.624923	0.259225	0.284	0.673873	-0.151596	0.665025	0.539382	0.50639	-0.504072	0.445586
0.474336	0.537411	-0.569702	0.402038	0.50761	0.522176	-0.540655	0.421137	0.709573	-0.221961	-0.466077	0.479596	0.0368968	-0.428817	-0.263119	0.863437	0.358068	0.437826	0.294848	0.770169	0.820499	0.0283533	0.508566	0.259496	0.744241	0.0640546	-0.655306	-0.112144	0.452328	0.578391	-0.627287	0.259566	0.289497	0.672873	-0.153539	0.663219	0.543716	0.49767	-0.51179	0.441327
0.475495	0.534172	-0.570766	0.403474	0.508551	0.519597	-0.542128	0.421298	0.709459	-0.224703	-0.465182	0.479356	0.0367143	-0.429641	-0.260269	0.863899	0.359532	0.435993	0.29529	0.770357	0.820383	0.0267293	0.508076	0.26099	0.743289	0.0617428	-0.65653	-0.112595	0.453475	0.575083	-0.629441	0.259699	0.295351	0.670443	-0.155871	0.662554	0.544931	0.49331	-0.515569	0.440323
0.479075	0.527291	-0.573613	0.404251	0.509654	0.516668	-0.543852	0.421346	0.709356	-0.227776	-0.464538	0.478682	0.0380696	-0.43258	-0.254666	0.864043	0.361264	0.432468	0.295558	0.771431	0.820271	0.025514	0.507327	0.262914	0.742396	0.0585612	-0.657973	-0.111759	0.454221	0.569891	-0.633397	0.260223	0.30048	0.666723	-0.157394	0.663641	0.53717	0.499342	-0.508186	0.4515
0.480034	0.524802	-0.574094	0.405668	0.511811	0.510844	-0.547555	0.421037	0.710043	-0.233388	-0.464308	0.47517	0.0392824	-0.434201	-0.252969	0.863674	0.361346	0.431489	0.295934	0.771796	0.820577	0.0262446	0.505384	0.265614	0.741729	0.0586359	-0.658817	-0.111173	0.456225	0.56656	-0.635357	0.259209	0.303544	0.661392	-0.156903	0.667685	0.533545	0.502288	-0.503768	0.457444
0.480002	0.522906	-0.573862	0.408473	0.512037	0.508802	-0.5491	0.421221	0.711017	-0.234867	-0.464714	0.472582	0.0409789	-0.435745	-0.252255	0.863026	0.361572	0.431036	0.295297	0.772188	0.820644	0.0267372	0.504714	0.266633	0.740909	0.0585449	-0.659678	-0.111582	0.457921	0.564342	-0.636273	0.258813	0.302125	0.660695	-0.154769	0.669514	0.530763	0.504126	-0.500209	0.462534
0.479965	0.521251	-0.573428	0.411232	0.512037	0.508802	-0.5491	0.421221	0.711017	-0.234867	-0.464714	0.472582	0.0409789	-0.435745	-0.252255	0.863026	0.361572	0.431036	0.295297	0.772188	0.820644	0.0267372	0.504714	0.266633	0.740035	0.058448	-0.660604	-0.111955	0.458614	0.56336	-0.636466	0.259247	0.302125	0.660695	-0.154769	0.669514	0.530763	0.504126	-0.500209	0.462534
0.480576	0.519652	-0.573263	0.412769	0.511782	0.505365	-0.551344	0.422735	0.713058	-0.238034	-0.466186	0.466433	0.0469235	-0.439816	-0.251709	0.860815	0.360969	0.430442	0.293812	0.773366	0.82121	0.0278649	0.50317	0.267689	0.739557	0.058541	-0.661228	-0.111378	0.45877	0.562721	-0.636564	0.260118	0.301681	0.659616	-0.154715	0.67079	0.52512	0.507259	-0.492523	0.473664
0.482056	0.516814	-0.573796	0.413864	0.511592	0.503801	-0.552482	0.423346	0.713771	-0.239473	-0.46682	0.463963	0.0505003	-0.443504	-0.249989	0.85922	0.361936	0.429003	0.291971	0.774411	0.821938	0.0288324	0.50204	0.267474	0.738244	0.0587531	-0.662698	-0.111241	0.460056	0.560529	-0.637002	0.261504	0.30282	0.658687	-0.155354	0.671042	0.522363	0.507212	-0.488193	0.481187
0.482569	0.51573	-0.573768	0.414657	0.510606	0.501862	-0.554251	0.424526	0.714099	-0.242511	-0.467592	0.461095	0.0511811	-0.445143	-0.248861	0.85866	0.362891	0.427634	0.291183	0.775017	0.823945	0.0291035	0.499175	0.26663	0.737182	0.0593169	-0.663848	-0.111128	0.460016	0.56016	-0.63679	0.262878	0.304287	0.658271	-0.157741	0.670229	0.521173	0.507201	-0.486438	0.484256
0.483085	0.514589	-0.573825	0.415395	0.510612	0.500786	-0.554752	0.425134	0.714026	-0.244253	-0.467935	0.45994	0.0521391	-0.446823	-0.247614	0.85809	0.364035	0.426091	0.291226	0.775314	0.825164	0.0283967	0.497519	0.266031	0.736392	0.0598927	-0.664702	-0.110954	0.459638	0.560055	-0.636518	0.264418	0.304516	0.658226	-0.158679	0.669948	0.519806	0.507595	-0.484831	0.486916
0.483255	0.513807	-0.574015	0.415901	0.510612	0.500786	-0.554752	0.425134	0.714026	-0.244253	-0.467935	0.45994	0.0533641	-0.448263	-0.246394	0.857614	0.364035	0.426091	0.291226	0.775314	0.825164	0.0283967	0.497519	0.266031	0.73577	0.0604626	-0.665284	-0.111283	0.461005	0.558458	-0.637043	0.264151	0.304516	0.658226	-0.158679	0.669948	0.518681	0.507882	-0.483906	0.488734
0.483441	0.513044	-0.57422	0.416344	0.510154	0.499448	-0.555757	0.425945	0.714123	-0.246347	-0.467948	0.458657	0.0545775	-0.449102	-0.245477	0.857362	0.367009	0.422968	0.291695	0.775446	0.827108	0.0259392	0.495135	0.26469	0.735033	0.0605655	-0.665886	-0.112492	0.462618	0.556906	-0.637453	0.263619	0.306905	0.656309	-0.158981	0.670666	0.517391	0.508576	-0.482991	0.490282
0.484318	0.511127	-0.574683	0.417042	0.50996	0.498876	-0.556134	0.426355	0.714464	-0.246733	-0.467819	0.45805	0.0571991	-0.449976	-0.244477	0.857019	0.367009	0.422968	0.291695	0.775446	0.827674	0.0246208	0.494433	0.26436	0.733957	0.0606613	-0.666763	-0.11425	0.463881	0.555346	-0.6378	0.263848	0.308379	0.654804	-0.159551	0.671326	0.516084	0.508991	-0.48294	0.491277
0.484523	0.510377	-0.575282	0.416899	0.509436	0.497684	-0.55743	0.426682	0.715898	-0.247483	-0.467658	0.455563	0.05914	-0.450345	-0.244581	0.856663	0.369693	0.419664	0.292673	0.775597	0.828849	0.0229144	0.492624	0.264209	0.733583	0.0606678	-0.667081	-0.114799	0.464721	0.554183	-0.638274	0.263671	0.310076	0.653989	-0.160416	0.671132	0.517001	0.507582	-0.48474	0.489997
0.48423	0.510027	-0.575729	0.417049	0.509144	0.497086	-0.558137	0.426804	0.715898	-0.247483	-0.467658	0.455563	0.0614634	-0.450848	-0.244946	0.856131	0.370106	0.418824	0.292632	0.77587	0.828849	0.0229144	0.492624	0.264209	0.733228	0.0606232	-0.667347	-0.115538	0.46546	0.553263	-0.638596	0.263518	0.310076	0.653989	-0.160416	0.671132	0.517854	0.506323	-0.486207	0.488945
0.483827	0.509875	-0.575901	0.417465	0.509144	0.497086	-0.558137	0.426804	0.716848	-0.247524	-0.467858	0.453839	0.0643954	-0.451625	-0.245195	0.855434	0.370106	0.418824	0.292632	0.77587	0.829364	0.0224542	0.491875	0.264026	0.732996	0.0606399	-0.667474	-0.116267	0.466383	0.552351	-0.639013	0.262787	0.310825	0.653993	-0.161455	0.670532	0.518988	0.504858	-0.487987	0.487482
0.483827	0.509875	-0.575901	0.417465	0.508763	0.496462	-0.558988	0.42687	0.716848	-0.247524	-0.467858	0.453839	0.0643954	-0.451625	-0.245195	0.855434	0.370516	0.418162	0.292354	0.776137	0.829364	0.0224542	0.491875	0.264026	0.732996	0.0606399	-0.667474	-0.116267	0.466383	0.552351	-0.639013	0.262787	0.310825	0.653993	-0.161455	0.670532	0.518988	0.504858	-0.487987	0.487482
0.483247	0.509575	-0.57668	0.417427	0.508	0.495245	-0.560276	0.427504	0.721679	-0.247569	-0.468661	0.445249	0.0732669	-0.454382	-0.245785	0.853088	0.37128	0.41665	0.29173	0.776819	0.830683	0.0222353	0.489256	0.264764	0.733218	0.0609512	-0.667106	-0.116818	0.465964	0.553248	-0.63847	0.262966	0.313245	0.65323	-0.163259	0.669712	0.522486	0.50117	-0.493022	0.482458
0.481361	0.510773	-0.577501	0.417009	0.505896	0.49447	-0.562223	0.428339	0.727238	-0.247976	-0.469558	0.434912	0.086491	-0.458673	-0.246951	0.849207	0.372645	0.415157	0.290447	0.777445	0.831498	0.0221491	0.487603	0.265262	0.733428	0.0629387	-0.666844	-0.115938	0.465495	0.554583	-0.637705	0.26284	0.315399	0.652845	-0.161904	0.669406	0.524971	0.499307	-0.497253	0.477323
0.480338	0.511707	-0.57761	0.416891	0.503814	0.494566	-0.563805	0.428602	0.730388	-0.247966	-0.470564	0.428504	0.0943003	-0.461495	-0.247844	0.846583	0.373031	0.414093	0.289785	0.778074	0.831966	0.0221845	0.486467	0.265878	0.733652	0.0635198	-0.666574	-0.11575	0.464883	0.555612	-0.637178	0.263027	0.316097	0.652929	-0.160781	0.669265	0.525939	0.498776	-0.499152	0.474824
0.47967	0.512467	-0.577487	0.416896	0.503814	0.494566	-0.563805	0.428602	0.730388	-0.247966	-0.470564	0.428504	0.0943003	-0.461495	-0.247844	0.846583	0.373031	0.414093	0.289785	0.778074	0.831966	0.0221845	0.486467	0.265878	0.73408	0.0641948	-0.666098	-0.115405	0.46451	0.556392	-0.636844	0.262845	0.316097	0.652929	-0.160781	0.669265	0.525939	0.498776	-0.499152	0.474824
0.47928	0.512939	-0.577321	0.416996	0.500075	0.493797	-0.566393	0.430452	0.738693	-0.247757	-0.472375	0.412081	0.113477	-0.467195	-0.25089	0.840182	0.374462	0.410539	0.28748	0.780123	0.833824	0.022194	0.482569	0.267157	0.734512	0.065275	-0.6656	-0.114923	0.464179	0.557291	-0.636374	0.262664	0.317286	0.653005	-0.1589	0.669078	0.526969	0.498991	-0.501293	0.471187
0.476639	0.515415	-0.57736	0.416914	0.498074	0.493307	-0.567168	0.432309	0.743883	-0.246744	-0.473882	0.401486	0.138561	-0.47395	-0.257933	0.830448	0.375962	0.405747	0.285963	0.782463	0.835014	0.0217213	0.480266	0.267626	0.7356	0.0681184	-0.664305	-0.113801	0.463519	0.559455	-0.635223	0.262017	0.316783	0.653429	-0.1581	0.669092	0.525406	0.502534	-0.4994	0.471177
0.476639	0.515415	-0.57736	0.416914	0.495367	0.49349	-0.567781	0.434401	0.749569	-0.245562	-0.475924	0.389027	0.138561	-0.47395	-0.257933	0.830448	0.375962	0.405747	0.285963	0.782463	0.836409	0.0204527	0.477509	0.268305	0.7356	0.0681184	-0.664305	-0.113801	0.463519	0.559455	-0.635223	0.262017	0.315624	0.654262	-0.156752	0.669143	0.525406	0.502534	-0.4994	0.471177
0.471113	0.520427	-0.575011	0.420202	0.490315	0.493098	-0.56862	0.43945	0.762879	-0.241141	-0.480413	0.359262	0.170197	-0.481836	-0.267893	0.816762	0.378101	0.398543	0.285709	0.785222	0.839983	0.0160571	0.470821	0.269256	0.73697	0.0733244	-0.662712	-0.110956	0.461542	0.5636	-0.632845	0.262375	0.312831	0.656832	-0.153275	0.668742	0.525196	0.505383	-0.497732	0.470127
0.46776	0.523208	-0.573987	0.421891	0.486563	0.493521	-0.569399	0.44213	0.769918	-0.238462	-0.48306	0.342074	0.187966	-0.486273	-0.273042	0.80849	0.379297	0.393099	0.286124	0.787236	0.842147	0.0123099	0.466586	0.270064	0.737582	0.0766713	-0.662007	-0.108818	0.459799	0.56661	-0.631258	0.262779	0.310889	0.65906	-0.151319	0.6679	0.525606	0.50637	-0.497177	0.469194
0.464266	0.526256	-0.572815	0.423549	0.48334	0.493384	-0.569387	0.445819	0.778	-0.235015	-0.485247	0.32252	0.207738	-0.49042	-0.278514	0.799227	0.380466	0.387042	0.286747	0.789443	0.844593	0.00767132	0.461894	0.270662	0.738274	0.0807335	-0.66125	-0.105748	0.457219	0.570373	-0.629471	0.263423	0.308641	0.661221	-0.148604	0.667417	0.525744	0.507758	-0.496126	0.468652
0.464266	0.526256	-0.572815	0.423549	0.48334	0.493384	-0.569387	0.445819	0.778	-0.235015	-0.485247	0.32252	0.207738	-0.49042	-0.278514	0.799227	0.380466	0.387042	0.286747	0.789443	0.844593	0.00767132	0.461894	0.270662	0.738274	0.0807335	-0.66125	-0.105748	0.457219	0.570373	-0.629471	0.263423	0.308641	0.661221	-0.148604	0.667417	0.525744	0.507758	-0.496126	0.468652
0.46046	0.529504	-0.571455	0.425489	0.479999	0.493021	-0.569162	0.450095	0.7861	-0.229878	-0.487551	0.302483	0.229077	-0.494184	-0.284972	0.788731	0.381324	0.380379	0.288141	0.791757	0.847138	0.00226937	0.456721	0.271586	0.739161	0.0854016	-0.660303	-0.101723	0.453785	0.574829	-0.627495	0.264389	0.305905	0.663285	-0.14534	0.667347	0.526342	0.50874	-0.495324	0.467763
0.45654	0.533082	-0.570185	0.426948	0.474634	0.493988	-0.569167	0.454695	0.793772	-0.224901	-0.48978	0.281888	0.251278	-0.497203	-0.292476	0.777242	0.381918	0.372289	0.289366	0.794863	0.849739	-0.00378924	0.450726	0.273452	0.739897	0.0908579	-0.659552	-0.0963764	0.44969	0.579887	-0.625181	0.265818	0.302965	0.665792	-0.141564	0.667003	0.527036	0.509666	-0.494478	0.466868
0.451969	0.537504	-0.569175	0.427614	0.469171	0.494496	-0.568548	0.46055	0.802375	-0.218003	-0.490949	0.260073	0.274269	-0.499236	-0.300221	0.765119	0.382461	0.363052	0.289712	0.798739	0.852571	-0.0100112	0.443735	0.275901	0.739946	0.0977927	-0.659436	-0.0897863	0.444861	0.585688	-0.622297	0.267983	0.29868	0.669239	-0.136229	0.666597	0.527029	0.511537	-0.492798	0.466605
0.446989	0.542594	-0.567412	0.428761	0.462958	0.494908	-0.567289	0.467888	0.811523	-0.208992	-0.49166	0.236693	0.274269	-0.499236	-0.300221	0.765119	0.382669	0.353157	0.29042	0.802808	0.855388	-0.0164693	0.436018	0.279158	0.73994	0.105726	-0.659078	-0.0832256	0.440311	0.591739	-0.618897	0.27007	0.293785	0.67309	-0.129804	0.666176	0.527652	0.512646	-0.491856	0.465677
0.441755	0.547931	-0.564028	0.431852	0.462958	0.494908	-0.567289	0.467888	0.811523	-0.208992	-0.49166	0.236693	0.274269	-0.499236	-0.300221	0.765119	0.382669	0.353157	0.29042	0.802808	0.855388	-0.0164693	0.436018	0.279158	0.739943	0.114748	-0.658396	-0.0763634	0.435494	0.598594	-0.614731	0.27228	0.293785	0.67309	-0.129804	0.666176	0.527652	0.512646	-0.491856	0.465677
0.434602	0.554345	-0.559107	0.437289	0.445496	0.498853	-0.563388	0.485051	0.828701	-0.185517	-0.494187	0.186054	0.35236	-0.499848	-0.328957	0.71957	0.380989	0.330764	0.291494	0.812695	0.860698	-0.0295937	0.418151	0.288917	0.739856	0.125371	-0.657446	-0.0682667	0.42897	0.60749	-0.609038	0.275705	0.283825	0.680413	-0.115838	0.66563	0.529524	0.514361	-0.489451	0.464192
0.425639	0.561828	-0.552774	0.444547	0.435102	0.501917	-0.56015	0.494972	0.8355	-0.170864	-0.497152	0.159955	0.380924	-0.499617	-0.340087	0.699729	0.378639	0.31767	0.291359	0.819041	0.863493	-0.0366778	0.407234	0.295287	0.738713	0.152214	-0.654927	-0.0469557	0.409813	0.631575	-0.592902	0.285715	0.277559	0.68471	-0.108035	0.665178	0.530112	0.515656	-0.487001	0.464661
0.404268	0.577697	-0.537383	0.462659	0.413201	0.507848	-0.551921	0.516467	0.841365	-0.138175	-0.511067	0.10873	0.438341	-0.501043	-0.363914	0.651444	0.370705	0.287857	0.290586	0.833832	0.868532	-0.0527439	0.382925	0.310223	0.737292	0.168286	-0.653406	-0.0337747	0.396336	0.647224	-0.581507	0.293032	0.259842	0.69489	-0.0886957	0.664638	0.530295	0.519156	-0.47978	0.468054
0.380082	0.593608	-0.520408	0.482019	0.38974	0.51362	-0.541543	0.539471	0.836897	-0.0976953	-0.534425	0.0667023	0.489024	-0.504884	-0.39276	0.593033	0.358469	0.256425	0.292123	0.84877	0.871916	-0.0703155	0.356535	0.328179	0.732053	0.206985	-0.649036	-0.00280944	0.362695	0.683717	-0.551496	0.311183	0.239338	0.705607	-0.0644644	0.663838	0.529232	0.523936	-0.470439	0.473383
0.352419	0.610646	-0.498723	0.504171	0.363607	0.520949	-0.527254	0.564274	0.836897	-0.0976953	-0.534425	0.0667023	0.525872	-0.508279	-0.429078	0.530097	0.344043	0.225624	0.293751	0.862809	0.872813	-0.0896693	0.331628	0.34667	0.721423	0.252229	-0.644065	0.0332995	0.320736	0.722808	-0.513324	0.33343	0.216442	0.715186	-0.0363917	0.66358	0.523991	0.532625	-0.456449	0.483113
0.336873	0.619608	-0.48621	0.515948	0.349589	0.525679	-0.51887	0.576388	0.836897	-0.0976953	-0.534425	0.0667023	0.539258	-0.508583	-0.449471	0.498518	0.335304	0.210648	0.295355	0.869462	0.872671	-0.0996354	0.319482	0.355598	0.714142	0.276111	-0.641174	0.0515713	0.29908	0.74114	-0.492521	0.344508	0.204754	0.71939	-0.0219485	0.663379	0.522258	0.535541	-0.450219	0.487591
0.320116	0.629065	-0.472814	0.527494	0.335064	0.530826	-0.509376	0.588635	0.800384	-0.00946467	-0.598542	0.032307	0.548609	-0.508124	-0.472426	0.466532	0.325232	0.196001	0.29747	0.875968	0.872096	-0.109763	0.307203	0.364729	0.705254	0.301761	-0.637536	0.0714494	0.27485	0.759359	-0.469545	0.356875	0.190449	0.724367	-0.00466085	0.66257	0.521035	0.537661	-0.444257	0.492015
0.30354	0.638487	-0.459005	0.538063	0.320564	0.535587	-0.498798	0.60132	0.788324	0.0134648	-0.614031	0.0364741	0.553272	-0.505894	-0.497358	0.436574	0.314107	0.181563	0.299391	0.882461	0.871078	-0.120176	0.294757	0.374031	0.695061	0.328088	-0.633036	0.0922659	0.250046	0.775988	-0.44609	0.369219	0.176061	0.72937	0.0124906	0.660958	0.519959	0.53906	-0.438933	0.496382
0.30354	0.638487	-0.459005	0.538063	0.320564	0.535587	-0.498798	0.60132	0.788324	0.0134648	-0.614031	0.0364741	0.553272	-0.505894	-0.497358	0.436574	0.314107	0.181563	0.299391	0.882461	0.871078	-0.120176	0.294757	0.374031	0.695061	0.328088	-0.633036	0.0922659	0.250046	0.775988	-0.44609	0.369219	0.176061	0.72937	0.0124906	0.660958	0.519959	0.53906	-0.438933	0.496382
0.271568	0.656236	-0.431249	0.556443	0.2883	0.547025	-0.476802	0.624745	0.77641	0.0372236	-0.62745	0.0459135	0.555781	-0.493556	-0.544861	0.388118	0.288858	0.153219	0.303414	0.895	0.867205	-0.14073	0.270011	0.394011	0.675425	0.373441	-0.62265	0.129036	0.204907	0.802454	-0.402198	0.39028	0.163507	0.733295	0.0275857	0.65938	0.516175	0.54294	-0.427223	0.506221
0.255492	0.664786	-0.417061	0.564663	0.272185	0.552775	-0.464723	0.635915	0.75422	0.0769541	-0.64731	0.0788727	0.553182	-0.484178	-0.568023	0.370016	0.274908	0.139397	0.305563	0.900902	0.86414	-0.150875	0.257809	0.405011	0.665872	0.392855	-0.617513	0.144766	0.185015	0.812484	-0.382431	0.399231	0.140413	0.738491	0.0584829	0.656883	0.514659	0.544083	-0.422702	0.510316
0.22617	0.679339	-0.388669	0.579899	0.239497	0.565823	-0.438563	0.655856	0.744219	0.0942185	-0.653366	0.101851	0.538055	-0.463556	-0.613234	0.345771	0.245396	0.113563	0.311269	0.911041	0.855517	-0.169787	0.235668	0.428631	0.647057	0.426042	-0.608458	0.172002	0.148671	0.827772	-0.34872	0.413625	0.130222	0.74045	0.0730237	0.655319	0.510747	0.547069	-0.413969	0.518153
0.213165	0.685509	-0.375114	0.586453	0.223495	0.572359	-0.424766	0.664852	0.722874	0.126582	-0.660814	0.157338	0.527009	-0.453115	-0.633006	0.340958	0.229908	0.101877	0.31514	0.915123	0.850047	-0.178068	0.226592	0.440871	0.638496	0.439262	-0.604825	0.183189	0.133015	0.833221	-0.335468	0.418941	0.112318	0.743312	0.0986376	0.65203	0.508261	0.548726	-0.409952	0.522025
0.201035	0.691469	-0.36229	0.591778	0.191895	0.586261	-0.396021	0.680178	0.712489	0.13876	-0.662357	0.185442	0.513447	-0.443965	-0.650542	0.340681	0.214016	0.091357	0.319765	0.918478	0.83679	-0.193386	0.212314	0.466163	0.630836	0.45034	-0.601881	0.192301	0.107712	0.840408	-0.316181	0.426781	0.104691	0.743506	0.108976	0.651431	0.50391	0.552112	-0.40458	0.526841
0.181426	0.701481	-0.339114	0.600009	0.17767	0.592873	-0.381401	0.686635	0.688584	0.154159	-0.664721	0.245426	0.479593	-0.428766	-0.678722	0.354241	0.181716	0.0736391	0.330412	0.923247	0.829617	-0.199784	0.206851	0.478576	0.61816	0.467624	-0.597814	0.204508	0.0985633	0.842392	-0.310266	0.429414	0.0910482	0.741632	0.125211	0.652698	0.489281	0.563715	-0.388846	0.540027
0.181426	0.701481	-0.339114	0.600009	0.17767	0.592873	-0.381401	0.686635	0.688584	0.154159	-0.664721	0.245426	0.479593	-0.428766	-0.678722	0.354241	0.181716	0.0736391	0.330412	0.923247	0.829617	-0.199784	0.206851	0.478576	0.61816	0.467624	-0.597814	0.204508	0.0985633	0.842392	-0.310266	0.429414	0.0910482	0.741632	0.125211	0.652698	0.489281	0.563715	-0.388846	0.540027
0.165471	0.709786	-0.319683	0.605496	0.15361	0.60585	-0.352966	0.69625	0.676418	0.154653	-0.665089	0.276041	0.431233	-0.422479	-0.699087	0.383178	0.149608	0.0615957	0.34296	0.925312	0.822545	-0.205259	0.202663	0.490118	0.608594	0.479075	-0.59618	0.211354	0.0853846	0.844534	-0.302853	0.433304	0.0839422	0.740875	0.133259	0.652916	0.486439	0.564483	-0.385777	0.543978
0.16009	0.713092	-0.312364	0.606877	0.144479	0.611894	-0.339943	0.699393	0.664767	0.149097	-0.665211	0.30553	0.403133	-0.421665	-0.704938	0.403417	0.149608	0.0615957	0.34296	0.925312	0.822545	-0.205259	0.202663	0.490118	0.605644	0.482531	-0.595894	0.212764	0.0813304	0.844667	-0.301028	0.435092	0.0781483	0.742014	0.13897	0.651149	0.48641	0.562949	-0.386712	0.544929
0.156634	0.717108	-0.303747	0.607421	0.13266	0.62139	-0.31557	0.704763	0.627701	0.109999	-0.662058	0.394424	0.340089	-0.426053	-0.707874	0.449147	0.10894	0.0551229	0.362109	0.924105	0.798664	-0.21746	0.199048	0.52462	0.60405	0.485054	-0.595764	0.211923	0.0809166	0.843441	-0.30076	0.437725	0.0759988	0.742269	0.138265	0.651263	0.490848	0.555803	-0.394598	0.542627
0.157295	0.719207	-0.301338	0.605966	0.129167	0.625603	-0.304215	0.706676	0.615832	0.0906118	-0.659283	0.421765	0.306946	-0.430921	-0.704034	0.473738	0.0989727	0.0548243	0.367564	0.92309	0.793681	-0.21948	0.200955	0.53058	0.605146	0.484104	-0.596136	0.209912	0.0831788	0.842317	-0.301668	0.43884	0.0790109	0.742647	0.134586	0.651245	0.493355	0.55235	-0.399406	0.540356
0.159876	0.723198	-0.297848	0.602256	0.121605	0.634296	-0.282432	0.709305	0.592005	0.0518138	-0.649947	0.473723	0.242059	-0.444211	-0.685944	0.523034	0.0830192	0.05788	0.381288	0.9189	0.784071	-0.22745	0.208479	0.538549	0.607217	0.481735	-0.597515	0.205414	0.0887393	0.839749	-0.304742	0.440545	0.0858522	0.74149	0.128398	0.652944	0.497078	0.546679	-0.408969	0.535537
0.159925	0.725484	-0.295682	0.600557	0.117369	0.639485	-0.271337	0.70969	0.579202	0.03411	-0.643913	0.498737	0.211333	-0.451998	-0.673079	0.545894	0.0764106	0.0599227	0.388022	0.91652	0.779667	-0.231776	0.212899	0.541362	0.607317	0.481052	-0.598664	0.203362	0.0895523	0.838497	-0.306059	0.441849	0.0883053	0.740722	0.126055	0.653944	0.496819	0.545834	-0.411203	0.534928
0.15985	0.727745	-0.293385	0.598967	0.114077	0.643895	-0.260723	0.710218	0.566617	0.0163014	-0.638245	0.520887	0.18276	-0.459899	-0.658119	0.567425	0.0705195	0.0616864	0.393701	0.914451	0.775257	-0.236792	0.217295	0.543773	0.60765	0.480188	-0.599852	0.200894	0.0918286	0.837015	-0.308849	0.44225	0.0895621	0.740295	0.123393	0.654765	0.494884	0.546375	-0.411497	0.535942
0.162153	0.730519	-0.290899	0.596177	0.109357	0.651564	-0.24244	0.710443	0.541902	-0.0138525	-0.624223	0.56258	0.129408	-0.473303	-0.630194	0.601742	0.0599685	0.0634793	0.406272	0.90957	0.766247	-0.247917	0.224736	0.548541	0.608476	0.478931	-0.601879	0.195254	0.0950208	0.834368	-0.313242	0.443487	0.0903437	0.738183	0.118794	0.657884	0.490103	0.548449	-0.410773	0.538766
0.161932	0.734	-0.287593	0.593559	0.105656	0.658349	-0.228559	0.709348	0.530501	-0.0259696	-0.617816	0.579826	0.0870168	-0.482464	-0.604645	0.627743	0.0503338	0.0628732	0.415338	0.906095	0.762239	-0.252722	0.227137	0.550937	0.608046	0.479264	-0.603145	0.191838	0.0959946	0.832579	-0.315385	0.445118	0.0918578	0.73709	0.116899	0.659239	0.487359	0.549668	-0.412009	0.539069
0.162191	0.734911	-0.286023	0.593119	0.104311	0.661637	-0.223527	0.70809	0.513976	-0.0419242	-0.603449	0.608211	0.0694193	-0.484207	-0.595078	0.637657	0.0457048	0.0627461	0.418626	0.904835	0.754932	-0.260895	0.230541	0.555755	0.607983	0.479071	-0.603682	0.19083	0.096494	0.831814	-0.316358	0.445748	0.0935276	0.735515	0.115241	0.661052	0.486933	0.54954	-0.413611	0.538358
0.162191	0.734911	-0.286023	0.593119	0.104311	0.661637	-0.223527	0.70809	0.513976	-0.0419242	-0.603449	0.608211	0.0694193	-0.484207	-0.595078	0.637657	0.0457048	0.0627461	0.418626	0.904835	0.754932	-0.260895	0.230541	0.555755	0.607983	0.479071	-0.603682	0.19083	0.096494	0.831814	-0.316358	0.445748	0.0935276	0.735515	0.115241	0.661052	0.486933	0.54954	-0.413611	0.538358
0.164502	0.736231	-0.284818	0.591423	0.103199	0.667205	-0.216708	0.705142	0.503649	-0.0497973	-0.594352	0.624983	0.0436305	-0.484984	-0.581735	0.651514	0.0371609	0.063505	0.42369	0.902814	0.74828	-0.265115	0.234215	0.56119	0.607471	0.478719	-0.604684	0.190169	0.0958867	0.830732	-0.317006	0.447434	0.0957834	0.734181	0.113072	0.662585	0.486974	0.548312	-0.417895	0.536259
0.165771	0.737739	-0.283966	0.589597	0.104581	0.670819	-0.213962	0.702343	0.499579	-0.0512924	-0.590646	0.631607	0.0268019	-0.483472	-0.576168	0.658458	0.0303125	0.0663552	0.426408	0.901585	0.743135	-0.265983	0.238726	0.565697	0.607092	0.478261	-0.60553	0.189841	0.095784	0.82988	-0.316833	0.449157	0.0975093	0.733035	0.112298	0.663732	0.487589	0.546795	-0.422169	0.533897
0.166734	0.7379	-0.283787	0.58921	0.105591	0.672497	-0.213965	0.700584	0.499548	-0.0508187	-0.590382	0.631916	0.022944	-0.483208	-0.573971	0.660713	0.0274355	0.0687423	0.427141	0.901151	0.740962	-0.265664	0.241441	0.567542	0.607172	0.477806	-0.605858	0.18968	0.095686	0.829543	-0.316391	0.450111	0.099075	0.732628	0.11133	0.664113	0.48837	0.545619	-0.424503	0.532533
0.167137	0.738376	-0.284008	0.588392	0.106554	0.673792	-0.214864	0.698916	0.500776	-0.0503407	-0.59056	0.630815	0.020777	-0.482801	-0.572738	0.66215	0.0255733	0.0717145	0.427706	0.900706	0.739155	-0.264905	0.244478	0.568952	0.60736	0.477252	-0.606165	0.189494	0.0957283	0.829187	-0.316179	0.450906	0.100391	0.732215	0.110779	0.664463	0.488997	0.544708	-0.426528	0.531271
0.167344	0.738626	-0.284143	0.587954	0.10751	0.674899	-0.216236	0.697277	0.502748	-0.0494943	-0.590649	0.629228	0.0195257	-0.482445	-0.572622	0.662548	0.0246847	0.0747246	0.427745	0.900467	0.737805	-0.26389	0.247562	0.569841	0.607302	0.476879	-0.606544	0.189409	0.0949966	0.828995	-0.315708	0.451743	0.102101	0.731857	0.110433	0.664655	0.490017	0.54351	-0.428864	0.529675
0.167733	0.738553	-0.284625	0.587702	0.108662	0.675642	-0.218026	0.69582	0.502748	-0.0494943	-0.590649	0.629228	0.0198109	-0.482546	-0.572853	0.662266	0.0245268	0.0777015	0.42742	0.900374	0.737805	-0.26389	0.247562	0.569841	0.607468	0.47639	-0.606865	0.189076	0.0946715	0.828839	-0.31551	0.452236	0.102101	0.731857	0.110433	0.664655	0.49166	0.54186	-0.431536	0.52767
0.167733	0.738553	-0.284625	0.587702	0.108662	0.675642	-0.218026	0.69582	0.50446	-0.0488347	-0.591639	0.626976	0.0198109	-0.482546	-0.572853	0.662266	0.0245268	0.0777015	0.42742	0.900374	0.737039	-0.262648	0.250499	0.570123	0.607468	0.47639	-0.606865	0.189076	0.0946715	0.828839	-0.31551	0.452236	0.104278	0.731698	0.109793	0.664597	0.49166	0.54186	-0.431536	0.52767
0.167733	0.738553	-0.284625	0.587702	0.108662	0.675642	-0.218026	0.69582	0.50446	-0.0488347	-0.591639	0.626976	0.0198109	-0.482546	-0.572853	0.662266	0.0245268	0.0777015	0.42742	0.900374	0.737039	-0.262648	0.250499	0.570123	0.607468	0.47639	-0.606865	0.189076	0.0946715	0.828839	-0.31551	0.452236	0.104278	0.731698	0.109793	0.664597	0.49166	0.54186	-0.431536	0.52767
0.167564	0.737949	-0.287687	0.587018	0.110524	0.676942	-0.223066	0.692659	0.50698	-0.0480296	-0.593711	0.623035	0.0229662	-0.482061	-0.574427	0.661153	0.0260102	0.082982	0.425649	0.9007	0.737437	-0.259327	0.254707	0.569264	0.607608	0.475824	-0.60736	0.188464	0.093791	0.828961	-0.31541	0.452264	0.108071	0.731253	0.108658	0.664668	0.496717	0.536578	-0.438393	0.522655
0.167473	0.737617	-0.288972	0.586829	0.112358	0.677613	-0.228714	0.689859	0.509293	-0.0465807	-0.594001	0.620978	0.0239545	-0.482294	-0.573969	0.661345	0.030005	0.0868511	0.422314	0.90178	0.74012	-0.255146	0.256701	0.56677	0.607753	0.4755	-0.607582	0.188097	0.0937694	0.829008	-0.315777	0.451927	0.110876	0.731228	0.107413	0.664435	0.497454	0.535928	-0.439028	0.522087
0.167788	0.736309	-0.290967	0.587397	0.113235	0.677604	-0.231076	0.688937	0.510519	-0.0467245	-0.59421	0.61976	0.0250858	-0.482424	-0.573713	0.661431	0.0327643	0.0885023	0.420368	0.902432	0.741746	-0.252952	0.257341	0.565335	0.607743	0.47528	-0.608053	0.187157	0.0936973	0.829021	-0.316634	0.451318	0.111581	0.730976	0.106924	0.664674	0.497208	0.535857	-0.439045	0.522379
0.167788	0.736309	-0.290967	0.587397	0.113235	0.677604	-0.231076	0.688937	0.510519	-0.0467245	-0.59421	0.61976	0.0250858	-0.482424	-0.573713	0.661431	0.0327643	0.0885023	0.420368	0.902432	0.741746	-0.252952	0.257341	0.565335	0.607743	0.47528	-0.608053	0.187157	0.0936973	0.829021	-0.316634	0.451318	0.111581	0.730976	0.106924	0.664674	0.497208	0.535857	-0.439045	0.522379
0.168068	0.735346	-0.292044	0.587988	0.114769	0.677922	-0.235139	0.686993	0.512095	-0.0477943	-0.595135	0.617486	0.0255622	-0.483169	-0.573452	0.661096	0.0353822	0.0898154	0.418501	0.903072	0.744703	-0.248906	0.257961	0.562956	0.607445	0.475486	-0.608254	0.186948	0.0934976	0.82916	-0.316941	0.450888	0.111992	0.73062	0.106015	0.665141	0.497309	0.535752	-0.439217	0.522247
0.168516	0.734079	-0.294409	0.588263	0.115709	0.677443	-0.236766	0.686749	0.512737	-0.0482214	-0.595639	0.616433	0.0261373	-0.484124	-0.573066	0.660709	0.0393342	0.0918623	0.415701	0.903995	0.746038	-0.247051	0.258229	0.561882	0.607712	0.47495	-0.608625	0.186237	0.0933512	0.8293	-0.317196	0.450481	0.112512	0.730787	0.105305	0.664983	0.498148	0.535275	-0.440314	0.521012
0.168516	0.734079	-0.294409	0.588263	0.116934	0.676718	-0.238171	0.68677	0.513312	-0.0485541	-0.596069	0.615512	0.0260723	-0.48465	-0.572995	0.660387	0.0405619	0.0926721	0.415324	0.904031	0.747097	-0.245888	0.258614	0.560807	0.607712	0.47495	-0.608625	0.186237	0.0933512	0.8293	-0.317196	0.450481	0.1137	0.730804	0.104097	0.664952	0.498148	0.535275	-0.440314	0.521012
0.168984	0.732981	-0.296437	0.588479	0.11812	0.675842	-0.240751	0.686531	0.513847	-0.0486584	-0.59699	0.614164	0.0257786	-0.485938	-0.572559	0.659831	0.0423918	0.0941499	0.414878	0.903999	0.748404	-0.244979	0.259427	0.559083	0.607982	0.474863	-0.608583	0.185712	0.0934824	0.829287	-0.316719	0.450814	0.115551	0.730557	0.103026	0.665071	0.499978	0.533879	-0.442976	0.518428
0.168733	0.732347	-0.297819	0.588643	0.118453	0.674928	-0.242913	0.686611	0.514412	-0.04844	-0.598492	0.612243	0.0252317	-0.487245	-0.572367	0.659053	0.0442662	0.0945015	0.414004	0.904274	0.749589	-0.244514	0.25929	0.557762	0.608234	0.474637	-0.608682	0.18514	0.0939847	0.829249	-0.316536	0.450909	0.116948	0.730686	0.102559	0.664757	0.501218	0.533447	-0.444478	0.516387
0.168824	0.732161	-0.298571	0.588468	0.118378	0.674416	-0.244048	0.686724	0.51469	-0.0480741	-0.59917	0.611374	0.0246404	-0.487613	-0.572503	0.658686	0.045269	0.0941624	0.413424	0.904524	0.750049	-0.244439	0.258884	0.557364	0.608382	0.474622	-0.608571	0.185057	0.0940233	0.829254	-0.316348	0.451023	0.117714	0.730496	0.102165	0.664892	0.501997	0.532882	-0.445589	0.515253
0.168645	0.73225	-0.299475	0.587948	0.118378	0.674416	-0.244048	0.686724	0.51469	-0.0480741	-0.59917	0.611374	0.0246404	-0.487613	-0.572503	0.658686	0.045269	0.0941624	0.413424	0.904524	0.750049	-0.244439	0.258884	0.557364	0.608725	0.474412	-0.608475	0.184783	0.0942161	0.829337	-0.316177	0.450951	0.117714	0.730496	0.102165	0.664892	0.502877	0.532192	-0.446743	0.514109
0.168359	0.732312	-0.30033	0.587517	0.117436	0.673454	-0.246167	0.687074	0.515129	-0.0464356	-0.601401	0.608936	0.0244144	-0.488204	-0.573809	0.657118	0.0469893	0.09334	0.411662	0.905326	0.751216	-0.243572	0.25738	0.556868	0.608942	0.474304	-0.608386	0.18464	0.0945217	0.829389	-0.316093	0.45085	0.119911	0.730158	0.101865	0.664917	0.503153	0.532196	-0.446987	0.513621
0.168359	0.732312	-0.30033	0.587517	0.116381	0.673648	-0.247421	0.686613	0.515557	-0.0449129	-0.602834	0.607268	0.0248683	-0.488194	-0.575091	0.655987	0.0476523	0.0932017	0.410189	0.905974	0.751774	-0.242615	0.256683	0.556855	0.608942	0.474304	-0.608386	0.18464	0.0945217	0.829389	-0.316093	0.45085	0.120357	0.730125	0.10212	0.664833	0.503153	0.532196	-0.446987	0.513621
0.167493	0.731969	-0.301207	0.587743	0.116381	0.673648	-0.247421	0.686613	0.515557	-0.0449129	-0.602834	0.607268	0.0248683	-0.488194	-0.575091	0.655987	0.0476523	0.0932017	0.410189	0.905974	0.751774	-0.242615	0.256683	0.556855	0.609271	0.47404	-0.608344	0.184372	0.0951066	0.829344	-0.316215	0.450723	0.120357	0.730125	0.10212	0.664833	0.502649	0.533205	-0.445894	0.514018
0.16778	0.731665	-0.301835	0.587717	0.114253	0.673751	-0.25007	0.685909	0.517482	-0.0412153	-0.605027	0.603702	0.0262841	-0.487821	-0.577805	0.653821	0.0490627	0.0929176	0.406897	0.907411	0.753057	-0.239804	0.255351	0.556951	0.609419	0.474066	-0.608245	0.184143	0.0954226	0.829361	-0.316435	0.450471	0.120863	0.729999	0.101555	0.664966	0.502412	0.533528	-0.445052	0.514644
0.166891	0.731786	-0.302846	0.5873	0.113475	0.673331	-0.251161	0.686052	0.518501	-0.0397194	-0.606463	0.601483	0.0274868	-0.487411	-0.579462	0.652609	0.0495221	0.0926013	0.405224	0.908166	0.753791	-0.238347	0.254318	0.557057	0.609293	0.474515	-0.608022	0.18414	0.0952577	0.829679	-0.316481	0.449888	0.120557	0.730102	0.101343	0.664941	0.501758	0.534169	-0.443084	0.516313
0.166891	0.731786	-0.302846	0.5873	0.113475	0.673331	-0.251161	0.686052	0.518501	-0.0397194	-0.606463	0.601483	0.0274868	-0.487411	-0.579462	0.652609	0.0495221	0.0926013	0.405224	0.908166	0.753791	-0.238347	0.254318	0.557057	0.609293	0.474515	-0.608022	0.18414	0.0952577	0.829679	-0.316481	0.449888	0.120557	0.730102	0.101343	0.664941	0.501758	0.534169	-0.443084	0.516313
0.166461	0.731631	-0.303167	0.587449	0.111326	0.673123	-0.253481	0.685755	0.520323	-0.0372349	-0.608941	0.597553	0.0291332	-0.486672	-0.582576	0.650313	0.0501487	0.0927188	0.401988	0.909557	0.754849	-0.235562	0.252867	0.557468	0.609363	0.474651	-0.607928	0.183864	0.0952971	0.829813	-0.316587	0.449557	0.120425	0.730407	0.101222	0.664648	0.501756	0.534188	-0.442539	0.516762
0.166202	0.731801	-0.303699	0.587036	0.109888	0.673061	-0.254226	0.685772	0.521155	-0.0358828	-0.609609	0.596228	0.0302254	-0.486633	-0.583474	0.649487	0.0504732	0.0929097	0.40029	0.910268	0.755185	-0.234254	0.252277	0.557833	0.610075	0.474291	-0.607812	0.182816	0.0962145	0.829886	-0.317243	0.448764	0.120791	0.730414	0.100956	0.664614	0.502117	0.53415	-0.441911	0.516988
0.166202	0.731801	-0.303699	0.587036	0.108508	0.672533	-0.254869	0.68627	0.521869	-0.0350241	-0.610175	0.595073	0.0314957	-0.486504	-0.584076	0.648981	0.0505696	0.0928806	0.398561	0.911024	0.755379	-0.232992	0.251498	0.55845	0.610075	0.474291	-0.607812	0.182816	0.0962145	0.829886	-0.317243	0.448764	0.121209	0.730498	0.100763	0.664475	0.502117	0.53415	-0.441911	0.516988
0.16678	0.731657	-0.304062	0.586863	0.10682	0.672137	-0.255684	0.68662	0.521869	-0.0350241	-0.610175	0.595073	0.032408	-0.486251	-0.584983	0.648309	0.0502816	0.092619	0.396671	0.911891	0.755379	-0.232992	0.251498	0.55845	0.610598	0.473727	-0.607885	0.18229	0.09682	0.829907	-0.317607	0.448337	0.121209	0.730498	0.100763	0.664475	0.502144	0.53426	-0.441606	0.517109
0.168323	0.731588	-0.305141	0.585949	0.104855	0.671763	-0.256507	0.686982	0.522799	-0.0338953	-0.611276	0.593191	0.0333679	-0.486085	-0.585518	0.647901	0.0495904	0.0920931	0.394717	0.91283	0.755779	-0.23009	0.249224	0.560129	0.611522	0.472859	-0.6079	0.18139	0.0984647	0.829824	-0.318496	0.4475	0.122819	0.730286	0.0996672	0.664579	0.502255	0.534242	-0.441498	0.517112
0.168323	0.731588	-0.305141	0.585949	0.102636	0.671413	-0.25738	0.687333	0.523629	-0.0329263	-0.611472	0.592309	0.0341998	-0.485774	-0.585834	0.647806	0.0488835	0.0912736	0.392762	0.913793	0.755859	-0.228698	0.247669	0.561279	0.611522	0.472859	-0.6079	0.18139	0.0984647	0.829824	-0.318496	0.4475	0.123221	0.730289	0.0995855	0.664513	0.502186	0.534479	-0.441001	0.517358
0.168578	0.731958	-0.30553	0.58521	0.10039	0.671129	-0.258006	0.687707	0.525075	-0.0318212	-0.611337	0.591228	0.0359266	-0.484102	-0.586525	0.648339	0.0473862	0.0888587	0.388995	0.915719	0.755691	-0.227569	0.246089	0.562657	0.612007	0.472854	-0.607575	0.180858	0.0993269	0.829832	-0.318693	0.447156	0.123514	0.730313	0.0995715	0.664434	0.502021	0.534962	-0.439878	0.517975
0.168588	0.732051	-0.305702	0.585001	0.0960972	0.671432	-0.259432	0.687488	0.527228	-0.0289652	-0.611576	0.589208	0.036582	-0.483085	-0.587494	0.648183	0.0466559	0.0876019	0.387075	0.916691	0.755714	-0.225274	0.242476	0.565113	0.611997	0.473205	-0.607256	0.181041	0.0992668	0.829999	-0.318367	0.447091	0.12322	0.730423	0.100301	0.664259	0.50182	0.535406	-0.439013	0.518444
0.168563	0.732141	-0.305938	0.584772	0.0944948	0.67141	-0.260345	0.687387	0.527815	-0.0272107	-0.611887	0.588443	0.0372998	-0.482234	-0.58852	0.647845	0.0460083	0.0865357	0.385315	0.917566	0.755801	-0.224256	0.240854	0.566095	0.612093	0.473512	-0.606875	0.181193	0.0991447	0.830135	-0.317923	0.44718	0.123183	0.730538	0.100617	0.664091	0.501759	0.535685	-0.438429	0.51871
