FULLBODY	1																																						
Frames:	154																																						
-0.420233	-0.605096	0.394004	-0.549566	-0.388768	-0.579516	0.395501	-0.597159	-0.71758	-0.186605	0.59636	-0.307591	-0.686103	-0.067111	0.669401	-0.276878	-0.0835284	-0.653366	-0.000601734	-0.75242	-0.148295	-0.649516	-0.041865	-0.744571	-0.666596	-0.187969	0.682446	-0.233634	-0.399727	-0.609341	0.460926	-0.506429	-0.176081	-0.743089	0.0368492	-0.644559	-0.378346	-0.630005	0.458171	-0.500027
-0.416451	-0.608151	0.392945	-0.549832	-0.382396	-0.582995	0.390324	-0.60128	-0.713397	-0.194302	0.595891	-0.31341	-0.682478	-0.0744861	0.669824	-0.282862	-0.0729936	-0.654018	-0.0038063	-0.75294	-0.137166	-0.650341	-0.0466975	-0.745695	-0.669627	-0.185335	0.680671	-0.232243	-0.406122	-0.603861	0.464187	-0.504923	-0.174122	-0.740997	0.0301918	-0.647837	-0.380111	-0.628494	0.456294	-0.502301
-0.416399	-0.608095	0.392774	-0.550056	-0.382172	-0.583289	0.390791	-0.600833	-0.713445	-0.19446	0.595773	-0.313426	-0.68261	-0.0746085	0.669655	-0.282911	-0.0730944	-0.653913	-0.00363431	-0.753022	-0.137515	-0.650188	-0.0465372	-0.745775	-0.669592	-0.185326	0.680627	-0.232482	-0.406142	-0.603843	0.464265	-0.504856	-0.173965	-0.740974	0.029798	-0.647924	-0.380077	-0.628567	0.456255	-0.50227
-0.416417	-0.607953	0.392607	-0.550317	-0.382002	-0.58353	0.39117	-0.60046	-0.713412	-0.194664	0.595672	-0.313568	-0.682742	-0.074687	0.6695	-0.282939	-0.0734987	-0.653805	-0.00317911	-0.753078	-0.138017	-0.649954	-0.0462348	-0.745905	-0.669634	-0.185177	0.680623	-0.23249	-0.406117	-0.603864	0.464224	-0.50489	-0.173893	-0.740892	0.0294914	-0.648051	-0.37992	-0.628695	0.456079	-0.50239
-0.416325	-0.607923	0.392435	-0.550543	-0.382021	-0.583492	0.391527	-0.600254	-0.713447	-0.19468	0.595599	-0.313616	-0.682742	-0.074687	0.6695	-0.282939	-0.0737591	-0.653695	-0.00296475	-0.753149	-0.138408	-0.649751	-0.0460584	-0.74602	-0.669667	-0.185158	0.680591	-0.232506	-0.406084	-0.603879	0.464122	-0.504992	-0.173819	-0.740819	0.0293489	-0.648161	-0.379826	-0.62873	0.455894	-0.502584
-0.415881	-0.608291	0.392446	-0.550465	-0.381568	-0.583882	0.391983	-0.599865	-0.713347	-0.195192	0.595795	-0.313154	-0.682953	-0.0748031	0.669365	-0.282719	-0.0736677	-0.653612	-0.00311963	-0.753229	-0.138771	-0.649537	-0.0463352	-0.746121	-0.669552	-0.185256	0.68056	-0.232847	-0.405919	-0.603926	0.463744	-0.505415	-0.173694	-0.740761	0.0292074	-0.648267	-0.379378	-0.628941	0.455317	-0.503183
-0.415222	-0.608881	0.392491	-0.550277	-0.381281	-0.584161	0.392295	-0.59957	-0.713198	-0.195571	0.595918	-0.313022	-0.682624	-0.0754607	0.669867	-0.282148	-0.0734373	-0.653668	-0.00281972	-0.753205	-0.138812	-0.649619	-0.0464361	-0.746036	-0.669615	-0.185011	0.680576	-0.232816	-0.405919	-0.603834	0.463764	-0.505506	-0.173522	-0.740281	0.0280151	-0.648914	-0.378785	-0.62928	0.454784	-0.503686
-0.414997	-0.609077	0.392529	-0.550204	-0.380607	-0.584877	0.392706	-0.599031	-0.712798	-0.19653	0.596243	-0.312711	-0.682235	-0.0763471	0.670338	-0.281732	-0.0729638	-0.653786	-0.0023656	-0.75315	-0.138717	-0.649894	-0.046523	-0.745809	-0.669767	-0.184574	0.680609	-0.23263	-0.405998	-0.603678	0.463746	-0.505647	-0.173135	-0.739757	0.0269138	-0.649661	-0.378351	-0.629456	0.454367	-0.504169
-0.414516	-0.609512	0.39286	-0.549848	-0.380275	-0.585146	0.392943	-0.598825	-0.712448	-0.197218	0.596663	-0.312275	-0.681875	-0.0770214	0.670886	-0.281116	-0.0719306	-0.654041	-0.00218335	-0.753028	-0.137809	-0.650426	-0.0466256	-0.745507	-0.669815	-0.184255	0.680767	-0.23228	-0.406005	-0.603586	0.463682	-0.505809	-0.172863	-0.73934	0.0263965	-0.650229	-0.378224	-0.629429	0.454164	-0.504482
-0.414564	-0.609418	0.393256	-0.549633	-0.380204	-0.585226	0.393282	-0.598569	-0.712141	-0.197584	0.597102	-0.311905	-0.68162	-0.0772116	0.671346	-0.280585	-0.0711745	-0.654222	-0.00170762	-0.752945	-0.136507	-0.650997	-0.0461362	-0.745279	-0.669846	-0.184263	0.680796	-0.232099	-0.406167	-0.603338	0.463423	-0.506212	-0.172989	-0.738714	0.0261799	-0.650915	-0.378547	-0.629186	0.454695	-0.504063
-0.41455	-0.609389	0.393501	-0.549501	-0.380284	-0.585068	0.393507	-0.598525	-0.712078	-0.197558	0.597298	-0.31169	-0.681508	-0.077131	0.671562	-0.280361	-0.0707841	-0.6543	-0.00143682	-0.752914	-0.13578	-0.651294	-0.045761	-0.745175	-0.669857	-0.184178	0.680857	-0.231959	-0.406296	-0.603171	0.463479	-0.506257	-0.172851	-0.738583	0.0260599	-0.651105	-0.378425	-0.629241	0.454753	-0.504033
-0.414588	-0.60926	0.393951	-0.549292	-0.380744	-0.584613	0.394153	-0.598251	-0.711867	-0.197279	0.59767	-0.311637	-0.681343	-0.0768877	0.671832	-0.28018	-0.0703245	-0.654387	-0.000515394	-0.752882	-0.134604	-0.651756	-0.0448331	-0.745041	-0.670065	-0.183754	0.680973	-0.231352	-0.406749	-0.602814	0.463737	-0.506082	-0.172764	-0.738476	0.026221	-0.651243	-0.378291	-0.629326	0.454928	-0.503869
-0.414739	-0.609072	0.394146	-0.549246	-0.381056	-0.584361	0.394449	-0.598104	-0.711675	-0.197137	0.597805	-0.311905	-0.681212	-0.0767741	0.671941	-0.28027	-0.0703395	-0.65439	1.95E-06	-0.752879	-0.134313	-0.651919	-0.0441766	-0.74499	-0.670065	-0.183754	0.680973	-0.231352	-0.406854	-0.602738	0.463797	-0.506033	-0.173035	-0.738445	0.0265765	-0.651193	-0.378372	-0.629258	0.455084	-0.503753
-0.414971	-0.608793	0.394294	-0.549274	-0.382024	-0.583353	0.394999	-0.598108	-0.711477	-0.196772	0.597703	-0.312782	-0.680894	-0.0766926	0.672055	-0.280791	-0.0708763	-0.654315	0.000594918	-0.752893	-0.134109	-0.652066	-0.0429436	-0.74497	-0.669996	-0.183813	0.681095	-0.231144	-0.406794	-0.602748	0.463744	-0.506118	-0.173057	-0.738524	0.0269307	-0.651083	-0.378232	-0.62929	0.455046	-0.503853
-0.415366	-0.608391	0.394533	-0.54925	-0.382724	-0.582613	0.395364	-0.598141	-0.711627	-0.196314	0.597349	-0.313403	-0.678932	-0.0762292	0.672858	-0.283731	-0.0713499	-0.654196	0.000617071	-0.752952	-0.135648	-0.651896	-0.0406832	-0.744967	-0.670015	-0.183828	0.681107	-0.231041	-0.406828	-0.602626	0.463786	-0.506197	-0.172874	-0.738521	0.0273273	-0.651118	-0.37789	-0.629433	0.454804	-0.50415
-0.415584	-0.608198	0.394695	-0.549182	-0.383443	-0.581949	0.395806	-0.598034	-0.711767	-0.196172	0.596614	-0.314573	-0.676689	-0.0755159	0.674105	-0.286307	-0.0725336	-0.653843	0.000920341	-0.753145	-0.135648	-0.651896	-0.0406832	-0.744967	-0.669984	-0.183849	0.681153	-0.230978	-0.406828	-0.602626	0.463786	-0.506197	-0.172909	-0.738433	0.0275353	-0.6512	-0.377836	-0.629415	0.454839	-0.504181
-0.415824	-0.608002	0.394883	-0.549082	-0.384153	-0.581321	0.396324	-0.597846	-0.71206	-0.195666	0.595967	-0.315452	-0.674261	-0.0723626	0.675734	-0.288996	-0.0748432	-0.653141	0.00204677	-0.753526	-0.137871	-0.65156	-0.0385146	-0.744968	-0.669952	-0.183799	0.681246	-0.230838	-0.406905	-0.602543	0.46383	-0.506195	-0.172891	-0.73829	0.0275754	-0.651365	-0.377782	-0.629416	0.454846	-0.504214
-0.416148	-0.607787	0.395138	-0.548891	-0.384871	-0.58073	0.396872	-0.597595	-0.712474	-0.194335	0.595696	-0.315849	-0.671635	-0.0659935	0.67761	-0.292227	-0.0780802	-0.652045	0.00380558	-0.754139	-0.140711	-0.651034	-0.0363962	-0.745004	-0.669951	-0.18382	0.681251	-0.23081	-0.407019	-0.60245	0.463845	-0.506199	-0.172784	-0.738234	0.0275174	-0.651459	-0.377623	-0.629469	0.454761	-0.504344
-0.416411	-0.607613	0.39528	-0.548782	-0.385787	-0.579966	0.397448	-0.597364	-0.713482	-0.191913	0.59497	-0.316422	-0.667988	-0.0579173	0.679521	-0.297805	-0.081641	-0.650606	0.0048196	-0.754999	-0.143265	-0.64976	-0.0355569	-0.745669	-0.669859	-0.183866	0.681318	-0.230843	-0.407088	-0.602342	0.463834	-0.506282	-0.1728	-0.738105	0.0274335	-0.651604	-0.377383	-0.629574	0.454627	-0.504512
-0.417023	-0.607149	0.39544	-0.548716	-0.388174	-0.57813	0.399752	-0.596057	-0.717312	-0.183767	0.592005	-0.318156	-0.658121	-0.0343276	0.682097	-0.316925	-0.0928258	-0.644751	0.00646487	-0.758708	-0.154639	-0.643906	-0.0307411	-0.748683	-0.669722	-0.18388	0.681358	-0.23111	-0.407193	-0.602153	0.463662	-0.506579	-0.172469	-0.737708	0.0266594	-0.652174	-0.376533	-0.63005	0.454022	-0.505098
-0.417686	-0.606637	0.395671	-0.548612	-0.389227	-0.577358	0.400767	-0.595437	-0.719436	-0.178429	0.590199	-0.31975	-0.651545	-0.0188646	0.682396	-0.330861	-0.101305	-0.639954	0.00773535	-0.761667	-0.163408	-0.63804	-0.0281007	-0.75194	-0.669755	-0.18357	0.68142	-0.231077	-0.407417	-0.601936	0.463654	-0.506665	-0.172452	-0.737532	0.0263587	-0.65239	-0.376041	-0.630344	0.453581	-0.505494
-0.419365	-0.605172	0.396077	-0.548655	-0.391779	-0.575424	0.402664	-0.594354	-0.72279	-0.166903	0.584803	-0.328212	-0.635111	0.0182453	0.679407	-0.367025	-0.118991	-0.628914	0.00467847	-0.768301	-0.180822	-0.622713	-0.032252	-0.760587	-0.669676	-0.183017	0.681558	-0.231338	-0.407993	-0.601354	0.463671	-0.506877	-0.172856	-0.737414	0.0263131	-0.652418	-0.3761	-0.630263	0.45348	-0.505641
-0.421163	-0.603465	0.396525	-0.548835	-0.393422	-0.573861	0.404143	-0.593777	-0.727166	-0.14845	0.579318	-0.337019	-0.612836	0.0632496	0.669879	-0.41436	-0.135506	-0.614119	-0.00925053	-0.777438	-0.203918	-0.600318	-0.0444717	-0.772048	-0.669753	-0.182033	0.681692	-0.231497	-0.408719	-0.600728	0.463642	-0.507061	-0.174213	-0.737291	0.026738	-0.652178	-0.376252	-0.630185	0.453412	-0.505687
-0.422039	-0.602674	0.396602	-0.548976	-0.394132	-0.573009	0.404735	-0.593726	-0.729558	-0.137119	0.575912	-0.342447	-0.598816	0.0886459	0.662761	-0.440806	-0.14272	-0.605634	-0.0207297	-0.782566	-0.231729	-0.572702	-0.0672438	-0.783449	-0.669818	-0.181528	0.681743	-0.231556	-0.409534	-0.600074	0.463669	-0.507153	-0.174547	-0.737255	0.0265101	-0.652139	-0.376156	-0.630283	0.453173	-0.50585
-0.42285	-0.601913	0.396582	-0.549201	-0.395225	-0.571585	0.405441	-0.593891	-0.731324	-0.125519	0.572259	-0.349185	-0.582788	0.115521	0.654004	-0.468286	-0.150618	-0.596684	-0.0326818	-0.787536	-0.231729	-0.572702	-0.0672438	-0.783449	-0.669822	-0.181223	0.681716	-0.231863	-0.409534	-0.600074	0.463669	-0.507153	-0.174718	-0.737112	0.0259283	-0.652278	-0.376002	-0.630417	0.45282	-0.506113
-0.424258	-0.600475	0.396506	-0.549743	-0.396802	-0.569699	0.406516	-0.593916	-0.734032	-0.0966087	0.567274	-0.360645	-0.545891	0.169499	0.629913	-0.525816	-0.169507	-0.577181	-0.0559869	-0.796866	-0.266607	-0.538525	-0.0930022	-0.793891	-0.669954	-0.180384	0.681674	-0.232259	-0.410196	-0.599617	0.463643	-0.507181	-0.174879	-0.736847	0.0247271	-0.652581	-0.37573	-0.630645	0.45187	-0.50688
-0.425606	-0.598918	0.395882	-0.550849	-0.398269	-0.56775	0.40636	-0.594906	-0.736564	-0.0614192	0.561104	-0.372644	-0.502063	0.224487	0.598247	-0.582785	-0.189304	-0.557685	-0.0808414	-0.804124	-0.305195	-0.49962	-0.125464	-0.800933	-0.670269	-0.179561	0.681508	-0.232474	-0.411009	-0.599113	0.463734	-0.507037	-0.175031	-0.736711	0.0239232	-0.652724	-0.376279	-0.630258	0.451292	-0.507468
-0.426226	-0.598306	0.395748	-0.55113	-0.399403	-0.566363	0.406156	-0.595607	-0.736382	-0.0442854	0.557636	-0.380555	-0.478026	0.251076	0.57925	-0.610673	-0.198266	-0.548053	-0.0941073	-0.807138	-0.326149	-0.47875	-0.143388	-0.802412	-0.670468	-0.179096	0.681498	-0.232288	-0.411441	-0.598835	0.463787	-0.506966	-0.175215	-0.736547	0.023629	-0.65287	-0.376767	-0.629968	0.451219	-0.507532
-0.426226	-0.598306	0.395748	-0.55113	-0.399403	-0.566363	0.406156	-0.595607	-0.736382	-0.0442854	0.557636	-0.380555	-0.478026	0.251076	0.57925	-0.610673	-0.198266	-0.548053	-0.0941073	-0.807138	-0.347668	-0.457066	-0.162119	-0.802455	-0.670468	-0.179096	0.681498	-0.232288	-0.411862	-0.598605	0.463832	-0.506855	-0.175215	-0.736547	0.023629	-0.65287	-0.376767	-0.629968	0.451219	-0.507532
-0.427796	-0.596939	0.395585	-0.551513	-0.401679	-0.564021	0.405884	-0.596484	-0.734285	-0.00976356	0.548154	-0.400322	-0.427077	0.299505	0.535928	-0.66384	-0.21673	-0.530186	-0.120522	-0.810805	-0.369751	-0.434503	-0.18076	-0.801135	-0.67084	-0.178323	0.681388	-0.232133	-0.412261	-0.598384	0.463928	-0.506703	-0.175938	-0.736508	0.0235911	-0.652722	-0.37756	-0.629635	0.451568	-0.507045
-0.427796	-0.596939	0.395585	-0.551513	-0.401679	-0.564021	0.405884	-0.596484	-0.734285	-0.00976356	0.548154	-0.400322	-0.427077	0.299505	0.535928	-0.66384	-0.21673	-0.530186	-0.120522	-0.810805	-0.369751	-0.434503	-0.18076	-0.801135	-0.67084	-0.178323	0.681388	-0.232133	-0.412261	-0.598384	0.463928	-0.506703	-0.175938	-0.736508	0.0235911	-0.652722	-0.37756	-0.629635	0.451568	-0.507045
-0.428711	-0.596198	0.395548	-0.55163	-0.402874	-0.562743	0.405699	-0.59701	-0.731871	0.00893414	0.54345	-0.411032	-0.4005	0.321274	0.511422	-0.689079	-0.227988	-0.521468	-0.131015	-0.811744	-0.392092	-0.411693	-0.200216	-0.797926	-0.671078	-0.177606	0.681459	-0.231784	-0.413129	-0.5979	0.464337	-0.506194	-0.176458	-0.736428	0.0237414	-0.652666	-0.377725	-0.62967	0.451828	-0.506647
-0.430752	-0.594626	0.396042	-0.551383	-0.405119	-0.560236	0.405427	-0.598032	-0.725882	0.0467861	0.533703	-0.431355	-0.345558	0.361137	0.460273	-0.733702	-0.252363	-0.50453	-0.148943	-0.812144	-0.438168	-0.364234	-0.235599	-0.787296	-0.671597	-0.176265	0.681597	-0.230897	-0.413665	-0.597594	0.464668	-0.505812	-0.177293	-0.736606	0.0244976	-0.652211	-0.377819	-0.629913	0.452126	-0.506008
-0.432325	-0.593252	0.396104	-0.551587	-0.40781	-0.557471	0.405225	-0.598924	-0.718107	0.083673	0.522119	-0.452452	-0.290246	0.393372	0.404371	-0.772981	-0.276503	-0.488165	-0.166935	-0.810786	-0.482697	-0.315368	-0.268172	-0.771771	-0.671864	-0.176037	0.681532	-0.230487	-0.414365	-0.597293	0.465017	-0.505274	-0.177806	-0.736936	0.0257222	-0.65165	-0.377384	-0.630538	0.451981	-0.505684
-0.433518	-0.592321	0.396434	-0.551415	-0.411311	-0.554094	0.405708	-0.599336	-0.708367	0.121345	0.50851	-0.474245	-0.235342	0.418242	0.347311	-0.805644	-0.297787	-0.472084	-0.187375	-0.808301	-0.524675	-0.267517	-0.29776	-0.751325	-0.671858	-0.17626	0.681498	-0.230434	-0.414157	-0.597654	0.464778	-0.505238	-0.177758	-0.737215	0.0266534	-0.651311	-0.377029	-0.631088	0.451712	-0.505503
-0.434956	-0.591446	0.397207	-0.550666	-0.415144	-0.550348	0.406024	-0.599931	-0.697806	0.156747	0.49372	-0.494711	-0.183501	0.434897	0.293479	-0.831301	-0.309174	-0.463955	-0.195783	-0.806738	-0.562998	-0.220463	-0.321601	-0.728699	-0.672141	-0.175902	0.681484	-0.229923	-0.414037	-0.597762	0.464746	-0.505237	-0.177998	-0.737499	0.0282623	-0.650855	-0.37702	-0.631231	0.45184	-0.505217
-0.435737	-0.590953	0.397568	-0.550316	-0.416759	-0.548794	0.406319	-0.600034	-0.69289	0.173172	0.485777	-0.50392	-0.158741	0.44054	0.26903	-0.841635	-0.331516	-0.449106	-0.21189	-0.802187	-0.580566	-0.198542	-0.332819	-0.71607	-0.672278	-0.175539	0.681597	-0.229464	-0.413956	-0.597822	0.464796	-0.505187	-0.178327	-0.737625	0.0291727	-0.650583	-0.377082	-0.631184	0.452051	-0.505041
-0.43716	-0.590124	0.398162	-0.549648	-0.420765	-0.544399	0.406679	-0.600998	-0.687513	0.189157	0.478652	-0.512288	-0.134656	0.444505	0.247882	-0.850198	-0.3426	-0.44139	-0.219189	-0.799848	-0.612332	-0.155778	-0.35079	-0.69118	-0.672653	-0.174839	0.681715	-0.228548	-0.414129	-0.597684	0.465201	-0.504836	-0.178429	-0.737822	0.0299298	-0.650297	-0.377072	-0.631132	0.45245	-0.504755
-0.43716	-0.590124	0.398162	-0.549648	-0.420765	-0.544399	0.406679	-0.600998	-0.687513	0.189157	0.478652	-0.512288	-0.112382	0.446939	0.227779	-0.857749	-0.354147	-0.433396	-0.224903	-0.7976	-0.612332	-0.155778	-0.35079	-0.69118	-0.672653	-0.174839	0.681715	-0.228548	-0.414129	-0.597684	0.465201	-0.504836	-0.178514	-0.737941	0.0306244	-0.650106	-0.377072	-0.631132	0.45245	-0.504755
-0.438807	-0.589227	0.398881	-0.548776	-0.42489	-0.540218	0.406238	-0.602166	-0.676755	0.218704	0.464086	-0.52801	-0.0722817	0.448071	0.194124	-0.869668	-0.375213	-0.417557	-0.236462	-0.793062	-0.639249	-0.116477	-0.363838	-0.667394	-0.672985	-0.174018	0.681853	-0.227783	-0.414312	-0.597474	0.46588	-0.504307	-0.179086	-0.738101	0.0321322	-0.649695	-0.37728	-0.63101	0.453377	-0.50392
-0.439777	-0.588698	0.399343	-0.54823	-0.426949	-0.538179	0.406257	-0.602523	-0.666318	0.24202	0.450525	-0.542655	-0.0539126	0.446779	0.180316	-0.874624	-0.384901	-0.410462	-0.242679	-0.79024	-0.650428	-0.098757	-0.3696	-0.656191	-0.673303	-0.173205	0.682026	-0.226947	-0.414458	-0.597349	0.466287	-0.503959	-0.179433	-0.738224	0.0330518	-0.649413	-0.377277	-0.631019	0.453745	-0.503581
-0.441557	-0.587412	0.400086	-0.547636	-0.4307	-0.533684	0.406646	-0.603587	-0.65659	0.260175	0.439353	-0.555128	-0.0222605	0.441568	0.159031	-0.882741	-0.404643	-0.396578	-0.251033	-0.784839	-0.670115	-0.0669323	-0.379686	-0.634275	-0.67377	-0.172017	0.682261	-0.225751	-0.414826	-0.597027	0.467174	-0.503216	-0.179867	-0.738527	0.0347287	-0.648861	-0.377096	-0.631182	0.454305	-0.503005
-0.442327	-0.586829	0.400423	-0.547394	-0.432755	-0.53112	0.40731	-0.603932	-0.65659	0.260175	0.439353	-0.555128	-0.00819796	0.438701	0.150378	-0.885924	-0.4134	-0.390099	-0.25462	-0.782363	-0.678132	-0.0516227	-0.384504	-0.624202	-0.673935	-0.171534	0.682385	-0.225251	-0.414876	-0.596992	0.467514	-0.5029	-0.180153	-0.738619	0.0355193	-0.648634	-0.377136	-0.631174	0.454743	-0.50259
-0.443289	-0.586159	0.401089	-0.546846	-0.434353	-0.529064	0.407919	-0.604177	-0.648675	0.275895	0.430756	-0.563518	0.00496629	0.435375	0.142815	-0.888835	-0.421348	-0.384587	-0.258311	-0.779637	-0.68523	-0.0374867	-0.389161	-0.614498	-0.674083	-0.171123	0.682478	-0.224839	-0.414851	-0.597028	0.46777	-0.502641	-0.180416	-0.738789	0.0364087	-0.648317	-0.377173	-0.63117	0.45511	-0.502235
-0.444743	-0.585167	0.401788	-0.546214	-0.437412	-0.525051	0.40897	-0.604761	-0.642769	0.287936	0.42455	-0.568945	0.017305	0.431537	0.136579	-0.891528	-0.428964	-0.379836	-0.261501	-0.776744	-0.695002	-0.0148908	-0.400009	-0.597279	-0.674332	-0.170276	0.682778	-0.223824	-0.414998	-0.596987	0.468406	-0.501975	-0.180758	-0.738957	0.0373321	-0.647978	-0.377142	-0.631275	0.455671	-0.501617
-0.445131	-0.584885	0.402078	-0.545987	-0.438672	-0.52343	0.409202	-0.605097	-0.640236	0.293154	0.422816	-0.570425	0.0375031	0.42428	0.128165	-0.89563	-0.442776	-0.372837	-0.264665	-0.771294	-0.697461	-0.00641714	-0.404989	-0.591177	-0.674494	-0.1699	0.682855	-0.223383	-0.415141	-0.596919	0.468723	-0.501642	-0.18135	-0.739198	0.0388566	-0.647447	-0.377114	-0.631347	0.455983	-0.501264
-0.44596	-0.584188	0.402574	-0.54569	-0.440993	-0.520238	0.409318	-0.606083	-0.636465	0.300089	0.42074	-0.572571	0.0453351	0.421071	0.125701	-0.897131	-0.448506	-0.370757	-0.266194	-0.768454	-0.698446	0.00024238	-0.411615	-0.585445	-0.674952	-0.168902	0.683071	-0.222096	-0.415581	-0.596783	0.469269	-0.500928	-0.181684	-0.739303	0.03957	-0.647191	-0.377396	-0.631322	0.456752	-0.500382
-0.446155	-0.583898	0.402688	-0.545757	-0.441895	-0.518756	0.409817	-0.606359	-0.63495	0.301986	0.420434	-0.573479	0.0563225	0.41646	0.123138	-0.899014	-0.456446	-0.37022	-0.271095	-0.7623	-0.697472	-0.00217739	-0.413666	-0.585156	-0.675005	-0.168744	0.683153	-0.2218	-0.415706	-0.596803	0.469408	-0.500671	-0.182267	-0.739614	0.0408854	-0.64659	-0.377292	-0.631479	0.456818	-0.500202
-0.447158	-0.58285	0.402965	-0.545852	-0.44269	-0.517558	0.410959	-0.606029	-0.632415	0.305095	0.421052	-0.574181	0.0609428	0.415418	0.122252	-0.899316	-0.460037	-0.37252	-0.273468	-0.758162	-0.694595	-0.0103856	-0.414125	-0.588159	-0.675211	-0.168242	0.683247	-0.221264	-0.415849	-0.596871	0.469538	-0.500348	-0.183158	-0.739937	0.0419895	-0.645897	-0.37728	-0.631676	0.457058	-0.499743
-0.447446	-0.582614	0.403033	-0.545818	-0.443508	-0.517529	0.41148	-0.605103	-0.631319	0.306191	0.421047	-0.574806	0.0622213	0.414956	0.121727	-0.899513	-0.460548	-0.375525	-0.271052	-0.757236	-0.693365	-0.0189828	-0.4131	-0.590113	-0.675708	-0.167465	0.683185	-0.220526	-0.416328	-0.596688	0.46967	-0.500045	-0.183991	-0.740118	0.0424587	-0.645422	-0.377995	-0.63149	0.457771	-0.498785
-0.447777	-0.582849	0.403642	-0.544846	-0.443998	-0.518792	0.411289	-0.60379	-0.631639	0.306131	0.420256	-0.575067	0.0616838	0.41421	0.121449	-0.89993	-0.458292	-0.378972	-0.269357	-0.757493	-0.693792	-0.0232982	-0.411347	-0.590681	-0.676185	-0.166656	0.683154	-0.219773	-0.416976	-0.596363	0.469536	-0.500018	-0.185088	-0.740458	0.0430624	-0.644679	-0.379364	-0.630902	0.459033	-0.497327
-0.447748	-0.583502	0.404631	-0.543434	-0.444099	-0.520372	0.410793	-0.602692	-0.632336	0.305066	0.41986	-0.575156	0.0611955	0.413423	0.122052	-0.900244	-0.457586	-0.380186	-0.268493	-0.757618	-0.694776	-0.0258061	-0.409435	-0.590748	-0.676419	-0.166569	0.682994	-0.219615	-0.417363	-0.596277	0.468886	-0.500407	-0.185665	-0.740456	0.0432644	-0.644501	-0.380326	-0.630438	0.459776	-0.496493
-0.447729	-0.58389	0.405202	-0.542607	-0.44401	-0.520999	0.410807	-0.602207	-0.632469	0.304228	0.419846	-0.575463	0.06094	0.411739	0.123872	-0.900785	-0.456829	-0.381545	-0.266958	-0.757934	-0.695006	-0.0267663	-0.408866	-0.590828	-0.676635	-0.16618	0.683018	-0.219168	-0.417715	-0.596125	0.468689	-0.50048	-0.186262	-0.740823	0.0437958	-0.64387	-0.381444	-0.629912	0.460345	-0.495777
-0.447729	-0.58389	0.405202	-0.542607	-0.44401	-0.520999	0.410807	-0.602207	-0.632469	0.304228	0.419846	-0.575463	0.06094	0.411739	0.123872	-0.900785	-0.456829	-0.381545	-0.266958	-0.757934	-0.695006	-0.0267663	-0.408866	-0.590828	-0.676635	-0.16618	0.683018	-0.219168	-0.417715	-0.596125	0.468689	-0.50048	-0.186262	-0.740823	0.0437958	-0.64387	-0.381444	-0.629912	0.460345	-0.495777
-0.44698	-0.584864	0.406018	-0.541565	-0.444086	-0.521267	0.410877	-0.60187	-0.632151	0.302383	0.420338	-0.576424	0.0620105	0.411303	0.126712	-0.900516	-0.456497	-0.381733	-0.266612	-0.758161	-0.695285	-0.027619	-0.408109	-0.590985	-0.677325	-0.16597	0.68239	-0.219153	-0.418195	-0.595825	0.468566	-0.500551	-0.186266	-0.740974	0.0429878	-0.643751	-0.381993	-0.629931	0.46041	-0.495269
-0.445785	-0.585662	0.406167	-0.541575	-0.443954	-0.521439	0.410905	-0.6018	-0.631866	0.301209	0.420822	-0.576999	0.06276	0.411317	0.128265	-0.900238	-0.456462	-0.381556	-0.266721	-0.758233	-0.695192	-0.0275884	-0.407885	-0.591251	-0.678164	-0.165325	0.681809	-0.218855	-0.418722	-0.595542	0.468904	-0.500132	-0.185926	-0.741029	0.0415704	-0.643878	-0.381676	-0.630527	0.46024	-0.494913
-0.44031	-0.589711	0.406262	-0.54159	-0.442474	-0.522809	0.410818	-0.60176	-0.630967	0.297972	0.421924	-0.578855	0.065485	0.409751	0.132111	-0.900201	-0.45634	-0.379715	-0.268118	-0.758738	-0.69503	-0.0249922	-0.408322	-0.591255	-0.68104	-0.163412	0.679636	-0.218119	-0.418851	-0.596051	0.468199	-0.500077	-0.189284	-0.738377	0.0341729	-0.646377	-0.382356	-0.632553	0.465109	-0.48719
-0.438342	-0.590941	0.406742	-0.541485	-0.441725	-0.523361	0.410948	-0.601743	-0.630593	0.297257	0.422545	-0.579177	0.0664623	0.40931	0.133425	-0.900137	-0.456187	-0.378789	-0.268754	-0.759068	-0.695369	-0.023808	-0.408349	-0.590887	-0.682481	-0.162511	0.678503	-0.217817	-0.419287	-0.596287	0.468048	-0.499572	-0.188463	-0.739285	0.0316567	-0.645707	-0.383055	-0.633207	0.46557	-0.485347
-0.435157	-0.593182	0.407325	-0.541164	-0.440355	-0.523577	0.411104	-0.602452	-0.62967	0.295659	0.423749	-0.580119	0.0685041	0.408322	0.136462	-0.899977	-0.456978	-0.37655	-0.268628	-0.75975	-0.696198	-0.0207942	-0.40817	-0.590147	-0.684847	-0.160889	0.676844	-0.216752	-0.421416	-0.596346	0.467977	-0.497773	-0.187477	-0.741899	0.0322269	-0.642962	-0.388554	-0.631995	0.46739	-0.480784
-0.433444	-0.594465	0.40783	-0.540751	-0.439293	-0.523364	0.411153	-0.603378	-0.628361	0.295431	0.42463	-0.581011	0.0697343	0.408141	0.137076	-0.899871	-0.457669	-0.374854	-0.26879	-0.760115	-0.697863	-0.0178295	-0.406664	-0.589316	-0.685909	-0.161069	0.675642	-0.217011	-0.422816	-0.598043	0.466421	-0.496007	-0.188996	-0.74321	0.0345514	-0.640879	-0.393126	-0.630268	0.469254	-0.477508
-0.429964	-0.59735	0.408656	-0.539726	-0.438788	-0.523277	0.411631	-0.603495	-0.627801	0.294825	0.425209	-0.581499	0.071565	0.407815	0.138286	-0.89969	-0.460593	-0.371244	-0.268649	-0.760171	-0.698775	-0.0166343	-0.405792	-0.588872	-0.687967	-0.162792	0.672042	-0.220363	-0.423292	-0.599371	0.46538	-0.494975	-0.194138	-0.746568	0.0403966	-0.635071	-0.401416	-0.627788	0.470979	-0.472151
-0.428954	-0.598538	0.409383	-0.538662	-0.437314	-0.523872	0.413321	-0.602893	-0.627317	0.293064	0.426956	-0.581632	0.0722579	0.407646	0.139668	-0.899498	-0.462561	-0.369845	-0.267778	-0.759965	-0.700952	-0.0147746	-0.403951	-0.587599	-0.688589	-0.163999	0.670236	-0.223011	-0.424123	-0.602401	0.463574	-0.492272	-0.194822	-0.748106	0.0417708	-0.632959	-0.40569	-0.626756	0.471722	-0.469117
-0.427704	-0.600091	0.409673	-0.537706	-0.436515	-0.524366	0.413862	-0.602671	-0.627296	0.292197	0.427961	-0.581351	0.0727893	0.407868	0.142684	-0.898881	-0.466536	-0.367547	-0.266351	-0.759151	-0.70204	-0.0143778	-0.403269	-0.586777	-0.689465	-0.166547	0.666583	-0.229276	-0.424131	-0.604378	0.462797	-0.49057	-0.196055	-0.752271	0.0445514	-0.627428	-0.41611	-0.623982	0.474956	-0.460343
-0.42744	-0.600534	0.409499	-0.537554	-0.435888	-0.524683	0.414132	-0.602665	-0.627457	0.291133	0.428792	-0.581099	0.0724566	0.408058	0.144089	-0.898597	-0.46843	-0.366996	-0.265782	-0.75845	-0.703208	-0.0140298	-0.40251	-0.585908	-0.689796	-0.168177	0.664046	-0.234397	-0.42346	-0.606984	0.462782	-0.487939	-0.197929	-0.754532	0.0474634	-0.623901	-0.421565	-0.622738	0.475938	-0.456029
-0.42744	-0.600534	0.409499	-0.537554	-0.435215	-0.525185	0.414321	-0.602583	-0.627457	0.291133	0.428792	-0.581099	0.0724566	0.408058	0.144089	-0.898597	-0.46843	-0.366996	-0.265782	-0.75845	-0.704405	-0.0139285	-0.401954	-0.584852	-0.689796	-0.168177	0.664046	-0.234397	-0.42152	-0.61053	0.464319	-0.483717	-0.197929	-0.754532	0.0474634	-0.623901	-0.421565	-0.622738	0.475938	-0.456029
-0.428498	-0.600221	0.409959	-0.53671	-0.435215	-0.525185	0.414321	-0.602583	-0.627826	0.290129	0.429398	-0.580755	0.0719468	0.408182	0.145287	-0.898389	-0.470151	-0.366733	-0.265716	-0.757535	-0.704405	-0.0139285	-0.401954	-0.584852	-0.691432	-0.167006	0.66068	-0.239859	-0.42152	-0.61053	0.464319	-0.483717	-0.19854	-0.756902	0.0505271	-0.620587	-0.42662	-0.621869	0.476077	-0.452356
-0.433294	-0.598496	0.411705	-0.53344	-0.434787	-0.526417	0.414312	-0.601823	-0.628897	0.288821	0.430247	-0.57962	0.0702133	0.408587	0.147126	-0.898043	-0.472925	-0.366223	-0.266119	-0.755912	-0.706988	-0.0133754	-0.40169	-0.581922	-0.698857	-0.153884	0.650752	-0.253852	-0.409379	-0.622918	0.468592	-0.474134	-0.196373	-0.760669	0.053783	-0.616383	-0.436393	-0.620202	0.476492	-0.444823
-0.437146	-0.59764	0.412399	-0.530713	-0.434226	-0.529745	0.41453	-0.599152	-0.630877	0.286245	0.430044	-0.578896	0.0679753	0.407078	0.149464	-0.898514	-0.473998	-0.366925	-0.267005	-0.754586	-0.708704	-0.0130644	-0.40344	-0.578622	-0.701252	-0.13296	0.645034	-0.272943	-0.388321	-0.638176	0.475294	-0.464795	-0.196844	-0.763855	0.0570506	-0.611983	-0.444683	-0.619072	0.477115	-0.437457
-0.437146	-0.59764	0.412399	-0.530713	-0.434226	-0.529745	0.41453	-0.599152	-0.630877	0.286245	0.430044	-0.578896	0.0679753	0.407078	0.149464	-0.898514	-0.473998	-0.366925	-0.267005	-0.754586	-0.708704	-0.0130644	-0.40344	-0.578622	-0.701252	-0.13296	0.645034	-0.272943	-0.388321	-0.638176	0.475294	-0.464795	-0.196844	-0.763855	0.0570506	-0.611983	-0.444683	-0.619072	0.477115	-0.437457
-0.440381	-0.596575	0.412866	-0.528871	-0.433872	-0.533081	0.414952	-0.596151	-0.632293	0.284557	0.429769	-0.578387	0.0668066	0.405893	0.151154	-0.898855	-0.473725	-0.368084	-0.267766	-0.753923	-0.709214	-0.0140606	-0.405682	-0.576402	-0.699183	-0.121911	0.643798	-0.286016	-0.368234	-0.651706	0.486596	-0.450453	-0.196513	-0.7653	0.0586766	-0.610128	-0.448974	-0.617784	0.478509	-0.433351
-0.444683	-0.596067	0.412665	-0.525993	-0.434232	-0.534334	0.415097	-0.594663	-0.635546	0.281282	0.428834	-0.577116	0.0632554	0.403281	0.154416	-0.899733	-0.47293	-0.369936	-0.267239	-0.753703	-0.709367	-0.0145746	-0.406271	-0.575786	-0.688843	-0.0973473	0.645062	-0.316092	-0.361688	-0.655521	0.490604	-0.445849	-0.197372	-0.76742	0.0619542	-0.606855	-0.454101	-0.616644	0.479998	-0.427954
-0.44389	-0.598974	0.409643	-0.525722	-0.435586	-0.536149	0.413282	-0.593301	-0.638687	0.279416	0.426652	-0.576171	0.0600788	0.400254	0.155699	-0.90108	-0.47172	-0.371274	-0.267566	-0.753687	-0.709377	-0.0157602	-0.406218	-0.57578	-0.683889	-0.0857372	0.63855	-0.342342	-0.363427	-0.650167	0.484238	-0.45904	-0.192863	-0.7698	0.0606026	-0.605425	-0.454807	-0.618014	0.479017	-0.426324
-0.443454	-0.600543	0.407683	-0.525825	-0.435993	-0.537052	0.412284	-0.59288	-0.638687	0.279416	0.426652	-0.576171	0.0586487	0.398993	0.155636	-0.901744	-0.470994	-0.372274	-0.267327	-0.753733	-0.708982	-0.0167464	-0.406539	-0.576012	-0.683889	-0.0857372	0.63855	-0.342342	-0.372606	-0.641234	0.47329	-0.475374	-0.189725	-0.771026	0.0595729	-0.604958	-0.454416	-0.619079	0.47815	-0.426169
-0.444519	-0.601675	0.405513	-0.525309	-0.436602	-0.538364	0.411003	-0.592131	-0.64224	0.279664	0.422668	-0.575037	0.0561137	0.397033	0.154709	-0.902929	-0.470192	-0.373655	-0.267268	-0.753571	-0.707772	-0.0181847	-0.407392	-0.576853	-0.675584	-0.0839611	0.635844	-0.363646	-0.402414	-0.615627	0.444654	-0.511223	-0.1848	-0.772994	0.0595506	-0.603972	-0.453242	-0.621433	0.477126	-0.42514
-0.444693	-0.6018	0.404666	-0.525671	-0.435812	-0.540279	0.409987	-0.591673	-0.642649	0.280328	0.421281	-0.575274	0.0554586	0.396542	0.153978	-0.90331	-0.469624	-0.374232	-0.267934	-0.753402	-0.706655	-0.0187757	-0.408429	-0.57747	-0.667198	-0.091356	0.6306	-0.385804	-0.428773	-0.589567	0.411895	-0.546724	-0.182381	-0.773923	0.0598748	-0.603486	-0.452436	-0.622799	0.477189	-0.423926
-0.444693	-0.6018	0.404666	-0.525671	-0.435284	-0.540972	0.409408	-0.59183	-0.642649	0.280328	0.421281	-0.575274	0.0551338	0.396394	0.153462	-0.903483	-0.468866	-0.374815	-0.26856	-0.753362	-0.705998	-0.0188361	-0.409192	-0.577732	-0.667198	-0.091356	0.6306	-0.385804	-0.437718	-0.579694	0.393051	-0.563798	-0.182381	-0.773923	0.0598748	-0.603486	-0.452436	-0.622799	0.477189	-0.423926
-0.440755	-0.601901	0.396679	-0.534879	-0.434671	-0.541452	0.408814	-0.592252	-0.642265	0.279993	0.421623	-0.575616	0.0556977	0.396425	0.153986	-0.903345	-0.466921	-0.375692	-0.269517	-0.753791	-0.705497	-0.0187189	-0.409645	-0.578026	-0.658914	-0.0946223	0.626898	-0.404817	-0.445112	-0.571368	0.374863	-0.578699	-0.174054	-0.776254	0.0610964	-0.602828	-0.447797	-0.628324	0.479091	-0.418519
-0.438949	-0.601706	0.393025	-0.539264	-0.434156	-0.541596	0.408128	-0.59297	-0.642012	0.279572	0.422181	-0.575694	0.0561119	0.396659	0.154664	-0.903101	-0.465946	-0.375568	-0.270003	-0.754282	-0.705123	-0.018347	-0.409837	-0.578358	-0.655601	-0.0935308	0.626938	-0.410351	-0.45151	-0.563676	0.359071	-0.591165	-0.169067	-0.777141	0.0600908	-0.603206	-0.444871	-0.631016	0.479634	-0.416964
-0.434953	-0.601042	0.385018	-0.548931	-0.432572	-0.541662	0.406236	-0.595362	-0.641355	0.279431	0.423528	-0.575506	0.0559993	0.397458	0.155765	-0.902568	-0.46406	-0.374524	-0.270611	-0.755744	-0.704677	-0.016813	-0.408879	-0.579625	-0.649193	-0.0938953	0.624561	-0.423859	-0.460812	-0.549633	0.334584	-0.611236	-0.159245	-0.778997	0.060497	-0.603444	-0.436894	-0.63747	0.480712	-0.414332
-0.434953	-0.601042	0.385018	-0.548931	-0.432572	-0.541662	0.406236	-0.595362	-0.641355	0.279431	0.423528	-0.575506	0.0559993	0.397458	0.155765	-0.902568	-0.46406	-0.374524	-0.270611	-0.755744	-0.704677	-0.016813	-0.408879	-0.579625	-0.649193	-0.0938953	0.624561	-0.423859	-0.460812	-0.549633	0.334584	-0.611236	-0.159245	-0.778997	0.060497	-0.603444	-0.436894	-0.63747	0.480712	-0.414332
-0.432314	-0.600852	0.380569	-0.5543	-0.431723	-0.541351	0.404931	-0.597147	-0.641075	0.279793	0.423987	-0.575302	0.0562029	0.398006	0.155854	-0.902298	-0.463303	-0.373556	-0.270801	-0.75662	-0.704246	-0.0151536	-0.407135	-0.58142	-0.646013	-0.0959664	0.622386	-0.431385	-0.467079	-0.537315	0.318031	-0.626088	-0.153918	-0.77971	0.0604906	-0.603906	-0.431701	-0.641524	0.481219	-0.412929
-0.427584	-0.599258	0.371703	-0.565596	-0.429978	-0.540148	0.40269	-0.600999	-0.640187	0.281179	0.424883	-0.574955	0.0567631	0.399318	0.155291	-0.90178	-0.461381	-0.371079	-0.271673	-0.758697	-0.704018	-0.0138726	-0.406133	-0.582428	-0.639737	-0.101309	0.619543	-0.44344	-0.467084	-0.534547	0.309225	-0.632829	-0.142438	-0.780952	0.0631473	-0.604845	-0.421177	-0.649176	0.483121	-0.409603
-0.421121	-0.598864	0.365112	-0.575076	-0.428629	-0.538186	0.399746	-0.60567	-0.638692	0.283142	0.425994	-0.574833	0.0581733	0.400954	0.154291	-0.901136	-0.459123	-0.367835	-0.273072	-0.76114	-0.703578	-0.0102206	-0.404362	-0.584264	-0.632304	-0.111123	0.618281	-0.453401	-0.463402	-0.533368	0.294864	-0.643298	-0.128788	-0.781555	0.06673	-0.606739	-0.409497	-0.656955	0.485832	-0.405819
-0.416544	-0.599581	0.362292	-0.57943	-0.427381	-0.537502	0.398059	-0.608265	-0.637546	0.284068	0.426462	-0.5753	0.0594892	0.401603	0.153462	-0.900902	-0.457813	-0.366087	-0.273656	-0.762561	-0.703107	-0.00827703	-0.403759	-0.585278	-0.627839	-0.118425	0.617814	-0.458367	-0.459986	-0.534731	0.290706	-0.646503	-0.121386	-0.781695	0.0684568	-0.607891	-0.403107	-0.661005	0.48757	-0.403549
-0.408903	-0.600246	0.359573	-0.585843	-0.423297	-0.536739	0.39473	-0.613938	-0.633971	0.286272	0.4274	-0.577458	0.0630104	0.403488	0.151293	-0.900187	-0.454358	-0.363203	-0.275454	-0.765354	-0.701238	-0.00451239	-0.402762	-0.588242	-0.619626	-0.13217	0.620145	-0.462619	-0.448082	-0.543748	0.287182	-0.648913	-0.105052	-0.78166	0.0726237	-0.610489	-0.388068	-0.670081	0.490515	-0.399737
-0.405048	-0.600609	0.359096	-0.588434	-0.420293	-0.53669	0.39351	-0.616821	-0.631314	0.287608	0.427379	-0.579717	0.0654808	0.403932	0.149114	-0.900176	-0.452344	-0.361212	-0.276489	-0.767115	-0.700133	-0.00252345	-0.401592	-0.590365	-0.616527	-0.138697	0.621815	-0.462604	-0.438607	-0.551356	0.286638	-0.649207	-0.0966633	-0.781153	0.0750986	-0.612222	-0.379075	-0.675172	0.49166	-0.398391
-0.399868	-0.602601	0.358287	-0.59043	-0.417283	-0.536447	0.394051	-0.618727	-0.628568	0.28852	0.427431	-0.582204	0.0687637	0.403977	0.147265	-0.900215	-0.449335	-0.359736	-0.27746	-0.769223	-0.698882	-0.000926454	-0.400244	-0.592763	-0.613554	-0.149719	0.621554	-0.463472	-0.430404	-0.558759	0.275395	-0.653221	-0.0894149	-0.780469	0.0781278	-0.613816	-0.369386	-0.680092	0.493284	-0.397114
-0.397729	-0.605564	0.361854	-0.586656	-0.407293	-0.541919	0.40133	-0.615931	-0.625848	0.283842	0.430574	-0.585111	0.0719903	0.403473	0.151089	-0.899555	-0.444972	-0.360504	-0.277143	-0.771511	-0.696994	-0.00232615	-0.398316	-0.59627	-0.612616	-0.147062	0.62062	-0.466803	-0.421669	-0.563426	0.290268	-0.648452	-0.0850576	-0.779565	0.0815865	-0.615132	-0.342999	-0.69335	0.49232	-0.399046
-0.397729	-0.605564	0.361854	-0.586656	-0.407293	-0.541919	0.40133	-0.615931	-0.625848	0.283842	0.430574	-0.585111	0.0719903	0.403473	0.151089	-0.899555	-0.44161	-0.361	-0.273206	-0.774608	-0.696994	-0.00232615	-0.398316	-0.59627	-0.612616	-0.147062	0.62062	-0.466803	-0.421669	-0.563426	0.290268	-0.648452	-0.0781898	-0.777133	0.080207	-0.619288	-0.342999	-0.69335	0.49232	-0.399046
-0.397185	-0.609309	0.366215	-0.580408	-0.402132	-0.546182	0.407279	-0.611636	-0.625723	0.278278	0.434409	-0.585081	0.0709338	0.403415	0.157391	-0.898584	-0.437906	-0.362228	-0.267853	-0.778	-0.696076	-0.00436482	-0.396645	-0.598441	-0.613222	-0.138004	0.623604	-0.464793	-0.398451	-0.582578	0.287683	-0.647362	-0.0759533	-0.774174	0.0801103	-0.623273	-0.330204	-0.698978	0.493295	-0.398816
-0.396233	-0.611621	0.369687	-0.576412	-0.39732	-0.550647	0.412346	-0.607367	-0.626478	0.270994	0.439003	-0.584263	0.0685988	0.403485	0.165613	-0.897255	-0.437906	-0.362228	-0.267853	-0.778	-0.694886	-0.00758038	-0.394806	-0.601003	-0.610209	-0.137041	0.624082	-0.468386	-0.388833	-0.590015	0.296392	-0.642529	-0.0737781	-0.770448	0.0783687	-0.628351	-0.317039	-0.704917	0.493577	-0.398697
-0.392581	-0.613717	0.370878	-0.575918	-0.39424	-0.553571	0.4156	-0.604492	-0.627241	0.263655	0.443363	-0.583509	0.0665853	0.403435	0.174204	-0.895801	-0.433771	-0.364573	-0.254188	-0.783784	-0.69338	-0.0118292	-0.392823	-0.603966	-0.608445	-0.144971	0.627655	-0.463495	-0.39313	-0.585974	0.317862	-0.633283	-0.0679895	-0.764329	0.0721918	-0.637155	-0.302768	-0.711162	0.49294	-0.399486
-0.386782	-0.617361	0.373612	-0.574176	-0.392123	-0.55521	0.415415	-0.604493	-0.627832	0.257644	0.447139	-0.582678	0.06601	0.402944	0.182075	-0.894498	-0.4315	-0.36591	-0.252346	-0.785009	-0.690609	-0.0146747	-0.390865	-0.608333	-0.610274	-0.149923	0.635806	-0.448151	-0.387453	-0.589222	0.32208	-0.631635	-0.0627231	-0.75648	0.0646402	-0.647785	-0.288146	-0.716934	0.49269	-0.400293
-0.373915	-0.623469	0.37957	-0.57219	-0.387111	-0.559015	0.41383	-0.605303	-0.627168	0.249155	0.452706	-0.582786	0.0681472	0.40112	0.19275	-0.89292	-0.423679	-0.368849	-0.253682	-0.787459	-0.684933	-0.0183617	-0.387976	-0.616445	-0.610351	-0.157539	0.651601	-0.421983	-0.375411	-0.596078	0.325502	-0.630719	-0.0639051	-0.743488	0.0535592	-0.663531	-0.26707	-0.726559	0.497022	-0.392117
-0.363925	-0.627061	0.38225	-0.57292	-0.382211	-0.564426	0.415842	-0.602008	-0.624324	0.242328	0.455187	-0.586772	0.071984	0.399252	0.198307	-0.892239	-0.418523	-0.367932	-0.249144	-0.79208	-0.680198	-0.0191836	-0.385795	-0.622997	-0.609362	-0.168332	0.660735	-0.404686	-0.366419	-0.599767	0.333129	-0.628523	-0.0735409	-0.730679	0.0337916	-0.677907	-0.260067	-0.735243	0.511373	-0.360944
-0.352481	-0.632995	0.381219	-0.574236	-0.37761	-0.568543	0.414097	-0.60224	-0.620805	0.237929	0.455505	-0.592036	0.0772644	0.396722	0.200295	-0.892482	-0.414327	-0.366842	-0.248307	-0.79505	-0.675811	-0.0191406	-0.383775	-0.628991	-0.604954	-0.185945	0.663875	-0.398403	-0.352052	-0.608382	0.331598	-0.629265	-0.0913066	-0.725588	0.0152769	-0.681874	-0.24984	-0.746404	0.513543	-0.341664
-0.3501	-0.633635	0.380416	-0.575517	-0.375027	-0.570905	0.413973	-0.601705	-0.619208	0.235885	0.45591	-0.59421	0.08018	0.395446	0.201667	-0.892482	-0.411949	-0.367257	-0.247946	-0.796205	-0.674143	-0.020022	-0.383669	-0.630815	-0.601813	-0.195853	0.664446	-0.397459	-0.347324	-0.610693	0.333295	-0.628757	-0.0945584	-0.723484	0.00363706	-0.683825	-0.244084	-0.75086	0.50458	-0.34933
-0.344486	-0.63474	0.376782	-0.58006	-0.370986	-0.57398	0.414026	-0.601247	-0.616482	0.232264	0.457796	-0.597014	0.0845355	0.393962	0.204706	-0.892044	-0.407725	-0.368324	-0.245238	-0.798721	-0.67256	-0.0229302	-0.383197	-0.632691	-0.599861	-0.204166	0.665796	-0.393952	-0.340236	-0.613766	0.336478	-0.627943	-0.0957604	-0.719218	-0.028807	-0.687551	-0.258875	-0.748444	0.490637	-0.363443
-0.339645	-0.635919	0.373977	-0.58343	-0.368299	-0.575897	0.413255	-0.601597	-0.614809	0.230567	0.458192	-0.59909	0.0862519	0.393304	0.205601	-0.891964	-0.406127	-0.368631	-0.244576	-0.799596	-0.672405	-0.0248779	-0.380062	-0.634669	-0.599289	-0.222675	0.668475	-0.380013	-0.338022	-0.614359	0.34161	-0.625785	-0.0959308	-0.719768	-0.043993	-0.686146	-0.279717	-0.740523	0.46876	-0.39198
-0.339534	-0.635756	0.374075	-0.583608	-0.36755	-0.576338	0.41368	-0.60134	-0.614154	0.230226	0.45788	-0.600131	0.0887858	0.391808	0.20586	-0.892315	-0.405496	-0.36787	-0.242283	-0.800964	-0.672935	-0.0256048	-0.378631	-0.634935	-0.599568	-0.227358	0.669271	-0.375369	-0.338149	-0.613823	0.34497	-0.624397	-0.102633	-0.722286	-0.0652881	-0.680814	-0.292332	-0.734377	0.458044	-0.406727
-0.338031	-0.636014	0.373854	-0.58434	-0.3672	-0.576447	0.415316	-0.600321	-0.613217	0.231676	0.457163	-0.601077	0.0893823	0.391699	0.204879	-0.892529	-0.406341	-0.367044	-0.240693	-0.801394	-0.674719	-0.025758	-0.376581	-0.634254	-0.601903	-0.232853	0.670941	-0.365145	-0.33978	-0.6126	0.352305	-0.620606	-0.110533	-0.72414	-0.0730993	-0.676801	-0.324092	-0.714966	0.445616	-0.430366
-0.338031	-0.636014	0.373854	-0.58434	-0.3672	-0.576447	0.415316	-0.600321	-0.613217	0.231676	0.457163	-0.601077	0.0896558	0.392288	0.203596	-0.892536	-0.407871	-0.366385	-0.239218	-0.80136	-0.674719	-0.025758	-0.376581	-0.634254	-0.601903	-0.232853	0.670941	-0.365145	-0.33978	-0.6126	0.352305	-0.620606	-0.121317	-0.727405	-0.0774771	-0.670941	-0.324092	-0.714966	0.445616	-0.430366
-0.337009	-0.636709	0.373641	-0.58431	-0.367916	-0.57592	0.416103	-0.599844	-0.612973	0.232827	0.457219	-0.600839	0.0896696	0.393187	0.2024	-0.892411	-0.409755	-0.36599	-0.238176	-0.80089	-0.676104	-0.0257403	-0.376164	-0.633026	-0.603879	-0.233882	0.67176	-0.359677	-0.341577	-0.611807	0.35653	-0.617983	-0.136665	-0.729747	-0.0764596	-0.665542	-0.340975	-0.703005	0.442044	-0.440588
-0.337024	-0.637312	0.374118	-0.583339	-0.369045	-0.575188	0.416821	-0.599354	-0.612973	0.232827	0.457219	-0.600839	0.0895847	0.394373	0.201116	-0.892186	-0.412055	-0.365838	-0.237242	-0.800056	-0.676104	-0.0257403	-0.376164	-0.633026	-0.606299	-0.233734	0.673029	-0.353274	-0.344538	-0.610367	0.361899	-0.614633	-0.152881	-0.730922	-0.0737059	-0.66102	-0.355575	-0.691396	0.436907	-0.452384
-0.33877	-0.637177	0.375705	-0.581452	-0.370627	-0.574264	0.417437	-0.598834	-0.61298	0.235954	0.457488	-0.599405	0.0895847	0.394373	0.201116	-0.892186	-0.412055	-0.365838	-0.237242	-0.800056	-0.67984	-0.0256725	-0.377008	-0.628509	-0.608926	-0.23294	0.67438	-0.34664	-0.347341	-0.6092	0.367125	-0.611105	-0.152881	-0.730922	-0.0737059	-0.66102	-0.367457	-0.680916	0.430187	-0.465047
-0.343932	-0.636115	0.377545	-0.578384	-0.375273	-0.571622	0.418252	-0.597899	-0.613242	0.238979	0.457045	-0.598275	0.088715	0.397211	0.197015	-0.89193	-0.420899	-0.366751	-0.237247	-0.795017	-0.684495	-0.0253574	-0.378727	-0.622405	-0.61446	-0.230413	0.675895	-0.335431	-0.350903	-0.609387	0.375427	-0.603796	-0.183136	-0.734259	-0.0690327	-0.650045	-0.387857	-0.662537	0.420109	-0.483859
-0.34622	-0.635908	0.376984	-0.577612	-0.377925	-0.569964	0.418283	-0.59779	-0.613561	0.240641	0.45602	-0.598064	0.088561	0.397249	0.195271	-0.892311	-0.424653	-0.367317	-0.237689	-0.792624	-0.687129	-0.0254284	-0.37966	-0.618923	-0.61446	-0.230413	0.675895	-0.335431	-0.351388	-0.610271	0.378763	-0.600528	-0.186559	-0.736488	-0.0689307	-0.646552	-0.396039	-0.654602	0.416109	-0.491429
-0.352614	-0.634256	0.374403	-0.57724	-0.387386	-0.56316	0.416892	-0.599152	-0.613462	0.247909	0.451051	-0.598965	0.0890666	0.396766	0.190234	-0.893563	-0.433064	-0.367599	-0.238856	-0.787575	-0.6962	-0.0248885	-0.382226	-0.607115	-0.62281	-0.228933	0.675379	-0.321808	-0.346276	-0.619092	0.384103	-0.591001	-0.183707	-0.742333	-0.0679084	-0.640766	-0.405679	-0.644004	0.407379	-0.504704
-0.3596	-0.633094	0.370225	-0.5769	-0.390864	-0.559907	0.416295	-0.600357	-0.613266	0.250968	0.449591	-0.598989	0.0896725	0.397187	0.183912	-0.894638	-0.437407	-0.367854	-0.240237	-0.784631	-0.699344	-0.0250492	-0.383365	-0.602762	-0.623635	-0.230559	0.674581	-0.320721	-0.343223	-0.623326	0.384889	-0.587812	-0.178449	-0.746074	-0.0673141	-0.637965	-0.403291	-0.646957	0.406369	-0.503653
-0.371812	-0.626454	0.366533	-0.578762	-0.39932	-0.5529	0.415314	-0.601962	-0.614131	0.256614	0.448936	-0.596195	0.0889816	0.398873	0.180474	-0.894657	-0.452702	-0.371371	-0.243179	-0.77331	-0.708126	-0.0272916	-0.386288	-0.590419	-0.622289	-0.236337	0.672581	-0.323318	-0.335122	-0.637598	0.389667	-0.573866	-0.14508	-0.760606	-0.0540665	-0.630482	-0.406124	-0.648284	0.398683	-0.505809
-0.374274	-0.6253	0.364335	-0.579808	-0.402273	-0.550202	0.414656	-0.602922	-0.614589	0.258667	0.448265	-0.59534	0.0876761	0.399699	0.178775	-0.894759	-0.456637	-0.371012	-0.242865	-0.771264	-0.710785	-0.0276404	-0.38584	-0.587492	-0.623205	-0.231908	0.672953	-0.323989	-0.332127	-0.643119	0.394677	-0.565968	-0.140372	-0.763212	-0.0495377	-0.628768	-0.408547	-0.648397	0.399027	-0.503437
-0.374274	-0.6253	0.364335	-0.579808	-0.40479	-0.547719	0.41458	-0.603549	-0.615135	0.261824	0.447276	-0.594139	0.0876761	0.399699	0.178775	-0.894759	-0.456637	-0.371012	-0.242865	-0.771264	-0.713083	-0.0275083	-0.384997	-0.585263	-0.626059	-0.223346	0.671836	-0.326806	-0.32425	-0.651715	0.398698	-0.557825	-0.140372	-0.763212	-0.0495377	-0.628768	-0.408547	-0.648397	0.399027	-0.503437
-0.380098	-0.624235	0.364207	-0.577243	-0.406053	-0.546707	0.415393	-0.603061	-0.615812	0.264749	0.446373	-0.592819	0.0845518	0.40248	0.172924	-0.894963	-0.46417	-0.368985	-0.241638	-0.768119	-0.714847	-0.0271854	-0.38454	-0.583424	-0.62889	-0.211862	0.669831	-0.333073	-0.312962	-0.662086	0.403385	-0.548614	-0.136594	-0.767315	-0.0430456	-0.625073	-0.415521	-0.649083	0.404345	-0.492483
-0.391497	-0.618035	0.368707	-0.573427	-0.407929	-0.545978	0.418788	-0.600099	-0.617425	0.268195	0.44577	-0.590039	0.0811882	0.404935	0.16955	-0.894812	-0.468849	-0.367221	-0.240422	-0.766503	-0.717254	-0.0267811	-0.383888	-0.580912	-0.629407	-0.186243	0.666307	-0.353829	-0.290752	-0.67974	0.419153	-0.526998	-0.132979	-0.770096	-0.0358534	-0.622883	-0.421188	-0.650705	0.409545	-0.4811
-0.39656	-0.615729	0.3728	-0.569771	-0.411642	-0.543385	0.42304	-0.596926	-0.620324	0.269229	0.446857	-0.58569	0.0765371	0.407198	0.169699	-0.894167	-0.469984	-0.367798	-0.240822	-0.765405	-0.718758	-0.0280358	-0.38391	-0.578977	-0.626216	-0.160029	0.664907	-0.374357	-0.279446	-0.688815	0.442179	-0.501918	-0.131811	-0.773338	-0.0262673	-0.619583	-0.42414	-0.65219	0.412716	-0.473728
-0.401299	-0.613949	0.373501	-0.567911	-0.416315	-0.540587	0.426216	-0.593959	-0.625425	0.271145	0.446023	-0.57999	0.0694355	0.408301	0.16914	-0.894349	-0.472511	-0.369936	-0.238707	-0.763479	-0.71932	-0.0317387	-0.384751	-0.577528	-0.626109	-0.137142	0.659782	-0.39226	-0.286481	-0.685034	0.460726	-0.486198	-0.125108	-0.776485	-0.0217472	-0.617208	-0.421401	-0.656368	0.411299	-0.471631
-0.402377	-0.613955	0.373448	-0.567176	-0.420408	-0.538568	0.427816	-0.591756	-0.631497	0.275587	0.442273	-0.574158	0.0654249	0.408565	0.167392	-0.89486	-0.474378	-0.37132	-0.238197	-0.761807	-0.720363	-0.0356904	-0.384972	-0.575847	-0.626881	-0.13075	0.655561	-0.400205	-0.299767	-0.676193	0.465869	-0.485663	-0.11887	-0.777916	-0.0216882	-0.616641	-0.41968	-0.658417	0.410558	-0.470955
-0.405634	-0.61288	0.372734	-0.566488	-0.4222	-0.537837	0.42879	-0.590438	-0.634064	0.277499	0.440097	-0.572077	0.0578142	0.40827	0.163053	-0.896319	-0.478524	-0.373068	-0.23606	-0.75902	-0.721383	-0.0371048	-0.384718	-0.57465	-0.627491	-0.120277	0.650397	-0.410819	-0.323979	-0.656869	0.45351	-0.507828	-0.112875	-0.780854	-0.0164409	-0.614211	-0.416785	-0.661992	0.411053	-0.468072
-0.408343	-0.611294	0.372834	-0.566189	-0.42531	-0.536407	0.430779	-0.588055	-0.637527	0.281158	0.436609	-0.569106	0.0543563	0.408458	0.160617	-0.896889	-0.480275	-0.373491	-0.235204	-0.757971	-0.723997	-0.0390096	-0.383989	-0.571717	-0.626042	-0.119831	0.646724	-0.418879	-0.343722	-0.63799	0.420874	-0.545608	-0.112131	-0.782014	-0.0121201	-0.612971	-0.415798	-0.663512	0.412711	-0.465332
-0.412275	-0.608082	0.372809	-0.566815	-0.426749	-0.535585	0.431392	-0.587312	-0.638526	0.282749	0.435425	-0.568105	0.0499208	0.409023	0.156381	-0.897637	-0.48364	-0.374277	-0.234311	-0.755717	-0.724955	-0.0393869	-0.384162	-0.570358	-0.621949	-0.126417	0.637169	-0.437281	-0.354938	-0.62708	0.403158	-0.564139	-0.109455	-0.784734	-0.00331057	-0.610083	-0.412794	-0.666963	0.416376	-0.459774
-0.414932	-0.605071	0.371567	-0.56891	-0.429567	-0.533621	0.431729	-0.586798	-0.639738	0.286184	0.433514	-0.56648	0.0480007	0.409715	0.152517	-0.898092	-0.486209	-0.375346	-0.23485	-0.753367	-0.726733	-0.0399115	-0.385081	-0.567432	-0.619194	-0.130778	0.63003	-0.450065	-0.377508	-0.605709	0.3661	-0.597139	-0.106157	-0.786808	0.00580689	-0.607973	-0.408336	-0.671035	0.421183	-0.453408
-0.416314	-0.603547	0.371153	-0.569789	-0.430965	-0.5325	0.431775	-0.586756	-0.640196	0.288131	0.43243	-0.565803	0.0470455	0.410037	0.150396	-0.898353	-0.487323	-0.375501	-0.235114	-0.752487	-0.727675	-0.0398361	-0.385539	-0.565917	-0.618433	-0.129784	0.630161	-0.451214	-0.388791	-0.595185	0.348966	-0.610589	-0.104617	-0.787661	0.00995895	-0.60708	-0.405174	-0.673367	0.42397	-0.450179
-0.419294	-0.598968	0.369495	-0.573501	-0.433186	-0.530566	0.431252	-0.587257	-0.641145	0.292275	0.42948	-0.56485	0.04486	0.410435	0.14542	-0.899102	-0.489045	-0.37494	-0.236023	-0.751365	-0.729441	-0.038504	-0.386142	-0.563318	-0.618138	-0.125291	0.630194	-0.45284	-0.406618	-0.5764	0.321807	-0.631557	-0.0995188	-0.789113	0.0192838	-0.605826	-0.39655	-0.67883	0.42876	-0.445089
-0.420207	-0.594328	0.367061	-0.579195	-0.43478	-0.528246	0.429394	-0.589528	-0.641663	0.299084	0.425106	-0.564005	0.043209	0.411092	0.1374	-0.900143	-0.490249	-0.372927	-0.238326	-0.750854	-0.73073	-0.0356311	-0.386049	-0.561898	-0.61557	-0.12694	0.62808	-0.458776	-0.418549	-0.561903	0.304805	-0.645117	-0.091504	-0.789043	0.0256737	-0.606942	-0.385644	-0.685701	0.4345	-0.438524
-0.420847	-0.588797	0.365333	-0.585438	-0.435794	-0.525097	0.426926	-0.593372	-0.640832	0.3076	0.420211	-0.564038	0.0419931	0.412776	0.127027	-0.900953	-0.490887	-0.36966	-0.240935	-0.75122	-0.731296	-0.0310532	-0.386395	-0.561196	-0.611912	-0.135077	0.627487	-0.462146	-0.42422	-0.553011	0.293371	-0.654332	-0.0802504	-0.788121	0.0321613	-0.609418	-0.367949	-0.695726	0.437472	-0.434968
-0.42095	-0.585663	0.364968	-0.588726	-0.436997	-0.519998	0.422433	-0.600155	-0.639729	0.312314	0.41745	-0.56475	0.041872	0.413816	0.12095	-0.901318	-0.491065	-0.36744	-0.243312	-0.751427	-0.731267	-0.0244773	-0.385855	-0.56193	-0.608961	-0.140533	0.63021	-0.460709	-0.416317	-0.558113	0.281913	-0.660087	-0.0734372	-0.786789	0.0349048	-0.611842	-0.357116	-0.701663	0.438917	-0.433001
-0.415211	-0.582796	0.363489	-0.59651	-0.43823	-0.516765	0.419558	-0.604052	-0.636137	0.323296	0.412046	-0.566593	0.0444663	0.416109	0.108056	-0.901776	-0.491501	-0.361446	-0.252058	-0.751166	-0.731168	-0.0202296	-0.385153	-0.56271	-0.605248	-0.160011	0.635304	-0.452173	-0.406841	-0.56334	0.269135	-0.666855	-0.0567605	-0.782024	0.0380109	-0.619493	-0.323626	-0.717839	0.43722	-0.434524
-0.415211	-0.582796	0.363489	-0.59651	-0.43823	-0.516765	0.419558	-0.604052	-0.636137	0.323296	0.412046	-0.566593	0.0444663	0.416109	0.108056	-0.901776	-0.491501	-0.361446	-0.252058	-0.751166	-0.731168	-0.0202296	-0.385153	-0.56271	-0.605248	-0.160011	0.635304	-0.452173	-0.406841	-0.56334	0.269135	-0.666855	-0.0567605	-0.782024	0.0380109	-0.619493	-0.323626	-0.717839	0.43722	-0.434524
-0.407612	-0.588854	0.362706	-0.596278	-0.438184	-0.515021	0.416378	-0.607765	-0.634721	0.325984	0.412516	-0.566299	0.0472605	0.417053	0.10649	-0.901384	-0.488865	-0.361747	-0.259159	-0.750324	-0.729342	-0.0155407	-0.388019	-0.563259	-0.609404	-0.160295	0.636252	-0.445102	-0.405463	-0.562732	0.280722	-0.663421	-0.0535315	-0.779775	0.0422132	-0.622337	-0.305718	-0.725503	0.437482	-0.434502
-0.412233	-0.588435	0.369793	-0.589119	-0.440875	-0.508833	0.415122	-0.611876	-0.632432	0.323389	0.418188	-0.566187	0.0490541	0.419418	0.112539	-0.899454	-0.484581	-0.364874	-0.263471	-0.750088	-0.729342	-0.0155407	-0.388019	-0.563259	-0.614059	-0.147715	0.639202	-0.438785	-0.389213	-0.574806	0.284325	-0.661264	-0.0447607	-0.770696	0.0438589	-0.634114	-0.269736	-0.740061	0.436283	-0.434981
-0.405359	-0.592762	0.37283	-0.587635	-0.442672	-0.505475	0.415849	-0.612867	-0.633456	0.319758	0.423745	-0.562964	0.0458544	0.422244	0.119596	-0.897388	-0.485735	-0.366511	-0.258948	-0.750118	-0.728377	-0.0202823	-0.389878	-0.563073	-0.611929	-0.153904	0.64674	-0.428466	-0.37859	-0.583444	0.315217	-0.645679	-0.0282428	-0.758478	0.0419185	-0.649735	-0.237403	-0.747939	0.43648	-0.440127
-0.402374	-0.595148	0.37617	-0.585141	-0.44332	-0.504796	0.414976	-0.613549	-0.633456	0.319758	0.423745	-0.562964	0.0457166	0.421291	0.119198	-0.897895	-0.489681	-0.364644	-0.254806	-0.749881	-0.72849	-0.0200484	-0.387986	-0.564241	-0.611929	-0.153904	0.64674	-0.428466	-0.374688	-0.586466	0.317704	-0.643996	-0.0258083	-0.756286	0.0439561	-0.652253	-0.234098	-0.747514	0.439715	-0.439399
-0.398136	-0.598524	0.380213	-0.581974	-0.442813	-0.505951	0.415154	-0.612844	-0.634084	0.319396	0.419011	-0.565998	0.0457307	0.41903	0.116083	-0.899359	-0.491209	-0.362348	-0.253282	-0.75051	-0.729685	-0.0179497	-0.385259	-0.564635	-0.611517	-0.16258	0.653658	-0.415146	-0.371259	-0.58822	0.324742	-0.640864	-0.0234147	-0.753849	0.0514864	-0.654609	-0.231156	-0.744951	0.446465	-0.438502
-0.397735	-0.598924	0.383326	-0.579791	-0.441693	-0.507697	0.416685	-0.611167	-0.634296	0.318123	0.417716	-0.567432	0.0454963	0.417825	0.115642	-0.899988	-0.491808	-0.360645	-0.251308	-0.751601	-0.730079	-0.0172121	-0.3858	-0.563779	-0.611576	-0.163407	0.655605	-0.411649	-0.368685	-0.589466	0.330003	-0.638513	-0.0225327	-0.753047	0.055522	-0.655232	-0.230323	-0.743511	0.448943	-0.438855
-0.394137	-0.603336	0.38802	-0.574527	-0.439547	-0.513102	0.419927	-0.605958	-0.636421	0.311033	0.419464	-0.567694	0.0436963	0.415733	0.121785	-0.900236	-0.491189	-0.365663	-0.248388	-0.750552	-0.729696	-0.0204395	-0.3901	-0.561203	-0.610356	-0.167849	0.658201	-0.407509	-0.365646	-0.591242	0.332799	-0.637166	-0.0199353	-0.751513	0.0627315	-0.656427	-0.231881	-0.739211	0.456431	-0.437572
-0.39373	-0.604061	0.388812	-0.573509	-0.438923	-0.514733	0.421135	-0.604187	-0.637376	0.308043	0.421231	-0.566945	0.0430425	0.415502	0.125386	-0.89988	-0.490871	-0.36802	-0.247536	-0.749889	-0.729233	-0.0230054	-0.390934	-0.561124	-0.609911	-0.169458	0.658309	-0.407336	-0.364112	-0.592139	0.333616	-0.636785	-0.0174979	-0.751255	0.0633333	-0.656733	-0.230502	-0.738854	0.455808	-0.439549
-0.391268	-0.606723	0.389187	-0.572128	-0.43766	-0.517216	0.42275	-0.60185	-0.639229	0.302965	0.424165	-0.565405	0.0413278	0.415077	0.131626	-0.899265	-0.489446	-0.371959	-0.244604	-0.749839	-0.728632	-0.0285436	-0.3904	-0.562021	-0.608728	-0.172503	0.65838	-0.407711	-0.361498	-0.594111	0.334023	-0.636223	-0.0134875	-0.750682	0.062208	-0.65759	-0.22862	-0.738815	0.454217	-0.442235
-0.390416	-0.607591	0.388875	-0.572001	-0.436791	-0.51843	0.423332	-0.601028	-0.639981	0.301316	0.424923	-0.564866	0.0405245	0.414848	0.133482	-0.899134	-0.488378	-0.373245	-0.242979	-0.750424	-0.728509	-0.0312224	-0.389015	-0.562999	-0.607868	-0.174448	0.658208	-0.408445	-0.360264	-0.595072	0.33357	-0.636262	-0.0120472	-0.750578	0.0612393	-0.657827	-0.229025	-0.738551	0.454256	-0.442427
-0.390512	-0.607639	0.388187	-0.572351	-0.434719	-0.520713	0.424375	-0.59982	-0.640659	0.299253	0.425508	-0.564754	0.039783	0.41429	0.135438	-0.899132	-0.485889	-0.374763	-0.239744	-0.752321	-0.728515	-0.0356213	-0.385069	-0.565438	-0.606948	-0.17676	0.658632	-0.408135	-0.359153	-0.596097	0.332853	-0.636306	-0.0111914	-0.75071	0.0611938	-0.657696	-0.23028	-0.737761	0.45509	-0.442237
-0.390513	-0.607018	0.38738	-0.573555	-0.433106	-0.521786	0.425203	-0.599467	-0.640249	0.299515	0.426035	-0.564682	0.0397885	0.415043	0.135239	-0.898814	-0.483371	-0.374758	-0.237327	-0.754709	-0.728546	-0.0379422	-0.380968	-0.568019	-0.606448	-0.178613	0.659091	-0.40733	-0.359837	-0.596225	0.33251	-0.635979	-0.011287	-0.750742	0.0610768	-0.657669	-0.231908	-0.737372	0.456056	-0.441038
-0.391025	-0.606223	0.387499	-0.573967	-0.432439	-0.521899	0.425409	-0.599704	-0.639835	0.299981	0.426362	-0.564657	0.0403763	0.415584	0.134822	-0.8986	-0.482247	-0.374378	-0.236716	-0.755807	-0.728297	-0.0385892	-0.378324	-0.570057	-0.606442	-0.179202	0.659494	-0.406427	-0.361432	-0.595543	0.332015	-0.635973	-0.011491	-0.750991	0.0611956	-0.65737	-0.232791	-0.737223	0.456516	-0.440345
-0.391118	-0.605186	0.387894	-0.57473	-0.431815	-0.520819	0.426188	-0.600539	-0.63908	0.301074	0.427426	-0.564126	0.0409004	0.417224	0.134165	-0.897915	-0.481206	-0.373091	-0.23621	-0.757264	-0.728078	-0.0383828	-0.377715	-0.570754	-0.606562	-0.180647	0.65936	-0.405825	-0.361467	-0.595839	0.331045	-0.636181	-0.0123178	-0.751544	0.0614064	-0.656704	-0.234737	-0.737034	0.457361	-0.438749
-0.391271	-0.603776	0.388458	-0.575727	-0.431179	-0.51986	0.426998	-0.601251	-0.639028	0.301704	0.428432	-0.563085	0.0404031	0.418569	0.134222	-0.897302	-0.481401	-0.371702	-0.236271	-0.757804	-0.727847	-0.0371665	-0.377308	-0.571399	-0.606508	-0.181407	0.659416	-0.405475	-0.362059	-0.596387	0.330751	-0.635483	-0.0130277	-0.752094	0.0617997	-0.656023	-0.236247	-0.736862	0.458099	-0.437456
-0.39109	-0.602883	0.389016	-0.57641	-0.430548	-0.518822	0.427521	-0.602227	-0.638994	0.303115	0.429366	-0.561652	0.039757	0.420083	0.133964	-0.896662	-0.481951	-0.369996	-0.236054	-0.758356	-0.728587	-0.0355345	-0.376858	-0.570856	-0.606806	-0.181537	0.659872	-0.404227	-0.36425	-0.596076	0.332647	-0.633531	-0.013344	-0.752276	0.0614595	-0.65584	-0.237244	-0.737006	0.458858	-0.435875
-0.391029	-0.601935	0.389712	-0.576971	-0.430128	-0.517632	0.428272	-0.603017	-0.638623	0.304549	0.430306	-0.560577	0.0392863	0.421969	0.133237	-0.895906	-0.482401	-0.369031	-0.235772	-0.758628	-0.72968	-0.0343811	-0.375947	-0.57013	-0.608053	-0.180512	0.660377	-0.401981	-0.366828	-0.595307	0.334783	-0.631639	-0.0139309	-0.752536	0.0617444	-0.655502	-0.237923	-0.737172	0.459604	-0.434435
-0.391366	-0.601365	0.390257	-0.576968	-0.430165	-0.517021	0.4288	-0.60314	-0.638424	0.305437	0.430632	-0.560071	0.0389461	0.422958	0.132534	-0.895558	-0.483661	-0.367718	-0.235434	-0.758569	-0.730195	-0.033861	-0.375584	-0.569742	-0.608651	-0.180053	0.660626	-0.400871	-0.367714	-0.594924	0.335636	-0.631031	-0.0149834	-0.753105	0.0631491	-0.654691	-0.238271	-0.73699	0.460056	-0.434075
-0.392226	-0.600104	0.391728	-0.5767	-0.430792	-0.515531	0.429726	-0.603308	-0.638325	0.307149	0.430856	-0.559074	0.0385012	0.424228	0.131201	-0.895173	-0.484254	-0.367317	-0.235414	-0.75839	-0.73138	-0.0335061	-0.375098	-0.568562	-0.609217	-0.178621	0.661588	-0.399062	-0.366641	-0.595434	0.334079	-0.632	-0.0153439	-0.753293	0.0640581	-0.654378	-0.238992	-0.736452	0.461096	-0.433488
-0.392438	-0.599644	0.39231	-0.576639	-0.431307	-0.514916	0.430301	-0.603056	-0.638535	0.307643	0.430602	-0.558758	0.0381355	0.424348	0.130676	-0.895208	-0.485625	-0.366541	-0.235062	-0.757998	-0.731831	-0.033455	-0.374989	-0.568055	-0.609498	-0.177954	0.662244	-0.397841	-0.366491	-0.595408	0.333636	-0.632346	-0.0160216	-0.753356	0.0653203	-0.654165	-0.239486	-0.736219	0.461781	-0.432881
-0.392924	-0.599185	0.393099	-0.576248	-0.432049	-0.514315	0.43135	-0.602288	-0.639425	0.308607	0.429318	-0.558196	0.0367798	0.424149	0.12916	-0.895579	-0.486988	-0.366566	-0.234674	-0.757232	-0.732353	-0.0334366	-0.375228	-0.567227	-0.610424	-0.177173	0.662448	-0.396428	-0.36714	-0.595028	0.333225	-0.632544	-0.0177221	-0.753783	0.0667602	-0.653484	-0.241903	-0.73566	0.463878	-0.430238
-0.395406	-0.597918	0.394777	-0.574716	-0.432869	-0.513867	0.432961	-0.600924	-0.640543	0.309703	0.428604	-0.556855	0.0347497	0.424356	0.128205	-0.895699	-0.48829	-0.367152	-0.233984	-0.756322	-0.732845	-0.0341311	-0.376032	-0.566015	-0.611115	-0.175458	0.66342	-0.394495	-0.36935	-0.593555	0.335118	-0.63164	-0.0184929	-0.754492	0.0685994	-0.652452	-0.243896	-0.734954	0.465243	-0.428843
-0.395936	-0.59795	0.395775	-0.573632	-0.433795	-0.513506	0.434009	-0.599807	-0.641833	0.309848	0.4285	-0.555367	0.033168	0.424493	0.128398	-0.895667	-0.488928	-0.368011	-0.233286	-0.755708	-0.733303	-0.0349131	-0.376701	-0.564929	-0.611536	-0.175061	0.663301	-0.39422	-0.371734	-0.592028	0.337783	-0.630253	-0.0186937	-0.754955	0.069417	-0.651825	-0.247764	-0.733633	0.468235	-0.425619
-0.397278	-0.597212	0.396691	-0.572839	-0.434241	-0.513243	0.434833	-0.599113	-0.642671	0.310538	0.428341	-0.554134	0.0325012	0.424558	0.128316	-0.895673	-0.48921	-0.36838	-0.232971	-0.755443	-0.733429	-0.0362834	-0.376915	-0.564536	-0.61159	-0.175423	0.663271	-0.394025	-0.373024	-0.591154	0.338878	-0.629723	-0.0184289	-0.755261	0.0698304	-0.651434	-0.249429	-0.732639	0.46924	-0.425252
-0.397682	-0.596856	0.397038	-0.57269	-0.434446	-0.512922	0.43507	-0.599067	-0.643005	0.310709	0.428343	-0.553648	0.0314748	0.424761	0.128301	-0.895615	-0.489114	-0.369588	-0.232792	-0.75497	-0.733472	-0.0371391	-0.376868	-0.564456	-0.611777	-0.175094	0.663914	-0.392797	-0.373976	-0.590501	0.339582	-0.629392	-0.0182122	-0.755563	0.0708876	-0.650974	-0.249704	-0.732428	0.469328	-0.425356
-0.397026	-0.596988	0.397359	-0.572784	-0.434885	-0.512437	0.435059	-0.599172	-0.643403	0.31109	0.428242	-0.55305	0.031073	0.424934	0.128301	-0.895547	-0.489012	-0.369891	-0.232656	-0.754929	-0.733574	-0.0377192	-0.376377	-0.564613	-0.611984	-0.175568	0.663885	-0.392311	-0.374678	-0.590082	0.339831	-0.629233	-0.018274	-0.755466	0.0708478	-0.651089	-0.2501	-0.732197	0.470173	-0.424588
-0.397772	-0.59638	0.398048	-0.572422	-0.43503	-0.512396	0.434993	-0.599149	-0.643227	0.312425	0.427573	-0.55302	0.0302115	0.425728	0.126179	-0.895501	-0.48926	-0.368961	-0.233038	-0.755106	-0.73377	-0.0369579	-0.37572	-0.564846	-0.611905	-0.174887	0.664505	-0.391689	-0.374269	-0.590097	0.340042	-0.629349	-0.0179533	-0.75512	0.0711922	-0.651462	-0.247512	-0.732519	0.468957	-0.426888
