FULLBODY	1																																						
Frames:	178																																						
-0.424253	-0.599527	0.399367	-0.548711	-0.404122	-0.565184	0.3945	-0.60135	-0.718883	-0.161987	0.604998	-0.301571	-0.689252	-0.0540318	0.669324	-0.27206	-0.0926775	-0.651029	-0.00548358	-0.753354	-0.157474	-0.648981	-0.0391529	-0.743298	-0.668735	-0.181329	0.688321	-0.214773	-0.423476	-0.587339	0.48665	-0.488746	-0.188824	-0.738563	0.0370871	-0.646138	-0.399316	-0.612085	0.468765	-0.496144
-0.412708	-0.606822	0.399923	-0.549091	-0.392193	-0.56941	0.396349	-0.60404	-0.712596	-0.177702	0.608179	-0.301244	-0.682794	-0.0697993	0.674609	-0.271703	-0.0787832	-0.650081	-0.00256735	-0.755765	-0.14376	-0.650698	-0.0382696	-0.744622	-0.674394	-0.187583	0.681589	-0.21317	-0.421457	-0.590484	0.483095	-0.490226	-0.181019	-0.738659	0.0360326	-0.648318	-0.397915	-0.613206	0.467549	-0.497032
-0.412754	-0.606801	0.399698	-0.549244	-0.391977	-0.569855	0.396679	-0.603544	-0.712573	-0.178404	0.608113	-0.301017	-0.682842	-0.0707661	0.674654	-0.271221	-0.0790207	-0.649946	-0.00232201	-0.755857	-0.144138	-0.650457	-0.0380402	-0.744771	-0.674286	-0.187807	0.681575	-0.213358	-0.421235	-0.590546	0.48313	-0.490308	-0.181082	-0.738447	0.0359157	-0.648548	-0.397847	-0.613178	0.467724	-0.496956
-0.412749	-0.60681	0.399695	-0.549239	-0.391976	-0.570048	0.397073	-0.603102	-0.712444	-0.178954	0.608362	-0.300491	-0.682759	-0.0714761	0.674959	-0.270485	-0.0791042	-0.64991	-0.00214961	-0.75588	-0.144271	-0.650247	-0.037931	-0.744934	-0.674312	-0.187743	0.681654	-0.213082	-0.421085	-0.590577	0.483083	-0.490446	-0.180882	-0.738526	0.0361307	-0.648503	-0.397751	-0.613143	0.46764	-0.497155
-0.412841	-0.606812	0.399845	-0.549059	-0.391949	-0.570282	0.397257	-0.602778	-0.712299	-0.179328	0.608483	-0.300367	-0.682627	-0.0719401	0.67513	-0.270267	-0.0792176	-0.649913	-0.00190231	-0.755866	-0.144418	-0.650213	-0.037771	-0.744943	-0.674368	-0.187592	0.681723	-0.212817	-0.42121	-0.590445	0.483184	-0.490398	-0.180978	-0.738482	0.036376	-0.648512	-0.397759	-0.613093	0.467672	-0.49718
-0.412585	-0.607077	0.399886	-0.548928	-0.392116	-0.570397	0.397865	-0.60216	-0.712186	-0.179865	0.608626	-0.300023	-0.682253	-0.0725872	0.675542	-0.27001	-0.0795469	-0.649952	-0.00130549	-0.7558	-0.144835	-0.650262	-0.0372879	-0.744844	-0.674313	-0.187711	0.681762	-0.21276	-0.42128	-0.590343	0.48315	-0.490494	-0.181073	-0.738248	0.0361983	-0.648763	-0.397821	-0.61302	0.467901	-0.497004
-0.412779	-0.60693	0.400018	-0.548848	-0.391967	-0.570994	0.3983	-0.601402	-0.71225	-0.180406	0.608544	-0.299713	-0.682001	-0.0732576	0.675704	-0.270059	-0.0795785	-0.650065	-0.00109214	-0.7557	-0.145167	-0.650482	-0.0371577	-0.744593	-0.674424	-0.187463	0.681798	-0.212514	-0.421355	-0.590188	0.483221	-0.490546	-0.180991	-0.738314	0.0365598	-0.648689	-0.397846	-0.612937	0.467829	-0.497155
-0.412741	-0.607081	0.400154	-0.548612	-0.39212	-0.571336	0.398449	-0.600879	-0.712302	-0.180795	0.608393	-0.299661	-0.682032	-0.0737672	0.67561	-0.270077	-0.0791589	-0.650605	-0.000656285	-0.755279	-0.145097	-0.650989	-0.037517	-0.744145	-0.674493	-0.187474	0.681742	-0.212465	-0.421435	-0.590058	0.483227	-0.490629	-0.18098	-0.738108	0.0366341	-0.648923	-0.397874	-0.612884	0.467862	-0.497166
-0.412863	-0.607019	0.4002	-0.548555	-0.392142	-0.571577	0.398547	-0.600571	-0.71243	-0.180868	0.608232	-0.29964	-0.682117	-0.0739275	0.675482	-0.27014	-0.079144	-0.65084	-0.00045363	-0.755079	-0.145132	-0.651213	-0.0374168	-0.743948	-0.674454	-0.187547	0.681737	-0.212538	-0.421445	-0.590021	0.483209	-0.490681	-0.181024	-0.738019	0.0366284	-0.649013	-0.397879	-0.612885	0.467887	-0.497138
-0.413096	-0.606862	0.400227	-0.548533	-0.392248	-0.571736	0.398732	-0.600227	-0.71254	-0.181033	0.608041	-0.299667	-0.682204	-0.0741295	0.675308	-0.270297	-0.0791658	-0.651072	-0.000236324	-0.754876	-0.145149	-0.651468	-0.0372424	-0.74373	-0.674493	-0.187481	0.681737	-0.212473	-0.421486	-0.589978	0.483209	-0.490698	-0.181075	-0.738062	0.0368179	-0.648938	-0.397821	-0.612919	0.467791	-0.497233
-0.413239	-0.606727	0.40019	-0.548602	-0.39235	-0.57182	0.398851	-0.600001	-0.712632	-0.181259	0.60782	-0.29976	-0.682293	-0.074305	0.675119	-0.270498	-0.079061	-0.651303	-0.000113257	-0.754688	-0.145058	-0.651733	-0.0372067	-0.743517	-0.674542	-0.187362	0.68174	-0.212412	-0.42151	-0.589952	0.483226	-0.490692	-0.181102	-0.738078	0.0368934	-0.648908	-0.397824	-0.612918	0.467781	-0.497242
-0.413239	-0.606727	0.40019	-0.548602	-0.39235	-0.57182	0.398851	-0.600001	-0.712632	-0.181259	0.60782	-0.29976	-0.682293	-0.074305	0.675119	-0.270498	-0.079061	-0.651303	-0.000113257	-0.754688	-0.144945	-0.651997	-0.0373357	-0.743301	-0.674542	-0.187362	0.68174	-0.212412	-0.421532	-0.5899	0.483317	-0.490645	-0.181102	-0.738078	0.0368934	-0.648908	-0.397824	-0.612918	0.467781	-0.497242
-0.413559	-0.606535	0.400278	-0.548508	-0.392565	-0.572096	0.398977	-0.599513	-0.713	-0.181315	0.607383	-0.299736	-0.682468	-0.0743353	0.674834	-0.270759	-0.0787856	-0.65169	2.24E-05	-0.754382	-0.144882	-0.65225	-0.0373358	-0.743092	-0.674524	-0.187217	0.681763	-0.212521	-0.42153	-0.589898	0.483389	-0.490579	-0.181148	-0.73802	0.0367941	-0.648967	-0.397933	-0.612911	0.467867	-0.497081
-0.413799	-0.60634	0.400164	-0.548626	-0.392737	-0.572183	0.398947	-0.599338	-0.713215	-0.181251	0.607141	-0.299753	-0.682569	-0.074311	0.674686	-0.270879	-0.0788909	-0.651879	0.000185467	-0.754208	-0.144826	-0.652584	-0.0371444	-0.742819	-0.67453	-0.187246	0.681704	-0.212669	-0.421454	-0.589959	0.48341	-0.49055	-0.181186	-0.738006	0.0368082	-0.648972	-0.397979	-0.612903	0.467889	-0.497034
-0.414233	-0.605971	0.399941	-0.548869	-0.393256	-0.572175	0.398827	-0.599084	-0.713518	-0.181218	0.60667	-0.300008	-0.682698	-0.0739831	0.674428	-0.271287	-0.0789996	-0.652032	0.000197473	-0.754064	-0.144861	-0.652671	-0.0371155	-0.742737	-0.674446	-0.187407	0.681662	-0.212926	-0.42142	-0.590009	0.483385	-0.490545	-0.181164	-0.738054	0.0368653	-0.648919	-0.397909	-0.613026	0.46773	-0.497088
-0.414233	-0.605971	0.399941	-0.548869	-0.393256	-0.572175	0.398827	-0.599084	-0.713518	-0.181218	0.60667	-0.300008	-0.682698	-0.0739831	0.674428	-0.271287	-0.0790615	-0.652142	7.68E-05	-0.753963	-0.144861	-0.652671	-0.0371155	-0.742737	-0.674446	-0.187407	0.681662	-0.212926	-0.42142	-0.590009	0.483385	-0.490545	-0.181126	-0.738091	0.0368413	-0.648889	-0.397909	-0.613026	0.46773	-0.497088
-0.414453	-0.605817	0.399898	-0.548905	-0.393584	-0.572078	0.398726	-0.59903	-0.713518	-0.181218	0.60667	-0.300008	-0.682154	-0.073207	0.674713	-0.272156	-0.0793667	-0.652157	-9.78E-06	-0.753918	-0.145228	-0.652752	-0.0369636	-0.742602	-0.674431	-0.187388	0.681671	-0.212961	-0.421405	-0.590036	0.483393	-0.490516	-0.18113	-0.738024	0.0366764	-0.648974	-0.397842	-0.613108	0.467729	-0.497042
-0.415416	-0.605199	0.399915	-0.548845	-0.395075	-0.571582	0.399129	-0.598253	-0.717654	-0.179311	0.603218	-0.298243	-0.675987	-0.0621641	0.679084	-0.279325	-0.0840323	-0.650593	0.00203286	-0.754761	-0.150026	-0.652578	-0.0344016	-0.741924	-0.674364	-0.18739	0.68164	-0.213272	-0.421408	-0.590052	0.483352	-0.490535	-0.181025	-0.737732	0.0359146	-0.649378	-0.397309	-0.613538	0.467404	-0.497243
-0.416315	-0.604788	0.40014	-0.548453	-0.39687	-0.571003	0.400273	-0.596852	-0.722273	-0.172203	0.601396	-0.294943	-0.668274	-0.0411734	0.682855	-0.292274	-0.0879439	-0.648766	0.00389028	-0.75588	-0.161055	-0.648056	-0.0298573	-0.743769	-0.674282	-0.186705	0.681736	-0.213824	-0.421524	-0.589817	0.483643	-0.49043	-0.181012	-0.737607	0.0354933	-0.649547	-0.396733	-0.613934	0.467211	-0.497395
-0.417132	-0.604292	0.400426	-0.548171	-0.398319	-0.570336	0.401207	-0.595896	-0.724908	-0.167414	0.599191	-0.295722	-0.66343	-0.0277907	0.683306	-0.303614	-0.0994913	-0.642619	0.00684381	-0.759668	-0.167281	-0.643664	-0.031065	-0.746156	-0.674325	-0.186033	0.681777	-0.214142	-0.421616	-0.589659	0.483736	-0.49045	-0.181465	-0.736902	0.0344362	-0.650277	-0.396628	-0.614011	0.467296	-0.497304
-0.419839	-0.602667	0.401724	-0.546943	-0.401338	-0.569541	0.403649	-0.592975	-0.729781	-0.156911	0.592372	-0.303141	-0.650275	0.00513319	0.681075	-0.336531	-0.115041	-0.631456	0.00476605	-0.766815	-0.18783	-0.627733	-0.0364947	-0.754546	-0.674771	-0.183363	0.682204	-0.21368	-0.42235	-0.588815	0.484076	-0.490499	-0.182466	-0.736507	0.0346402	-0.650433	-0.396799	-0.61393	0.467378	-0.49719
-0.421195	-0.601717	0.402088	-0.546677	-0.402595	-0.569175	0.404668	-0.591778	-0.732344	-0.149519	0.588243	-0.308684	-0.641948	0.0248677	0.678182	-0.356866	-0.124569	-0.624313	2.48E-05	-0.771178	-0.199024	-0.616685	-0.0458431	-0.760255	-0.674991	-0.181906	0.682461	-0.213411	-0.422653	-0.588398	0.484079	-0.490733	-0.18365	-0.736252	0.0352436	-0.650356	-0.397193	-0.613646	0.46772	-0.496905
-0.42434	-0.599553	0.402809	-0.546092	-0.405626	-0.567554	0.406117	-0.59027	-0.736881	-0.128507	0.57984	-0.32292	-0.620956	0.0687921	0.666985	-0.40597	-0.143933	-0.607585	-0.0223653	-0.780784	-0.227297	-0.588102	-0.0719525	-0.772848	-0.6754	-0.179217	0.682712	-0.213589	-0.423062	-0.587775	0.483885	-0.491318	-0.186197	-0.735889	0.0360516	-0.649998	-0.39817	-0.612974	0.46845	-0.496264
-0.427241	-0.597718	0.40294	-0.545745	-0.408566	-0.56579	0.406478	-0.589687	-0.741257	-0.100851	0.56928	-0.341009	-0.594335	0.116886	0.648882	-0.460494	-0.165452	-0.588246	-0.0562592	-0.789574	-0.262578	-0.551607	-0.10553	-0.784631	-0.675865	-0.176347	0.682914	-0.213862	-0.423421	-0.587172	0.48382	-0.491794	-0.18783	-0.735879	0.0362449	-0.649529	-0.399024	-0.612368	0.46856	-0.496222
-0.430046	-0.595467	0.402126	-0.546602	-0.411358	-0.564086	0.405817	-0.589834	-0.743465	-0.0697573	0.557903	-0.362129	-0.561319	0.166332	0.624028	-0.517536	-0.194259	-0.566321	-0.0906198	-0.795822	-0.304384	-0.507633	-0.139691	-0.793817	-0.676261	-0.173869	0.682993	-0.214387	-0.423828	-0.586779	0.483863	-0.49187	-0.189455	-0.735852	0.0364257	-0.649078	-0.400087	-0.611703	0.46858	-0.496169
-0.432555	-0.593487	0.40161	-0.547154	-0.414906	-0.560897	0.404312	-0.591422	-0.74168	-0.0374712	0.545967	-0.387849	-0.54297	0.190841	0.608917	-0.545878	-0.209559	-0.555191	-0.108239	-0.797579	-0.34909	-0.459623	-0.174793	-0.797703	-0.676596	-0.171676	0.683095	-0.214769	-0.424366	-0.586371	0.483894	-0.491863	-0.189957	-0.735898	0.0364027	-0.64888	-0.400855	-0.611283	0.46826	-0.496369
-0.433994	-0.592336	0.401288	-0.547499	-0.416892	-0.55903	0.403995	-0.592009	-0.739986	-0.0205543	0.539802	-0.400764	-0.504472	0.236051	0.573178	-0.601045	-0.240056	-0.532972	-0.141832	-0.798873	-0.371535	-0.434733	-0.192436	-0.797457	-0.676653	-0.170977	0.683131	-0.215033	-0.424839	-0.586024	0.483976	-0.491787	-0.19143	-0.735983	0.0369632	-0.648318	-0.401149	-0.611176	0.468127	-0.496388
-0.4355	-0.591127	0.401148	-0.547712	-0.418795	-0.557011	0.40356	-0.592865	-0.738152	-0.00156053	0.533572	-0.412832	-0.483797	0.258006	0.554248	-0.626245	-0.255885	-0.521929	-0.155841	-0.798641	-0.393829	-0.409026	-0.210378	-0.795825	-0.676776	-0.170254	0.683139	-0.215192	-0.425315	-0.585694	0.484051	-0.491696	-0.192126	-0.735943	0.0371157	-0.648149	-0.401255	-0.611204	0.467941	-0.496443
-0.43716	-0.589853	0.401303	-0.54765	-0.420766	-0.5548	0.40304	-0.593895	-0.735798	0.0165455	0.527028	-0.424933	-0.483797	0.258006	0.554248	-0.626245	-0.270935	-0.510933	-0.169014	-0.798108	-0.415632	-0.383371	-0.228462	-0.792517	-0.676988	-0.169207	0.683236	-0.215046	-0.425825	-0.585332	0.484178	-0.49156	-0.192593	-0.735973	0.0372317	-0.64797	-0.401331	-0.611243	0.467847	-0.496422
-0.440217	-0.587467	0.4019	-0.547329	-0.425068	-0.549494	0.402955	-0.595819	-0.730577	0.0547555	0.514758	-0.445289	-0.418765	0.318963	0.491661	-0.693663	-0.300887	-0.488463	-0.190424	-0.796624	-0.458397	-0.331243	-0.261086	-0.782294	-0.677898	-0.166212	0.683581	-0.213411	-0.427152	-0.584437	0.484567	-0.49109	-0.194006	-0.736073	0.0383195	-0.647372	-0.401526	-0.611249	0.467887	-0.49622
-0.441898	-0.586149	0.402449	-0.546982	-0.42726	-0.546707	0.402982	-0.596796	-0.727165	0.07233	0.509421	-0.454412	-0.396193	0.337083	0.471278	-0.712252	-0.314739	-0.477691	-0.199258	-0.795642	-0.479155	-0.30563	-0.275193	-0.775416	-0.678242	-0.164968	0.683772	-0.212669	-0.427931	-0.583894	0.484846	-0.490782	-0.19482	-0.736118	0.0392531	-0.64702	-0.401602	-0.611283	0.467977	-0.49603
-0.443502	-0.584854	0.403024	-0.546648	-0.429392	-0.5439	0.403345	-0.597586	-0.723452	0.0891189	0.504382	-0.462897	-0.373512	0.353602	0.450676	-0.72962	-0.327433	-0.467062	-0.207896	-0.794619	-0.498969	-0.281235	-0.287837	-0.76752	-0.678437	-0.16405	0.683961	-0.212153	-0.428523	-0.583498	0.484982	-0.490602	-0.195708	-0.736085	0.0401303	-0.646736	-0.401596	-0.611412	0.468073	-0.495786
-0.44494	-0.583688	0.403548	-0.546338	-0.43135	-0.541252	0.403875	-0.598221	-0.720105	0.104648	0.499327	-0.470287	-0.351472	0.368798	0.42903	-0.745915	-0.339247	-0.456838	-0.214955	-0.793728	-0.517757	-0.257885	-0.299133	-0.758909	-0.678622	-0.163196	0.684139	-0.211643	-0.42908	-0.583125	0.485124	-0.490418	-0.196606	-0.736072	0.0411087	-0.646417	-0.401687	-0.611429	0.468287	-0.495489
-0.446337	-0.582606	0.404237	-0.545845	-0.433436	-0.538376	0.404275	-0.599037	-0.716353	0.119284	0.495135	-0.476918	-0.351472	0.368798	0.42903	-0.745915	-0.339247	-0.456838	-0.214955	-0.793728	-0.53536	-0.234819	-0.31022	-0.749675	-0.678898	-0.162197	0.684328	-0.210913	-0.429554	-0.582833	0.485195	-0.490281	-0.196606	-0.736072	0.0411087	-0.646417	-0.401627	-0.611523	0.468359	-0.495354
-0.447708	-0.581554	0.405028	-0.545257	-0.435643	-0.535486	0.404767	-0.599695	-0.712292	0.131184	0.491357	-0.483734	-0.307275	0.395508	0.389477	-0.772957	-0.36016	-0.438508	-0.224499	-0.79221	-0.551884	-0.213128	-0.321082	-0.739532	-0.679209	-0.161031	0.684593	-0.209946	-0.430079	-0.582489	0.485316	-0.490109	-0.197734	-0.736169	0.0429076	-0.645845	-0.401627	-0.611577	0.468522	-0.495133
-0.450213	-0.579553	0.406457	-0.54426	-0.439191	-0.531267	0.406281	-0.599835	-0.706495	0.152173	0.485125	-0.492303	-0.28635	0.406545	0.369718	-0.784878	-0.367654	-0.430992	-0.230302	-0.791225	-0.582009	-0.174835	-0.342056	-0.716726	-0.679684	-0.159122	0.685072	-0.208293	-0.431136	-0.581765	0.485616	-0.489742	-0.198434	-0.736215	0.0439269	-0.645508	-0.40169	-0.611587	0.468755	-0.494848
-0.451195	-0.578815	0.40708	-0.543767	-0.440594	-0.529895	0.406906	-0.599596	-0.70439	0.160753	0.482196	-0.49546	-0.244834	0.423775	0.333577	-0.805728	-0.37976	-0.420363	-0.240695	-0.788127	-0.595556	-0.157312	-0.351987	-0.704749	-0.679905	-0.158429	0.685144	-0.207864	-0.43145	-0.581562	0.485672	-0.489652	-0.200345	-0.736321	0.0462537	-0.644635	-0.40219	-0.611349	0.46949	-0.494039
-0.452735	-0.577651	0.408372	-0.542755	-0.443218	-0.527686	0.408555	-0.598489	-0.700681	0.176194	0.477556	-0.499942	-0.205639	0.435152	0.30167	-0.823013	-0.387909	-0.413111	-0.24894	-0.785426	-0.620671	-0.125888	-0.370287	-0.679564	-0.680403	-0.156621	0.685485	-0.206475	-0.432112	-0.581138	0.485787	-0.489457	-0.201401	-0.736562	0.0480705	-0.643897	-0.402543	-0.611177	0.469883	-0.493591
-0.453366	-0.577228	0.409008	-0.542199	-0.444361	-0.526933	0.409398	-0.597727	-0.699509	0.183028	0.475161	-0.501407	-0.187466	0.438244	0.286333	-0.831151	-0.391133	-0.410366	-0.252076	-0.784266	-0.631771	-0.111911	-0.378065	-0.667389	-0.680563	-0.156043	0.68558	-0.206068	-0.432373	-0.580958	0.485814	-0.489414	-0.201895	-0.736529	0.0486559	-0.643736	-0.402721	-0.611106	0.4701	-0.493327
-0.454284	-0.576688	0.410073	-0.5412	-0.446249	-0.525681	0.410926	-0.596373	-0.698278	0.195332	0.46877	-0.504489	-0.153121	0.4407	0.260989	-0.845117	-0.398383	-0.406472	-0.257679	-0.780816	-0.650392	-0.0886996	-0.390993	-0.645172	-0.680994	-0.154774	0.685635	-0.205418	-0.432822	-0.580702	0.485779	-0.489356	-0.202934	-0.73641	0.0494803	-0.643483	-0.403146	-0.610928	0.470537	-0.492783
-0.454794	-0.576339	0.410562	-0.540773	-0.447179	-0.52502	0.411639	-0.595767	-0.697829	0.201179	0.465731	-0.505624	-0.137669	0.440448	0.250516	-0.851055	-0.402415	-0.404644	-0.259588	-0.779063	-0.658495	-0.0782616	-0.395381	-0.635557	-0.681231	-0.154052	0.685687	-0.205	-0.433084	-0.580549	0.485798	-0.489287	-0.203139	-0.736457	0.0497253	-0.643345	-0.403126	-0.610979	0.4705	-0.492771
-0.455226	-0.576107	0.411023	-0.540307	-0.447948	-0.524555	0.412529	-0.594983	-0.697728	0.207369	0.46202	-0.506667	-0.123465	0.439306	0.240646	-0.856654	-0.406468	-0.402625	-0.261626	-0.777322	-0.665759	-0.0685255	-0.399196	-0.626667	-0.681423	-0.153509	0.685677	-0.204805	-0.433351	-0.580376	0.485842	-0.489211	-0.203485	-0.736408	0.0498827	-0.64328	-0.403078	-0.611062	0.470495	-0.492714
-0.455849	-0.575972	0.411817	-0.539319	-0.448939	-0.524274	0.413725	-0.593651	-0.695564	0.218817	0.454743	-0.511389	-0.0987994	0.43651	0.225532	-0.865351	-0.416188	-0.397545	-0.265778	-0.773374	-0.678941	-0.0510639	-0.404307	-0.610711	-0.681753	-0.152348	0.685701	-0.204492	-0.433778	-0.580141	0.485851	-0.489103	-0.204534	-0.736289	0.0501508	-0.643062	-0.403361	-0.610967	0.470812	-0.492296
-0.456034	-0.575946	0.412083	-0.538987	-0.449427	-0.523952	0.414181	-0.593248	-0.694089	0.224958	0.451254	-0.513814	-0.0882023	0.435603	0.21845	-0.868764	-0.421229	-0.394095	-0.267286	-0.771889	-0.685276	-0.0426181	-0.406149	-0.603012	-0.681981	-0.151775	0.685659	-0.204297	-0.434016	-0.580006	0.485896	-0.489007	-0.204755	-0.736379	0.0502492	-0.642881	-0.403404	-0.610984	0.470701	-0.492346
-0.456034	-0.575946	0.412083	-0.538987	-0.44999	-0.523234	0.414713	-0.593083	-0.6924	0.231652	0.448052	-0.515916	-0.0882023	0.435603	0.21845	-0.868764	-0.421229	-0.394095	-0.267286	-0.771889	-0.691196	-0.0337766	-0.407773	-0.595675	-0.681981	-0.151775	0.685659	-0.204297	-0.43415	-0.57996	0.485901	-0.488937	-0.204755	-0.736379	0.0502492	-0.642881	-0.403404	-0.610984	0.470701	-0.492346
-0.456312	-0.575974	0.412796	-0.538175	-0.450722	-0.522203	0.41529	-0.593033	-0.690236	0.238576	0.444887	-0.518394	-0.0681173	0.434325	0.205156	-0.874433	-0.432466	-0.386299	-0.268023	-0.769357	-0.696672	-0.0246407	-0.409322	-0.58864	-0.682139	-0.151145	0.685554	-0.204588	-0.434158	-0.580006	0.485755	-0.489022	-0.205015	-0.736394	0.0502211	-0.642784	-0.403514	-0.611042	0.470528	-0.492349
-0.456535	-0.576268	0.414177	-0.536608	-0.452268	-0.520123	0.416135	-0.593091	-0.685572	0.252836	0.438865	-0.522936	-0.0505982	0.433578	0.191003	-0.879186	-0.442146	-0.378881	-0.271005	-0.766494	-0.706712	-0.00725527	-0.413378	-0.574129	-0.682456	-0.150393	0.685422	-0.204529	-0.4346	-0.579863	0.485646	-0.488906	-0.205403	-0.736431	0.0502831	-0.642612	-0.403565	-0.611211	0.470222	-0.49239
-0.457	-0.576226	0.415691	-0.535084	-0.454391	-0.517618	0.416744	-0.593233	-0.680905	0.266284	0.433511	-0.526811	-0.0358684	0.433377	0.176624	-0.883007	-0.450424	-0.373515	-0.27476	-0.762962	-0.714901	0.00817135	-0.42149	-0.55785	-0.68285	-0.149687	0.685288	-0.204181	-0.43563	-0.579353	0.485773	-0.488469	-0.204847	-0.736825	0.0503557	-0.642333	-0.403361	-0.61158	0.469564	-0.492726
-0.456532	-0.577094	0.417596	-0.533062	-0.45677	-0.515231	0.416995	-0.593307	-0.676924	0.277972	0.429703	-0.529019	-0.0229052	0.432773	0.165354	-0.885913	-0.456613	-0.370125	-0.277098	-0.760084	-0.722189	0.0243239	-0.431245	-0.540259	-0.683353	-0.148681	0.68527	-0.203292	-0.436717	-0.578851	0.485749	-0.488116	-0.205393	-0.73684	0.0508903	-0.642099	-0.403827	-0.611546	0.469676	-0.492281
-0.456532	-0.577094	0.417596	-0.533062	-0.45677	-0.515231	0.416995	-0.593307	-0.676924	0.277972	0.429703	-0.529019	-0.0229052	0.432773	0.165354	-0.885913	-0.456613	-0.370125	-0.277098	-0.760084	-0.722189	0.0243239	-0.431245	-0.540259	-0.683353	-0.148681	0.68527	-0.203292	-0.436717	-0.578851	0.485749	-0.488116	-0.205393	-0.73684	0.0508903	-0.642099	-0.403827	-0.611546	0.469676	-0.492281
-0.456105	-0.577585	0.418854	-0.531907	-0.459334	-0.512745	0.41684	-0.59359	-0.675326	0.283193	0.428919	-0.528928	-0.0163777	0.431975	0.161826	-0.887097	-0.458398	-0.370425	-0.277072	-0.758872	-0.728604	0.0367433	-0.442374	-0.521624	-0.683557	-0.148401	0.685198	-0.203054	-0.437483	-0.57863	0.48542	-0.48802	-0.205539	-0.737151	0.0515105	-0.641645	-0.403959	-0.61158	0.46941	-0.492384
-0.455765	-0.578142	0.421457	-0.529532	-0.460368	-0.511853	0.417038	-0.59342	-0.674152	0.290838	0.429586	-0.525726	-0.00328916	0.430959	0.15686	-0.888627	-0.456923	-0.374332	-0.275922	-0.758264	-0.730992	0.0417405	-0.446621	-0.514235	-0.683848	-0.148027	0.685101	-0.202674	-0.437941	-0.578423	0.48529	-0.487983	-0.205688	-0.737775	0.0531361	-0.640748	-0.404419	-0.611559	0.468986	-0.492436
-0.455481	-0.578497	0.422391	-0.528644	-0.461453	-0.511515	0.418564	-0.591791	-0.674125	0.29316	0.431068	-0.523252	0.000331366	0.431044	0.156783	-0.888606	-0.453913	-0.377503	-0.27652	-0.758282	-0.733184	0.0451895	-0.451052	-0.506904	-0.683905	-0.148103	0.685047	-0.202609	-0.438274	-0.578418	0.48457	-0.488407	-0.206071	-0.737814	0.053797	-0.640524	-0.404821	-0.611495	0.469124	-0.492053
-0.456281	-0.578053	0.424058	-0.527102	-0.461429	-0.511971	0.419762	-0.590566	-0.675221	0.289078	0.433837	-0.521819	-0.00288577	0.432351	0.161129	-0.887188	-0.449209	-0.384015	-0.277804	-0.757343	-0.733201	0.0415944	-0.452026	-0.506319	-0.683682	-0.148627	0.684936	-0.203349	-0.438262	-0.578531	0.484115	-0.488734	-0.207272	-0.738255	0.0551892	-0.63951	-0.405649	-0.611365	0.469512	-0.491162
-0.457995	-0.576764	0.425387	-0.525957	-0.460822	-0.513708	0.422349	-0.58768	-0.677969	0.283099	0.433627	-0.52171	-0.00973206	0.431402	0.166001	-0.886703	-0.449984	-0.388162	-0.275317	-0.755675	-0.730746	0.0325831	-0.451634	-0.510857	-0.683794	-0.147535	0.684891	-0.203919	-0.438795	-0.578228	0.483681	-0.489043	-0.208551	-0.738754	0.0557022	-0.638472	-0.406314	-0.611416	0.469809	-0.490264
-0.457659	-0.5773	0.427058	-0.524303	-0.460886	-0.514459	0.423653	-0.586033	-0.680034	0.281955	0.431988	-0.521	-0.0101959	0.429109	0.166193	-0.887773	-0.451122	-0.389147	-0.272895	-0.755369	-0.729667	0.0261012	-0.44904	-0.515041	-0.684336	-0.146055	0.684539	-0.204348	-0.439879	-0.57737	0.483448	-0.489314	-0.209415	-0.738648	0.0541142	-0.638449	-0.407066	-0.611464	0.470328	-0.489082
-0.457585	-0.577781	0.430509	-0.521007	-0.462007	-0.514061	0.425484	-0.58417	-0.681555	0.28253	0.430669	-0.519792	-0.0104772	0.428068	0.164772	-0.888537	-0.452444	-0.388818	-0.270186	-0.755722	-0.731055	0.0242446	-0.447318	-0.514662	-0.68511	-0.143757	0.6842	-0.204521	-0.440642	-0.576802	0.482491	-0.490241	-0.211186	-0.73775	0.0540752	-0.638906	-0.408222	-0.61135	0.470672	-0.487929
-0.457585	-0.577781	0.430509	-0.521007	-0.462007	-0.514061	0.425484	-0.58417	-0.681555	0.28253	0.430669	-0.519792	-0.0104772	0.428068	0.164772	-0.888537	-0.452444	-0.388818	-0.270186	-0.755722	-0.731055	0.0242446	-0.447318	-0.514662	-0.68511	-0.143757	0.6842	-0.204521	-0.440642	-0.576802	0.482491	-0.490241	-0.211186	-0.73775	0.0540752	-0.638906	-0.408222	-0.61135	0.470672	-0.487929
-0.458081	-0.577719	0.432747	-0.51878	-0.4639	-0.513221	0.428244	-0.581385	-0.682531	0.282683	0.430327	-0.51871	-0.0104772	0.428068	0.164772	-0.888537	-0.452444	-0.388818	-0.270186	-0.755722	-0.733364	0.0239223	-0.447161	-0.51152	-0.685596	-0.142336	0.68404	-0.20442	-0.442658	-0.575359	0.481972	-0.490632	-0.211186	-0.73775	0.0540752	-0.638906	-0.408222	-0.61135	0.470672	-0.487929
-0.459823	-0.577088	0.437433	-0.513989	-0.464989	-0.512683	0.430021	-0.579675	-0.685512	0.282428	0.429524	-0.515574	-0.0179584	0.428353	0.164842	-0.888267	-0.457236	-0.389607	-0.266934	-0.753583	-0.734648	0.0233324	-0.447158	-0.509703	-0.686702	-0.138708	0.684042	-0.203192	-0.444148	-0.574389	0.481806	-0.490585	-0.218573	-0.737327	0.0598748	-0.636388	-0.411634	-0.61047	0.473405	-0.4835
-0.460811	-0.57659	0.439855	-0.511591	-0.466291	-0.511948	0.432161	-0.577684	-0.687566	0.282517	0.428945	-0.513267	-0.0209076	0.428136	0.16487	-0.888302	-0.459683	-0.39029	-0.265757	-0.752156	-0.736208	0.0221419	-0.447234	-0.507434	-0.68745	-0.136281	0.684109	-0.202076	-0.445311	-0.573849	0.481294	-0.490665	-0.221944	-0.737297	0.0621903	-0.635032	-0.411964	-0.610978	0.474654	-0.481347
-0.463214	-0.57502	0.445006	-0.50671	-0.469508	-0.510091	0.437454	-0.572716	-0.692526	0.283297	0.42733	-0.507483	-0.0275778	0.427715	0.164634	-0.888366	-0.465712	-0.391425	-0.262164	-0.749112	-0.740206	0.018954	-0.446971	-0.501949	-0.689361	-0.130412	0.683731	-0.200713	-0.446873	-0.573545	0.480416	-0.49046	-0.232483	-0.734598	0.0659408	-0.63401	-0.419412	-0.608227	0.486088	-0.466767
-0.465157	-0.572873	0.450365	-0.50261	-0.474535	-0.506101	0.442595	-0.568144	-0.699273	0.285318	0.42469	-0.499248	-0.0379671	0.427975	0.163353	-0.888094	-0.473373	-0.39382	-0.258056	-0.744467	-0.745842	0.0136789	-0.446229	-0.49438	-0.692527	-0.121628	0.682792	-0.198516	-0.446962	-0.574725	0.479336	-0.490055	-0.242952	-0.738588	0.0730313	-0.624603	-0.443908	-0.59105	0.515084	-0.433929
-0.470001	-0.56809	0.45822	-0.496393	-0.480622	-0.501222	0.448941	-0.562344	-0.703231	0.286961	0.423305	-0.493894	-0.0521258	0.429829	0.160779	-0.88695	-0.482698	-0.398019	-0.252033	-0.738284	-0.752769	0.00598685	-0.445685	-0.484426	-0.696515	-0.112358	0.680341	-0.198439	-0.447179	-0.576903	0.479812	-0.48682	-0.259564	-0.744029	0.0987092	-0.607703	-0.472451	-0.566409	0.544977	-0.398711
-0.474011	-0.564352	0.463699	-0.491734	-0.48467	-0.497466	0.452798	-0.559104	-0.711876	0.291866	0.420896	-0.480515	-0.0603532	0.431428	0.158893	-0.885991	-0.488058	-0.400613	-0.248481	-0.734552	-0.756664	0.00107127	-0.445394	-0.478625	-0.698401	-0.105328	0.679582	-0.198268	-0.447519	-0.577758	0.481188	-0.484129	-0.272189	-0.74584	0.117675	-0.59648	-0.487249	-0.552247	0.55815	-0.382205
-0.485948	-0.554573	0.477867	-0.477438	-0.494583	-0.488269	0.463197	-0.549937	-0.721171	0.300075	0.417901	-0.463925	-0.0785092	0.435959	0.153101	-0.883367	-0.501548	-0.40476	-0.239935	-0.725982	-0.766028	-0.00943014	-0.443397	-0.465307	-0.702984	-0.0858347	0.678146	-0.196376	-0.450951	-0.577833	0.490428	-0.471416	-0.287914	-0.743747	0.140599	-0.586667	-0.491943	-0.551757	0.554737	-0.381868
-0.49037	-0.550063	0.48394	-0.471986	-0.499911	-0.483604	0.469775	-0.543624	-0.726429	0.304363	0.415997	-0.454544	-0.0889257	0.438472	0.149554	-0.881742	-0.5097	-0.406725	-0.235047	-0.720787	-0.771291	-0.0148143	-0.442221	-0.457527	-0.706774	-0.0744409	0.676405	-0.193404	-0.450951	-0.577833	0.490428	-0.471416	-0.279438	-0.745937	0.13739	-0.588741	-0.491481	-0.55485	0.550377	-0.384283
-0.495389	-0.54482	0.48862	-0.467986	-0.50584	-0.478445	0.476491	-0.536817	-0.732212	0.308749	0.413562	-0.444417	-0.1005	0.440986	0.145691	-0.879889	-0.5097	-0.406725	-0.235047	-0.720787	-0.776842	-0.0211339	-0.441053	-0.448935	-0.711449	-0.0621518	0.673677	-0.190099	-0.452959	-0.576988	0.494999	-0.465714	-0.272954	-0.748216	0.136537	-0.589089	-0.492832	-0.556063	0.547311	-0.385177
-0.501422	-0.539664	0.493641	-0.462231	-0.512611	-0.472436	0.482977	-0.529875	-0.738485	0.313589	0.4106	-0.433254	-0.113128	0.443373	0.141624	-0.877818	-0.528725	-0.411983	-0.22375	-0.707571	-0.782767	-0.0284462	-0.439892	-0.439274	-0.716554	-0.0490465	0.669965	-0.187862	-0.45438	-0.576228	0.499404	-0.460538	-0.272959	-0.748956	0.141286	-0.587024	-0.495747	-0.55527	0.545737	-0.384813
-0.51838	-0.526634	0.505126	-0.445855	-0.528389	-0.45763	0.49738	-0.513802	-0.752486	0.323955	0.402696	-0.408232	-0.14199	0.447902	0.131278	-0.87292	-0.539803	-0.414958	-0.216876	-0.699562	-0.796483	-0.0439888	-0.436489	-0.416122	-0.723772	-0.02153	0.663969	-0.186645	-0.456008	-0.573122	0.511197	-0.449739	-0.276994	-0.748899	0.149992	-0.583033	-0.503139	-0.551793	0.545508	-0.380523
-0.51838	-0.526634	0.505126	-0.445855	-0.528389	-0.45763	0.49738	-0.513802	-0.752486	0.323955	0.402696	-0.408232	-0.14199	0.447902	0.131278	-0.87292	-0.551864	-0.417613	-0.20927	-0.690834	-0.796483	-0.0439888	-0.436489	-0.416122	-0.723772	-0.02153	0.663969	-0.186645	-0.456008	-0.573122	0.511197	-0.449739	-0.280217	-0.748674	0.157877	-0.57969	-0.503139	-0.551793	0.545508	-0.380523
-0.528319	-0.518352	0.511222	-0.436855	-0.537166	-0.449533	0.504802	-0.504527	-0.759792	0.329686	0.398071	-0.394415	-0.15784	0.450363	0.12531	-0.869803	-0.564606	-0.419988	-0.2014	-0.681372	-0.804183	-0.0521682	-0.433971	-0.402787	-0.726441	-0.00626763	0.660901	-0.188291	-0.454878	-0.571813	0.517588	-0.445217	-0.282509	-0.748404	0.163908	-0.577248	-0.507058	-0.549727	0.546527	-0.376829
-0.544719	-0.502146	0.523678	-0.420585	-0.555657	-0.432166	0.520215	-0.483584	-0.774737	0.341774	0.386931	-0.365045	-0.191483	0.45466	0.111462	-0.862667	-0.591667	-0.423765	-0.184752	-0.66047	-0.820387	-0.0681559	-0.427181	-0.373947	-0.729866	0.0229467	0.65418	-0.197023	-0.450217	-0.569791	0.531276	-0.436335	-0.291254	-0.747501	0.178197	-0.569789	-0.513413	-0.545997	0.549787	-0.368821
-0.558894	-0.486247	0.535362	-0.405695	-0.574677	-0.412998	0.535154	-0.46129	-0.789642	0.355014	0.373665	-0.332874	-0.226593	0.458295	0.0954926	-0.854109	-0.618601	-0.428499	-0.167923	-0.636808	-0.835628	-0.0856137	-0.420923	-0.342374	-0.733112	0.0519713	0.647465	-0.201581	-0.461008	-0.551851	0.551552	-0.422757	-0.298303	-0.746173	0.189707	-0.564139	-0.517584	-0.543087	0.55406	-0.360806
-0.565521	-0.47869	0.539585	-0.399863	-0.584248	-0.402672	0.542292	-0.44992	-0.789642	0.355014	0.373665	-0.332874	-0.2448	0.459767	0.0870207	-0.849185	-0.631745	-0.431727	-0.158933	-0.623899	-0.842529	-0.0951733	-0.41803	-0.326096	-0.737256	0.0647417	0.64231	-0.199249	-0.474237	-0.536737	0.559371	-0.417273	-0.300173	-0.74594	0.193263	-0.562245	-0.517607	-0.543099	0.555626	-0.35834
-0.571819	-0.471525	0.543968	-0.393428	-0.593617	-0.39206	0.549113	-0.438614	-0.803762	0.369222	0.358432	-0.298611	-0.263272	0.461111	0.0781095	-0.843779	-0.644832	-0.43508	-0.149482	-0.61037	-0.849064	-0.104844	-0.415212	-0.309349	-0.740897	0.0781702	0.638467	-0.193187	-0.4914	-0.519266	0.563591	-0.413829	-0.302824	-0.745378	0.197296	-0.560164	-0.518004	-0.542302	0.558026	-0.355228
-0.578907	-0.463444	0.548294	-0.386601	-0.602441	-0.381505	0.555854	-0.427252	-0.810207	0.376789	0.350104	-0.281109	-0.281675	0.462333	0.0684017	-0.837991	-0.657785	-0.438155	-0.139806	-0.596484	-0.855263	-0.114681	-0.412161	-0.292399	-0.743934	0.0906392	0.635271	-0.186486	-0.511377	-0.500113	0.564868	-0.411465	-0.305286	-0.744817	0.202411	-0.557743	-0.517771	-0.541928	0.560087	-0.352888
-0.593488	-0.446058	0.556773	-0.37257	-0.618572	-0.359737	0.569738	-0.404174	-0.816011	0.384467	0.341624	-0.263827	-0.31625	0.464461	0.0480265	-0.825806	-0.682792	-0.442665	-0.119721	-0.568779	-0.866903	-0.13352	-0.405121	-0.257931	-0.749269	0.112536	0.628844	-0.174604	-0.553385	-0.459757	0.561201	-0.409197	-0.313851	-0.741495	0.216587	-0.552062	-0.51767	-0.540027	0.56612	-0.346261
-0.606829	-0.427789	0.565202	-0.359586	-0.633555	-0.337081	0.582966	-0.380967	-0.829023	0.407512	0.3173	-0.21442	-0.347973	0.466838	0.0276797	-0.812534	-0.70597	-0.445198	-0.0997854	-0.541708	-0.877634	-0.15105	-0.395948	-0.22398	-0.753467	0.130671	0.622537	-0.166315	-0.592885	-0.420772	0.554716	-0.404634	-0.323081	-0.738136	0.23111	-0.545309	-0.516916	-0.537662	0.574189	-0.337677
-0.61889	-0.409809	0.572888	-0.347609	-0.647231	-0.314816	0.594546	-0.358466	-0.835478	0.420643	0.302216	-0.183579	-0.377517	0.468619	0.00919573	-0.798619	-0.726153	-0.447778	-0.0815382	-0.515313	-0.886208	-0.167404	-0.387234	-0.191469	-0.75695	0.1527	0.616364	-0.15429	-0.62729	-0.386377	0.546737	-0.397867	-0.329852	-0.734992	0.246054	-0.538927	-0.515052	-0.535387	0.582547	-0.329728
-0.62415	-0.401329	0.576152	-0.342667	-0.653571	-0.303896	0.599579	-0.347846	-0.83829	0.426514	0.294764	-0.168732	-0.391411	0.468961	0.000598869	-0.791753	-0.726153	-0.447778	-0.0815382	-0.515313	-0.889771	-0.175033	-0.383047	-0.175914	-0.75823	0.163358	0.613475	-0.148491	-0.642106	-0.370255	0.543967	-0.393333	-0.329852	-0.734992	0.246054	-0.538927	-0.513834	-0.53412	0.587082	-0.325616
-0.629272	-0.392935	0.578902	-0.338366	-0.65928	-0.293506	0.60422	-0.337818	-0.840884	0.431842	0.287466	-0.154241	-0.404613	0.468918	-0.00761719	-0.785077	-0.744159	-0.449446	-0.0638299	-0.490053	-0.892865	-0.182135	-0.379203	-0.160702	-0.7598	0.173014	0.610086	-0.143403	-0.655769	-0.354521	0.541936	-0.388055	-0.335276	-0.731627	0.262408	-0.532404	-0.512297	-0.53288	0.59159	-0.321887
-0.634215	-0.384572	0.581554	-0.334171	-0.664517	-0.283714	0.608307	-0.32846	-0.843313	0.436524	0.280343	-0.14028	-0.41713	0.468579	-0.015059	-0.778594	-0.752318	-0.449834	-0.0556324	-0.478092	-0.895543	-0.188793	-0.375426	-0.146337	-0.761313	0.182829	0.606703	-0.137431	-0.668646	-0.339129	0.540468	-0.381835	-0.337431	-0.729744	0.271677	-0.528967	-0.510371	-0.531784	0.596105	-0.318412
-0.642236	-0.36976	0.5859	-0.327921	-0.672869	-0.266013	0.615532	-0.312417	-0.847109	0.444631	0.267423	-0.114865	-0.440262	0.468086	-0.0281071	-0.765686	-0.766416	-0.450035	-0.0411208	-0.45649	-0.900154	-0.199921	-0.367953	-0.119851	-0.763255	0.199096	0.601455	-0.126709	-0.689083	-0.316643	0.534988	-0.37241	-0.343914	-0.724896	0.292445	-0.520313	-0.508373	-0.526309	0.608537	-0.306984
-0.645131	-0.363673	0.58711	-0.326879	-0.676068	-0.258065	0.618671	-0.305911	-0.847109	0.444631	0.267423	-0.114865	-0.449944	0.468164	-0.0335584	-0.759768	-0.77243	-0.449639	-0.0346685	-0.447186	-0.900154	-0.199921	-0.367953	-0.119851	-0.763255	0.199096	0.601455	-0.126709	-0.689083	-0.316643	0.534988	-0.37241	-0.34596	-0.72261	0.300915	-0.517297	-0.506037	-0.524554	0.614604	-0.301716
-0.648406	-0.354053	0.588361	-0.328706	-0.68124	-0.244846	0.622666	-0.297068	-0.849377	0.454223	0.254757	-0.0856667	-0.464298	0.469149	-0.0420121	-0.750041	-0.781769	-0.448812	-0.0236105	-0.432258	-0.905152	-0.212043	-0.357592	-0.0886894	-0.76378	0.209797	0.599331	-0.115875	-0.711316	-0.291048	0.528769	-0.360171	-0.34589	-0.719009	0.312507	-0.515487	-0.498334	-0.523265	0.626004	-0.293216
-0.647954	-0.351443	0.588752	-0.331685	-0.683863	-0.239231	0.622999	-0.29491	-0.849136	0.456988	0.252713	-0.0791571	-0.469209	0.470376	-0.0452483	-0.746017	-0.785113	-0.448578	-0.0191167	-0.426627	-0.906358	-0.215206	-0.354483	-0.0808964	-0.762802	0.210299	0.601142	-0.111964	-0.716684	-0.284351	0.527655	-0.356496	-0.343822	-0.717705	0.315073	-0.517121	-0.492697	-0.524099	0.631071	-0.29038
-0.647954	-0.351443	0.588752	-0.331685	-0.686562	-0.234206	0.62211	-0.294549	-0.848439	0.459799	0.251376	-0.0744713	-0.469209	0.470376	-0.0452483	-0.746017	-0.785113	-0.448578	-0.0191167	-0.426627	-0.907448	-0.217867	-0.351483	-0.0743787	-0.762802	0.210299	0.601142	-0.111964	-0.720349	-0.279071	0.527842	-0.352987	-0.343822	-0.717705	0.315073	-0.517121	-0.492697	-0.524099	0.631071	-0.29038
-0.646457	-0.349191	0.586043	-0.341633	-0.688918	-0.230144	0.620509	-0.295625	-0.847409	0.462672	0.25042	-0.0715648	-0.473947	0.473109	-0.0510768	-0.7409	-0.789749	-0.448151	-0.012878	-0.418677	-0.908381	-0.219673	-0.348985	-0.0692657	-0.759388	0.208513	0.607783	-0.102233	-0.721258	-0.276741	0.529363	-0.350679	-0.336581	-0.715348	0.319782	-0.522235	-0.479708	-0.526568	0.640123	-0.287833
-0.641068	-0.351011	0.584377	-0.352602	-0.692694	-0.22433	0.61613	-0.300392	-0.844276	0.468833	0.249669	-0.0711329	-0.471712	0.475521	-0.056858	-0.740362	-0.791929	-0.44735	-0.0123998	-0.415418	-0.91029	-0.219647	-0.345338	-0.0622067	-0.75378	0.197499	0.619175	-0.0971159	-0.716701	-0.280997	0.532574	-0.351775	-0.327373	-0.712597	0.323135	-0.529732	-0.463987	-0.529537	0.649126	-0.287998
-0.637088	-0.354526	0.584691	-0.355762	-0.691979	-0.221953	0.616037	-0.303974	-0.840027	0.473208	0.254726	-0.074453	-0.464854	0.480761	-0.0574348	-0.74127	-0.790193	-0.449482	-0.0131278	-0.4164	-0.911075	-0.219654	-0.343632	-0.0600989	-0.749568	0.187981	0.627667	-0.0940446	-0.715094	-0.294066	0.522892	-0.358817	-0.326415	-0.707346	0.332649	-0.531469	-0.447954	-0.530749	0.658958	-0.28882
-0.635409	-0.356219	0.591971	-0.344868	-0.687143	-0.221336	0.621642	-0.303984	-0.837467	0.472217	0.26369	-0.0782814	-0.460228	0.486748	-0.0529243	-0.740584	-0.790149	-0.446859	-0.00819111	-0.419421	-0.911818	-0.221221	-0.340805	-0.059169	-0.748847	0.18588	0.628494	-0.0983406	-0.692953	-0.310855	0.536448	-0.36798	-0.327249	-0.698787	0.345785	-0.533889	-0.434914	-0.528229	0.669159	-0.289914
-0.636489	-0.355692	0.594775	-0.338536	-0.684419	-0.222115	0.625068	-0.302533	-0.836979	0.469766	0.269644	-0.0779658	-0.459591	0.490153	-0.0480888	-0.739063	-0.790262	-0.444722	-0.00450847	-0.42153	-0.912321	-0.222329	-0.338624	-0.059776	-0.750628	0.182187	0.625796	-0.10837	-0.679667	-0.319844	0.54605	-0.370921	-0.328908	-0.694071	0.353634	-0.53388	-0.429131	-0.526679	0.6732	-0.29199
-0.636489	-0.355692	0.594775	-0.338536	-0.681396	-0.223399	0.628903	-0.300456	-0.837408	0.46594	0.275047	-0.077447	-0.459591	0.490153	-0.0480888	-0.739063	-0.790262	-0.444722	-0.00450847	-0.42153	-0.912756	-0.224268	-0.33611	-0.0600857	-0.751942	0.180558	0.624173	-0.111308	-0.675047	-0.309081	0.563989	-0.361521	-0.328908	-0.694071	0.353634	-0.53388	-0.429131	-0.526679	0.6732	-0.29199
-0.638589	-0.351628	0.602282	-0.325298	-0.679119	-0.225314	0.631612	-0.298493	-0.838352	0.462058	0.279016	-0.0762861	-0.460603	0.493631	-0.0366418	-0.73677	-0.790829	-0.440995	0.00201855	-0.424392	-0.913357	-0.224518	-0.334	-0.0617699	-0.750602	0.18146	0.626675	-0.104627	-0.66897	-0.306293	0.574179	-0.359141	-0.329443	-0.68467	0.358266	-0.542531	-0.412764	-0.529236	0.677155	-0.301655
-0.637509	-0.347493	0.609022	-0.319253	-0.675854	-0.229211	0.634712	-0.29635	-0.841549	0.453179	0.284368	-0.0745574	-0.461881	0.492494	-0.0246356	-0.737231	-0.789587	-0.440212	0.00248087	-0.427505	-0.91383	-0.224764	-0.331595	-0.0666412	-0.74091	0.187094	0.639976	-0.0804935	-0.657252	-0.310013	0.58413	-0.36153	-0.335974	-0.671668	0.358457	-0.55452	-0.388549	-0.534064	0.682605	-0.312818
-0.637632	-0.339875	0.61687	-0.312059	-0.671813	-0.230658	0.639647	-0.293795	-0.845731	0.443641	0.28643	-0.0766721	-0.46394	0.488373	-0.0151365	-0.738933	-0.786725	-0.440911	0.00226512	-0.432038	-0.913055	-0.224018	-0.333287	-0.0711865	-0.730031	0.192854	0.652936	-0.0594692	-0.646607	-0.313343	0.592239	-0.364649	-0.351245	-0.658902	0.362814	-0.557531	-0.369837	-0.528525	0.699274	-0.308054
-0.635527	-0.334171	0.624411	-0.307482	-0.667449	-0.231385	0.644763	-0.291981	-0.848681	0.435793	0.288796	-0.0801321	-0.465199	0.485376	-0.00774926	-0.74023	-0.785028	-0.440687	0.00286185	-0.435337	-0.912247	-0.22368	-0.334745	-0.0756144	-0.719802	0.197101	0.664525	-0.0379736	-0.636033	-0.318741	0.598955	-0.367585	-0.370808	-0.64764	0.363253	-0.557774	-0.344507	-0.523722	0.718002	-0.302495
-0.633639	-0.333558	0.626925	-0.306929	-0.663501	-0.233082	0.647953	-0.292567	-0.849567	0.431541	0.291661	-0.0833235	-0.464815	0.484581	-0.0049331	-0.741015	-0.784539	-0.440768	0.00351576	-0.436131	-0.911528	-0.22349	-0.335752	-0.0802429	-0.7148	0.196352	0.670571	-0.0290033	-0.626625	-0.322526	0.604528	-0.371301	-0.381056	-0.642642	0.357053	-0.560643	-0.334817	-0.520429	0.730151	-0.289707
-0.63007	-0.332975	0.630607	-0.307365	-0.66216	-0.233212	0.649135	-0.292882	-0.849213	0.430613	0.293609	-0.0848743	-0.462116	0.485271	-0.00098646	-0.742267	-0.783532	-0.440274	0.00406176	-0.438429	-0.911432	-0.223326	-0.335736	-0.0818401	-0.708187	0.187971	0.680303	-0.0180516	-0.623668	-0.321104	0.60875	-0.370613	-0.405101	-0.63386	0.337266	-0.566009	-0.307659	-0.52433	0.748363	-0.265287
-0.63007	-0.332975	0.630607	-0.307365	-0.66216	-0.233212	0.649135	-0.292882	-0.849213	0.430613	0.293609	-0.0848743	-0.462116	0.485271	-0.00098646	-0.742267	-0.783532	-0.440274	0.00406176	-0.438429	-0.911432	-0.223326	-0.335736	-0.0818401	-0.708187	0.187971	0.680303	-0.0180516	-0.623668	-0.321104	0.60875	-0.370613	-0.405101	-0.63386	0.337266	-0.566009	-0.307659	-0.52433	0.748363	-0.265287
-0.626545	-0.333986	0.633454	-0.30762	-0.657885	-0.234528	0.653194	-0.29244	-0.847671	0.429627	0.298833	-0.0870237	-0.460305	0.486278	0.000381332	-0.742733	-0.783128	-0.439556	0.00503009	-0.439859	-0.911595	-0.22332	-0.334677	-0.0843489	-0.706738	0.184339	0.68294	-0.0115519	-0.622169	-0.312392	0.619723	-0.362299	-0.41727	-0.6339	0.324206	-0.564754	-0.293949	-0.52526	0.756634	-0.255345
-0.623899	-0.33333	0.636807	-0.306786	-0.654565	-0.235788	0.65609	-0.292396	-0.846674	0.428585	0.303038	-0.0873277	-0.456611	0.490591	0.00507673	-0.74216	-0.781105	-0.439932	0.00854367	-0.443015	-0.911351	-0.225418	-0.333643	-0.0854925	-0.701255	0.184117	0.688682	0.00768735	-0.622488	-0.308407	0.623996	-0.357803	-0.444149	-0.638782	0.314884	-0.543634	-0.315837	-0.500398	0.78123	-0.198817
-0.623899	-0.33333	0.636807	-0.306786	-0.654565	-0.235788	0.65609	-0.292396	-0.846674	0.428585	0.303038	-0.0873277	-0.456611	0.490591	0.00507673	-0.74216	-0.781105	-0.439932	0.00854367	-0.443015	-0.911351	-0.225418	-0.333643	-0.0854925	-0.701255	0.184117	0.688682	0.00768735	-0.622488	-0.308407	0.623996	-0.357803	-0.444149	-0.638782	0.314884	-0.543634	-0.315837	-0.500398	0.78123	-0.198817
-0.624218	-0.328482	0.639442	-0.305883	-0.649854	-0.236978	0.660256	-0.292563	-0.844849	0.425735	0.311932	-0.0876251	-0.453314	0.49586	0.0121204	-0.740596	-0.777673	-0.441585	0.0137055	-0.447257	-0.911169	-0.23045	-0.329997	-0.0881243	-0.695755	0.180908	0.694781	0.0218525	-0.622327	-0.303868	0.629869	-0.351621	-0.467198	-0.647569	0.316132	-0.512291	-0.353719	-0.470381	0.789022	-0.176264
-0.623486	-0.326727	0.641279	-0.305412	-0.648367	-0.236835	0.66172	-0.29267	-0.844109	0.424919	0.315088	-0.087428	-0.451942	0.497695	0.0146649	-0.740157	-0.776105	-0.442099	0.0154802	-0.44941	-0.911427	-0.23215	-0.327748	-0.08938	-0.693379	0.178586	0.697581	0.0267276	-0.621667	-0.303298	0.631788	-0.349834	-0.47675	-0.652898	0.316705	-0.496117	-0.383056	-0.450733	0.789475	-0.16382
-0.622855	-0.324882	0.643512	-0.303966	-0.646098	-0.236582	0.664075	-0.292558	-0.843323	0.423556	0.319014	-0.0873892	-0.450848	0.498909	0.0165621	-0.739967	-0.774919	-0.442167	0.0167075	-0.451342	-0.912117	-0.234113	-0.323664	-0.0920553	-0.691186	0.176303	0.700127	0.0316634	-0.62032	-0.302612	0.63496	-0.347066	-0.487306	-0.656321	0.319571	-0.479218	-0.420066	-0.423584	0.789646	-0.143458
-0.622535	-0.323012	0.645747	-0.301868	-0.646098	-0.236582	0.664075	-0.292558	-0.843323	0.423556	0.319014	-0.0873892	-0.450038	0.499647	0.0181128	-0.739926	-0.774309	-0.441666	0.0178432	-0.452834	-0.912117	-0.234113	-0.323664	-0.0920553	-0.689127	0.174545	0.702325	0.0371018	-0.62032	-0.302612	0.63496	-0.347066	-0.497464	-0.658272	0.32223	-0.464085	-0.45961	-0.388807	0.789455	-0.119785
-0.622364	-0.320561	0.64903	-0.297764	-0.645086	-0.236891	0.665093	-0.292229	-0.843066	0.422382	0.321353	-0.0869784	-0.4494	0.500694	0.0205657	-0.739542	-0.773608	-0.441037	0.0194484	-0.454576	-0.912417	-0.235337	-0.321232	-0.0944597	-0.686417	0.171864	0.705067	0.0466424	-0.617305	-0.305056	0.636573	-0.347346	-0.511411	-0.663991	0.325212	-0.437963	-0.52979	-0.317595	0.780997	-0.0921894
-0.622364	-0.320561	0.64903	-0.297764	-0.645086	-0.236891	0.665093	-0.292229	-0.843066	0.422382	0.321353	-0.0869784	-0.4494	0.500694	0.0205657	-0.739542	-0.773608	-0.441037	0.0194484	-0.454576	-0.912358	-0.23609	-0.32058	-0.0953568	-0.686417	0.171864	0.705067	0.0466424	-0.61536	-0.306223	0.637921	-0.347299	-0.511411	-0.663991	0.325212	-0.437963	-0.52979	-0.317595	0.780997	-0.0921894
-0.622837	-0.319394	0.650382	-0.295066	-0.644056	-0.236544	0.666786	-0.290921	-0.843047	0.421838	0.322206	-0.0866517	-0.449285	0.501073	0.0216643	-0.739324	-0.773329	-0.441308	0.0200598	-0.454761	-0.912358	-0.23609	-0.32058	-0.0953568	-0.685316	0.170024	0.706446	0.0486622	-0.61536	-0.306223	0.637921	-0.347299	-0.522463	-0.661881	0.331867	-0.42286	-0.557752	-0.290111	0.771941	-0.0941055
-0.624291	-0.317764	0.651435	-0.291411	-0.643715	-0.236072	0.667725	-0.289905	-0.843048	0.421217	0.323102	-0.086326	-0.449253	0.501374	0.0227309	-0.739107	-0.773189	-0.442024	0.0205402	-0.454282	-0.912105	-0.23727	-0.320258	-0.0959297	-0.684203	0.169053	0.707621	0.0505854	-0.613236	-0.307312	0.639612	-0.346984	-0.53373	-0.656517	0.33906	-0.411287	-0.582954	-0.26582	0.761917	-0.0947989
-0.627691	-0.314694	0.65133	-0.287647	-0.643742	-0.235599	0.668388	-0.2887	-0.843028	0.420502	0.32417	-0.0860007	-0.449234	0.501807	0.0241536	-0.738779	-0.773177	-0.442952	0.0209321	-0.453379	-0.91171	-0.238626	-0.32029	-0.0962087	-0.683159	0.16967	0.708221	0.0541275	-0.611578	-0.307026	0.64239	-0.345027	-0.541947	-0.651358	0.344543	-0.404125	-0.604333	-0.244367	0.752453	-0.0942409
-0.627691	-0.314694	0.65133	-0.287647	-0.643742	-0.235599	0.668388	-0.2887	-0.843028	0.420502	0.32417	-0.0860007	-0.449234	0.501807	0.0241536	-0.738779	-0.773177	-0.442952	0.0209321	-0.453379	-0.911365	-0.239755	-0.320466	-0.0960853	-0.683159	0.16967	0.708221	0.0541275	-0.610584	-0.305072	0.646128	-0.341522	-0.541947	-0.651358	0.344543	-0.404125	-0.604333	-0.244367	0.752453	-0.0942409
-0.634084	-0.310268	0.650261	-0.28077	-0.646069	-0.2341	0.667779	-0.286118	-0.842968	0.419325	0.326044	-0.0852402	-0.448807	0.502578	0.026733	-0.738426	-0.773687	-0.444639	0.0200142	-0.450893	-0.911246	-0.24047	-0.320577	-0.0950538	-0.681185	0.174681	0.707928	0.0656569	-0.609037	-0.304727	0.649349	-0.338468	-0.545094	-0.648381	0.349957	-0.400007	-0.631307	-0.226256	0.734434	-0.104239
-0.634084	-0.310268	0.650261	-0.28077	-0.646069	-0.2341	0.667779	-0.286118	-0.842968	0.419325	0.326044	-0.0852402	-0.448807	0.502578	0.026733	-0.738426	-0.773687	-0.444639	0.0200142	-0.450893	-0.911246	-0.24047	-0.320577	-0.0950538	-0.681185	0.174681	0.707928	0.0656569	-0.609037	-0.304727	0.649349	-0.338468	-0.545094	-0.648381	0.349957	-0.400007	-0.631307	-0.226256	0.734434	-0.104239
-0.637418	-0.309168	0.648921	-0.277514	-0.648152	-0.232989	0.6667	-0.284826	-0.842968	0.419325	0.326044	-0.0852402	-0.448738	0.502586	0.027535	-0.738433	-0.774488	-0.445164	0.0189853	-0.44904	-0.911253	-0.240308	-0.321857	-0.0909884	-0.68093	0.176847	0.707123	0.0709595	-0.604942	-0.302316	0.659131	-0.328931	-0.546593	-0.645614	0.353164	-0.399616	-0.637144	-0.231644	0.726123	-0.114605
-0.644645	-0.308317	0.644409	-0.272232	-0.653065	-0.230292	0.66353	-0.283197	-0.843438	0.419752	0.324744	-0.0834381	-0.44942	0.501832	0.0270864	-0.738548	-0.776794	-0.446336	0.0157778	-0.443989	-0.91124	-0.240122	-0.322922	-0.0877776	-0.681575	0.181593	0.704446	0.0789671	-0.601215	-0.302082	0.664934	-0.324269	-0.540143	-0.645197	0.358267	-0.404488	-0.635379	-0.244806	0.721449	-0.125994
-0.644645	-0.308317	0.644409	-0.272232	-0.653065	-0.230292	0.66353	-0.283197	-0.843438	0.419752	0.324744	-0.0834381	-0.44942	0.501832	0.0270864	-0.738548	-0.776794	-0.446336	0.0157778	-0.443989	-0.91124	-0.240122	-0.322922	-0.0877776	-0.681575	0.181593	0.704446	0.0789671	-0.601215	-0.302082	0.664934	-0.324269	-0.540143	-0.645197	0.358267	-0.404488	-0.635379	-0.244806	0.721449	-0.125994
-0.646214	-0.308996	0.643677	-0.26946	-0.655536	-0.228508	0.662003	-0.282503	-0.843592	0.420767	0.323304	-0.0823545	-0.450163	0.501404	0.026111	-0.73842	-0.777812	-0.447236	0.0142747	-0.441344	-0.91117	-0.239918	-0.324201	-0.0842767	-0.681664	0.186794	0.702607	0.0823701	-0.588163	-0.305331	0.679692	-0.314414	-0.535432	-0.644393	0.365854	-0.405242	-0.633866	-0.249166	0.720725	-0.12917
-0.649454	-0.306576	0.643627	-0.264511	-0.658653	-0.225492	0.660584	-0.280995	-0.843474	0.422995	0.321582	-0.0788179	-0.451968	0.501595	0.0245646	-0.737241	-0.778736	-0.448245	0.013527	-0.438707	-0.910982	-0.240971	-0.325652	-0.0774362	-0.685544	0.199847	0.69544	0.0803369	-0.576031	-0.30907	0.690142	-0.310432	-0.525899	-0.642432	0.379267	-0.408496	-0.636765	-0.254836	0.715853	-0.130933
-0.649454	-0.306576	0.643627	-0.264511	-0.658653	-0.225492	0.660584	-0.280995	-0.843474	0.422995	0.321582	-0.0788179	-0.451968	0.501595	0.0245646	-0.737241	-0.78013	-0.448748	0.013541	-0.435704	-0.910982	-0.240971	-0.325652	-0.0774362	-0.685544	0.199847	0.69544	0.0803369	-0.576031	-0.30907	0.690142	-0.310432	-0.525899	-0.642432	0.379267	-0.408496	-0.636765	-0.254836	0.715853	-0.130933
-0.653709	-0.302	0.642745	-0.261418	-0.661446	-0.222737	0.659796	-0.278471	-0.843922	0.425545	0.317142	-0.0782858	-0.454008	0.499696	0.0193715	-0.737432	-0.786042	-0.445569	0.0122485	-0.428318	-0.911736	-0.239156	-0.326095	-0.0721309	-0.698984	0.216273	0.679018	0.0598448	-0.539658	-0.319653	0.715501	-0.307651	-0.515198	-0.641956	0.391736	-0.411105	-0.640388	-0.257323	0.712389	-0.127236
-0.653537	-0.300074	0.644789	-0.259022	-0.662632	-0.221357	0.659478	-0.277505	-0.844294	0.42769	0.313221	-0.0783628	-0.455109	0.497781	0.0153421	-0.738143	-0.788869	-0.443811	0.0102867	-0.424985	-0.912149	-0.237436	-0.326641	-0.0701035	-0.708823	0.22498	0.666904	0.0468302	-0.522621	-0.318951	0.730796	-0.301785	-0.512029	-0.64113	0.397208	-0.4111	-0.641782	-0.256012	0.712634	-0.121353
-0.653409	-0.297344	0.647741	-0.255099	-0.662864	-0.220105	0.660108	-0.276446	-0.844478	0.42928	0.310688	-0.07777	-0.455977	0.496694	0.0125176	-0.738393	-0.790416	-0.443482	0.00854229	-0.422484	-0.912202	-0.237031	-0.327117	-0.0685492	-0.717327	0.238544	0.653542	0.0377089	-0.506216	-0.317049	0.746069	-0.294291	-0.511872	-0.639501	0.403509	-0.407684	-0.642038	-0.254492	0.714034	-0.114792
-0.654604	-0.293778	0.649959	-0.25048	-0.662081	-0.219263	0.66194	-0.274605	-0.84458	0.429674	0.31017	-0.0765445	-0.456695	0.496639	0.0118303	-0.737997	-0.791369	-0.443874	0.00819619	-0.420291	-0.911939	-0.2377	-0.327558	-0.0676051	-0.720847	0.261291	0.64096	0.0357349	-0.492681	-0.314965	0.759871	-0.284005	-0.511439	-0.638627	0.408363	-0.404755	-0.641431	-0.252406	0.716416	-0.107733
-0.658386	-0.289322	0.649982	-0.24565	-0.662004	-0.217638	0.664017	-0.271045	-0.844821	0.429477	0.310768	-0.0724572	-0.459077	0.497641	0.0127268	-0.735826	-0.793171	-0.444115	0.00989278	-0.416586	-0.911287	-0.240189	-0.327831	-0.0662818	-0.731035	0.284163	0.620095	0.017918	-0.490211	-0.304976	0.772007	-0.265872	-0.504248	-0.641031	0.410602	-0.407701	-0.638145	-0.252327	0.720476	-0.100083
-0.660225	-0.288403	0.650406	-0.240621	-0.66401	-0.214858	0.664312	-0.267613	-0.845071	0.429958	0.31002	-0.0698408	-0.463712	0.497548	0.0113568	-0.732999	-0.793898	-0.444358	0.010632	-0.41492	-0.911271	-0.242693	-0.326371	-0.0645503	-0.739135	0.286155	0.609735	-0.00423114	-0.517883	-0.2971	0.755623	-0.269375	-0.499318	-0.640893	0.417587	-0.40689	-0.635196	-0.250913	0.724543	-0.0927721
-0.66217	-0.28692	0.650233	-0.237495	-0.664829	-0.213083	0.664965	-0.265368	-0.845071	0.429958	0.31002	-0.0698408	-0.466703	0.496865	0.00936035	-0.731591	-0.796281	-0.443626	0.0130933	-0.411048	-0.911513	-0.243405	-0.325381	-0.0634375	-0.741796	0.285927	0.606444	-0.0144764	-0.53727	-0.297642	0.738307	-0.278664	-0.498366	-0.639662	0.421727	-0.405723	-0.633528	-0.249957	0.726837	-0.0887239
-0.665984	-0.283351	0.64939	-0.233387	-0.667032	-0.209978	0.665418	-0.261145	-0.846666	0.432756	0.303497	-0.0613909	-0.472551	0.495076	0.00375736	-0.729096	-0.799742	-0.441813	0.0149706	-0.40619	-0.912272	-0.244274	-0.323104	-0.0607719	-0.747939	0.278533	0.601516	-0.0344194	-0.580981	-0.295238	0.697161	-0.298769	-0.492396	-0.639437	0.428068	-0.406724	-0.629634	-0.249348	0.731225	-0.0818323
-0.667283	-0.282881	0.647589	-0.235247	-0.669556	-0.207519	0.664749	-0.25834	-0.847589	0.435602	0.297754	-0.0564475	-0.476899	0.493227	-0.00127178	-0.727525	-0.802044	-0.442031	0.0156491	-0.401359	-0.912685	-0.245095	-0.32177	-0.0583056	-0.755043	0.270842	0.595025	-0.0499963	-0.625952	-0.282824	0.656904	-0.310921	-0.486288	-0.639378	0.4332	-0.408727	-0.623692	-0.250602	0.736496	-0.0760333
-0.669638	-0.280862	0.645497	-0.236717	-0.672429	-0.204816	0.66322	-0.256959	-0.84847	0.43959	0.290163	-0.0516105	-0.479902	0.49126	-0.00581375	-0.726859	-0.803407	-0.442913	0.0159401	-0.397632	-0.912528	-0.246436	-0.321736	-0.0552143	-0.757004	0.270964	0.591883	-0.056548	-0.665319	-0.273307	0.617812	-0.317745	-0.476581	-0.641325	0.435783	-0.414326	-0.615856	-0.254306	0.742094	-0.0731221
-0.672448	-0.278347	0.64286	-0.238887	-0.674836	-0.202267	0.661548	-0.25698	-0.848656	0.442063	0.286066	-0.0502898	-0.482192	0.489737	-0.0101163	-0.726324	-0.803846	-0.443398	0.0159018	-0.396204	-0.912405	-0.246844	-0.32231	-0.051977	-0.756832	0.270202	0.592002	-0.061073	-0.695055	-0.268044	0.584643	-0.321315	-0.470535	-0.642317	0.436947	-0.418454	-0.605966	-0.262089	0.747345	-0.074765
-0.673182	-0.278529	0.640969	-0.241674	-0.676117	-0.201308	0.660281	-0.257626	-0.848751	0.443107	0.284192	-0.0501227	-0.4829	0.488859	-0.0120603	-0.726415	-0.80486	-0.44362	0.0152704	-0.393914	-0.912497	-0.246532	-0.322539	-0.0504002	-0.756571	0.268478	0.592911	-0.063058	-0.704791	-0.268079	0.571839	-0.323115	-0.459361	-0.642333	0.441173	-0.426335	-0.600773	-0.265549	0.750265	-0.0752185
-0.67416	-0.279135	0.637423	-0.247556	-0.6795	-0.199305	0.656425	-0.260123	-0.849061	0.444814	0.280378	-0.0512145	-0.483583	0.486497	-0.0154243	-0.727482	-0.8054	-0.44348	0.0143577	-0.393001	-0.913066	-0.244404	-0.322976	-0.0475834	-0.75678	0.261622	0.595407	-0.0657919	-0.716792	-0.271363	0.553798	-0.325391	-0.453847	-0.641432	0.445368	-0.429226	-0.59025	-0.273602	0.755266	-0.0795013
-0.675041	-0.279063	0.635417	-0.250377	-0.6813	-0.198315	0.654236	-0.261681	-0.849186	0.445867	0.278053	-0.0526546	-0.483527	0.485011	-0.017484	-0.728464	-0.806945	-0.442076	0.0113437	-0.391509	-0.913422	-0.242506	-0.323597	-0.0462183	-0.756923	0.255992	0.597566	-0.0667085	-0.71853	-0.276625	0.547575	-0.32765	-0.441357	-0.63869	0.454133	-0.437083	-0.58428	-0.278263	0.757823	-0.0830153
-0.67539	-0.279439	0.63285	-0.255467	-0.68476	-0.19737	0.649363	-0.265473	-0.848952	0.448981	0.27291	-0.056728	-0.48151	0.481703	-0.0229186	-0.731837	-0.808873	-0.439785	0.00646855	-0.39022	-0.914126	-0.23698	-0.326082	-0.0434222	-0.755093	0.244286	0.604888	-0.0653333	-0.71353	-0.295104	0.53986	-0.335171	-0.432	-0.633995	0.463477	-0.443412	-0.570419	-0.28615	0.764813	-0.0883284
-0.675006	-0.279663	0.632493	-0.257116	-0.68658	-0.197665	0.646373	-0.267839	-0.848503	0.451131	0.270144	-0.0595477	-0.479772	0.480086	-0.0263362	-0.733923	-0.809926	-0.438346	0.00329496	-0.389695	-0.914456	-0.23338	-0.327885	-0.0423624	-0.752627	0.236235	0.611251	-0.0641711	-0.707522	-0.306438	0.538026	-0.340642	-0.42845	-0.630685	0.468315	-0.446485	-0.561585	-0.291754	0.768621	-0.0934003
-0.6749	-0.279898	0.631517	-0.259525	-0.688561	-0.197895	0.643215	-0.270179	-0.847802	0.453764	0.267123	-0.063057	-0.477502	0.478417	-0.030248	-0.736338	-0.810854	-0.4371	-0.000674652	-0.389176	-0.914944	-0.226288	-0.331606	-0.0413374	-0.750169	0.22674	0.618185	-0.0606809	-0.70108	-0.318888	0.531214	-0.353001	-0.424288	-0.627842	0.471559	-0.451028	-0.551595	-0.297394	0.773021	-0.098682
-0.672173	-0.283498	0.631833	-0.261915	-0.690376	-0.198617	0.640033	-0.272563	-0.846436	0.456623	0.265707	-0.0666366	-0.473964	0.477889	-0.0330035	-0.738844	-0.810297	-0.43795	-0.00502968	-0.38935	-0.914944	-0.226288	-0.331606	-0.0413374	-0.74941	0.218065	0.62262	-0.0563609	-0.70108	-0.318888	0.531214	-0.353001	-0.423231	-0.623574	0.477627	-0.451557	-0.541455	-0.300843	0.778504	-0.101253
-0.667954	-0.285574	0.637586	-0.256455	-0.691641	-0.19917	0.637207	-0.275557	-0.844985	0.458248	0.266932	-0.0689661	-0.470452	0.478882	-0.0332667	-0.740432	-0.808438	-0.440126	-0.00696081	-0.390729	-0.91454	-0.225372	-0.333258	-0.0419932	-0.750399	0.230642	0.617353	-0.0507974	-0.699671	-0.311545	0.539917	-0.349126	-0.427224	-0.617365	0.48697	-0.446319	-0.529723	-0.307058	0.783489	-0.106088
-0.665924	-0.283792	0.644167	-0.247097	-0.689898	-0.196904	0.63997	-0.27515	-0.842795	0.457545	0.273735	-0.0736107	-0.467673	0.480554	-0.0321997	-0.741157	-0.807486	-0.440536	-0.00551637	-0.392255	-0.914091	-0.226142	-0.333986	-0.0418552	-0.747862	0.246558	0.61534	-0.0356027	-0.684385	-0.306887	0.56328	-0.346631	-0.42554	-0.615324	0.484976	-0.452869	-0.515495	-0.319089	0.786362	-0.118671
-0.662149	-0.286562	0.646657	-0.247539	-0.687824	-0.197878	0.641705	-0.275603	-0.841891	0.456333	0.278225	-0.074632	-0.464486	0.486005	-0.0264035	-0.739835	-0.807394	-0.439087	0.000220465	-0.394104	-0.914159	-0.227538	-0.332668	-0.0432646	-0.745089	0.248155	0.618448	-0.0280043	-0.683166	-0.295409	0.576197	-0.337661	-0.41494	-0.615032	0.474017	-0.474204	-0.494147	-0.335968	0.78938	-0.140799
-0.659644	-0.288892	0.646839	-0.251017	-0.687048	-0.198809	0.641685	-0.276912	-0.841372	0.454685	0.282197	-0.0756201	-0.463266	0.488346	-0.0230391	-0.739169	-0.807225	-0.439294	0.00317257	-0.394206	-0.914424	-0.230127	-0.329994	-0.0444371	-0.743285	0.243824	0.622501	-0.0238616	-0.67749	-0.299928	0.579138	-0.340073	-0.411515	-0.612988	0.473717	-0.480097	-0.487963	-0.341938	0.788984	-0.14992
-0.655793	-0.290088	0.649956	-0.251676	-0.687418	-0.198749	0.640679	-0.278364	-0.841237	0.453492	0.284143	-0.0770005	-0.461812	0.48892	-0.0211618	-0.739756	-0.807594	-0.439139	0.0046144	-0.393608	-0.91524	-0.23071	-0.327067	-0.0462154	-0.74078	0.238613	0.62761	-0.0203739	-0.674496	-0.301446	0.582097	-0.339631	-0.408298	-0.611484	0.473085	-0.485355	-0.483172	-0.346265	0.788436	-0.158158
-0.650255	-0.291643	0.654762	-0.251792	-0.688276	-0.198044	0.63944	-0.279593	-0.841303	0.453164	0.283912	-0.0790292	-0.460165	0.487851	-0.0212699	-0.741483	-0.809472	-0.43609	0.00559562	-0.393128	-0.916544	-0.229593	-0.324069	-0.0470426	-0.737522	0.234186	0.633212	-0.0161592	-0.672632	-0.301336	0.584783	-0.338809	-0.404552	-0.610707	0.471206	-0.491262	-0.479336	-0.349221	0.788065	-0.165034
-0.643752	-0.294002	0.659131	-0.254349	-0.686314	-0.198015	0.640888	-0.281117	-0.84141	0.453834	0.280692	-0.0853054	-0.456993	0.484347	-0.0250403	-0.745613	-0.814226	-0.427509	0.00719898	-0.392709	-0.918928	-0.224104	-0.321143	-0.0470804	-0.734058	0.230322	0.638795	-0.00718366	-0.669381	-0.299718	0.590113	-0.337438	-0.398853	-0.607931	0.470749	-0.499731	-0.474531	-0.350788	0.788345	-0.174009
-0.641855	-0.29349	0.661413	-0.253808	-0.684555	-0.198071	0.642613	-0.281427	-0.841302	0.454461	0.279176	-0.0879651	-0.455669	0.48309	-0.0272551	-0.747159	-0.815929	-0.424464	0.00742039	-0.392473	-0.919426	-0.222051	-0.321265	-0.0462434	-0.733269	0.229745	0.63993	-0.00490682	-0.666933	-0.30012	0.592646	-0.33749	-0.398082	-0.605799	0.473091	-0.500723	-0.473714	-0.348558	0.789791	-0.174162
-0.638562	-0.292904	0.665277	-0.25269	-0.682006	-0.197388	0.64571	-0.281005	-0.840355	0.455619	0.279267	-0.0906892	-0.454571	0.482753	-0.028749	-0.747989	-0.816576	-0.423235	0.00692027	-0.392463	-0.919678	-0.219506	-0.322606	-0.0440004	-0.731093	0.227037	0.643379	-0.00467216	-0.661748	-0.301991	0.59713	-0.338122	-0.39809	-0.60373	0.475331	-0.501094	-0.473024	-0.346142	0.791491	-0.173136
-0.638562	-0.292904	0.665277	-0.25269	-0.682006	-0.197388	0.64571	-0.281005	-0.840355	0.455619	0.279267	-0.0906892	-0.453622	0.483396	-0.0294332	-0.748124	-0.816911	-0.422444	0.00700581	-0.392619	-0.919678	-0.219506	-0.322606	-0.0440004	-0.731093	0.227037	0.643379	-0.00467216	-0.661748	-0.301991	0.59713	-0.338122	-0.397407	-0.602362	0.476532	-0.50214	-0.472109	-0.344979	0.79252	-0.173248
-0.637637	-0.292684	0.666294	-0.252603	-0.680801	-0.196919	0.647504	-0.280126	-0.839643	0.456041	0.280647	-0.0909009	-0.452788	0.484716	-0.0296274	-0.747767	-0.817078	-0.421942	0.00772977	-0.392796	-0.919673	-0.219339	-0.32288	-0.0428929	-0.730418	0.225848	0.644561	-0.0048818	-0.659418	-0.302855	0.599114	-0.338391	-0.396166	-0.601378	0.477555	-0.503326	-0.471209	-0.344986	0.792696	-0.174871
-0.63659	-0.292346	0.667517	-0.252405	-0.679786	-0.196399	0.649189	-0.279056	-0.838908	0.456608	0.282134	-0.0902341	-0.452122	0.48774	-0.0290517	-0.746224	-0.817129	-0.421812	0.00908529	-0.3928	-0.91963	-0.220089	-0.322616	-0.0419486	-0.729905	0.225691	0.6452	-0.00434009	-0.65539	-0.303643	0.603407	-0.337884	-0.394692	-0.600171	0.479429	-0.504143	-0.47086	-0.343932	0.793324	-0.175036
-0.636587	-0.291877	0.667936	-0.251848	-0.678063	-0.195814	0.652212	-0.276598	-0.838156	0.457163	0.284414	-0.0872057	-0.452467	0.488903	-0.028557	-0.745274	-0.816889	-0.422264	0.0125397	-0.39272	-0.91985	-0.222853	-0.32023	-0.0407987	-0.728559	0.227068	0.646243	-0.00328811	-0.653582	-0.304273	0.605025	-0.337925	-0.394408	-0.599708	0.480039	-0.504336	-0.470646	-0.343615	0.793559	-0.175173
-0.63709	-0.291045	0.668089	-0.251129	-0.676493	-0.195778	0.654975	-0.273929	-0.838262	0.457286	0.284885	-0.0839519	-0.453155	0.489661	-0.0282178	-0.74437	-0.816759	-0.422438	0.0142411	-0.392744	-0.920573	-0.226175	-0.315822	-0.0405736	-0.727594	0.228317	0.646888	-0.00379708	-0.649903	-0.306789	0.606779	-0.339597	-0.394279	-0.598891	0.481018	-0.504476	-0.470643	-0.342945	0.793771	-0.175533
-0.638715	-0.289341	0.667653	-0.250131	-0.67613	-0.195275	0.655972	-0.272795	-0.838574	0.457427	0.28415	-0.0825431	-0.455591	0.489744	-0.0286398	-0.74281	-0.816365	-0.422845	0.017942	-0.392975	-0.920934	-0.227824	-0.313567	-0.0406429	-0.727404	0.229062	0.646835	-0.00432733	-0.648375	-0.307932	0.607462	-0.340261	-0.394063	-0.597378	0.483485	-0.50408	-0.471469	-0.340302	0.794777	-0.173901
-0.639353	-0.288165	0.667815	-0.249422	-0.675756	-0.193713	0.657847	-0.270309	-0.839025	0.458098	0.282622	-0.0794198	-0.456851	0.48952	-0.029262	-0.74216	-0.816174	-0.423175	0.0195658	-0.392939	-0.921323	-0.231139	-0.30996	-0.0407882	-0.726878	0.231234	0.646658	-0.00346899	-0.647295	-0.307343	0.609516	-0.339174	-0.394171	-0.597126	0.484416	-0.503399	-0.471904	-0.339076	0.795374	-0.172377
-0.640977	-0.285391	0.667975	-0.248012	-0.675654	-0.192682	0.658822	-0.268921	-0.839153	0.458517	0.281968	-0.0779654	-0.458933	0.489504	-0.0304717	-0.740836	-0.816157	-0.423891	0.0223413	-0.392052	-0.921402	-0.232387	-0.308812	-0.040625	-0.726313	0.23204	0.647009	-0.00248541	-0.64763	-0.305925	0.610694	-0.337693	-0.395213	-0.596666	0.48684	-0.500782	-0.473009	-0.337077	0.796354	-0.168704
-0.641595	-0.284333	0.667946	-0.247707	-0.675777	-0.191735	0.659456	-0.267735	-0.839247	0.459082	0.281175	-0.0764753	-0.46006	0.48945	-0.0313742	-0.740135	-0.816289	-0.424068	0.0235597	-0.391515	-0.921384	-0.233494	-0.308097	-0.0401002	-0.72579	0.232062	0.64759	-0.00161305	-0.648074	-0.304659	0.611658	-0.336241	-0.395388	-0.596574	0.487589	-0.500025	-0.473602	-0.336079	0.796802	-0.16691
-0.642145	-0.283485	0.667631	-0.248103	-0.676069	-0.190539	0.659915	-0.266718	-0.839365	0.459664	0.280311	-0.0748403	-0.46135	0.489388	-0.0322707	-0.739334	-0.81635	-0.424416	0.0243911	-0.39096	-0.921342	-0.234338	-0.307681	-0.0393264	-0.72537	0.231859	0.648135	-0.000735158	-0.648775	-0.303234	0.612515	-0.334614	-0.395565	-0.596595	0.488099	-0.499362	-0.47396	-0.335445	0.797136	-0.165568
-0.642847	-0.282814	0.666962	-0.24885	-0.676475	-0.189411	0.660113	-0.265999	-0.839473	0.460144	0.27963	-0.0732023	-0.462625	0.489463	-0.033018	-0.738454	-0.816484	-0.424604	0.0249852	-0.390437	-0.921304	-0.234906	-0.307487	-0.0383472	-0.724956	0.231227	0.648824	-9.88E-05	-0.649976	-0.301226	0.613381	-0.332503	-0.395657	-0.59676	0.488125	-0.499066	-0.474209	-0.334867	0.797497	-0.164284
-0.643367	-0.282227	0.666485	-0.249448	-0.676875	-0.188561	0.660099	-0.265623	-0.839481	0.460844	0.278894	-0.0715017	-0.463823	0.489663	-0.0338979	-0.73753	-0.81674	-0.424495	0.0256592	-0.389976	-0.92129	-0.23528	-0.307352	-0.0374498	-0.724423	0.230195	0.649786	0.000441464	-0.651556	-0.298906	0.614056	-0.33025	-0.395619	-0.597035	0.487962	-0.498926	-0.474311	-0.334452	0.797835	-0.163187
-0.643919	-0.281421	0.666206	-0.249679	-0.677294	-0.187826	0.659892	-0.26559	-0.839325	0.461825	0.278154	-0.0698668	-0.464817	0.489984	-0.0349893	-0.736639	-0.816939	-0.424445	0.0261815	-0.389578	-0.921336	-0.235484	-0.307136	-0.0367975	-0.723797	0.229614	0.650686	0.00162104	-0.653236	-0.296705	0.614401	-0.328269	-0.395604	-0.597199	0.48812	-0.498587	-0.474311	-0.33436	0.798008	-0.162527
-0.644328	-0.280502	0.666157	-0.249789	-0.678127	-0.186492	0.659375	-0.265687	-0.838968	0.463076	0.277476	-0.0685599	-0.4656	0.49044	-0.036397	-0.735772	-0.81704	-0.424399	0.0262033	-0.389415	-0.921459	-0.23562	-0.306734	-0.0362158	-0.723212	0.229587	0.65134	0.00332501	-0.654732	-0.295119	0.614204	-0.327084	-0.395666	-0.597186	0.488487	-0.498194	-0.474247	-0.334375	0.798107	-0.1622
-0.644534	-0.27913	0.666467	-0.249969	-0.679347	-0.183985	0.658635	-0.266152	-0.837836	0.466329	0.275874	-0.0667913	-0.466398	0.491342	-0.0403011	-0.734461	-0.81781	-0.422779	0.0259378	-0.389579	-0.922182	-0.234361	-0.30563	-0.0353036	-0.722294	0.22929	0.652445	0.00574073	-0.656131	-0.29452	0.613094	-0.326904	-0.396083	-0.596868	0.489447	-0.497302	-0.473983	-0.333833	0.798738	-0.160975
-0.644897	-0.278254	0.666135	-0.250891	-0.680014	-0.182307	0.65823	-0.266605	-0.836665	0.469353	0.274471	-0.0660746	-0.466327	0.491756	-0.0422147	-0.734121	-0.818427	-0.421595	0.0255318	-0.389593	-0.922959	-0.232316	-0.304905	-0.0347731	-0.72231	0.228478	0.652712	0.00578305	-0.655659	-0.295427	0.612538	-0.328072	-0.396244	-0.596812	0.48974	-0.496952	-0.473698	-0.333648	0.799049	-0.160655
-0.644939	-0.277744	0.666205	-0.251161	-0.680143	-0.181715	0.658101	-0.266999	-0.836241	0.470426	0.273977	-0.0658638	-0.465966	0.492335	-0.0451589	-0.733787	-0.819221	-0.420237	0.0247688	-0.389441	-0.923168	-0.231653	-0.30481	-0.0344869	-0.722042	0.22905	0.652807	0.00594516	-0.655011	-0.295493	0.613301	-0.327882	-0.395775	-0.596695	0.489801	-0.497405	-0.473397	-0.333981	0.798956	-0.16131
-0.644324	-0.277943	0.665931	-0.253239	-0.680823	-0.180757	0.657348	-0.267769	-0.835704	0.471697	0.27344	-0.0658089	-0.465672	0.492668	-0.0465995	-0.733659	-0.819656	-0.419476	0.0240474	-0.38939	-0.92334	-0.230604	-0.305154	-0.0338453	-0.721897	0.22872	0.653084	0.005867	-0.653515	-0.295741	0.614983	-0.327493	-0.395493	-0.596752	0.488503	-0.498836	-0.472326	-0.334242	0.799371	-0.161852
-0.643916	-0.278421	0.66566	-0.254463	-0.681136	-0.180367	0.656991	-0.268114	-0.835566	0.472192	0.272883	-0.0663186	-0.465516	0.49242	-0.0474248	-0.733872	-0.819897	-0.419164	0.0235388	-0.389251	-0.923426	-0.229942	-0.305407	-0.0337358	-0.721845	0.228008	0.653392	0.00562815	-0.652769	-0.296311	0.615417	-0.32765	-0.395034	-0.596834	0.487926	-0.499664	-0.472182	-0.334188	0.799374	-0.162367
-0.644121	-0.27805	0.665523	-0.254706	-0.681122	-0.180203	0.656893	-0.268497	-0.835392	0.472775	0.27229	-0.0667947	-0.46515	0.492144	-0.0481674	-0.734241	-0.81996	-0.419103	0.0231571	-0.389207	-0.923431	-0.229525	-0.305708	-0.0337016	-0.721645	0.227728	0.653711	0.00556891	-0.651851	-0.297061	0.615844	-0.327996	-0.394323	-0.596693	0.487502	-0.500808	-0.471891	-0.335021	0.79873	-0.164654
-0.644206	-0.277739	0.665462	-0.25499	-0.681135	-0.1799	0.656785	-0.268932	-0.835219	0.473072	0.27222	-0.0671444	-0.464701	0.492193	-0.0485067	-0.73447	-0.81987	-0.419057	0.0230116	-0.389454	-0.923554	-0.229167	-0.305613	-0.0336434	-0.721352	0.227646	0.654061	0.00570724	-0.651122	-0.296798	0.616969	-0.327566	-0.393718	-0.596686	0.487022	-0.501759	-0.47185	-0.335148	0.798524	-0.165506
-0.643535	-0.278281	0.665235	-0.25668	-0.680964	-0.179968	0.656624	-0.26971	-0.834897	0.473121	0.272942	-0.0678733	-0.463866	0.49278	-0.0483696	-0.734613	-0.819808	-0.41846	0.0229839	-0.390227	-0.923744	-0.228665	-0.305376	-0.0339875	-0.720843	0.226665	0.654959	0.00607329	-0.65115	-0.296342	0.617463	-0.326993	-0.39398	-0.596726	0.485563	-0.502918	-0.471148	-0.334913	0.799053	-0.165431
-0.64351	-0.278614	0.664819	-0.25746	-0.680744	-0.180316	0.656565	-0.27018	-0.834826	0.473232	0.272846	-0.0683552	-0.463443	0.492702	-0.0485354	-0.734922	-0.819828	-0.418188	0.0226399	-0.390497	-0.923965	-0.227931	-0.305143	-0.0349773	-0.720656	0.225996	0.655396	0.00617687	-0.650953	-0.295722	0.618208	-0.326538	-0.393972	-0.596683	0.485087	-0.503435	-0.470969	-0.334623	0.799287	-0.165397
-0.64364	-0.278592	0.664584	-0.257762	-0.680516	-0.180848	0.656269	-0.271116	-0.834718	0.473394	0.272578	-0.0696084	-0.462676	0.492327	-0.0489651	-0.735627	-0.819528	-0.418024	0.0219888	-0.391338	-0.923967	-0.227693	-0.305267	-0.0353858	-0.720156	0.225682	0.656051	0.00634221	-0.650652	-0.295658	0.618499	-0.326646	-0.393268	-0.596518	0.484468	-0.504775	-0.47042	-0.335153	0.798943	-0.167536
-0.643256	-0.278913	0.664692	-0.258098	-0.68052	-0.181028	0.656046	-0.271523	-0.834655	0.473343	0.272783	-0.0699029	-0.46228	0.492385	-0.048779	-0.73585	-0.81919	-0.418112	0.0217586	-0.391965	-0.923876	-0.22711	-0.30586	-0.0363734	-0.719869	0.225464	0.656441	0.00628216	-0.65006	-0.295837	0.618813	-0.327067	-0.393536	-0.596369	0.483949	-0.50524	-0.469968	-0.335261	0.79909	-0.167884
-0.64255	-0.280306	0.664441	-0.258992	-0.680018	-0.18223	0.655959	-0.272186	-0.834653	0.473165	0.272889	-0.0707142	-0.461646	0.492193	-0.0486882	-0.736382	-0.818946	-0.417717	0.0214875	-0.392911	-0.923879	-0.226724	-0.306054	-0.0370912	-0.719457	0.224347	0.657279	0.00581893	-0.649841	-0.295819	0.618911	-0.327333	-0.393973	-0.596756	0.482185	-0.506128	-0.468522	-0.335609	0.799749	-0.168093
-0.642729	-0.280628	0.66422	-0.258764	-0.679654	-0.182527	0.656264	-0.272162	-0.834635	0.473274	0.272675	-0.0710211	-0.461498	0.492105	-0.0488246	-0.736525	-0.81879	-0.417675	0.0212767	-0.393291	-0.923978	-0.226178	-0.305946	-0.0387839	-0.71938	0.224414	0.657341	0.00581544	-0.648941	-0.296211	0.619197	-0.328221	-0.393953	-0.596883	0.481604	-0.506546	-0.46768	-0.336229	0.799764	-0.169124
-0.643467	-0.280142	0.664702	-0.256206	-0.678328	-0.183429	0.657615	-0.271602	-0.834202	0.473501	0.273575	-0.0711408	-0.461299	0.493297	-0.0487503	-0.735856	-0.817631	-0.416901	0.0215048	-0.396499	-0.924316	-0.225946	-0.304885	-0.0404137	-0.719678	0.226108	0.656438	0.00535853	-0.648114	-0.295542	0.620383	-0.328219	-0.395191	-0.596547	0.481158	-0.506402	-0.465899	-0.3362	0.800855	-0.168932
-0.644149	-0.279634	0.664452	-0.255696	-0.677798	-0.183894	0.658113	-0.271405	-0.834069	0.473471	0.2741	-0.0708682	-0.461211	0.493772	-0.0486015	-0.735603	-0.816993	-0.416943	0.0217613	-0.397753	-0.924402	-0.226267	-0.304224	-0.0416263	-0.719877	0.226625	0.656039	0.00551431	-0.647928	-0.295108	0.620925	-0.327952	-0.395383	-0.59626	0.481707	-0.506068	-0.465851	-0.335817	0.80108	-0.168764
-0.644149	-0.279634	0.664452	-0.255696	-0.677798	-0.183894	0.658113	-0.271405	-0.834069	0.473471	0.2741	-0.0708682	-0.461211	0.493772	-0.0486015	-0.735603	-0.816993	-0.416943	0.0217613	-0.397753	-0.924402	-0.226267	-0.304224	-0.0416263	-0.719877	0.226625	0.656039	0.00551431	-0.647928	-0.295108	0.620925	-0.327952	-0.395383	-0.59626	0.481707	-0.506068	-0.465851	-0.335817	0.80108	-0.168764
