FULLBODY	1																																						
Frames:	148																																						
-0.402573	-0.608979	0.386937	-0.563346	-0.374006	-0.583329	0.39414	-0.603739	-0.699983	-0.201062	0.598228	-0.334247	-0.667079	-0.0998987	0.672825	-0.303862	-0.0525223	-0.645253	-0.0296082	-0.761586	-0.128508	-0.648035	-0.0486812	-0.74911	-0.682677	-0.195749	0.6687	-0.220168	-0.452307	-0.580615	0.485476	-0.471822	-0.162031	-0.730578	0.0190632	-0.663053	-0.334162	-0.650787	0.417169	-0.539243
-0.422277	-0.599747	0.400912	-0.548867	-0.393959	-0.575173	0.402339	-0.593376	-0.710368	-0.192577	0.598284	-0.316779	-0.675797	-0.0882442	0.672334	-0.288926	-0.0650796	-0.650954	-0.0106996	-0.756246	-0.141469	-0.652784	-0.0366079	-0.743316	-0.692322	-0.172795	0.670186	-0.204163	-0.469454	-0.566529	0.49642	-0.460679	-0.179307	-0.732654	0.0368926	-0.65552	-0.358419	-0.640174	0.437298	-0.520082
-0.422698	-0.599421	0.401131	-0.54874	-0.394109	-0.575138	0.402771	-0.593017	-0.710294	-0.192674	0.598444	-0.316581	-0.675797	-0.0882442	0.672334	-0.288926	-0.0652337	-0.650978	-0.010409	-0.756216	-0.141403	-0.652971	-0.0359987	-0.743194	-0.692506	-0.172379	0.67023	-0.203748	-0.469595	-0.566485	0.49659	-0.460406	-0.179798	-0.732773	0.0373185	-0.655228	-0.3592	-0.639763	0.438332	-0.519176
-0.423237	-0.598971	0.401842	-0.548295	-0.394963	-0.574535	0.403738	-0.592376	-0.710624	-0.192047	0.598979	-0.315207	-0.67585	-0.086927	0.673225	-0.287121	-0.065702	-0.651176	-0.0100814	-0.75601	-0.141527	-0.653294	-0.0352876	-0.742921	-0.692388	-0.172359	0.670456	-0.203421	-0.469144	-0.56696	0.496218	-0.460683	-0.182796	-0.733953	0.040764	-0.652868	-0.364784	-0.636575	0.443697	-0.514624
-0.423865	-0.598689	0.402597	-0.547563	-0.395947	-0.57355	0.404837	-0.591924	-0.711602	-0.191123	0.598697	-0.314098	-0.674284	-0.0836471	0.675134	-0.287297	-0.0672395	-0.651108	-0.0100364	-0.755934	-0.143057	-0.653365	-0.033686	-0.74264	-0.692284	-0.172369	0.670607	-0.203269	-0.468928	-0.567166	0.496043	-0.460837	-0.1854	-0.734897	0.0441611	-0.650848	-0.368493	-0.634409	0.446869	-0.511905
-0.424292	-0.598448	0.403024	-0.547182	-0.39641	-0.573165	0.405544	-0.591502	-0.712457	-0.190092	0.598489	-0.313177	-0.673208	-0.0800607	0.676279	-0.288145	-0.069098	-0.650722	-0.00947303	-0.756106	-0.144971	-0.653031	-0.0321998	-0.742629	-0.692316	-0.172096	0.670737	-0.202961	-0.468509	-0.56754	0.495631	-0.461246	-0.186194	-0.735281	0.0453623	-0.650104	-0.370289	-0.633373	0.448362	-0.510584
-0.425155	-0.597983	0.403803	-0.546445	-0.398023	-0.571754	0.407284	-0.590588	-0.714928	-0.186712	0.597797	-0.310893	-0.669452	-0.0682809	0.679136	-0.293165	-0.0755747	-0.64903	-0.00659997	-0.756971	-0.150342	-0.651642	-0.028566	-0.74293	-0.692182	-0.171834	0.670955	-0.202921	-0.467424	-0.568389	0.494718	-0.46228	-0.187508	-0.735544	0.0469455	-0.649316	-0.372115	-0.632395	0.449936	-0.509082
-0.425155	-0.597983	0.403803	-0.546445	-0.398023	-0.571754	0.407284	-0.590588	-0.714928	-0.186712	0.597797	-0.310893	-0.669452	-0.0682809	0.679136	-0.293165	-0.0755747	-0.64903	-0.00659997	-0.756971	-0.150342	-0.651642	-0.028566	-0.74293	-0.692182	-0.171834	0.670955	-0.202921	-0.467424	-0.568389	0.494718	-0.46228	-0.187508	-0.735544	0.0469455	-0.649316	-0.372115	-0.632395	0.449936	-0.509082
-0.42572	-0.597647	0.404252	-0.54604	-0.398898	-0.571305	0.408319	-0.589717	-0.716158	-0.18491	0.597156	-0.310372	-0.667164	-0.0588842	0.680514	-0.297195	-0.0796636	-0.647591	-0.00545319	-0.757793	-0.153538	-0.650217	-0.0278719	-0.74355	-0.69212	-0.17178	0.67094	-0.203227	-0.466727	-0.56891	0.494198	-0.462899	-0.188139	-0.735554	0.0474938	-0.649083	-0.372769	-0.632041	0.450515	-0.50853
-0.426276	-0.59735	0.404469	-0.545771	-0.399814	-0.570868	0.409545	-0.588669	-0.717718	-0.181927	0.596522	-0.309751	-0.664221	-0.0475831	0.681688	-0.303064	-0.0847737	-0.645228	-0.00465466	-0.759258	-0.159175	-0.647635	-0.0258339	-0.744691	-0.692015	-0.171646	0.670995	-0.203518	-0.466408	-0.569065	0.493992	-0.46325	-0.188602	-0.735646	0.0478019	-0.648821	-0.373383	-0.631684	0.451025	-0.508072
-0.426775	-0.597125	0.404627	-0.545511	-0.400832	-0.570186	0.410437	-0.588016	-0.719837	-0.17767	0.59534	-0.309576	-0.660284	-0.0363644	0.682385	-0.311534	-0.0917741	-0.641787	-0.00326638	-0.761365	-0.166906	-0.643426	-0.0228959	-0.74674	-0.691985	-0.171334	0.671067	-0.203645	-0.466301	-0.569038	0.493862	-0.46353	-0.189089	-0.735638	0.0480242	-0.648673	-0.373644	-0.631474	0.4512	-0.507985
-0.427968	-0.596476	0.404732	-0.545208	-0.402941	-0.568886	0.411759	-0.586909	-0.723155	-0.170248	0.590926	-0.314435	-0.650676	-0.010775	0.68131	-0.335144	-0.109036	-0.633035	-0.0027356	-0.766401	-0.182064	-0.631197	-0.0245695	-0.753551	-0.69228	-0.170078	0.671223	-0.203178	-0.46649	-0.568495	0.493698	-0.46418	-0.189369	-0.735388	0.0481042	-0.648868	-0.37394	-0.631092	0.451062	-0.508365
-0.428833	-0.59625	0.404692	-0.544805	-0.404812	-0.567274	0.41225	-0.586837	-0.727742	-0.158006	0.586267	-0.318932	-0.636727	0.024126	0.677982	-0.36652	-0.126207	-0.620639	-0.0107365	-0.773798	-0.200576	-0.61303	-0.0347266	-0.763385	-0.692322	-0.169313	0.671236	-0.203631	-0.466218	-0.568561	0.493334	-0.464759	-0.189478	-0.734532	0.0474624	-0.649852	-0.374088	-0.630723	0.450771	-0.508971
-0.429703	-0.595794	0.404368	-0.54486	-0.40659	-0.565638	0.41362	-0.586222	-0.733157	-0.140157	0.580524	-0.325312	-0.617546	0.0653906	0.670286	-0.406298	-0.145811	-0.605087	-0.0219563	-0.782385	-0.225049	-0.588805	-0.0558528	-0.774301	-0.692022	-0.169233	0.671184	-0.204886	-0.465999	-0.568417	0.492678	-0.465849	-0.189878	-0.733842	0.0462208	-0.650604	-0.374142	-0.630415	0.450384	-0.509656
-0.431464	-0.594515	0.404428	-0.54482	-0.407493	-0.56466	0.413875	-0.586359	-0.737374	-0.119837	0.573892	-0.335509	-0.591548	0.113253	0.656397	-0.454299	-0.159159	-0.589046	-0.0483354	-0.790795	-0.254385	-0.558861	-0.0839775	-0.7848	-0.69205	-0.167886	0.671397	-0.2052	-0.466667	-0.567578	0.492603	-0.466281	-0.190456	-0.733489	0.0454298	-0.650889	-0.374504	-0.630013	0.450109	-0.510129
-0.432782	-0.593335	0.404615	-0.544922	-0.409438	-0.562272	0.414458	-0.586886	-0.740933	-0.0949999	0.565304	-0.349893	-0.557611	0.163682	0.635317	-0.508576	-0.175789	-0.570941	-0.0771853	-0.798228	-0.289294	-0.524533	-0.116908	-0.792153	-0.692687	-0.165472	0.671368	-0.205107	-0.467384	-0.566753	0.492679	-0.466488	-0.192303	-0.733242	0.0457967	-0.650599	-0.375519	-0.629383	0.450304	-0.509989
-0.434938	-0.591414	0.405415	-0.544699	-0.411903	-0.559426	0.415265	-0.587311	-0.740168	-0.0677796	0.558181	-0.36877	-0.537844	0.18868	0.621758	-0.53716	-0.187168	-0.56106	-0.08799	-0.801522	-0.331715	-0.484205	-0.146597	-0.796254	-0.693331	-0.162636	0.671535	-0.204654	-0.468326	-0.565856	0.49289	-0.466409	-0.193065	-0.733295	0.0461775	-0.650286	-0.376532	-0.628805	0.450342	-0.509921
-0.435765	-0.590606	0.405704	-0.5447	-0.412901	-0.558214	0.415412	-0.587659	-0.740722	-0.0503061	0.55357	-0.377306	-0.492966	0.237662	0.588343	-0.595276	-0.210739	-0.54162	-0.109137	-0.806428	-0.354115	-0.463302	-0.162505	-0.795956	-0.693724	-0.161243	0.671573	-0.204299	-0.468945	-0.565323	0.493049	-0.466265	-0.194698	-0.733213	0.0468555	-0.649844	-0.377083	-0.628519	0.450433	-0.509786
-0.435765	-0.590606	0.405704	-0.5447	-0.412901	-0.558214	0.415412	-0.587659	-0.740722	-0.0503061	0.55357	-0.377306	-0.492966	0.237662	0.588343	-0.595276	-0.210739	-0.54162	-0.109137	-0.806428	-0.354115	-0.463302	-0.162505	-0.795956	-0.693724	-0.161243	0.671573	-0.204299	-0.468945	-0.565323	0.493049	-0.466265	-0.194698	-0.733213	0.0468555	-0.649844	-0.377083	-0.628519	0.450433	-0.509786
-0.437119	-0.589244	0.406124	-0.544777	-0.414998	-0.555398	0.415747	-0.588612	-0.739591	-0.0145795	0.542748	-0.397765	-0.468101	0.261248	0.568512	-0.624039	-0.222439	-0.531748	-0.120171	-0.808285	-0.402185	-0.417798	-0.194306	-0.791162	-0.694394	-0.159108	0.671545	-0.203788	-0.470047	-0.564456	0.492952	-0.466309	-0.195413	-0.733188	0.0470734	-0.649641	-0.377943	-0.628158	0.45049	-0.509545
-0.437119	-0.589244	0.406124	-0.544777	-0.414998	-0.555398	0.415747	-0.588612	-0.739591	-0.0145795	0.542748	-0.397765	-0.442137	0.283461	0.546835	-0.652025	-0.233371	-0.522074	-0.131515	-0.809741	-0.402185	-0.417798	-0.194306	-0.791162	-0.694394	-0.159108	0.671545	-0.203788	-0.470047	-0.564456	0.492952	-0.466309	-0.196148	-0.733102	0.0472605	-0.649503	-0.377943	-0.628158	0.45049	-0.509545
-0.438054	-0.588444	0.406493	-0.544614	-0.415943	-0.554106	0.415878	-0.58907	-0.737448	0.00137975	0.536998	-0.409637	-0.4151	0.304382	0.524067	-0.678526	-0.244007	-0.512686	-0.143031	-0.810652	-0.426348	-0.394071	-0.21116	-0.786351	-0.694589	-0.158346	0.671574	-0.20362	-0.470723	-0.563946	0.492994	-0.466199	-0.196695	-0.733181	0.0474971	-0.649231	-0.378268	-0.628022	0.450441	-0.509514
-0.43944	-0.587125	0.406946	-0.544585	-0.418152	-0.551228	0.415953	-0.590153	-0.732575	0.0345724	0.524424	-0.432572	-0.387446	0.323539	0.500188	-0.703577	-0.256016	-0.502752	-0.152759	-0.811395	-0.474452	-0.344595	-0.243357	-0.772611	-0.695103	-0.156673	0.671553	-0.203228	-0.471818	-0.56311	0.493102	-0.465988	-0.197235	-0.733268	0.0477816	-0.648948	-0.379183	-0.627616	0.450561	-0.509228
-0.43944	-0.587125	0.406946	-0.544585	-0.418152	-0.551228	0.415953	-0.590153	-0.732575	0.0345724	0.524424	-0.432572	-0.359865	0.340712	0.475849	-0.726622	-0.269552	-0.492247	-0.160357	-0.811986	-0.497672	-0.319333	-0.258882	-0.76376	-0.695103	-0.156673	0.671553	-0.203228	-0.472183	-0.562855	0.493029	-0.466004	-0.197793	-0.733274	0.0480359	-0.648752	-0.379183	-0.627616	0.450561	-0.509228
-0.439993	-0.586571	0.40717	-0.544566	-0.419441	-0.549705	0.415836	-0.59074	-0.729278	0.0509487	0.518442	-0.443595	-0.33237	0.356032	0.45141	-0.747663	-0.283385	-0.482201	-0.167268	-0.811909	-0.497672	-0.319333	-0.258882	-0.76376	-0.695395	-0.155814	0.67153	-0.202965	-0.472183	-0.562855	0.493029	-0.466004	-0.198246	-0.733381	0.0483393	-0.648471	-0.379551	-0.627462	0.450516	-0.509183
-0.440556	-0.586074	0.40727	-0.544572	-0.420684	-0.548341	0.415833	-0.591126	-0.72589	0.0686024	0.513049	-0.452945	-0.304862	0.370085	0.426772	-0.766787	-0.296537	-0.472583	-0.174834	-0.811273	-0.52001	-0.293671	-0.273625	-0.753973	-0.695627	-0.155107	0.671534	-0.2027	-0.472602	-0.562571	0.493002	-0.46595	-0.198684	-0.733465	0.0486432	-0.648219	-0.379978	-0.627283	0.450552	-0.509053
-0.44167	-0.585146	0.407599	-0.544421	-0.423218	-0.545383	0.416068	-0.591889	-0.721999	0.0862005	0.507745	-0.462041	-0.252043	0.393241	0.376303	-0.800145	-0.320437	-0.452778	-0.190498	-0.809952	-0.541143	-0.268652	-0.287069	-0.743358	-0.695793	-0.154471	0.671567	-0.202504	-0.472956	-0.562334	0.492981	-0.465901	-0.199554	-0.733545	0.0489329	-0.647839	-0.380659	-0.627053	0.450727	-0.508674
-0.442723	-0.584275	0.408119	-0.544112	-0.426347	-0.541652	0.416824	-0.592536	-0.713118	0.117289	0.496463	-0.480863	-0.227169	0.402835	0.351963	-0.813781	-0.331043	-0.44329	-0.19809	-0.809114	-0.596823	-0.199068	-0.325272	-0.705955	-0.696094	-0.15361	0.671458	-0.202487	-0.47365	-0.561859	0.49301	-0.465738	-0.199807	-0.733564	0.0489891	-0.647736	-0.38111	-0.626862	0.450687	-0.508607
-0.443424	-0.583785	0.408637	-0.543678	-0.428194	-0.539682	0.417322	-0.592651	-0.703019	0.147045	0.487245	-0.496723	-0.178138	0.417133	0.307635	-0.836437	-0.350327	-0.425817	-0.211946	-0.806864	-0.613339	-0.17808	-0.337133	-0.691696	-0.696512	-0.152142	0.671508	-0.20199	-0.473814	-0.561779	0.492995	-0.465684	-0.200297	-0.733802	0.0497263	-0.647258	-0.381338	-0.626756	0.450729	-0.508529
-0.444289	-0.583321	0.409678	-0.542686	-0.431991	-0.535457	0.417957	-0.59328	-0.692775	0.17262	0.478682	-0.511008	-0.155472	0.422577	0.288493	-0.845002	-0.358333	-0.418005	-0.218745	-0.805618	-0.644253	-0.13635	-0.357548	-0.662199	-0.696952	-0.150669	0.671579	-0.201343	-0.474359	-0.561385	0.493265	-0.465317	-0.200978	-0.733859	0.050318	-0.646937	-0.381753	-0.626561	0.450976	-0.508238
-0.444289	-0.583321	0.409678	-0.542686	-0.431991	-0.535457	0.417957	-0.59328	-0.692775	0.17262	0.478682	-0.511008	-0.134616	0.426513	0.271349	-0.852253	-0.365716	-0.410777	-0.225596	-0.804127	-0.644253	-0.13635	-0.357548	-0.662199	-0.696952	-0.150669	0.671579	-0.201343	-0.474359	-0.561385	0.493265	-0.465317	-0.201575	-0.733933	0.050953	-0.646617	-0.382053	-0.626432	0.451129	-0.508036
-0.444991	-0.583022	0.410677	-0.541675	-0.433492	-0.533883	0.417829	-0.593694	-0.687432	0.183134	0.4748	-0.518135	-0.11432	0.429331	0.256538	-0.858367	-0.373163	-0.403798	-0.23197	-0.802425	-0.658571	-0.116843	-0.365947	-0.647082	-0.697255	-0.14979	0.671558	-0.201021	-0.474476	-0.561319	0.493339	-0.465199	-0.201935	-0.734145	0.0516133	-0.646212	-0.38228	-0.626358	0.451162	-0.507928
-0.446012	-0.582646	0.412172	-0.540103	-0.436269	-0.530909	0.416789	-0.595056	-0.677333	0.200385	0.467275	-0.531713	-0.0771525	0.431089	0.233578	-0.868131	-0.389053	-0.392654	-0.242717	-0.797213	-0.683814	-0.0818031	-0.380138	-0.617416	-0.697532	-0.148917	0.671581	-0.200629	-0.475151	-0.560857	0.493619	-0.464771	-0.202817	-0.734413	0.052665	-0.645546	-0.382818	-0.62622	0.45145	-0.507436
-0.446113	-0.582773	0.412484	-0.539644	-0.43723	-0.529859	0.415992	-0.595844	-0.672556	0.208612	0.46355	-0.53784	-0.0606296	0.430416	0.223746	-0.872355	-0.396285	-0.386561	-0.246909	-0.795339	-0.695323	-0.064144	-0.384709	-0.603664	-0.697968	-0.147928	0.671576	-0.199858	-0.475373	-0.560783	0.49359	-0.464664	-0.203147	-0.734447	0.0527992	-0.645392	-0.383133	-0.626163	0.451606	-0.507131
-0.446261	-0.582832	0.412704	-0.539289	-0.438959	-0.527929	0.414874	-0.597064	-0.664136	0.223791	0.456874	-0.54782	-0.0299592	0.42656	0.209709	-0.879301	-0.410209	-0.376864	-0.25377	-0.790761	-0.715015	-0.0363338	-0.393547	-0.576675	-0.698021	-0.148063	0.671336	-0.200382	-0.475277	-0.561028	0.493506	-0.464554	-0.203243	-0.734851	0.0528054	-0.644902	-0.383378	-0.626233	0.451424	-0.507021
-0.445904	-0.583393	0.413074	-0.538695	-0.440196	-0.526422	0.414088	-0.598029	-0.657599	0.237728	0.451927	-0.553905	-0.00179613	0.421362	0.19904	-0.884779	-0.421495	-0.37009	-0.256659	-0.787084	-0.729243	-0.0112983	-0.40012	-0.55496	-0.698052	-0.147995	0.671151	-0.200943	-0.47482	-0.561648	0.493469	-0.464312	-0.203295	-0.735084	0.0524091	-0.644652	-0.383803	-0.626282	0.45151	-0.506562
-0.444888	-0.584571	0.41375	-0.537739	-0.44082	-0.525842	0.412801	-0.598969	-0.653729	0.24906	0.449476	-0.555499	0.0221496	0.417226	0.191307	-0.888163	-0.4299	-0.367572	-0.255912	-0.783955	-0.735898	0.0083273	-0.403855	-0.543403	-0.698231	-0.147763	0.670782	-0.201722	-0.473899	-0.562665	0.493447	-0.464046	-0.203513	-0.735381	0.0520553	-0.644273	-0.384315	-0.62625	0.451605	-0.506128
-0.444736	-0.584734	0.413828	-0.537627	-0.44133	-0.524775	0.412131	-0.59999	-0.650931	0.255361	0.449762	-0.555692	0.0308297	0.416344	0.189501	-0.888705	-0.431739	-0.367834	-0.258945	-0.781823	-0.735475	0.00940867	-0.407894	-0.540935	-0.698331	-0.147657	0.670568	-0.202165	-0.473264	-0.563424	0.49348	-0.463736	-0.203388	-0.735617	0.0519652	-0.644049	-0.384397	-0.626349	0.451462	-0.506071
-0.444371	-0.584767	0.412987	-0.538539	-0.441653	-0.524114	0.412039	-0.600393	-0.650028	0.256686	0.450215	-0.555772	0.0389345	0.416686	0.188014	-0.888542	-0.435553	-0.371116	-0.265235	-0.776026	-0.73361	0.00619236	-0.408526	-0.543033	-0.698457	-0.147956	0.670237	-0.202604	-0.473264	-0.563424	0.49348	-0.463736	-0.203405	-0.735805	0.0512689	-0.643886	-0.384879	-0.626438	0.451855	-0.505244
-0.44436	-0.584594	0.412717	-0.538941	-0.442007	-0.52348	0.412097	-0.600645	-0.649029	0.257597	0.45039	-0.556376	0.039401	0.417442	0.187959	-0.888178	-0.43682	-0.372047	-0.266239	-0.774523	-0.730907	-0.00114706	-0.406002	-0.548576	-0.698451	-0.148292	0.670059	-0.202969	-0.472872	-0.564207	0.493325	-0.46335	-0.20375	-0.735794	0.0509508	-0.643815	-0.385137	-0.626459	0.452144	-0.504761
-0.445365	-0.583527	0.41297	-0.539075	-0.44267	-0.52326	0.411983	-0.600427	-0.649079	0.258031	0.448916	-0.557306	0.0391149	0.417597	0.187388	-0.888239	-0.438363	-0.371737	-0.264527	-0.774387	-0.730801	-0.00361071	-0.403062	-0.55087	-0.698871	-0.147339	0.669666	-0.203512	-0.472927	-0.564442	0.49326	-0.463076	-0.204048	-0.736498	0.0511308	-0.6429	-0.385881	-0.626574	0.452634	-0.50361
-0.445535	-0.58351	0.413373	-0.538644	-0.443004	-0.523284	0.411761	-0.600312	-0.649185	0.258563	0.447996	-0.557677	0.0396131	0.416304	0.185721	-0.889173	-0.438282	-0.371574	-0.263811	-0.774755	-0.731208	-0.00377948	-0.402568	-0.55069	-0.699203	-0.146658	0.669584	-0.203134	-0.473223	-0.564384	0.493237	-0.462869	-0.205408	-0.736565	0.0516212	-0.642351	-0.386567	-0.626425	0.453155	-0.502801
-0.445581	-0.583588	0.413836	-0.538166	-0.443326	-0.523311	0.411611	-0.600153	-0.649391	0.258978	0.44702	-0.558028	0.0398982	0.415645	0.184865	-0.889648	-0.438299	-0.3716	-0.263379	-0.77488	-0.731926	-0.00383388	-0.402469	-0.549807	-0.699496	-0.146189	0.669445	-0.202924	-0.47367	-0.564162	0.493323	-0.462591	-0.205782	-0.736735	0.0517469	-0.642026	-0.387091	-0.626326	0.453448	-0.502256
-0.445566	-0.58377	0.414256	-0.537658	-0.443977	-0.523391	0.411358	-0.599775	-0.649556	0.258716	0.445809	-0.558925	0.0400814	0.414992	0.184495	-0.890021	-0.438726	-0.371508	-0.262666	-0.774924	-0.733392	-0.00316525	-0.403263	-0.54727	-0.699785	-0.145771	0.669281	-0.202766	-0.474386	-0.563915	0.493312	-0.46217	-0.206038	-0.737039	0.0520643	-0.641569	-0.387432	-0.62633	0.453465	-0.501972
-0.445474	-0.584194	0.414834	-0.536826	-0.444389	-0.523208	0.411158	-0.599768	-0.649626	0.258589	0.44548	-0.559165	0.0397818	0.414066	0.184284	-0.890509	-0.439709	-0.371725	-0.263004	-0.774148	-0.734165	-0.00304343	-0.404087	-0.545625	-0.700381	-0.145092	0.668845	-0.202636	-0.474667	-0.563836	0.493291	-0.462	-0.206741	-0.737265	0.0522656	-0.641067	-0.388154	-0.626416	0.453712	-0.501084
-0.445154	-0.58456	0.414951	-0.536603	-0.444673	-0.523071	0.411033	-0.599763	-0.649736	0.258454	0.445362	-0.559193	0.039704	0.413928	0.184306	-0.890572	-0.440223	-0.37201	-0.263228	-0.773643	-0.73483	-0.00305429	-0.405178	-0.543917	-0.700685	-0.144775	0.668595	-0.202635	-0.474806	-0.563902	0.493222	-0.461851	-0.207579	-0.737347	0.052317	-0.640697	-0.388524	-0.626533	0.454001	-0.500389
-0.44347	-0.586057	0.414267	-0.536894	-0.444994	-0.52315	0.411318	-0.599259	-0.64978	0.25793	0.445461	-0.559305	0.0397958	0.413309	0.185574	-0.890592	-0.441827	-0.372546	-0.262842	-0.772601	-0.73598	-0.00258512	-0.406725	-0.541205	-0.701901	-0.143349	0.66764	-0.202592	-0.475559	-0.563575	0.494175	-0.460455	-0.208639	-0.737674	0.0509358	-0.640088	-0.388372	-0.627674	0.454266	-0.498834
-0.442613	-0.586874	0.413821	-0.537052	-0.444956	-0.523496	0.411396	-0.598931	-0.649806	0.256424	0.446052	-0.559497	0.0400144	0.412932	0.186542	-0.890555	-0.442536	-0.373066	-0.262937	-0.771912	-0.736495	-0.0026419	-0.407227	-0.540124	-0.702492	-0.142355	0.667163	-0.202814	-0.474898	-0.564394	0.494137	-0.460174	-0.20907	-0.737421	0.0489761	-0.640392	-0.388457	-0.628524	0.455101	-0.496932
-0.442613	-0.586874	0.413821	-0.537052	-0.444593	-0.524281	0.411286	-0.598591	-0.649806	0.256424	0.446052	-0.559497	0.0400144	0.412932	0.186542	-0.890555	-0.442536	-0.373066	-0.262937	-0.771912	-0.736882	-0.00270598	-0.407782	-0.539177	-0.702492	-0.142355	0.667163	-0.202814	-0.473956	-0.56541	0.494522	-0.459484	-0.20907	-0.737421	0.0489761	-0.640392	-0.388457	-0.628524	0.455101	-0.496932
-0.441436	-0.587926	0.413013	-0.537492	-0.444161	-0.52526	0.411102	-0.598179	-0.650145	0.254027	0.446899	-0.55952	0.0404517	0.411797	0.189102	-0.890521	-0.443896	-0.374323	-0.262525	-0.770662	-0.737133	-0.00268433	-0.408468	-0.538314	-0.703617	-0.140232	0.665633	-0.205401	-0.471733	-0.567467	0.494945	-0.458779	-0.210876	-0.73742	0.0438037	-0.640176	-0.392711	-0.628139	0.461229	-0.488352
-0.440979	-0.58825	0.412363	-0.538011	-0.442748	-0.528229	0.411216	-0.596531	-0.650642	0.252534	0.447457	-0.559173	0.0405741	0.411056	0.191022	-0.890448	-0.444432	-0.375299	-0.262897	-0.769751	-0.7375	-0.00387879	-0.409859	-0.536744	-0.70444	-0.138463	0.664252	-0.208235	-0.464556	-0.57349	0.496276	-0.457172	-0.212459	-0.738173	0.0427404	-0.638855	-0.394487	-0.628087	0.463663	-0.484668
-0.439504	-0.589849	0.41094	-0.538556	-0.441522	-0.530686	0.411139	-0.595311	-0.651858	0.248264	0.448519	-0.558818	0.0406521	0.408592	0.195876	-0.890524	-0.445001	-0.377634	-0.263607	-0.768035	-0.737512	-0.00482765	-0.41061	-0.536145	-0.705454	-0.135839	0.662707	-0.211427	-0.464556	-0.57349	0.496276	-0.457172	-0.21476	-0.739339	0.0412241	-0.636833	-0.398487	-0.62765	0.46803	-0.477716
-0.439504	-0.589849	0.41094	-0.538556	-0.441522	-0.530686	0.411139	-0.595311	-0.651858	0.248264	0.448519	-0.558818	0.0406521	0.408592	0.195876	-0.890524	-0.445001	-0.377634	-0.263607	-0.768035	-0.737512	-0.00482765	-0.41061	-0.536145	-0.705454	-0.135839	0.662707	-0.211427	-0.464556	-0.57349	0.496276	-0.457172	-0.21476	-0.739339	0.0412241	-0.636833	-0.398487	-0.62765	0.46803	-0.477716
-0.438969	-0.590332	0.410686	-0.538658	-0.439548	-0.534609	0.410573	-0.59365	-0.652565	0.246358	0.448669	-0.558715	0.0403333	0.407144	0.198262	-0.890674	-0.445209	-0.379103	-0.263701	-0.767158	-0.737309	-0.00748576	-0.412292	-0.535102	-0.707903	-0.127945	0.659867	-0.216976	-0.455127	-0.580017	0.505241	-0.448522	-0.214873	-0.739451	0.0394532	-0.636777	-0.401146	-0.627048	0.470133	-0.474203
-0.437898	-0.592833	0.411088	-0.536471	-0.438825	-0.536369	0.410582	-0.592591	-0.654317	0.24362	0.448318	-0.558149	0.0394858	0.404446	0.201175	-0.891287	-0.445864	-0.382089	-0.263781	-0.765266	-0.737496	-0.00921051	-0.413	-0.534272	-0.71127	-0.117746	0.655732	-0.224154	-0.453348	-0.580328	0.51122	-0.443113	-0.210647	-0.740048	0.0343105	-0.637793	-0.406524	-0.625383	0.473051	-0.468889
-0.437898	-0.592833	0.411088	-0.536471	-0.438825	-0.536369	0.410582	-0.592591	-0.654317	0.24362	0.448318	-0.558149	0.0394858	0.404446	0.201175	-0.891287	-0.445864	-0.382089	-0.263781	-0.765266	-0.737496	-0.00921051	-0.413	-0.534272	-0.71127	-0.117746	0.655732	-0.224154	-0.453348	-0.580328	0.51122	-0.443113	-0.210647	-0.740048	0.0343105	-0.637793	-0.406524	-0.625383	0.473051	-0.468889
-0.437516	-0.594602	0.411379	-0.534598	-0.437897	-0.540387	0.41083	-0.589446	-0.655502	0.242579	0.447903	-0.557545	0.0386992	0.403234	0.202432	-0.891586	-0.446513	-0.383352	-0.262889	-0.764563	-0.738242	-0.0124767	-0.414139	-0.532289	-0.713146	-0.112878	0.652652	-0.229624	-0.447307	-0.581344	0.52281	-0.43431	-0.207907	-0.739649	0.0316835	-0.639289	-0.408742	-0.624692	0.473787	-0.467135
-0.438484	-0.601872	0.413322	-0.524068	-0.437172	-0.544815	0.411179	-0.585652	-0.660354	0.23954	0.447773	-0.55322	0.0337313	0.400969	0.206503	-0.891876	-0.448893	-0.387673	-0.259488	-0.762148	-0.738814	-0.016714	-0.415455	-0.530351	-0.721225	-0.0962071	0.638821	-0.249971	-0.450147	-0.570538	0.54576	-0.417133	-0.198917	-0.735137	0.019277	-0.647792	-0.413636	-0.622313	0.47509	-0.464673
-0.445327	-0.603354	0.418145	-0.512643	-0.437643	-0.546946	0.413317	-0.581796	-0.663068	0.236918	0.448435	-0.55056	0.0297644	0.400496	0.209674	-0.89149	-0.449368	-0.38905	-0.257931	-0.761696	-0.738932	-0.01885	-0.415961	-0.529718	-0.736373	-0.0725995	0.618536	-0.26438	-0.445698	-0.572761	0.551018	-0.411919	-0.201375	-0.733239	0.0213594	-0.649116	-0.416563	-0.619419	0.47663	-0.464348
-0.449046	-0.603587	0.420182	-0.507432	-0.438005	-0.547734	0.415253	-0.579399	-0.663985	0.235625	0.448712	-0.549784	0.0282889	0.400418	0.210758	-0.891317	-0.450421	-0.389442	-0.254244	-0.762113	-0.73956	-0.0217671	-0.415491	-0.529097	-0.743816	-0.0551185	0.611954	-0.263081	-0.424393	-0.597401	0.541361	-0.412226	-0.202753	-0.732083	0.0227513	-0.649945	-0.417416	-0.617997	0.477318	-0.464769
-0.449046	-0.603587	0.420182	-0.507432	-0.438005	-0.547734	0.415253	-0.579399	-0.663985	0.235625	0.448712	-0.549784	0.0282889	0.400418	0.210758	-0.891317	-0.450421	-0.389442	-0.254244	-0.762113	-0.73956	-0.0217671	-0.415491	-0.529097	-0.743816	-0.0551185	0.611954	-0.263081	-0.417099	-0.610631	0.530137	-0.414864	-0.202753	-0.732083	0.0227513	-0.649945	-0.417416	-0.617997	0.477318	-0.464769
-0.450328	-0.606933	0.420277	-0.5022	-0.438423	-0.549464	0.415679	-0.577136	-0.665535	0.233005	0.44944	-0.54843	0.0266321	0.39958	0.213553	-0.891079	-0.450851	-0.389068	-0.252956	-0.762478	-0.739387	-0.0228814	-0.414496	-0.530072	-0.753893	-0.0479887	0.598734	-0.266194	-0.427274	-0.612799	0.52389	-0.409212	-0.202397	-0.729852	0.0230042	-0.652551	-0.417404	-0.615068	0.478573	-0.467369
-0.450328	-0.606933	0.420277	-0.5022	-0.438418	-0.550115	0.414634	-0.577271	-0.665535	0.233005	0.44944	-0.54843	0.026298	0.39882	0.215297	-0.89101	-0.450108	-0.389219	-0.252977	-0.762833	-0.738773	-0.0231197	-0.414476	-0.530933	-0.753893	-0.0479887	0.598734	-0.266194	-0.448059	-0.60836	0.517634	-0.401493	-0.201911	-0.728898	0.0235988	-0.653745	-0.415251	-0.614493	0.478041	-0.470576
-0.450258	-0.61114	0.419097	-0.49813	-0.438438	-0.549893	0.413306	-0.578418	-0.666587	0.230538	0.449823	-0.547881	0.0257057	0.398088	0.216736	-0.891005	-0.448973	-0.389461	-0.253322	-0.763264	-0.737556	-0.0229658	-0.414955	-0.532256	-0.769941	-0.0767781	0.57254	-0.271098	-0.485433	-0.606429	0.484268	-0.402595	-0.201498	-0.726391	0.0268102	-0.656534	-0.41125	-0.611934	0.47898	-0.476433
-0.452237	-0.6104	0.419876	-0.496586	-0.438114	-0.549709	0.412995	-0.579061	-0.666236	0.23071	0.450093	-0.548014	0.0257961	0.3984	0.216752	-0.890859	-0.446554	-0.388767	-0.253904	-0.764841	-0.737143	-0.0224652	-0.41499	-0.532822	-0.775156	-0.087832	0.563679	-0.27145	-0.524422	-0.601516	0.446678	-0.404522	-0.20389	-0.725084	0.0313664	-0.657037	-0.409263	-0.610207	0.480077	-0.479246
-0.453247	-0.609499	0.420951	-0.49586	-0.437605	-0.549232	0.411886	-0.580686	-0.664886	0.231346	0.450689	-0.548895	0.0273358	0.399052	0.21619	-0.890658	-0.445523	-0.387745	-0.254219	-0.765856	-0.736378	-0.0205018	-0.414361	-0.534446	-0.78341	-0.11105	0.547854	-0.271649	-0.524422	-0.601516	0.446678	-0.404522	-0.20389	-0.725084	0.0313664	-0.657037	-0.404787	-0.606401	0.482889	-0.485019
-0.452335	-0.609278	0.423011	-0.495213	-0.436749	-0.548563	0.41181	-0.582015	-0.663638	0.231709	0.451221	-0.549813	0.0292974	0.399447	0.215582	-0.890566	-0.441846	-0.38506	-0.256334	-0.768631	-0.735241	-0.0185669	-0.414285	-0.536139	-0.791717	-0.122275	0.53487	-0.268603	-0.580231	-0.580809	0.404257	-0.403199	-0.213602	-0.714773	0.0508504	-0.663994	-0.397219	-0.603012	0.484956	-0.493367
-0.451011	-0.608513	0.424402	-0.496169	-0.435499	-0.548	0.411587	-0.583638	-0.66322	0.23185	0.451427	-0.55009	0.0291647	0.399237	0.215866	-0.890596	-0.439651	-0.383988	-0.256594	-0.770338	-0.733907	-0.0175536	-0.414528	-0.53781	-0.794188	-0.130407	0.528389	-0.270305	-0.595892	-0.579272	0.380557	-0.405627	-0.216982	-0.706908	0.0578632	-0.67071	-0.388067	-0.598385	0.488725	-0.502481
-0.447719	-0.6075	0.426076	-0.498949	-0.433788	-0.547064	0.411113	-0.586119	-0.662891	0.232681	0.451241	-0.550288	0.0294054	0.399205	0.215	-0.890812	-0.438807	-0.383496	-0.256619	-0.771055	-0.732521	-0.0170747	-0.413914	-0.540181	-0.790909	-0.142352	0.527365	-0.275836	-0.60032	-0.579081	0.369643	-0.409445	-0.218261	-0.702438	0.0604762	-0.674749	-0.377443	-0.592459	0.493545	-0.512779
-0.446044	-0.606384	0.427557	-0.500539	-0.432719	-0.546288	0.411167	-0.587592	-0.662543	0.233517	0.451156	-0.550422	0.0298758	0.39933	0.214334	-0.890901	-0.436513	-0.382303	-0.256682	-0.772927	-0.731826	-0.0167789	-0.413537	-0.54142	-0.787458	-0.146481	0.52915	-0.280095	-0.588101	-0.590091	0.366835	-0.413959	-0.218517	-0.692138	0.0673939	-0.684583	-0.37156	-0.588713	0.496113	-0.518876
-0.446044	-0.606384	0.427557	-0.500539	-0.432719	-0.546288	0.411167	-0.587592	-0.662543	0.233517	0.451156	-0.550422	0.0298758	0.39933	0.214334	-0.890901	-0.436513	-0.382303	-0.256682	-0.772927	-0.731826	-0.0167789	-0.413537	-0.54142	-0.787458	-0.146481	0.52915	-0.280095	-0.588101	-0.590091	0.366835	-0.413959	-0.218517	-0.692138	0.0673939	-0.684583	-0.37156	-0.588713	0.496113	-0.518876
-0.437345	-0.606285	0.430783	-0.505543	-0.43004	-0.54537	0.412763	-0.589291	-0.662052	0.234577	0.451352	-0.550402	0.0304039	0.399653	0.213659	-0.8909	-0.435147	-0.381293	-0.256369	-0.774298	-0.73067	-0.0157458	-0.412101	-0.544101	-0.779103	-0.155367	0.532042	-0.292902	-0.548721	-0.614441	0.386091	-0.415091	-0.217767	-0.686802	0.0710615	-0.689805	-0.358609	-0.580126	0.503676	-0.530249
-0.42921	-0.608036	0.432242	-0.509155	-0.428004	-0.545264	0.414888	-0.58938	-0.662382	0.234382	0.451418	-0.550033	0.0297558	0.399521	0.213762	-0.890957	-0.431665	-0.380542	-0.255576	-0.776874	-0.729813	-0.0154047	-0.411729	-0.545541	-0.774299	-0.16183	0.532654	-0.300919	-0.538365	-0.615707	0.404549	-0.409155	-0.214117	-0.675156	0.0682027	-0.702614	-0.350507	-0.576964	0.507545	-0.535402
-0.414033	-0.608855	0.432856	-0.520104	-0.421951	-0.546581	0.422851	-0.586859	-0.662951	0.232947	0.451325	-0.550035	0.0272341	0.39957	0.214465	-0.890846	-0.430332	-0.380666	-0.253854	-0.778117	-0.727756	-0.0153643	-0.410796	-0.548982	-0.766807	-0.159592	0.537397	-0.312636	-0.50662	-0.627137	0.430331	-0.406018	-0.212238	-0.66825	0.0631805	-0.710215	-0.334904	-0.570826	0.515903	-0.543913
-0.407237	-0.607768	0.433224	-0.526396	-0.419628	-0.545838	0.427299	-0.585994	-0.662562	0.231889	0.45208	-0.550329	0.0264219	0.40009	0.215183	-0.890464	-0.427894	-0.379969	-0.25041	-0.780913	-0.726428	-0.015282	-0.409956	-0.551367	-0.763565	-0.155781	0.537605	-0.321997	-0.492119	-0.630405	0.443833	-0.404253	-0.215427	-0.651834	0.0586462	-0.724751	-0.327899	-0.567467	0.51904	-0.548689
-0.394308	-0.605617	0.435705	-0.536572	-0.412241	-0.547468	0.436845	-0.582669	-0.659602	0.225423	0.458606	-0.551172	0.0292973	0.401618	0.22218	-0.887964	-0.421464	-0.379985	-0.250657	-0.784315	-0.722581	-0.0154248	-0.408764	-0.557271	-0.757068	-0.146512	0.540995	-0.335718	-0.47107	-0.627618	0.470077	-0.404001	-0.224391	-0.628993	0.0595985	-0.741933	-0.314534	-0.554775	0.523711	-0.564818
-0.387969	-0.603987	0.435156	-0.543433	-0.406733	-0.550745	0.440345	-0.580814	-0.656553	0.218914	0.464386	-0.552594	0.0330702	0.402207	0.230298	-0.885493	-0.41724	-0.380685	-0.249784	-0.78651	-0.719296	-0.0159754	-0.409	-0.561318	-0.751451	-0.145961	0.549519	-0.334731	-0.45388	-0.62385	0.483643	-0.413392	-0.227336	-0.617316	0.0567069	-0.751015	-0.308615	-0.545148	0.52461	-0.576502
-0.371184	-0.601954	0.431034	-0.560432	-0.399042	-0.55459	0.442092	-0.581163	-0.649988	0.203953	0.475214	-0.556858	0.041183	0.401586	0.247107	-0.880892	-0.40817	-0.380212	-0.249378	-0.79161	-0.713732	-0.0152146	-0.408287	-0.568909	-0.738358	-0.1345	0.578568	-0.319368	-0.433608	-0.632145	0.479214	-0.42747	-0.241565	-0.598652	0.0485227	-0.762173	-0.301649	-0.527074	0.527044	-0.594496
-0.361799	-0.602958	0.428942	-0.567055	-0.395385	-0.556788	0.441288	-0.582171	-0.648103	0.196827	0.478847	-0.558504	0.04377	0.400191	0.254599	-0.879267	-0.40381	-0.380091	-0.248534	-0.794166	-0.711979	-0.0141648	-0.408589	-0.570912	-0.732329	-0.131605	0.585319	-0.322142	-0.424283	-0.631469	0.481495	-0.435193	-0.251014	-0.592592	0.040602	-0.764316	-0.301916	-0.522403	0.526703	-0.59877
-0.360803	-0.600384	0.42355	-0.574427	-0.393109	-0.557867	0.441568	-0.582466	-0.646977	0.191516	0.480721	-0.560044	0.0448924	0.398699	0.259877	-0.878343	-0.402111	-0.379445	-0.246265	-0.796041	-0.711027	-0.0128865	-0.408736	-0.572022	-0.726957	-0.128448	0.59769	-0.312734	-0.42247	-0.625238	0.486451	-0.440411	-0.25493	-0.589503	0.0263065	-0.766032	-0.303398	-0.522646	0.525521	-0.598847
-0.358204	-0.604102	0.42219	-0.573154	-0.389736	-0.55886	0.441049	-0.584173	-0.646117	0.188747	0.482679	-0.560293	0.0447992	0.397955	0.26428	-0.877372	-0.402258	-0.378176	-0.244381	-0.79715	-0.711135	-0.0118384	-0.407521	-0.572777	-0.719557	-0.123989	0.619199	-0.288888	-0.415958	-0.616736	0.489384	-0.455103	-0.257421	-0.595473	-0.00414473	-0.761005	-0.303985	-0.546824	0.521362	-0.580309
-0.357538	-0.603442	0.424976	-0.572206	-0.386309	-0.558014	0.441868	-0.586633	-0.644218	0.186079	0.486354	-0.560194	0.0465476	0.399224	0.268052	-0.875558	-0.402201	-0.376865	-0.240802	-0.798888	-0.713133	-0.0138953	-0.402909	-0.573509	-0.712691	-0.115495	0.641263	-0.259836	-0.418592	-0.605712	0.490849	-0.465792	-0.256977	-0.615712	-0.0231405	-0.744531	-0.321265	-0.577153	0.516805	-0.544606
-0.356931	-0.601604	0.425188	-0.574359	-0.384793	-0.556963	0.442528	-0.588129	-0.642766	0.18649	0.488452	-0.5599	0.0475191	0.400947	0.268738	-0.874508	-0.402587	-0.375146	-0.23935	-0.799938	-0.714901	-0.0149614	-0.399427	-0.573717	-0.709551	-0.114116	0.650248	-0.246359	-0.423118	-0.599043	0.492267	-0.468819	-0.255188	-0.629725	-0.0320275	-0.733007	-0.328205	-0.596738	0.505915	-0.529372
-0.355698	-0.600387	0.426226	-0.575626	-0.38348	-0.553564	0.443405	-0.591524	-0.639903	0.189719	0.492767	-0.558312	0.0482791	0.403483	0.268527	-0.873364	-0.403442	-0.37256	-0.237854	-0.801161	-0.719317	-0.0149059	-0.39221	-0.573177	-0.701643	-0.118478	0.663085	-0.232331	-0.427171	-0.590953	0.489965	-0.477739	-0.252719	-0.645184	-0.0403979	-0.719888	-0.33811	-0.615118	0.49566	-0.5115
-0.354575	-0.599974	0.426732	-0.576375	-0.38348	-0.553564	0.443405	-0.591524	-0.639903	0.189719	0.492767	-0.558312	0.0486867	0.406356	0.267774	-0.872239	-0.404838	-0.3701	-0.236198	-0.802087	-0.719317	-0.0149059	-0.39221	-0.573177	-0.701643	-0.118478	0.663085	-0.232331	-0.427171	-0.590953	0.489965	-0.477739	-0.24932	-0.662104	-0.0466805	-0.70518	-0.34746	-0.632233	0.483535	-0.495728
-0.353407	-0.600196	0.42645	-0.577068	-0.383243	-0.552047	0.444372	-0.592369	-0.638723	0.191245	0.494599	-0.557521	0.0489281	0.408967	0.267123	-0.871204	-0.406861	-0.368006	-0.234542	-0.802512	-0.72151	-0.0143844	-0.389657	-0.572174	-0.697392	-0.124263	0.667515	-0.229406	-0.42926	-0.587062	0.489178	-0.481455	-0.244316	-0.680836	-0.0514662	-0.688566	-0.360172	-0.644581	0.47426	-0.479446
-0.357894	-0.601304	0.424285	-0.574742	-0.384044	-0.547324	0.446142	-0.594898	-0.637053	0.195983	0.498888	-0.553953	0.0482094	0.415779	0.265554	-0.868496	-0.415005	-0.365868	-0.23137	-0.800237	-0.727011	-0.0142464	-0.386346	-0.567441	-0.687108	-0.145404	0.673909	-0.229321	-0.426662	-0.582896	0.481841	-0.496005	-0.23131	-0.737673	-0.0424592	-0.632875	-0.410403	-0.656239	0.459454	-0.435685
-0.361565	-0.603582	0.422485	-0.571372	-0.38714	-0.544231	0.44594	-0.59588	-0.637202	0.199938	0.499638	-0.551688	0.0471865	0.417519	0.2645	-0.868039	-0.418295	-0.365902	-0.230803	-0.798671	-0.731326	-0.0150941	-0.38585	-0.562187	-0.683631	-0.155101	0.675664	-0.228189	-0.425265	-0.578888	0.481327	-0.502357	-0.231688	-0.750509	-0.0334158	-0.618013	-0.42876	-0.65131	0.459547	-0.425179
-0.372166	-0.610304	0.420307	-0.558895	-0.390398	-0.542407	0.444678	-0.59636	-0.637639	0.201788	0.499521	-0.550616	0.0444324	0.420393	0.261629	-0.867667	-0.425354	-0.366142	-0.230689	-0.794856	-0.733974	-0.0153779	-0.385941	-0.558655	-0.683015	-0.155544	0.676991	-0.225787	-0.423723	-0.577045	0.483108	-0.504068	-0.236807	-0.764033	-0.00664402	-0.60011	-0.447094	-0.641926	0.453975	-0.42655
-0.383864	-0.615891	0.418412	-0.54613	-0.399261	-0.539733	0.439849	-0.5965	-0.638627	0.203542	0.499054	-0.549246	0.0411014	0.421317	0.259721	-0.867956	-0.43184	-0.367728	-0.231532	-0.790369	-0.736691	-0.0156998	-0.386441	-0.55471	-0.682894	-0.153679	0.678159	-0.223919	-0.422336	-0.574975	0.487003	-0.50385	-0.2275	-0.766373	0.0067588	-0.600725	-0.446349	-0.635147	0.441333	-0.450096
-0.390162	-0.617517	0.418022	-0.540096	-0.40317	-0.540513	0.437236	-0.595084	-0.642676	0.20456	0.497821	-0.54525	0.0387703	0.420637	0.260088	-0.868283	-0.433729	-0.370192	-0.23211	-0.788011	-0.740836	-0.0180137	-0.3893	-0.547068	-0.678562	-0.14926	0.682217	-0.227718	-0.416935	-0.572774	0.499148	-0.498946	-0.215393	-0.763659	0.00280287	-0.608623	-0.44336	-0.632557	0.437352	-0.460464
-0.394708	-0.619446	0.418336	-0.534311	-0.406169	-0.542855	0.434688	-0.592774	-0.646001	0.202867	0.497047	-0.542652	0.0355974	0.41893	0.262166	-0.868619	-0.434089	-0.374358	-0.233026	-0.785571	-0.74186	-0.0211276	-0.391792	-0.54378	-0.67716	-0.144843	0.682742	-0.233105	-0.41325	-0.57135	0.507869	-0.494827	-0.202363	-0.75974	-0.00854634	-0.617876	-0.448596	-0.625461	0.441513	-0.461114
-0.40732	-0.618452	0.420837	-0.523931	-0.41189	-0.548994	0.431941	-0.585132	-0.653334	0.19697	0.493413	-0.539352	0.0277833	0.412906	0.266821	-0.87037	-0.435252	-0.382015	-0.232909	-0.781264	-0.74225	-0.0288412	-0.396677	-0.539334	-0.677702	-0.132696	0.676511	-0.255823	-0.400713	-0.569759	0.530582	-0.482997	-0.214147	-0.756572	0.0038264	-0.617839	-0.442982	-0.625344	0.435527	-0.472259
-0.414501	-0.616084	0.422526	-0.519712	-0.415349	-0.550728	0.431479	-0.581386	-0.656429	0.195091	0.489651	-0.539707	0.0243693	0.409106	0.266783	-0.872276	-0.435578	-0.384565	-0.234588	-0.779327	-0.741639	-0.0314411	-0.398025	-0.539035	-0.68078	-0.121965	0.67123	-0.266672	-0.389489	-0.575256	0.538923	-0.476383	-0.218367	-0.754884	0.0110552	-0.618339	-0.446003	-0.620975	0.437415	-0.473434
-0.421094	-0.616605	0.429651	-0.507817	-0.420435	-0.553302	0.430284	-0.576149	-0.66187	0.192586	0.481757	-0.541063	0.0196338	0.401398	0.265302	-0.876418	-0.433253	-0.391397	-0.239254	-0.775795	-0.738183	-0.0371177	-0.402285	-0.540255	-0.691452	-0.0916086	0.661142	-0.276393	-0.372816	-0.588793	0.544682	-0.466533	-0.222847	-0.752644	0.0209601	-0.619215	-0.446489	-0.616934	0.437713	-0.477961
-0.421056	-0.618165	0.429248	-0.506291	-0.423109	-0.553793	0.429561	-0.574256	-0.664291	0.191423	0.478584	-0.541324	0.0182582	0.397856	0.265158	-0.878105	-0.432402	-0.394612	-0.240067	-0.774389	-0.735851	-0.0400633	-0.405121	-0.541105	-0.698834	-0.0870442	0.652737	-0.279265	-0.377789	-0.590735	0.544242	-0.460553	-0.221544	-0.75209	0.0217291	-0.620328	-0.445674	-0.615679	0.437666	-0.480378
-0.423139	-0.619845	0.426481	-0.504837	-0.427629	-0.554221	0.42774	-0.571849	-0.667974	0.191423	0.473311	-0.541428	0.0166512	0.39277	0.263478	-0.880928	-0.43158	-0.399175	-0.24281	-0.771648	-0.731263	-0.0437131	-0.410102	-0.543286	-0.711808	-0.0892938	0.638336	-0.279074	-0.408217	-0.588832	0.535044	-0.44762	-0.216642	-0.750797	0.0207898	-0.623649	-0.442702	-0.613766	0.438685	-0.484625
-0.425181	-0.619827	0.425667	-0.503829	-0.429623	-0.55426	0.427055	-0.570828	-0.669138	0.194034	0.470137	-0.541826	0.0159323	0.39162	0.261716	-0.881978	-0.431605	-0.400465	-0.243987	-0.770594	-0.727598	-0.0445527	-0.41361	-0.545475	-0.718381	-0.092406	0.63067	-0.278648	-0.432986	-0.597083	0.503804	-0.449663	-0.216632	-0.75004	0.02132	-0.624544	-0.441299	-0.612572	0.440496	-0.485771
-0.430321	-0.617628	0.424463	-0.503181	-0.430229	-0.553757	0.427036	-0.570873	-0.668723	0.195694	0.469907	-0.541941	0.0156785	0.392255	0.25849	-0.882651	-0.432692	-0.399875	-0.245794	-0.769716	-0.726349	-0.0435519	-0.414408	-0.546614	-0.732422	-0.0973829	0.615574	-0.274122	-0.445048	-0.600868	0.487008	-0.451346	-0.219175	-0.747398	0.0254837	-0.626665	-0.439213	-0.609506	0.446347	-0.486178
-0.432025	-0.616423	0.424207	-0.503413	-0.430985	-0.551733	0.426925	-0.572344	-0.66676	0.198346	0.471209	-0.542266	0.016502	0.393463	0.25739	-0.88242	-0.432966	-0.398158	-0.246953	-0.770081	-0.725226	-0.0389721	-0.414399	-0.548454	-0.737405	-0.102482	0.609818	-0.27176	-0.472849	-0.602604	0.458216	-0.450911	-0.220977	-0.744997	0.0284339	-0.628761	-0.438307	-0.607812	0.449909	-0.485833
-0.433294	-0.615188	0.424489	-0.503596	-0.430985	-0.551733	0.426925	-0.572344	-0.66676	0.198346	0.471209	-0.542266	0.0178082	0.394823	0.256656	-0.882001	-0.43268	-0.395974	-0.24845	-0.770886	-0.725226	-0.0389721	-0.414399	-0.548454	-0.74082	-0.110663	0.604281	-0.271632	-0.472849	-0.602604	0.458216	-0.450911	-0.222286	-0.742704	0.0318142	-0.630847	-0.437546	-0.605764	0.453621	-0.485624
-0.434023	-0.614054	0.424769	-0.504116	-0.431084	-0.550565	0.426991	-0.573344	-0.665606	0.199332	0.472254	-0.542413	0.0192245	0.396034	0.256301	-0.881531	-0.432172	-0.393441	-0.249888	-0.772003	-0.725085	-0.0358199	-0.414057	-0.549114	-0.744353	-0.11951	0.598677	-0.270632	-0.484636	-0.603753	0.443493	-0.45158	-0.223326	-0.740654	0.0355008	-0.63269	-0.435956	-0.604091	0.456602	-0.486345
-0.434427	-0.613094	0.424754	-0.504949	-0.430968	-0.548549	0.425721	-0.5763	-0.663452	0.200751	0.473827	-0.543156	0.0205787	0.397045	0.256116	-0.8811	-0.431825	-0.390738	-0.251103	-0.773174	-0.724483	-0.0297332	-0.413336	-0.550813	-0.748536	-0.125447	0.593677	-0.267403	-0.507116	-0.601225	0.422085	-0.450783	-0.222875	-0.738081	0.0378647	-0.635712	-0.433685	-0.602508	0.459223	-0.487868
-0.433814	-0.611758	0.424272	-0.507495	-0.430755	-0.547732	0.424183	-0.578367	-0.662362	0.201289	0.474005	-0.544132	0.023762	0.397814	0.255511	-0.880848	-0.431289	-0.385851	-0.254253	-0.774896	-0.723852	-0.0267705	-0.412971	-0.552065	-0.754889	-0.127469	0.589066	-0.25864	-0.51238	-0.601759	0.414327	-0.451317	-0.220958	-0.731807	0.0394478	-0.64349	-0.427082	-0.599729	0.464495	-0.492109
-0.433231	-0.611145	0.424252	-0.508747	-0.429684	-0.547391	0.420356	-0.582267	-0.659516	0.201792	0.473156	-0.548126	0.0257569	0.397417	0.254889	-0.881151	-0.43052	-0.38377	-0.256382	-0.775655	-0.721999	-0.021213	-0.412607	-0.554998	-0.755089	-0.128291	0.58994	-0.255641	-0.516281	-0.603787	0.402872	-0.454522	-0.219983	-0.728078	0.0397162	-0.648022	-0.422787	-0.598493	0.467352	-0.494611
-0.431861	-0.610842	0.424304	-0.51023	-0.429684	-0.547391	0.420356	-0.582267	-0.659516	0.201792	0.473156	-0.548126	0.0282423	0.396659	0.254185	-0.88162	-0.429527	-0.381879	-0.258535	-0.776424	-0.721999	-0.021213	-0.412607	-0.554998	-0.754189	-0.130059	0.591905	-0.252848	-0.516281	-0.603787	0.402872	-0.454522	-0.218999	-0.723629	0.0392534	-0.653345	-0.417054	-0.597912	0.469579	-0.498059
-0.429906	-0.610297	0.423841	-0.51291	-0.429055	-0.547778	0.417817	-0.584191	-0.657403	0.201905	0.472508	-0.551174	0.0314962	0.395712	0.253281	-0.882195	-0.428232	-0.380214	-0.260799	-0.777199	-0.720756	-0.0186696	-0.412796	-0.556562	-0.754028	-0.129937	0.593253	-0.250216	-0.522255	-0.598586	0.40482	-0.452841	-0.217655	-0.719357	0.0384005	-0.658541	-0.410848	-0.597094	0.472367	-0.50155
-0.427523	-0.609997	0.423557	-0.515488	-0.428435	-0.54828	0.415138	-0.586083	-0.65495	0.201868	0.472009	-0.554524	0.0353436	0.394731	0.252413	-0.882738	-0.426263	-0.379291	-0.263433	-0.777844	-0.719361	-0.0160496	-0.413184	-0.558158	-0.753951	-0.130503	0.593705	-0.24908	-0.521952	-0.597882	0.404628	-0.45429	-0.217399	-0.714917	0.0381643	-0.663456	-0.403579	-0.596288	0.475374	-0.505553
-0.418037	-0.614408	0.420715	-0.520333	-0.42651	-0.550168	0.411585	-0.588219	-0.649883	0.200212	0.472308	-0.560796	0.0429861	0.393015	0.252663	-0.883093	-0.421431	-0.379429	-0.267071	-0.779168	-0.715951	-0.013373	-0.415094	-0.561188	-0.751296	-0.134247	0.595341	-0.251197	-0.510821	-0.603201	0.406303	-0.458398	-0.219238	-0.706163	0.0368741	-0.672241	-0.385998	-0.595338	0.480815	-0.515165
-0.41362	-0.616612	0.417058	-0.524186	-0.425815	-0.550719	0.410096	-0.589246	-0.647422	0.199052	0.472824	-0.563614	0.046316	0.39246	0.253378	-0.882967	-0.419577	-0.38024	-0.267817	-0.779517	-0.714071	-0.012957	-0.416069	-0.56287	-0.748553	-0.135224	0.598218	-0.252027	-0.503418	-0.604814	0.411248	-0.460049	-0.218445	-0.701717	0.0341708	-0.67728	-0.377422	-0.594113	0.484144	-0.519795
-0.408486	-0.619032	0.410203	-0.530728	-0.42554	-0.550017	0.40706	-0.592198	-0.643819	0.19878	0.473669	-0.567116	0.051729	0.392115	0.253689	-0.88273	-0.417082	-0.380997	-0.270049	-0.779716	-0.711797	-0.0126118	-0.416583	-0.565372	-0.74291	-0.133447	0.605126	-0.253178	-0.490699	-0.604551	0.427084	-0.459709	-0.210027	-0.692862	0.0221585	-0.689449	-0.359938	-0.592629	0.48737	-0.530759
-0.406351	-0.620237	0.408299	-0.532425	-0.425895	-0.549123	0.405986	-0.593509	-0.642536	0.198886	0.473819	-0.568408	0.0540138	0.39195	0.25351	-0.882718	-0.416936	-0.380523	-0.270423	-0.779896	-0.71184	-0.0121455	-0.415734	-0.565952	-0.740577	-0.132274	0.608576	-0.25236	-0.483385	-0.605013	0.433987	-0.460385	-0.206063	-0.687856	0.0177217	-0.695757	-0.351698	-0.592047	0.487692	-0.536606
-0.406351	-0.620237	0.408299	-0.532425	-0.425895	-0.549123	0.405986	-0.593509	-0.642536	0.198886	0.473819	-0.568408	0.0540138	0.39195	0.25351	-0.882718	-0.416936	-0.380523	-0.270423	-0.779896	-0.71184	-0.0121455	-0.415734	-0.565952	-0.740577	-0.132274	0.608576	-0.25236	-0.474101	-0.607449	0.437802	-0.463211	-0.206063	-0.687856	0.0177217	-0.695757	-0.351698	-0.592047	0.487692	-0.536606
-0.400278	-0.624238	0.403295	-0.536151	-0.426397	-0.547884	0.406172	-0.594166	-0.640885	0.19871	0.475378	-0.569031	0.0572868	0.392418	0.254603	-0.881988	-0.417714	-0.380873	-0.268497	-0.779974	-0.712804	-0.0121219	-0.414809	-0.565418	-0.731963	-0.140886	0.614888	-0.257477	-0.465916	-0.609495	0.440282	-0.466465	-0.20267	-0.678601	0.0155115	-0.705823	-0.33848	-0.589572	0.4871	-0.548243
-0.397489	-0.626694	0.40141	-0.536774	-0.426243	-0.546974	0.407901	-0.59393	-0.640869	0.198039	0.477085	-0.567854	0.0572017	0.393352	0.256544	-0.881015	-0.417953	-0.383258	-0.266393	-0.779399	-0.713696	-0.0146235	-0.415196	-0.563948	-0.729124	-0.144521	0.615027	-0.263123	-0.460568	-0.606278	0.447803	-0.468803	-0.201286	-0.675548	0.0155216	-0.709139	-0.332514	-0.588882	0.483986	-0.555347
-0.398445	-0.626672	0.400273	-0.53694	-0.428686	-0.542141	0.414401	-0.592101	-0.641558	0.199962	0.480521	-0.563488	0.0542573	0.397588	0.257784	-0.878935	-0.419623	-0.385263	-0.262901	-0.778699	-0.717374	-0.0207834	-0.412793	-0.560843	-0.724402	-0.144767	0.622449	-0.258538	-0.461117	-0.603477	0.451294	-0.468529	-0.195337	-0.671999	0.0135419	-0.714197	-0.322221	-0.589064	0.474528	-0.56921
-0.398445	-0.626672	0.400273	-0.53694	-0.428686	-0.542141	0.414401	-0.592101	-0.641558	0.199962	0.480521	-0.563488	0.0542573	0.397588	0.257784	-0.878935	-0.423044	-0.38573	-0.258749	-0.778007	-0.717374	-0.0207834	-0.412793	-0.560843	-0.724402	-0.144767	0.622449	-0.258538	-0.461117	-0.603477	0.451294	-0.468529	-0.195337	-0.671999	0.0135419	-0.714197	-0.322221	-0.589064	0.474528	-0.56921
-0.399564	-0.62683	0.402088	-0.534564	-0.43169	-0.537629	0.419794	-0.590231	-0.642393	0.204128	0.483134	-0.558789	0.0514704	0.402846	0.256061	-0.877211	-0.430036	-0.386036	-0.252272	-0.776147	-0.721425	-0.0263933	-0.408962	-0.558212	-0.720951	-0.148469	0.626261	-0.256871	-0.462501	-0.599056	0.454644	-0.469599	-0.189255	-0.668939	0.00920233	-0.718762	-0.314365	-0.589671	0.465563	-0.58027
-0.401479	-0.624736	0.403831	-0.534265	-0.432672	-0.535819	0.422854	-0.588971	-0.643015	0.207028	0.483892	-0.556345	0.0500701	0.405342	0.254406	-0.876623	-0.430036	-0.386036	-0.252272	-0.776147	-0.723295	-0.0290038	-0.407118	-0.557008	-0.719049	-0.151748	0.627368	-0.257585	-0.463174	-0.59761	0.454718	-0.470705	-0.187189	-0.668286	0.00850118	-0.719918	-0.312299	-0.589369	0.462849	-0.583853
-0.401479	-0.624736	0.403831	-0.534265	-0.432672	-0.535819	0.422854	-0.588971	-0.643015	0.207028	0.483892	-0.556345	0.0500701	0.405342	0.254406	-0.876623	-0.432628	-0.386737	-0.248942	-0.775432	-0.723295	-0.0290038	-0.407118	-0.557008	-0.719049	-0.151748	0.627368	-0.257585	-0.463174	-0.59761	0.454718	-0.470705	-0.187189	-0.668286	0.00850118	-0.719918	-0.312299	-0.589369	0.462849	-0.583853
-0.404679	-0.620341	0.40939	-0.532739	-0.435199	-0.530567	0.428985	-0.587429	-0.644305	0.212553	0.484848	-0.55192	0.0471803	0.409649	0.250904	-0.87579	-0.436943	-0.386366	-0.242771	-0.775155	-0.727208	-0.0336545	-0.402878	-0.55473	-0.718688	-0.153277	0.629491	-0.252458	-0.469086	-0.592645	0.455858	-0.470025	-0.186724	-0.667468	0.0117958	-0.72075	-0.309817	-0.588955	0.45903	-0.588589
-0.407231	-0.61748	0.413255	-0.531132	-0.436065	-0.5283	0.431977	-0.586637	-0.644864	0.215056	0.484787	-0.550348	0.0459635	0.411266	0.249148	-0.875598	-0.438595	-0.385697	-0.240531	-0.775253	-0.728937	-0.0352916	-0.400748	-0.553901	-0.719299	-0.152672	0.630161	-0.249393	-0.472793	-0.590168	0.456288	-0.469009	-0.186329	-0.667543	0.0141629	-0.720741	-0.310748	-0.588084	0.459492	-0.588608
-0.412072	-0.611249	0.421107	-0.528432	-0.436229	-0.525042	0.437326	-0.585475	-0.645605	0.219641	0.484752	-0.547692	0.0442816	0.414163	0.245466	-0.87536	-0.440778	-0.384956	-0.237037	-0.775459	-0.731495	-0.0382108	-0.397491	-0.552681	-0.720326	-0.151629	0.631168	-0.244472	-0.477725	-0.58813	0.454009	-0.468783	-0.187655	-0.668877	0.0215541	-0.718975	-0.313787	-0.586796	0.460716	-0.587323
-0.414179	-0.608469	0.424159	-0.527551	-0.43622	-0.523539	0.439775	-0.584993	-0.645831	0.221296	0.485111	-0.546441	0.0435754	0.415599	0.244429	-0.875005	-0.441857	-0.384549	-0.235341	-0.775564	-0.732378	-0.0393404	-0.396234	-0.552335	-0.720478	-0.152316	0.631486	-0.242769	-0.479836	-0.587593	0.452324	-0.468929	-0.188559	-0.669693	0.0245862	-0.71788	-0.315567	-0.586586	0.461609	-0.585876
-0.416187	-0.605835	0.426072	-0.527461	-0.436301	-0.520809	0.443068	-0.584885	-0.645856	0.222583	0.485651	-0.545408	0.0428954	0.418096	0.243361	-0.874146	-0.443868	-0.383245	-0.233223	-0.775701	-0.733813	-0.0409264	-0.393623	-0.552182	-0.721171	-0.152743	0.631386	-0.240694	-0.4869	-0.584279	0.45088	-0.467176	-0.187786	-0.671499	0.0265288	-0.716325	-0.316939	-0.586832	0.462074	-0.584521
-0.419143	-0.600848	0.430185	-0.527486	-0.4359	-0.518774	0.444659	-0.585784	-0.644633	0.225387	0.487538	-0.544018	0.0434751	0.420285	0.242457	-0.873318	-0.445775	-0.381703	-0.232021	-0.775728	-0.734663	-0.0418282	-0.390959	-0.552875	-0.723478	-0.152557	0.631829	-0.232589	-0.493417	-0.581574	0.448735	-0.465777	-0.186846	-0.674203	0.0295802	-0.713908	-0.322039	-0.587316	0.46389	-0.57979
-0.419569	-0.59971	0.431379	-0.527467	-0.435781	-0.517598	0.445074	-0.586598	-0.643806	0.226297	0.488076	-0.544138	0.0442056	0.421177	0.24199	-0.872982	-0.446754	-0.380627	-0.231348	-0.775894	-0.734949	-0.0419283	-0.389745	-0.553346	-0.72409	-0.152961	0.63163	-0.230957	-0.495665	-0.580932	0.447329	-0.465544	-0.187221	-0.675379	0.0312811	-0.712624	-0.324032	-0.587269	0.465166	-0.577702
-0.419962	-0.598606	0.432311	-0.527646	-0.43554	-0.51666	0.445484	-0.587292	-0.642887	0.22726	0.48848	-0.54446	0.0442056	0.421177	0.24199	-0.872982	-0.446754	-0.380627	-0.231348	-0.775894	-0.735211	-0.041495	-0.388521	-0.55389	-0.724643	-0.153345	0.631424	-0.229523	-0.497707	-0.580384	0.446263	-0.465071	-0.187221	-0.675379	0.0312811	-0.712624	-0.325764	-0.587359	0.466085	-0.575892
-0.420362	-0.597591	0.433239	-0.527717	-0.435266	-0.515922	0.445568	-0.588079	-0.641914	0.228206	0.488748	-0.544972	0.0466282	0.422522	0.240438	-0.872634	-0.447505	-0.378338	-0.231319	-0.776589	-0.73545	-0.0409278	-0.387624	-0.554243	-0.725524	-0.153349	0.630874	-0.228249	-0.499523	-0.579993	0.445261	-0.464573	-0.18796	-0.677531	0.0350883	-0.710206	-0.327724	-0.587238	0.46736	-0.573867
-0.42049	-0.595846	0.434229	-0.528773	-0.434215	-0.515789	0.445798	-0.588798	-0.640036	0.229844	0.489002	-0.546262	0.0495469	0.423148	0.238941	-0.872581	-0.447063	-0.376291	-0.230963	-0.777943	-0.735626	-0.0392941	-0.386704	-0.55477	-0.727412	-0.151991	0.630278	-0.224769	-0.503147	-0.578829	0.444266	-0.463064	-0.188441	-0.679581	0.0388592	-0.707919	-0.33011	-0.58781	0.468379	-0.571076
-0.420318	-0.595074	0.434382	-0.529653	-0.433805	-0.515726	0.445737	-0.589201	-0.639308	0.230528	0.488848	-0.546963	0.0508217	0.423185	0.238161	-0.872704	-0.446603	-0.375445	-0.231327	-0.778508	-0.735415	-0.0384641	-0.386527	-0.555231	-0.728122	-0.151692	0.630028	-0.223364	-0.504857	-0.578288	0.443954	-0.462176	-0.188353	-0.680546	0.0399564	-0.706954	-0.331088	-0.588103	0.468839	-0.56983
-0.419833	-0.594566	0.434345	-0.530637	-0.433436	-0.515706	0.445316	-0.589809	-0.6387	0.231276	0.488669	-0.547518	0.0519662	0.423247	0.237371	-0.872821	-0.446084	-0.374855	-0.232078	-0.778866	-0.734886	-0.0376782	-0.386593	-0.55594	-0.728773	-0.151902	0.62954	-0.222473	-0.506243	-0.578008	0.443618	-0.461332	-0.188084	-0.681466	0.040753	-0.706093	-0.331899	-0.588414	0.469108	-0.568814
-0.419526	-0.593971	0.434404	-0.531497	-0.433083	-0.515722	0.44472	-0.590504	-0.63806	0.231818	0.488421	-0.548256	0.0528564	0.423314	0.236625	-0.872937	-0.445438	-0.374489	-0.232943	-0.779154	-0.734127	-0.0368966	-0.386957	-0.556741	-0.729288	-0.151953	0.629302	-0.221423	-0.507704	-0.577547	0.443674	-0.46025	-0.187692	-0.682337	0.0415362	-0.70531	-0.3324	-0.588887	0.468971	-0.568145
-0.419219	-0.593406	0.43419	-0.532544	-0.432716	-0.515766	0.444044	-0.591242	-0.6374	0.232335	0.488145	-0.54905	0.0537765	0.423243	0.235942	-0.873101	-0.444565	-0.374248	-0.233888	-0.779485	-0.733336	-0.0362326	-0.387401	-0.557517	-0.729605	-0.152028	0.629223	-0.22055	-0.508722	-0.577342	0.443684	-0.459371	-0.187504	-0.683063	0.0423465	-0.704609	-0.332715	-0.589418	0.468776	-0.567571
-0.418822	-0.59303	0.433808	-0.533586	-0.43229	-0.515828	0.443326	-0.592038	-0.636702	0.232711	0.487892	-0.549926	0.0548431	0.423083	0.235382	-0.873263	-0.443618	-0.374128	-0.234826	-0.7798	-0.732477	-0.0356868	-0.387906	-0.55833	-0.730026	-0.152653	0.628577	-0.220566	-0.50879	-0.577908	0.443248	-0.459005	-0.18702	-0.683659	0.0424217	-0.704155	-0.333001	-0.589932	0.468815	-0.566836
-0.417326	-0.592905	0.432398	-0.536035	-0.431328	-0.516202	0.441729	-0.593605	-0.635026	0.233219	0.487756	-0.551766	0.0576424	0.422782	0.234617	-0.873434	-0.441904	-0.37394	-0.236674	-0.780304	-0.730788	-0.0346171	-0.388758	-0.560015	-0.730593	-0.155133	0.627017	-0.221398	-0.508945	-0.578899	0.44259	-0.458219	-0.185603	-0.684644	0.0415653	-0.703623	-0.333419	-0.590708	0.468595	-0.565964
-0.415729	-0.593149	0.430692	-0.538375	-0.430261	-0.516759	0.439383	-0.595632	-0.633006	0.233174	0.487796	-0.554065	0.0591715	0.422583	0.234406	-0.873485	-0.441047	-0.373997	-0.237663	-0.780462	-0.729088	-0.0336365	-0.389854	-0.561528	-0.731069	-0.157035	0.625993	-0.221383	-0.509501	-0.579318	0.442139	-0.457507	-0.184353	-0.685395	0.041029	-0.703253	-0.333316	-0.591143	0.46808	-0.565996
-0.415118	-0.59326	0.43016	-0.539149	-0.429739	-0.516997	0.438128	-0.596726	-0.632021	0.233138	0.487742	-0.555252	0.0621997	0.421992	0.234169	-0.873624	-0.439301	-0.373779	-0.239446	-0.781005	-0.728417	-0.0329679	-0.390213	-0.562188	-0.731346	-0.157403	0.62566	-0.221151	-0.509632	-0.57955	0.44209	-0.457114	-0.183714	-0.68571	0.04031	-0.703154	-0.332855	-0.59216	0.467425	-0.565745
-0.414721	-0.5931	0.429644	-0.540042	-0.428384	-0.517863	0.436406	-0.59821	-0.630303	0.232857	0.487762	-0.5573	0.0648204	0.421553	0.233849	-0.873731	-0.437823	-0.373286	-0.240908	-0.781622	-0.727483	-0.0320201	-0.391084	-0.562847	-0.731098	-0.158588	0.625689	-0.22104	-0.509493	-0.580192	0.442012	-0.456529	-0.182947	-0.685632	0.0385098	-0.703531	-0.331178	-0.593852	0.465468	-0.56657
-0.414565	-0.593125	0.428713	-0.540873	-0.427519	-0.518514	0.435384	-0.599009	-0.629022	0.232535	0.487901	-0.55876	0.0658815	0.421345	0.233834	-0.873756	-0.43754	-0.373278	-0.241479	-0.781607	-0.72701	-0.0313156	-0.392139	-0.562764	-0.729922	-0.160522	0.626791	-0.22041	-0.511214	-0.578946	0.442655	-0.455565	-0.181919	-0.685567	0.0372246	-0.703931	-0.329736	-0.594966	0.463719	-0.567674
-0.414076	-0.593666	0.427805	-0.541373	-0.427122	-0.519018	0.434743	-0.599321	-0.628636	0.232599	0.487937	-0.559135	0.0671792	0.421295	0.233763	-0.8737	-0.437797	-0.37356	-0.242534	-0.781002	-0.726981	-0.0307362	-0.392864	-0.562327	-0.729278	-0.162186	0.627147	-0.220309	-0.511697	-0.578659	0.442731	-0.455313	-0.180485	-0.685408	0.0357532	-0.704531	-0.329143	-0.595483	0.46301	-0.568055
-0.414076	-0.593666	0.427805	-0.541373	-0.426945	-0.519367	0.434122	-0.599595	-0.628636	0.232599	0.487937	-0.559135	0.0671792	0.421295	0.233763	-0.8737	-0.437797	-0.37356	-0.242534	-0.781002	-0.727042	-0.0301727	-0.393587	-0.561773	-0.729278	-0.162186	0.627147	-0.220309	-0.511216	-0.579187	0.442311	-0.45559	-0.180485	-0.685408	0.0357532	-0.704531	-0.329143	-0.595483	0.46301	-0.568055
-0.413818	-0.5942	0.426482	-0.542027	-0.426948	-0.519546	0.43359	-0.599823	-0.628373	0.232355	0.487911	-0.559555	0.0674555	0.42138	0.233619	-0.873676	-0.43827	-0.37379	-0.243103	-0.780449	-0.727244	-0.0297733	-0.394199	-0.561103	-0.729507	-0.164305	0.625496	-0.222662	-0.510535	-0.579833	0.441931	-0.455899	-0.179774	-0.685434	0.0353041	-0.70471	-0.328629	-0.595896	0.461946	-0.568786
-0.413675	-0.594524	0.425142	-0.542833	-0.427181	-0.519753	0.432411	-0.600328	-0.628113	0.232492	0.487692	-0.55998	0.0676717	0.421293	0.233528	-0.873726	-0.437933	-0.373842	-0.243809	-0.780394	-0.727454	-0.0289451	-0.395173	-0.560189	-0.729386	-0.164637	0.625506	-0.222786	-0.5103	-0.58004	0.442223	-0.455616	-0.178016	-0.685829	0.0339264	-0.704839	-0.328251	-0.596117	0.461452	-0.569173
-0.413884	-0.594387	0.424721	-0.543154	-0.427381	-0.519799	0.431846	-0.600552	-0.62796	0.232785	0.487249	-0.560415	0.068102	0.42099	0.233069	-0.873962	-0.437685	-0.373739	-0.244407	-0.780395	-0.727293	-0.0284717	-0.395525	-0.560174	-0.729588	-0.164677	0.625269	-0.222759	-0.510151	-0.580227	0.442374	-0.455399	-0.178162	-0.6857	0.0341384	-0.704917	-0.327887	-0.596405	0.461038	-0.569417
-0.413884	-0.594387	0.424721	-0.543154	-0.427633	-0.519718	0.431335	-0.60081	-0.627841	0.233032	0.486681	-0.56094	0.068102	0.42099	0.233069	-0.873962	-0.437685	-0.373739	-0.244407	-0.780395	-0.727004	-0.0279953	-0.395799	-0.56038	-0.729708	-0.164882	0.624994	-0.222988	-0.510331	-0.580084	0.442809	-0.454956	-0.178162	-0.6857	0.0341384	-0.704917	-0.327887	-0.596405	0.461038	-0.569417
-0.414472	-0.593846	0.424269	-0.543651	-0.427849	-0.519674	0.430657	-0.601181	-0.627719	0.233236	0.486098	-0.561496	0.0690792	0.420031	0.232069	-0.874612	-0.437349	-0.373571	-0.245049	-0.780463	-0.727004	-0.0279953	-0.395799	-0.56038	-0.730208	-0.165388	0.623905	-0.224022	-0.510346	-0.580057	0.443155	-0.454637	-0.178026	-0.68572	0.0340074	-0.704939	-0.327366	-0.596881	0.460755	-0.569445
-0.414788	-0.593412	0.423965	-0.54412	-0.428165	-0.519649	0.429379	-0.601892	-0.627558	0.233643	0.485079	-0.562388	0.069435	0.419547	0.231669	-0.874922	-0.43635	-0.373142	-0.246612	-0.780734	-0.725673	-0.0264561	-0.397135	-0.561234	-0.730406	-0.165963	0.623347	-0.224503	-0.510496	-0.580037	0.443624	-0.454036	-0.177427	-0.685711	0.0331763	-0.705138	-0.32662	-0.597401	0.460105	-0.569856
-0.415274	-0.592706	0.423304	-0.545033	-0.428229	-0.519628	0.428849	-0.602242	-0.627482	0.233964	0.484713	-0.562654	0.0702034	0.418879	0.230847	-0.875398	-0.435108	-0.373107	-0.248099	-0.780973	-0.725214	-0.0259534	-0.397717	-0.561437	-0.730115	-0.166257	0.623679	-0.224311	-0.509913	-0.580693	0.443122	-0.454341	-0.176188	-0.685877	0.0315562	-0.705362	-0.324719	-0.598762	0.458294	-0.570972
