FULLBODY	1																																						
Frames:	169																																						
-0.412528	-0.61017	0.389507	-0.552989	-0.383475	-0.57254	0.39483	-0.607663	-0.70572	-0.197942	0.599137	-0.322202	-0.673884	-0.0801107	0.673243	-0.29361	-0.0765882	-0.644604	-0.0145116	-0.760533	-0.154772	-0.643627	-0.0391997	-0.748501	-0.666592	-0.201419	0.68041	-0.228316	-0.406316	-0.603112	0.469061	-0.501144	-0.180296	-0.739319	0.0294373	-0.648101	-0.378452	-0.630282	0.452013	-0.505176
-0.419515	-0.607701	0.392741	-0.548144	-0.391677	-0.571682	0.392148	-0.604969	-0.711133	-0.196906	0.596735	-0.315316	-0.677687	-0.0761915	0.671675	-0.289462	-0.0651357	-0.650111	-0.00660773	-0.757013	-0.148118	-0.652827	-0.0324623	-0.742176	-0.674143	-0.187535	0.679473	-0.220631	-0.417717	-0.594727	0.473437	-0.497664	-0.180255	-0.737328	0.0269527	-0.650484	-0.375682	-0.631388	0.443838	-0.513049
-0.419806	-0.607235	0.392762	-0.548422	-0.391498	-0.571809	0.392601	-0.604672	-0.710969	-0.197332	0.597109	-0.314713	-0.677713	-0.0765507	0.671981	-0.288593	-0.0640465	-0.650219	-0.00615424	-0.757017	-0.147671	-0.653104	-0.0322576	-0.74203	-0.674136	-0.187624	0.679412	-0.220765	-0.417674	-0.594806	0.47345	-0.497594	-0.180599	-0.737428	0.027402	-0.650256	-0.37578	-0.631518	0.444102	-0.51259
-0.419568	-0.607207	0.392702	-0.548678	-0.391076	-0.572191	0.393421	-0.60405	-0.710698	-0.198129	0.597406	-0.314261	-0.677825	-0.0774868	0.672275	-0.287393	-0.0636239	-0.650344	-0.00555707	-0.75695	-0.147055	-0.653425	-0.0317552	-0.741891	-0.673948	-0.188158	0.679348	-0.221084	-0.417706	-0.594879	0.473398	-0.497529	-0.180443	-0.73741	0.0270615	-0.650335	-0.376047	-0.631519	0.444393	-0.51214
-0.419501	-0.607169	0.392754	-0.548734	-0.390846	-0.572456	0.393711	-0.60376	-0.710645	-0.198512	0.597563	-0.313838	-0.67788	-0.0780456	0.67246	-0.286678	-0.0633653	-0.65047	-0.00538503	-0.756865	-0.146715	-0.65364	-0.031609	-0.741776	-0.673887	-0.188378	0.679302	-0.221219	-0.41774	-0.594878	0.473397	-0.497501	-0.180252	-0.737533	0.027177	-0.650243	-0.376045	-0.631558	0.444293	-0.512179
-0.41937	-0.607235	0.392836	-0.548703	-0.390641	-0.572705	0.393955	-0.603497	-0.710511	-0.199079	0.597707	-0.313508	-0.67796	-0.0785971	0.672626	-0.285949	-0.0631751	-0.650609	-0.0051373	-0.756763	-0.146421	-0.653919	-0.0314737	-0.741593	-0.673904	-0.188393	0.679292	-0.221187	-0.417668	-0.594958	0.473309	-0.497552	-0.180215	-0.737555	0.027316	-0.650223	-0.376021	-0.631584	0.444236	-0.512215
-0.418923	-0.607625	0.393022	-0.548478	-0.390262	-0.573249	0.394626	-0.602787	-0.710411	-0.199967	0.59787	-0.312859	-0.678004	-0.0795523	0.673005	-0.284687	-0.0630003	-0.650754	-0.00482437	-0.756655	-0.145996	-0.654394	-0.0314142	-0.741261	-0.673642	-0.188838	0.67929	-0.221612	-0.417283	-0.595273	0.472851	-0.497933	-0.180199	-0.737358	0.0271245	-0.650458	-0.376047	-0.631622	0.444219	-0.512163
-0.418853	-0.607731	0.393135	-0.548334	-0.390161	-0.573445	0.394959	-0.602447	-0.71045	-0.200399	0.597825	-0.31258	-0.677585	-0.0798193	0.673659	-0.284062	-0.0626911	-0.651261	-0.00439839	-0.756247	-0.145574	-0.654512	-0.0317288	-0.741226	-0.673538	-0.189141	0.679223	-0.221876	-0.417299	-0.595265	0.472791	-0.497986	-0.180083	-0.737308	0.0269753	-0.650553	-0.376025	-0.63164	0.444141	-0.512225
-0.41901	-0.607733	0.393486	-0.54796	-0.390217	-0.573504	0.395522	-0.601985	-0.711039	-0.201614	0.597122	-0.311803	-0.675696	-0.0777651	0.675831	-0.28397	-0.0626888	-0.651558	-0.00454685	-0.75599	-0.144698	-0.654295	-0.0332605	-0.741522	-0.67361	-0.18914	0.679181	-0.221784	-0.417315	-0.595237	0.47275	-0.498046	-0.179623	-0.7373	0.0268337	-0.650695	-0.375926	-0.63166	0.443924	-0.512462
-0.41901	-0.607733	0.393486	-0.54796	-0.390217	-0.573504	0.395522	-0.601985	-0.711039	-0.201614	0.597122	-0.311803	-0.675696	-0.0777651	0.675831	-0.28397	-0.0627208	-0.651747	-0.00510014	-0.755822	-0.144698	-0.654295	-0.0332605	-0.741522	-0.67361	-0.18914	0.679181	-0.221784	-0.417315	-0.595237	0.47275	-0.498046	-0.179623	-0.7373	0.0268337	-0.650695	-0.375926	-0.63166	0.443924	-0.512462
-0.419132	-0.607676	0.393575	-0.547866	-0.390651	-0.573243	0.395936	-0.60168	-0.711994	-0.201245	0.596734	-0.310602	-0.674055	-0.0742518	0.677236	-0.285461	-0.0629308	-0.65175	-0.00590423	-0.755796	-0.145478	-0.653745	-0.0340176	-0.74182	-0.673578	-0.189116	0.679234	-0.22174	-0.417241	-0.595225	0.472422	-0.498433	-0.179532	-0.737025	0.0267013	-0.651037	-0.375941	-0.631634	0.443989	-0.512426
-0.419812	-0.607172	0.393884	-0.547682	-0.391239	-0.572874	0.396616	-0.601201	-0.714778	-0.199135	0.5954	-0.308118	-0.668792	-0.0592535	0.68127	-0.291682	-0.0640774	-0.65152	-0.00629166	-0.755894	-0.147615	-0.653508	-0.0325396	-0.741672	-0.673465	-0.189241	0.679298	-0.221781	-0.417416	-0.595056	0.472392	-0.498516	-0.17971	-0.736654	0.026563	-0.651414	-0.375782	-0.631674	0.444179	-0.512329
-0.419812	-0.607172	0.393884	-0.547682	-0.391239	-0.572874	0.396616	-0.601201	-0.714778	-0.199135	0.5954	-0.308118	-0.668792	-0.0592535	0.68127	-0.291682	-0.0666468	-0.650801	-0.00557114	-0.756297	-0.147615	-0.653508	-0.0325396	-0.741672	-0.673465	-0.189241	0.679298	-0.221781	-0.417416	-0.595056	0.472392	-0.498516	-0.17971	-0.736654	0.026563	-0.651414	-0.375782	-0.631674	0.444179	-0.512329
-0.421534	-0.605776	0.394613	-0.547381	-0.392516	-0.572291	0.398081	-0.599954	-0.717739	-0.193823	0.594166	-0.307003	-0.661967	-0.0364884	0.683133	-0.306265	-0.0760299	-0.648284	-0.00155741	-0.757592	-0.155065	-0.651783	-0.027932	-0.741858	-0.673487	-0.188472	0.679594	-0.221463	-0.41783	-0.594637	0.472475	-0.498591	-0.180143	-0.736471	0.0268543	-0.651488	-0.375617	-0.631709	0.444315	-0.512289
-0.423461	-0.604343	0.395263	-0.547008	-0.395158	-0.570713	0.400582	-0.598055	-0.72172	-0.185168	0.590376	-0.310305	-0.651499	-0.00611778	0.682522	-0.331173	-0.0889405	-0.643199	0.00116596	-0.760515	-0.166669	-0.645598	-0.0269491	-0.74478	-0.673636	-0.186964	0.679988	-0.221077	-0.418342	-0.594027	0.47278	-0.498599	-0.181337	-0.735965	0.0269891	-0.651723	-0.375764	-0.631658	0.44501	-0.511641
-0.425669	-0.602812	0.396143	-0.546347	-0.39699	-0.569875	0.402754	-0.59618	-0.728786	-0.166996	0.585938	-0.312505	-0.636884	0.0333083	0.6785	-0.364564	-0.0977897	-0.63821	0.00207815	-0.763623	-0.188416	-0.629355	-0.0311669	-0.753287	-0.6737	-0.185353	0.68037	-0.221066	-0.418748	-0.593503	0.47281	-0.498855	-0.182112	-0.735776	0.0270457	-0.651719	-0.375885	-0.631579	0.445415	-0.511297
-0.426355	-0.602241	0.396259	-0.546356	-0.398186	-0.569019	0.403536	-0.595671	-0.732367	-0.155634	0.583408	-0.314725	-0.627776	0.0558484	0.674841	-0.383886	-0.116962	-0.623939	-0.00347941	-0.772663	-0.201586	-0.617199	-0.0392631	-0.759531	-0.673797	-0.184488	0.680515	-0.221046	-0.419064	-0.593157	0.472725	-0.49908	-0.183156	-0.735399	0.026642	-0.651868	-0.37602	-0.631496	0.44553	-0.5112
-0.427332	-0.601455	0.39674	-0.546111	-0.399887	-0.567521	0.404568	-0.595261	-0.738274	-0.130471	0.577359	-0.323396	-0.60568	0.103501	0.660471	-0.431528	-0.134568	-0.604939	-0.024706	-0.784429	-0.232908	-0.584462	-0.0670398	-0.774379	-0.673812	-0.183287	0.680745	-0.221293	-0.419978	-0.592268	0.472555	-0.499529	-0.184013	-0.734889	0.0257813	-0.652236	-0.376379	-0.631233	0.445605	-0.511195
-0.430252	-0.598987	0.397354	-0.546084	-0.403727	-0.562713	0.405318	-0.596721	-0.744462	-0.0854169	0.563923	-0.34709	-0.557187	0.181222	0.625988	-0.514626	-0.151567	-0.58225	-0.0571967	-0.796706	-0.295106	-0.519727	-0.125984	-0.791785	-0.674117	-0.180895	0.681045	-0.221404	-0.421293	-0.591103	0.472332	-0.500012	-0.185042	-0.734836	0.0261288	-0.651991	-0.377371	-0.630449	0.445222	-0.511764
-0.431189	-0.598145	0.397599	-0.54609	-0.405051	-0.560905	0.405268	-0.597558	-0.744626	-0.0692832	0.559226	-0.357768	-0.536462	0.207756	0.610458	-0.544414	-0.172044	-0.558576	-0.0889295	-0.806527	-0.320642	-0.494507	-0.147231	-0.794339	-0.67414	-0.180272	0.681116	-0.221628	-0.421677	-0.590766	0.472285	-0.500131	-0.186584	-0.734565	0.0267859	-0.65183	-0.377841	-0.630185	0.445398	-0.511589
-0.433118	-0.59609	0.397793	-0.546668	-0.407648	-0.557121	0.405342	-0.59928	-0.743432	-0.0516201	0.555937	-0.368211	-0.490131	0.258249	0.574034	-0.602963	-0.183792	-0.546652	-0.104224	-0.810265	-0.376755	-0.439015	-0.18711	-0.793921	-0.674279	-0.1788	0.681339	-0.221711	-0.422327	-0.590317	0.472234	-0.50016	-0.187338	-0.734499	0.0270362	-0.651678	-0.378231	-0.63003	0.445303	-0.511575
-0.43443	-0.594868	0.398045	-0.546775	-0.408738	-0.555258	0.404947	-0.600533	-0.741749	-0.0125912	0.545629	-0.389792	-0.464951	0.281584	0.553101	-0.631356	-0.210683	-0.52258	-0.132257	-0.815495	-0.405213	-0.409509	-0.206715	-0.790806	-0.674467	-0.177785	0.681493	-0.221481	-0.422696	-0.590086	0.472424	-0.499942	-0.188341	-0.734734	0.0275667	-0.651102	-0.37833	-0.630075	0.445228	-0.511511
-0.436576	-0.592655	0.398003	-0.547499	-0.411152	-0.55151	0.404009	-0.602965	-0.736889	0.0263511	0.534392	-0.41319	-0.438826	0.303589	0.530605	-0.658577	-0.224648	-0.510655	-0.145163	-0.817125	-0.461222	-0.348637	-0.248032	-0.777307	-0.674929	-0.176089	0.681602	-0.221093	-0.423133	-0.589934	0.472655	-0.499534	-0.189035	-0.7347	0.0279518	-0.650923	-0.378835	-0.630032	0.445674	-0.510802
-0.437638	-0.591605	0.398167	-0.547668	-0.412523	-0.549602	0.403737	-0.603953	-0.732669	0.0454888	0.528617	-0.426252	-0.384253	0.343276	0.482253	-0.708479	-0.254084	-0.486139	-0.169621	-0.818742	-0.488188	-0.317503	-0.267171	-0.767779	-0.675039	-0.175482	0.681702	-0.220934	-0.423302	-0.589892	0.472773	-0.499327	-0.190161	-0.734852	0.0289474	-0.65038	-0.379015	-0.630023	0.445742	-0.510621
-0.439731	-0.589559	0.398554	-0.547915	-0.415674	-0.544955	0.402952	-0.606522	-0.728235	0.0634764	0.522119	-0.43936	-0.356924	0.360523	0.456181	-0.731114	-0.26915	-0.474086	-0.180758	-0.818613	-0.514154	-0.286462	-0.285135	-0.756494	-0.675159	-0.174938	0.681808	-0.220668	-0.423374	-0.590023	0.472741	-0.499142	-0.190446	-0.735083	0.0297181	-0.65	-0.37907	-0.630167	0.445806	-0.510346
-0.439731	-0.589559	0.398554	-0.547915	-0.415674	-0.544955	0.402952	-0.606522	-0.728235	0.0634764	0.522119	-0.43936	-0.329238	0.376203	0.430327	-0.751593	-0.284024	-0.461884	-0.191485	-0.818124	-0.514154	-0.286462	-0.285135	-0.756494	-0.675159	-0.174938	0.681808	-0.220668	-0.423374	-0.590023	0.472741	-0.499142	-0.190802	-0.735231	0.0304825	-0.649693	-0.37907	-0.630167	0.445806	-0.510346
-0.440595	-0.588693	0.398562	-0.548146	-0.417188	-0.5427	0.402427	-0.607851	-0.719472	0.100387	0.510709	-0.459847	-0.301405	0.390424	0.40555	-0.76958	-0.298037	-0.45007	-0.201644	-0.817282	-0.561347	-0.227142	-0.316593	-0.730113	-0.675376	-0.174411	0.681924	-0.220065	-0.423539	-0.590007	0.472846	-0.498922	-0.19109	-0.735296	0.031015	-0.649509	-0.379101	-0.630244	0.445984	-0.510072
-0.442404	-0.586914	0.398637	-0.548542	-0.419908	-0.538538	0.402436	-0.609672	-0.708934	0.133469	0.499271	-0.479924	-0.249021	0.413698	0.354394	-0.800779	-0.324684	-0.428123	-0.220345	-0.814088	-0.600374	-0.171832	-0.340653	-0.702837	-0.6755	-0.173996	0.682049	-0.219623	-0.423572	-0.590166	0.473058	-0.498504	-0.19153	-0.735669	0.0321189	-0.648904	-0.378903	-0.630502	0.446075	-0.509821
-0.444258	-0.585254	0.399048	-0.548519	-0.422735	-0.534085	0.402901	-0.611326	-0.698636	0.162831	0.488262	-0.496985	-0.199447	0.430939	0.307292	-0.824672	-0.348576	-0.409438	-0.238492	-0.808689	-0.630784	-0.124501	-0.360753	-0.675624	-0.67575	-0.173132	0.682234	-0.21896	-0.423289	-0.590559	0.47327	-0.498079	-0.192002	-0.73596	0.0333966	-0.64837	-0.378595	-0.630822	0.446096	-0.509635
-0.444931	-0.584607	0.399124	-0.548607	-0.423911	-0.532252	0.403186	-0.611922	-0.693479	0.176735	0.483717	-0.503854	-0.199447	0.430939	0.307292	-0.824672	-0.348576	-0.409438	-0.238492	-0.808689	-0.643355	-0.103167	-0.369805	-0.662341	-0.675806	-0.172924	0.682325	-0.218669	-0.423266	-0.590627	0.473454	-0.497842	-0.192002	-0.73596	0.0333966	-0.64837	-0.378523	-0.630917	0.446205	-0.509475
-0.444931	-0.584607	0.399124	-0.548607	-0.423911	-0.532252	0.403186	-0.611922	-0.693479	0.176735	0.483717	-0.503854	-0.175669	0.43727	0.286872	-0.83405	-0.359611	-0.401512	-0.247023	-0.805262	-0.643355	-0.103167	-0.369805	-0.662341	-0.675806	-0.172924	0.682325	-0.218669	-0.423266	-0.590627	0.473454	-0.497842	-0.192193	-0.736067	0.0339094	-0.648165	-0.378523	-0.630917	0.446205	-0.509475
-0.445757	-0.583763	0.399069	-0.548876	-0.427535	-0.527041	0.403014	-0.614021	-0.681101	0.210536	0.468192	-0.522085	-0.134149	0.445479	0.249319	-0.849348	-0.380487	-0.386721	-0.260632	-0.798591	-0.674889	-0.0472582	-0.390657	-0.624242	-0.676007	-0.172994	0.682336	-0.217958	-0.423026	-0.590955	0.47352	-0.497595	-0.192062	-0.736331	0.0345814	-0.647867	-0.378352	-0.631044	0.44625	-0.509405
-0.446406	-0.583183	0.399409	-0.548718	-0.428661	-0.525465	0.403322	-0.614384	-0.677244	0.221303	0.464003	-0.526372	-0.0973489	0.447894	0.222597	-0.860444	-0.396604	-0.374527	-0.27029	-0.793334	-0.684162	-0.0317801	-0.396744	-0.611152	-0.675983	-0.173003	0.682422	-0.217753	-0.422907	-0.591076	0.473517	-0.497555	-0.191792	-0.736474	0.0352905	-0.647748	-0.378218	-0.631094	0.446268	-0.509427
-0.446406	-0.583183	0.399409	-0.548718	-0.428661	-0.525465	0.403322	-0.614384	-0.677244	0.221303	0.464003	-0.526372	-0.0973489	0.447894	0.222597	-0.860444	-0.396604	-0.374527	-0.27029	-0.793334	-0.684162	-0.0317801	-0.396744	-0.611152	-0.675983	-0.173003	0.682422	-0.217753	-0.422907	-0.591076	0.473517	-0.497555	-0.191792	-0.736474	0.0352905	-0.647748	-0.378218	-0.631094	0.446268	-0.509427
-0.446795	-0.582849	0.399672	-0.548564	-0.43053	-0.523354	0.404259	-0.614264	-0.670366	0.23816	0.455381	-0.535273	-0.0817389	0.44739	0.211757	-0.865055	-0.402808	-0.369105	-0.273729	-0.791568	-0.700665	-0.00310586	-0.407112	-0.585934	-0.676038	-0.173055	0.682454	-0.217444	-0.422859	-0.591118	0.473654	-0.497415	-0.191916	-0.736548	0.0358245	-0.647597	-0.378155	-0.631076	0.446327	-0.509445
-0.447249	-0.582444	0.400129	-0.548292	-0.431252	-0.522719	0.404298	-0.614272	-0.667167	0.246145	0.451535	-0.538904	-0.0556275	0.444847	0.193479	-0.872687	-0.41228	-0.360846	-0.281389	-0.787804	-0.707763	0.0101413	-0.411164	-0.57438	-0.676134	-0.172913	0.682473	-0.217198	-0.422809	-0.591161	0.473697	-0.497365	-0.191904	-0.736662	0.0364046	-0.647438	-0.37805	-0.63106	0.446428	-0.509454
-0.447242	-0.582407	0.400126	-0.548339	-0.432895	-0.521254	0.404306	-0.614356	-0.661179	0.261832	0.444762	-0.544494	-0.0445835	0.443354	0.185887	-0.875726	-0.415973	-0.357013	-0.284556	-0.786471	-0.719948	0.0306194	-0.418504	-0.552804	-0.676215	-0.172865	0.68254	-0.216771	-0.422704	-0.59126	0.473645	-0.497386	-0.191773	-0.736645	0.0363844	-0.647498	-0.377986	-0.631084	0.446458	-0.509446
-0.447339	-0.582261	0.400393	-0.548221	-0.4337	-0.520536	0.404305	-0.614398	-0.658132	0.269474	0.441414	-0.547174	-0.0275863	0.439445	0.176848	-0.880257	-0.421904	-0.351379	-0.288836	-0.784286	-0.724044	0.0403719	-0.42107	-0.544821	-0.676217	-0.173068	0.682524	-0.216657	-0.422644	-0.59129	0.473618	-0.497428	-0.191406	-0.736568	0.036355	-0.647695	-0.377766	-0.631151	0.446449	-0.509534
-0.447393	-0.582271	0.400532	-0.548063	-0.434809	-0.519428	0.403956	-0.61478	-0.653107	0.282267	0.436072	-0.551015	-0.0197289	0.437578	0.173247	-0.882112	-0.424817	-0.349594	-0.290351	-0.78295	-0.728438	0.054073	-0.426551	-0.533393	-0.67623	-0.1732	0.682526	-0.216501	-0.422329	-0.591512	0.47368	-0.497371	-0.191394	-0.736567	0.0364952	-0.647692	-0.377686	-0.631165	0.446446	-0.509578
-0.447218	-0.582412	0.400735	-0.547908	-0.435294	-0.519009	0.403718	-0.614948	-0.651114	0.288479	0.434174	-0.551654	-0.00346912	0.434461	0.165594	-0.885331	-0.429014	-0.347652	-0.294944	-0.779803	-0.729236	0.0575442	-0.428894	-0.53005	-0.676269	-0.173188	0.682523	-0.216399	-0.422109	-0.591675	0.47376	-0.49729	-0.191253	-0.736632	0.0366396	-0.647652	-0.377416	-0.631232	0.446296	-0.509826
-0.446246	-0.582872	0.400375	-0.548475	-0.436041	-0.518087	0.403507	-0.615334	-0.647899	0.298791	0.432756	-0.551066	0.0138362	0.431618	0.16076	-0.887508	-0.434015	-0.347158	-0.297436	-0.776302	-0.728915	0.059266	-0.432287	-0.52754	-0.676083	-0.173978	0.682457	-0.216552	-0.421518	-0.592096	0.473685	-0.497361	-0.190361	-0.736685	0.0360456	-0.647888	-0.377101	-0.631291	0.446088	-0.510168
-0.445199	-0.583422	0.399926	-0.549068	-0.436636	-0.516697	0.403993	-0.615762	-0.645626	0.303549	0.43288	-0.551035	0.0230993	0.430472	0.157451	-0.888465	-0.435883	-0.346256	-0.297128	-0.775776	-0.728148	0.0614006	-0.432246	-0.528388	-0.676124	-0.174189	0.682392	-0.216462	-0.420838	-0.592563	0.473672	-0.497393	-0.189903	-0.736714	0.0358587	-0.647999	-0.377164	-0.631083	0.44626	-0.51023
-0.445281	-0.5834	0.400091	-0.548905	-0.436971	-0.515965	0.404226	-0.615985	-0.64496	0.303185	0.433314	-0.551674	0.0231919	0.430495	0.15798	-0.888357	-0.435796	-0.346169	-0.29793	-0.775556	-0.728249	0.0610266	-0.431996	-0.528497	-0.676285	-0.173835	0.682453	-0.216048	-0.42068	-0.592611	0.473816	-0.497332	-0.189794	-0.736862	0.0361856	-0.647845	-0.377225	-0.630957	0.44631	-0.510296
-0.445398	-0.583386	0.400271	-0.548694	-0.437141	-0.515596	0.404331	-0.616105	-0.64477	0.301587	0.433623	-0.552529	0.0218816	0.430455	0.159269	-0.88818	-0.435513	-0.34576	-0.297518	-0.776055	-0.728345	0.0609866	-0.431084	-0.529113	-0.676483	-0.173537	0.682507	-0.215499	-0.420682	-0.592593	0.473944	-0.49723	-0.189902	-0.737025	0.0367372	-0.647597	-0.377299	-0.630794	0.446397	-0.510366
-0.44525	-0.583773	0.400815	-0.548004	-0.436608	-0.515987	0.403759	-0.61653	-0.645109	0.298816	0.434199	-0.553186	0.020442	0.429843	0.161316	-0.888141	-0.434349	-0.345084	-0.297136	-0.777154	-0.728512	0.0605492	-0.428889	-0.530715	-0.676777	-0.173238	0.682514	-0.214795	-0.420454	-0.592661	0.474065	-0.497226	-0.190244	-0.737177	0.037383	-0.647287	-0.377271	-0.630674	0.446456	-0.510484
-0.444462	-0.584522	0.400808	-0.54785	-0.435963	-0.516588	0.40325	-0.616817	-0.645106	0.298215	0.434542	-0.553245	0.0214919	0.42916	0.162069	-0.888309	-0.433319	-0.344833	-0.296965	-0.777905	-0.728341	0.0602122	-0.427826	-0.531844	-0.676926	-0.173327	0.682372	-0.214701	-0.420037	-0.592939	0.473927	-0.497378	-0.190046	-0.737202	0.03695	-0.647341	-0.377228	-0.630655	0.446407	-0.510583
-0.442164	-0.586185	0.400077	-0.548468	-0.43429	-0.517922	0.402424	-0.617417	-0.644268	0.296281	0.435742	-0.554315	0.0239973	0.428016	0.164144	-0.888416	-0.430578	-0.343869	-0.29632	-0.780097	-0.727327	0.0597541	-0.425979	-0.534759	-0.676759	-0.174767	0.681933	-0.215454	-0.418727	-0.593922	0.473149	-0.498051	-0.18844	-0.737295	0.0349859	-0.647813	-0.376606	-0.630911	0.445408	-0.511596
-0.438237	-0.588787	0.398	-0.55034	-0.430569	-0.52049	0.399379	-0.619836	-0.64176	0.291688	0.439142	-0.556971	0.0263236	0.427683	0.167085	-0.887962	-0.427056	-0.343471	-0.29665	-0.78208	-0.723386	0.0598801	-0.424869	-0.540937	-0.677327	-0.175664	0.681028	-0.215806	-0.416993	-0.595275	0.472854	-0.498171	-0.188066	-0.737413	0.0330512	-0.647889	-0.376146	-0.631173	0.444582	-0.512329
-0.432583	-0.592847	0.395475	-0.552272	-0.428612	-0.521805	0.398202	-0.620844	-0.640516	0.289679	0.440646	-0.558262	0.0302379	0.426792	0.171131	-0.887495	-0.421996	-0.343014	-0.297704	-0.784623	-0.721476	0.0602114	-0.424905	-0.543417	-0.677766	-0.176975	0.679955	-0.216736	-0.416301	-0.595855	0.472762	-0.498143	-0.185898	-0.737665	0.0286029	-0.64844	-0.375743	-0.631818	0.443837	-0.512477
-0.425684	-0.597327	0.392287	-0.555072	-0.423446	-0.525172	0.394866	-0.623673	-0.637166	0.284061	0.444467	-0.561942	0.036058	0.425463	0.177138	-0.886737	-0.414695	-0.342158	-0.299294	-0.788276	-0.716839	0.0617079	-0.424508	-0.549661	-0.678511	-0.178604	0.678438	-0.217821	-0.41538	-0.596909	0.473287	-0.497151	-0.185385	-0.736802	0.0226584	-0.649801	-0.373812	-0.6338	0.442363	-0.512716
-0.417278	-0.602124	0.387003	-0.55996	-0.41654	-0.529659	0.390108	-0.627512	-0.634939	0.280414	0.446609	-0.564589	0.0442603	0.42291	0.1851	-0.885961	-0.405281	-0.33941	-0.302212	-0.793231	-0.711418	0.0643055	-0.422375	-0.557986	-0.679092	-0.180975	0.676513	-0.220028	-0.413996	-0.598536	0.474165	-0.495509	-0.182309	-0.734837	0.0128985	-0.653155	-0.371959	-0.635576	0.440403	-0.513552
-0.407758	-0.607271	0.379725	-0.56636	-0.406921	-0.535818	0.383594	-0.63259	-0.625028	0.266967	0.454314	-0.575905	0.0568094	0.419258	0.194361	-0.884997	-0.393479	-0.334878	-0.305728	-0.799726	-0.704492	0.06919	-0.419428	-0.568317	-0.678867	-0.18636	0.673899	-0.22421	-0.411998	-0.600674	0.475818	-0.492996	-0.177473	-0.734015	0.00404401	-0.655521	-0.369402	-0.637737	0.436633	-0.515931
-0.401532	-0.610647	0.375256	-0.570145	-0.394718	-0.543173	0.375073	-0.639125	-0.625028	0.266967	0.454314	-0.575905	0.064578	0.417041	0.199955	-0.884265	-0.386423	-0.331997	-0.307677	-0.803611	-0.695698	0.0768922	-0.415849	-0.580656	-0.678963	-0.18904	0.672245	-0.226627	-0.407612	-0.604755	0.477058	-0.490448	-0.175104	-0.733822	-0.00210768	-0.656384	-0.368198	-0.639176	0.434844	-0.516522
-0.387735	-0.61837	0.364793	-0.578105	-0.387108	-0.547983	0.369827	-0.642721	-0.608543	0.24787	0.465001	-0.593304	0.082874	0.411867	0.21339	-0.882022	-0.369878	-0.325533	-0.312535	-0.812121	-0.690314	0.0810534	-0.413973	-0.587812	-0.677944	-0.196536	0.668219	-0.235051	-0.405332	-0.606759	0.478623	-0.488334	-0.168128	-0.73239	-0.0170384	-0.659581	-0.36405	-0.643706	0.428012	-0.519535
-0.380054	-0.622589	0.358754	-0.58244	-0.378805	-0.552929	0.363651	-0.646942	-0.601227	0.240311	0.468431	-0.601123	0.0939665	0.408258	0.220135	-0.880929	-0.360255	-0.321854	-0.315581	-0.816722	-0.684301	0.0855117	-0.411932	-0.595594	-0.6774	-0.200676	0.665682	-0.240263	-0.400274	-0.611705	0.482737	-0.482248	-0.162193	-0.732532	-0.0266607	-0.660591	-0.360237	-0.647454	0.421708	-0.522681
-0.362636	-0.632143	0.343726	-0.592236	-0.360146	-0.563212	0.349206	-0.656614	-0.583754	0.224308	0.474901	-0.619182	0.119987	0.399444	0.233642	-0.878327	-0.349803	-0.317733	-0.319052	-0.821517	-0.670361	0.095775	-0.407294	-0.612826	-0.675369	-0.210695	0.659705	-0.253522	-0.397658	-0.614436	0.48508	-0.478575	-0.148663	-0.732063	-0.0491997	-0.662995	-0.351886	-0.655791	0.407479	-0.529222
-0.35306	-0.637524	0.334739	-0.597379	-0.349883	-0.568702	0.340834	-0.66181	-0.57375	0.215766	0.478095	-0.629032	0.13458	0.39437	0.240551	-0.876639	-0.326509	-0.307819	-0.326937	-0.831716	-0.662351	0.101681	-0.404584	-0.622305	-0.673483	-0.216885	0.656575	-0.261324	-0.392945	-0.620133	0.490316	-0.469702	-0.141184	-0.731705	-0.0613642	-0.66401	-0.34788	-0.659877	0.400344	-0.532228
-0.33367	-0.648488	0.315882	-0.606916	-0.327809	-0.579377	0.321537	-0.673407	-0.551571	0.197856	0.484229	-0.649727	0.149855	0.389009	0.247539	-0.874609	-0.313438	-0.302267	-0.331349	-0.837018	-0.644067	0.114033	-0.399187	-0.642514	-0.669672	-0.230649	0.648209	-0.279581	-0.389257	-0.624581	0.491654	-0.465461	-0.13304	-0.731323	-0.0740768	-0.664816	-0.336879	-0.670008	0.3805	-0.541129
-0.324102	-0.653958	0.306317	-0.611119	-0.316083	-0.584411	0.311204	-0.679491	-0.539717	0.188571	0.48726	-0.660094	0.181995	0.377562	0.26168	-0.869395	-0.284617	-0.290151	-0.341128	-0.847607	-0.633912	0.120944	-0.396293	-0.653054	-0.66806	-0.236945	0.643022	-0.289958	-0.38327	-0.631573	0.490656	-0.462035	-0.114179	-0.730173	-0.101781	-0.665922	-0.330613	-0.675341	0.368937	-0.546347
-0.314386	-0.659624	0.296381	-0.614993	-0.304134	-0.589409	0.300813	-0.685282	-0.527626	0.179053	0.490147	-0.670304	0.198194	0.371519	0.268897	-0.866249	-0.269163	-0.28327	-0.34583	-0.85306	-0.623301	0.128468	-0.393037	-0.663712	-0.665994	-0.243872	0.637223	-0.30154	-0.375292	-0.641069	0.487308	-0.45904	-0.105188	-0.729337	-0.114842	-0.666194	-0.324554	-0.680254	0.357638	-0.551375
-0.305294	-0.664506	0.286082	-0.619181	-0.292055	-0.594444	0.290461	-0.690632	-0.515475	0.169628	0.492828	-0.680171	0.214074	0.365335	0.275984	-0.862865	-0.269163	-0.28327	-0.34583	-0.85306	-0.612196	0.136388	-0.389561	-0.67443	-0.66302	-0.252096	0.630601	-0.314953	-0.364255	-0.653595	0.480616	-0.457319	-0.0969338	-0.728137	-0.126807	-0.666588	-0.318671	-0.684729	0.346881	-0.556119
-0.296654	-0.669013	0.275488	-0.623316	-0.279955	-0.59932	0.280092	-0.695693	-0.503292	0.159974	0.495384	-0.68971	0.229764	0.359164	0.283135	-0.859095	-0.237362	-0.268406	-0.355203	-0.863394	-0.600813	0.143785	-0.386053	-0.685063	-0.659242	-0.261569	0.623273	-0.329411	-0.352779	-0.667171	0.472538	-0.455124	-0.0886772	-0.727285	-0.138082	-0.666428	-0.313711	-0.688476	0.337567	-0.560032
-0.279341	-0.678208	0.253227	-0.630776	-0.256128	-0.608531	0.259211	-0.70491	-0.478795	0.140891	0.5003	-0.707534	0.260151	0.347366	0.296564	-0.85071	-0.221381	-0.260948	-0.359609	-0.868089	-0.577507	0.158045	-0.379389	-0.705387	-0.650538	-0.280554	0.609461	-0.355876	-0.322909	-0.700603	0.445619	-0.454212	-0.0720342	-0.724445	-0.159713	-0.666696	-0.303903	-0.695226	0.320707	-0.566966
-0.270433	-0.682513	0.241645	-0.634547	-0.244659	-0.612624	0.248564	-0.70926	-0.466702	0.131809	0.502682	-0.71563	0.274932	0.341376	0.303032	-0.846195	-0.190307	-0.246638	-0.367473	-0.876308	-0.565642	0.165315	-0.375918	-0.715127	-0.645159	-0.292278	0.602228	-0.368326	-0.28497	-0.739141	0.40395	-0.457478	-0.0639351	-0.722382	-0.170751	-0.667024	-0.297299	-0.699371	0.309775	-0.571431
-0.251921	-0.691218	0.217963	-0.641284	-0.222484	-0.619608	0.226303	-0.717895	-0.442904	0.114214	0.506243	-0.731101	0.303303	0.32973	0.314699	-0.836809	-0.161268	-0.233374	-0.37553	-0.88233	-0.541899	0.179134	-0.369589	-0.733253	-0.629961	-0.323091	0.585085	-0.395521	-0.263328	-0.758546	0.378788	-0.460202	-0.0427484	-0.717368	-0.198414	-0.666473	-0.279725	-0.709609	0.281024	-0.582438
-0.242081	-0.695615	0.205723	-0.644356	-0.211507	-0.623162	0.214796	-0.721663	-0.43139	0.10588	0.507664	-0.73822	0.317043	0.32362	0.320065	-0.832053	-0.147593	-0.227153	-0.379645	-0.884583	-0.530244	0.185612	-0.366891	-0.741472	-0.620322	-0.340458	0.575776	-0.409599	-0.241358	-0.77636	0.352869	-0.463137	-0.0308125	-0.714302	-0.213552	-0.665747	-0.270521	-0.714768	0.26579	-0.587606
-0.221211	-0.704143	0.18063	-0.650093	-0.190005	-0.62992	0.191802	-0.728225	-0.408691	0.0898304	0.509189	-0.752083	0.343254	0.311402	0.329723	-0.822489	-0.121218	-0.216132	-0.387655	-0.887872	-0.507173	0.198379	-0.362511	-0.756311	-0.599414	-0.374896	0.558398	-0.433991	-0.200105	-0.805967	0.30278	-0.467653	-0.00867862	-0.706986	-0.24249	-0.6643	-0.249392	-0.725384	0.230781	-0.598634
-0.201524	-0.711086	0.157204	-0.655005	-0.169074	-0.635618	0.169493	-0.733946	-0.386549	0.0753123	0.509744	-0.764898	0.368092	0.29938	0.337564	-0.812977	-0.096051	-0.205626	-0.395899	-0.889807	-0.485294	0.209687	-0.358431	-0.769446	-0.577977	-0.406125	0.54209	-0.45513	-0.158778	-0.829871	0.255461	-0.469939	0.013798	-0.699051	-0.270304	-0.661871	-0.225914	-0.735495	0.191781	-0.609287
-0.191969	-0.71392	0.146696	-0.657227	-0.158876	-0.637912	0.159065	-0.736563	-0.375852	0.0688596	0.510008	-0.770639	0.380023	0.294015	0.340661	-0.808138	-0.0841215	-0.200356	-0.399329	-0.890684	-0.474867	0.215271	-0.356079	-0.775479	-0.567678	-0.419754	0.533234	-0.466058	-0.140265	-0.839743	0.235568	-0.468684	0.0238521	-0.695417	-0.282679	-0.660241	-0.212632	-0.740281	0.170238	-0.614647
-0.173262	-0.717036	0.126013	-0.663295	-0.140656	-0.640653	0.141748	-0.741409	-0.355711	0.0575816	0.510297	-0.780866	0.401665	0.284524	0.346245	-0.79864	-0.0626217	-0.189088	-0.404729	-0.892479	-0.455821	0.226035	-0.350239	-0.786427	-0.552458	-0.435208	0.519117	-0.485696	-0.113278	-0.856318	0.205839	-0.459912	0.0429559	-0.689282	-0.305177	-0.655677	-0.193305	-0.748294	0.136438	-0.619737
-0.158799	-0.718984	0.107574	-0.668036	-0.125062	-0.643015	0.128433	-0.744577	-0.339345	0.0497663	0.511696	-0.787741	0.419222	0.2782	0.350137	-0.790102	-0.0459525	-0.179305	-0.407634	-0.894188	-0.439535	0.234472	-0.344556	-0.795684	-0.53726	-0.440186	0.510244	-0.507187	-0.0903194	-0.872231	0.1835	-0.444278	0.0638226	-0.685608	-0.326997	-0.647256	-0.19973	-0.751053	0.137461	-0.61411
-0.148717	-0.71719	0.0942373	-0.67427	-0.113129	-0.644717	0.119211	-0.746546	-0.327392	0.0438885	0.514941	-0.791027	0.431896	0.275046	0.35423	-0.78252	-0.0403754	-0.174809	-0.40821	-0.895084	-0.425774	0.240814	-0.338849	-0.803683	-0.518561	-0.432531	0.506334	-0.536318	-0.0777471	-0.888315	0.174409	-0.417651	0.0638462	-0.689181	-0.327717	-0.643082	-0.225499	-0.748314	0.156576	-0.603871
-0.148023	-0.716033	0.0924763	-0.675895	-0.108905	-0.643734	0.115555	-0.748595	-0.322835	0.0414443	0.516842	-0.791792	0.436615	0.274169	0.356281	-0.779271	-0.0314491	-0.164272	-0.410234	-0.896512	-0.420412	0.243832	-0.335368	-0.807049	-0.509729	-0.419412	0.512718	-0.54899	-0.0698377	-0.897149	0.169658	-0.401824	0.0495068	-0.700783	-0.311842	-0.639693	-0.236359	-0.747581	0.164026	-0.598626
-0.144453	-0.714717	0.0892163	-0.678493	-0.10394	-0.641363	0.11092	-0.752028	-0.316633	0.0378434	0.519993	-0.792413	0.443803	0.272666	0.359779	-0.774113	-0.0282808	-0.158932	-0.41068	-0.897376	-0.412515	0.250831	-0.328084	-0.811958	-0.48561	-0.395089	0.529302	-0.572649	-0.039235	-0.914089	0.155578	-0.372422	0.0495886	-0.702224	-0.310271	-0.63887	-0.240154	-0.752531	0.163857	-0.590909
-0.138636	-0.714025	0.0852035	-0.680947	-0.102242	-0.640354	0.108427	-0.753483	-0.314713	0.0356235	0.520783	-0.792762	0.44658	0.271275	0.361406	-0.772245	-0.0252325	-0.149222	-0.410495	-0.899216	-0.409079	0.254168	-0.325193	-0.81382	-0.470975	-0.390231	0.530883	-0.58657	-0.0391317	-0.915798	0.154953	-0.368472	0.0651932	-0.70127	-0.320341	-0.633523	-0.23768	-0.75578	0.16056	-0.588664
-0.138636	-0.714025	0.0852035	-0.680947	-0.102242	-0.640354	0.108427	-0.753483	-0.314713	0.0356235	0.520783	-0.792762	0.44658	0.271275	0.361406	-0.772245	-0.0252325	-0.149222	-0.410495	-0.899216	-0.409079	0.254168	-0.325193	-0.81382	-0.470975	-0.390231	0.530883	-0.58657	-0.0391317	-0.915798	0.154953	-0.368472	0.0651932	-0.70127	-0.320341	-0.633523	-0.23768	-0.75578	0.16056	-0.588664
-0.130419	-0.711879	0.076913	-0.685787	-0.0992754	-0.637464	0.103811	-0.756973	-0.312923	0.0324908	0.520896	-0.79353	0.448729	0.269327	0.36316	-0.770857	-0.0244416	-0.145705	-0.411968	-0.899141	-0.403285	0.259078	-0.323512	-0.815831	-0.447163	-0.377237	0.540193	-0.604921	-0.0351642	-0.905997	0.142661	-0.396964	0.0728826	-0.701603	-0.324614	-0.630133	-0.237475	-0.758285	0.158689	-0.586027
-0.130419	-0.711879	0.076913	-0.685787	-0.0992754	-0.637464	0.103811	-0.756973	-0.312923	0.0324908	0.520896	-0.79353	0.450279	0.2671	0.364084	-0.770292	-0.02421	-0.143229	-0.413724	-0.898739	-0.403285	0.259078	-0.323512	-0.815831	-0.447163	-0.377237	0.540193	-0.604921	-0.0351642	-0.905997	0.142661	-0.396964	0.0761861	-0.703437	-0.325315	-0.627329	-0.240485	-0.759774	0.159789	-0.582561
-0.124219	-0.705244	0.0679445	-0.694683	-0.0962625	-0.634997	0.103126	-0.759525	-0.310663	0.0332871	0.519971	-0.794991	0.453145	0.264725	0.363236	-0.769831	-0.0256949	-0.13967	-0.414702	-0.898807	-0.400109	0.265551	-0.323474	-0.815328	-0.398825	-0.375487	0.53853	-0.64026	-0.0141963	-0.864986	0.102509	-0.491008	0.0743061	-0.708907	-0.320376	-0.62393	-0.248126	-0.761984	0.164135	-0.575216
-0.119744	-0.703067	0.0644285	-0.698002	-0.095067	-0.635041	0.102907	-0.759668	-0.310022	0.0333476	0.520423	-0.794942	0.455388	0.264052	0.362738	-0.768973	-0.0275784	-0.136762	-0.41406	-0.899494	-0.399977	0.267681	-0.322946	-0.814906	-0.382909	-0.377388	0.534269	-0.652316	-0.0155971	-0.843994	0.0928752	-0.528019	0.0813165	-0.713665	-0.320688	-0.617437	-0.252868	-0.764723	0.165842	-0.568993
-0.110582	-0.699721	0.056935	-0.703506	-0.0920908	-0.63421	0.10295	-0.760722	-0.308659	0.0324165	0.521943	-0.794515	0.456548	0.263663	0.363379	-0.768115	-0.0286386	-0.135968	-0.414165	-0.899533	-0.400004	0.269424	-0.322641	-0.814439	-0.36134	-0.375942	0.535452	-0.664374	-0.0192411	-0.819998	0.0839997	-0.565842	0.08627	-0.714986	-0.322758	-0.61415	-0.25408	-0.76713	0.166214	-0.565091
-0.106582	-0.697492	0.0541251	-0.706552	-0.0906185	-0.633868	0.103544	-0.761103	-0.307906	0.0318315	0.522981	-0.794148	0.458342	0.263847	0.365062	-0.766184	-0.030548	-0.135276	-0.413452	-0.899903	-0.400638	0.271283	-0.32266	-0.813501	-0.352367	-0.375435	0.536007	-0.669016	-0.0254463	-0.766257	0.0629243	-0.638939	0.0965918	-0.716368	-0.32728	-0.608585	-0.252849	-0.774213	0.164736	-0.556348
-0.1029	-0.695397	0.0521357	-0.709307	-0.0877896	-0.63377	0.105543	-0.761242	-0.306464	0.0307821	0.525127	-0.793331	0.458774	0.264289	0.366066	-0.765293	-0.031168	-0.134842	-0.412605	-0.900335	-0.401922	0.27188	-0.321672	-0.81306	-0.335702	-0.377434	0.533058	-0.678746	-0.0374669	-0.7088	0.0462017	-0.702897	0.103122	-0.717675	-0.328604	-0.60525	-0.252655	-0.777538	0.163919	-0.552024
-0.0942647	-0.690757	0.0483352	-0.715285	-0.0862807	-0.63353	0.106405	-0.761494	-0.306464	0.0307821	0.525127	-0.793331	0.459452	0.265442	0.367733	-0.763687	-0.0320035	-0.133815	-0.410671	-0.901343	-0.402414	0.271864	-0.320738	-0.813192	-0.328644	-0.378713	0.530921	-0.683149	-0.0451963	-0.680921	0.0412813	-0.729794	0.109766	-0.719825	-0.328844	-0.601386	-0.252444	-0.780577	0.162907	-0.548117
-0.0844473	-0.685823	0.043827	-0.721522	-0.0837848	-0.631625	0.108346	-0.76308	-0.304703	0.029502	0.528579	-0.791764	0.45943	0.267175	0.369213	-0.76238	-0.0321624	-0.132149	-0.40974	-0.902006	-0.402941	0.271456	-0.318879	-0.813798	-0.314137	-0.38333	0.525812	-0.691301	-0.0543467	-0.633141	0.027493	-0.771637	0.130419	-0.725102	-0.329746	-0.590327	-0.241684	-0.792794	0.15262	-0.538307
-0.0734908	-0.682142	0.0391086	-0.726465	-0.078917	-0.627415	0.10857	-0.76703	-0.302658	0.0310159	0.531098	-0.790804	0.460271	0.269246	0.369306	-0.761098	-0.0317776	-0.131419	-0.409399	-0.902281	-0.403288	0.271323	-0.316172	-0.814726	-0.289808	-0.389824	0.512068	-0.708403	-0.051288	-0.598205	0.0108434	-0.799627	0.138282	-0.726658	-0.329204	-0.586916	-0.235136	-0.797218	0.147406	-0.536121
-0.0592974	-0.681821	0.0311746	-0.728445	-0.0772464	-0.625645	0.107824	-0.768749	-0.301772	0.0322327	0.532042	-0.79046	0.46203	0.272314	0.367658	-0.759738	-0.0301164	-0.128641	-0.408594	-0.903103	-0.403315	0.272135	-0.315039	-0.81488	-0.28241	-0.392024	0.507695	-0.713308	-0.0475351	-0.597606	0.0104448	-0.800311	0.157356	-0.732436	-0.324967	-0.577211	-0.222873	-0.809866	0.138642	-0.524617
-0.0528991	-0.681563	0.0275978	-0.729323	-0.0724229	-0.625076	0.105582	-0.769991	-0.299243	0.0331371	0.534046	-0.790032	0.462671	0.273686	0.367378	-0.758989	-0.0292873	-0.127806	-0.407982	-0.903526	-0.402393	0.274155	-0.312729	-0.815549	-0.271626	-0.401936	0.501303	-0.716493	-0.0344484	-0.607838	0.00847853	-0.793268	0.164787	-0.732365	-0.325367	-0.574998	-0.217797	-0.815242	0.13555	-0.519202
-0.0431565	-0.680301	0.0220181	-0.73133	-0.0691317	-0.624858	0.103722	-0.770724	-0.297359	0.0327689	0.534857	-0.79021	0.46525	0.275086	0.367451	-0.756869	-0.0265396	-0.125904	-0.407491	-0.904099	-0.401454	0.274832	-0.311646	-0.816198	-0.268283	-0.410424	0.496932	-0.715986	-0.0227001	-0.618881	0.00111479	-0.785156	0.18131	-0.731823	-0.325612	-0.570561	-0.202563	-0.827306	0.12564	-0.508672
-0.0318811	-0.682095	0.0158404	-0.730397	-0.0622575	-0.622768	0.0993603	-0.773571	-0.291705	0.0301174	0.537371	-0.790717	0.470513	0.274487	0.369935	-0.752611	-0.0215772	-0.12205	-0.409749	-0.903739	-0.398407	0.276038	-0.308594	-0.818441	-0.271063	-0.439539	0.484205	-0.706311	-0.00848894	-0.624908	-0.0196025	-0.780406	0.198344	-0.730523	-0.326229	-0.56619	-0.187142	-0.839353	0.11805	-0.496517
-0.0315399	-0.68737	0.0142355	-0.725483	-0.0576868	-0.623159	0.095725	-0.774069	-0.289098	0.024908	0.539523	-0.79039	0.473271	0.272396	0.374773	-0.749239	-0.0163463	-0.122547	-0.412635	-0.902468	-0.395775	0.275702	-0.308223	-0.819969	-0.273727	-0.446868	0.483541	-0.701121	5.87E-06	-0.623753	-0.0295276	-0.781064	0.197	-0.733436	-0.321345	-0.565686	-0.180026	-0.845637	0.11539	-0.489054
-0.0354136	-0.687349	0.0160295	-0.725287	-0.052397	-0.631329	0.0977291	-0.767547	-0.284928	0.00832602	0.54273	-0.790058	0.474868	0.269676	0.381163	-0.745982	-0.0108688	-0.124747	-0.412346	-0.90238	-0.392428	0.270727	-0.308826	-0.823003	-0.272153	-0.447524	0.487562	-0.698526	0.0191435	-0.644294	-0.0329089	-0.763829	0.197934	-0.733436	-0.318327	-0.567064	-0.174686	-0.85171	0.11463	-0.480556
-0.0417644	-0.690656	0.0207085	-0.721679	-0.052397	-0.631329	0.0977291	-0.767547	-0.284928	0.00832602	0.54273	-0.790058	0.47454	0.266598	0.388577	-0.743468	-0.00574932	-0.127511	-0.409395	-0.903385	-0.392428	0.270727	-0.308826	-0.823003	-0.274628	-0.442842	0.499024	-0.69242	0.0191435	-0.644294	-0.0329089	-0.763829	0.196396	-0.733662	-0.314533	-0.569418	-0.168558	-0.85772	0.113673	-0.47221
-0.0477363	-0.691355	0.0256143	-0.720482	-0.0494419	-0.641632	0.101541	-0.758652	-0.284783	-0.00539997	0.543833	-0.789376	0.471447	0.261166	0.399998	-0.741304	-0.00103965	-0.131255	-0.397695	-0.90808	-0.388654	0.263707	-0.306539	-0.827913	-0.281294	-0.446518	0.505863	-0.682348	0.00711879	-0.661427	-0.00175079	-0.749974	0.204174	-0.724427	-0.317003	-0.577085	-0.15344	-0.869912	0.109638	-0.455728
-0.0465038	-0.695698	0.0269671	-0.71632	-0.0456306	-0.644983	0.100196	-0.756225	-0.285543	-0.0106443	0.543063	-0.789579	0.471529	0.257404	0.403794	-0.740509	0.000273851	-0.130484	-0.392641	-0.910388	-0.381819	0.259594	-0.302756	-0.833765	-0.298789	-0.455398	0.513555	-0.663023	0.0160603	-0.671329	-0.00601407	-0.740961	0.210444	-0.712807	-0.3204	-0.587336	-0.141015	-0.882316	0.106154	-0.436309
-0.0456131	-0.697796	0.0280626	-0.714291	-0.0442353	-0.646341	0.100045	-0.755167	-0.285257	-0.0116428	0.542867	-0.789803	0.472474	0.256398	0.404149	-0.740062	0.00199476	-0.12953	-0.392213	-0.910707	-0.378948	0.258909	-0.301131	-0.835874	-0.301048	-0.464359	0.515141	-0.6545	0.0171783	-0.675403	-0.00342308	-0.737241	0.2097	-0.708593	-0.320133	-0.59282	-0.137563	-0.888409	0.105992	-0.424936
-0.0456131	-0.697796	0.0280626	-0.714291	-0.0435368	-0.648612	0.101294	-0.753091	-0.284532	-0.012965	0.542572	-0.790246	0.472474	0.256398	0.404149	-0.740062	0.00199476	-0.12953	-0.392213	-0.910707	-0.377062	0.258759	-0.300329	-0.837061	-0.301048	-0.464359	0.515141	-0.6545	0.0170136	-0.679077	0.00142777	-0.733868	0.2097	-0.708593	-0.320133	-0.59282	-0.137563	-0.888409	0.105992	-0.424936
-0.0454929	-0.702304	0.0331546	-0.709648	-0.043167	-0.651311	0.102844	-0.750569	-0.283798	-0.0147351	0.542379	-0.790612	0.473898	0.254129	0.405701	-0.739085	0.00604725	-0.130287	-0.389014	-0.911952	-0.375623	0.258731	-0.299628	-0.837967	-0.305671	-0.477765	0.511582	-0.645438	0.0209418	-0.682013	0.000932169	-0.73104	0.20738	-0.695689	-0.321347	-0.608068	-0.134217	-0.901912	0.10481	-0.396933
-0.0442337	-0.704089	0.0344196	-0.707897	-0.0421006	-0.655064	0.103769	-0.747229	-0.282365	-0.0179244	0.541604	-0.79159	0.474386	0.252959	0.406741	-0.738601	0.00737079	-0.131142	-0.387436	-0.912491	-0.373266	0.257782	-0.299556	-0.839337	-0.310479	-0.484207	0.51135	-0.638488	0.0313776	-0.685631	-0.00550133	-0.727252	0.207491	-0.684753	-0.326035	-0.617869	-0.128866	-0.909868	0.100233	-0.381428
-0.0415941	-0.706235	0.0338243	-0.705944	-0.0421006	-0.655064	0.103769	-0.747229	-0.282365	-0.0179244	0.541604	-0.79159	0.475401	0.251723	0.407306	-0.738059	0.00761046	-0.132203	-0.386003	-0.912944	-0.373266	0.257782	-0.299556	-0.839337	-0.313357	-0.49183	0.509023	-0.633093	0.0313776	-0.685631	-0.00550133	-0.727252	0.209337	-0.669886	-0.335232	-0.628531	-0.122793	-0.918174	0.0930882	-0.364982
-0.0392157	-0.708923	0.032649	-0.703438	-0.0415901	-0.657332	0.103854	-0.745251	-0.281477	-0.018878	0.541029	-0.792276	0.47674	0.250398	0.407512	-0.737532	0.00697725	-0.133532	-0.384543	-0.913371	-0.37238	0.257127	-0.299953	-0.83979	-0.312156	-0.501038	0.503127	-0.631176	0.0349883	-0.686987	-0.00617677	-0.725801	0.210951	-0.653682	-0.347751	-0.638176	-0.122229	-0.926107	0.0869852	-0.346149
-0.0368915	-0.71141	0.0308801	-0.701128	-0.0410838	-0.660687	0.104056	-0.742279	-0.280415	-0.0199949	0.54056	-0.792945	0.4779	0.249332	0.407769	-0.737	0.00589664	-0.135406	-0.3827	-0.913877	-0.371529	0.254896	-0.302343	-0.83999	-0.310191	-0.509634	0.496361	-0.630619	0.0481291	-0.686353	-0.014914	-0.725521	0.20717	-0.640509	-0.35861	-0.646705	-0.113028	-0.934091	0.0758471	-0.330068
-0.0352369	-0.714071	0.0287612	-0.698594	-0.0399752	-0.668176	0.103988	-0.735615	-0.278504	-0.024532	0.540142	-0.793776	0.479678	0.246687	0.410331	-0.735312	0.00349905	-0.141496	-0.379095	-0.914469	-0.37128	0.253115	-0.304067	-0.840016	-0.309275	-0.521974	0.487289	-0.628045	0.0554741	-0.686106	-0.0203538	-0.725098	0.198573	-0.614467	-0.380679	-0.661878	-0.0828391	-0.9403	0.0519809	-0.325994
-0.0333719	-0.71707	0.0275631	-0.695656	-0.0395006	-0.673442	0.103334	-0.730915	-0.277936	-0.0320638	0.54003	-0.793783	0.480885	0.242058	0.415902	-0.732928	0.00304643	-0.148154	-0.37753	-0.914064	-0.372087	0.24828	-0.308037	-0.839656	-0.310484	-0.52961	0.483432	-0.624024	0.0566459	-0.689428	-0.0165008	-0.721947	0.1911	-0.590234	-0.404324	-0.672032	-0.103043	-0.932378	0.0381178	-0.344386
-0.031342	-0.7181	0.0263971	-0.694732	-0.0395345	-0.675505	0.102654	-0.729103	-0.277759	-0.0356825	0.539631	-0.793962	0.481225	0.239555	0.418384	-0.732114	0.00401221	-0.150982	-0.376707	-0.913937	-0.372922	0.246193	-0.308944	-0.839566	-0.311613	-0.532555	0.481707	-0.622286	0.0578614	-0.691762	-0.0161894	-0.719622	0.18813	-0.579727	-0.415837	-0.674984	-0.0947103	-0.92617	0.0254321	-0.364132
-0.0296144	-0.719524	0.0252007	-0.693378	-0.0391917	-0.678783	0.101355	-0.726254	-0.278281	-0.0409098	0.53804	-0.794606	0.481032	0.234806	0.42186	-0.731785	0.00706965	-0.155255	-0.37578	-0.913584	-0.374275	0.242974	-0.309808	-0.839583	-0.314659	-0.537222	0.479012	-0.618813	0.0569606	-0.696675	-0.0117992	-0.715024	0.183182	-0.565841	-0.434831	-0.676159	-0.0875184	-0.905328	0.00266699	-0.41559
-0.0293227	-0.719938	0.0243503	-0.692991	-0.0389776	-0.6799	0.100485	-0.725341	-0.278821	-0.0428804	0.536926	-0.795067	0.480511	0.232581	0.423094	-0.732125	0.00883523	-0.157008	-0.37605	-0.913158	-0.374411	0.241748	-0.310511	-0.839617	-0.317986	-0.53845	0.479035	-0.616021	0.054778	-0.699313	-0.00795214	-0.712669	0.179988	-0.562625	-0.440739	-0.675875	-0.0952111	-0.890867	-0.000319048	-0.444174
-0.0265069	-0.720811	0.0206985	-0.692315	-0.0382823	-0.68076	0.0976681	-0.724956	-0.280778	-0.0452379	0.534824	-0.795664	0.479182	0.229274	0.424463	-0.733246	0.0131096	-0.159374	-0.378089	-0.911854	-0.373613	0.24025	-0.311797	-0.839926	-0.322448	-0.541616	0.476653	-0.612765	0.0527359	-0.704806	-0.00363949	-0.707428	0.174397	-0.565046	-0.448972	-0.669875	-0.105213	-0.857562	0.00621219	-0.503468
-0.0254493	-0.721319	0.0190444	-0.691873	-0.0378863	-0.68102	0.0964159	-0.7249	-0.281733	-0.0460962	0.534304	-0.795626	0.478646	0.228338	0.425114	-0.733511	0.0153424	-0.160032	-0.379024	-0.911315	-0.372765	0.239812	-0.312078	-0.840324	-0.323145	-0.543072	0.474892	-0.612477	0.051866	-0.707996	-0.00186241	-0.704307	0.168341	-0.572935	-0.450017	-0.663996	-0.106182	-0.839353	0.0123164	-0.532973
-0.0258137	-0.72159	0.0179338	-0.691607	-0.0374249	-0.681454	0.0951344	-0.724686	-0.282166	-0.0465632	0.534206	-0.795512	0.478219	0.227964	0.425494	-0.733685	0.0171678	-0.160208	-0.379489	-0.911058	-0.371931	0.239256	-0.311954	-0.840897	-0.323543	-0.544204	0.473434	-0.61239	0.051009	-0.71154	0.000446632	-0.700792	0.15858	-0.582159	-0.44533	-0.661532	-0.110025	-0.820773	0.0208885	-0.560169
-0.0268592	-0.721279	0.0165854	-0.691925	-0.036971	-0.681363	0.0939889	-0.724944	-0.282022	-0.0465219	0.534401	-0.795434	0.478088	0.22829	0.425454	-0.733692	0.0185527	-0.159884	-0.379468	-0.911097	-0.371024	0.238611	-0.311575	-0.841622	-0.324811	-0.544438	0.472786	-0.612012	0.0495638	-0.715592	0.00335265	-0.69675	0.150283	-0.590794	-0.438148	-0.660609	-0.112792	-0.803323	0.0282404	-0.584083
-0.028915	-0.721731	0.0126697	-0.691453	-0.0362724	-0.679814	0.0917765	-0.726714	-0.281232	-0.0456614	0.535141	-0.795266	0.478447	0.229741	0.424941	-0.733303	0.0197398	-0.157969	-0.380043	-0.911166	-0.36926	0.238212	-0.309939	-0.843113	-0.330089	-0.542327	0.473581	-0.610446	0.0436745	-0.724074	0.0112347	-0.688246	0.146164	-0.600564	-0.428891	-0.658795	-0.11643	-0.780904	0.0395349	-0.612429
-0.03022	-0.722569	0.011386	-0.690544	-0.0357899	-0.67942	0.0906061	-0.727254	-0.281125	-0.0463132	0.535588	-0.794965	0.478715	0.229528	0.425761	-0.732718	0.0203825	-0.157477	-0.380731	-0.91095	-0.36926	0.238212	-0.309939	-0.843113	-0.333642	-0.540267	0.474984	-0.609249	0.0442704	-0.728502	0.0107786	-0.683527	0.151476	-0.597272	-0.433175	-0.657785	-0.113918	-0.782112	0.0389297	-0.611398
-0.0349754	-0.719018	0.0123448	-0.694001	-0.0364407	-0.678554	0.0890608	-0.72822	-0.281034	-0.0490277	0.53526	-0.795055	0.478452	0.227708	0.427702	-0.732328	0.0212869	-0.156472	-0.382653	-0.910297	-0.368133	0.237692	-0.309941	-0.843752	-0.34413	-0.527661	0.485311	-0.606319	0.0402603	-0.7428	0.0170152	-0.668085	0.162832	-0.613554	-0.429034	-0.642625	-0.108745	-0.778068	0.0340762	-0.617757
-0.0371625	-0.718944	0.0143742	-0.693925	-0.0368859	-0.677753	0.0890525	-0.728945	-0.281325	-0.0497432	0.534399	-0.795487	0.477877	0.226587	0.427811	-0.732987	0.0214458	-0.156237	-0.383534	-0.909962	-0.368157	0.237528	-0.310057	-0.843745	-0.345368	-0.518563	0.492063	-0.608019	0.0411019	-0.753724	0.0192992	-0.65562	0.175124	-0.619608	-0.43016	-0.632755	-0.107245	-0.774861	0.0313527	-0.622178
-0.0371625	-0.718944	0.0143742	-0.693925	-0.0376286	-0.676798	0.0893809	-0.729753	-0.281528	-0.0492147	0.532857	-0.796482	0.477389	0.226153	0.426406	-0.734257	0.0214458	-0.156237	-0.383534	-0.909962	-0.368488	0.237595	-0.310117	-0.84356	-0.345368	-0.518563	0.492063	-0.608019	0.0420405	-0.766822	0.022899	-0.640072	0.175124	-0.619608	-0.43016	-0.632755	-0.107245	-0.774861	0.0313527	-0.622178
-0.040155	-0.718124	0.0177513	-0.694529	-0.0382217	-0.676161	0.0888024	-0.730383	-0.282054	-0.0473186	0.531065	-0.797607	0.476889	0.22629	0.423814	-0.736038	0.0197543	-0.154558	-0.383897	-0.910135	-0.368799	0.238114	-0.309928	-0.843347	-0.335937	-0.495752	0.500326	-0.62534	0.0446772	-0.780423	0.0264519	-0.623092	0.173114	-0.636133	-0.416202	-0.626213	-0.113163	-0.770629	0.0311617	-0.626381
-0.040155	-0.718124	0.0177513	-0.694529	-0.0382217	-0.676161	0.0888024	-0.730383	-0.282054	-0.0473186	0.531065	-0.797607	0.476889	0.22629	0.423814	-0.736038	0.0197543	-0.154558	-0.383897	-0.910135	-0.368799	0.238114	-0.309928	-0.843347	-0.335937	-0.495752	0.500326	-0.62534	0.0467457	-0.793235	0.0319556	-0.606276	0.173114	-0.636133	-0.416202	-0.626213	-0.113163	-0.770629	0.0311617	-0.626381
-0.0427874	-0.719557	0.0222536	-0.692757	-0.0389133	-0.677064	0.0856875	-0.729882	-0.284533	-0.0456033	0.527568	-0.799145	0.475157	0.225028	0.420628	-0.739365	0.0197525	-0.152489	-0.388265	-0.908629	-0.368532	0.239864	-0.31036	-0.842809	-0.318062	-0.472573	0.507038	-0.646857	0.0450406	-0.805203	0.0405068	-0.589898	0.172714	-0.644867	-0.408897	-0.62219	-0.124445	-0.770663	0.0360922	-0.623931
-0.0389788	-0.72094	0.0201782	-0.691606	-0.0393684	-0.680069	0.0820798	-0.727475	-0.287265	-0.049571	0.524286	-0.800091	0.474179	0.219325	0.422507	-0.740634	0.0219805	-0.157038	-0.392613	-0.905931	-0.367076	0.239502	-0.315915	-0.841482	-0.313325	-0.442135	0.519369	-0.660757	0.0307515	-0.815651	0.0569325	-0.574915	0.184543	-0.644826	-0.414708	-0.614948	-0.127897	-0.77356	0.0367666	-0.619593
-0.0366364	-0.719825	0.0149687	-0.693026	-0.0404592	-0.680726	0.0814788	-0.726868	-0.287932	-0.050899	0.522336	-0.801043	0.474587	0.216288	0.422371	-0.741343	0.0230993	-0.162289	-0.394246	-0.904267	-0.365028	0.236367	-0.321104	-0.841295	-0.303949	-0.429432	0.519983	-0.67292	0.0180793	-0.798734	0.0587677	-0.598534	0.192638	-0.647696	-0.416638	-0.608107	-0.129681	-0.776342	0.0377808	-0.615669
-0.0377925	-0.719367	0.0140403	-0.693459	-0.0410931	-0.680558	0.0819836	-0.726932	-0.287851	-0.0497523	0.522366	-0.801124	0.475062	0.216734	0.42131	-0.741512	0.0225779	-0.163918	-0.394217	-0.903999	-0.364352	0.234252	-0.322322	-0.841714	-0.296025	-0.427002	0.516505	-0.680633	0.018907	-0.783691	0.0491229	-0.618917	0.192807	-0.651237	-0.413554	-0.606374	-0.130767	-0.777632	0.038566	-0.61376
-0.038976	-0.718867	0.0135768	-0.693921	-0.0419621	-0.680735	0.0826803	-0.726638	-0.287558	-0.0480418	0.52277	-0.80107	0.475851	0.218084	0.419788	-0.741474	0.0225779	-0.163918	-0.394217	-0.903999	-0.364037	0.232372	-0.322313	-0.842375	-0.287141	-0.426535	0.51106	-0.688793	0.0199909	-0.766181	0.0378867	-0.641196	0.194259	-0.654281	-0.410949	-0.604401	-0.132473	-0.778986	0.0399613	-0.611584
-0.038647	-0.718113	0.0126149	-0.694738	-0.0427222	-0.680976	0.0831734	-0.726311	-0.287218	-0.0460365	0.523421	-0.800885	0.476605	0.219984	0.418134	-0.741363	0.0188121	-0.164346	-0.391329	-0.905261	-0.363925	0.230818	-0.321379	-0.843206	-0.278611	-0.426779	0.503944	-0.697335	0.019326	-0.746628	0.0280119	-0.664371	0.197561	-0.656585	-0.409683	-0.601686	-0.133272	-0.780703	0.0407079	-0.609167
-0.0353901	-0.715074	0.00984206	-0.698083	-0.0436385	-0.680461	0.0836156	-0.726689	-0.286803	-0.0415652	0.524712	-0.800434	0.476969	0.221977	0.416546	-0.741428	0.0162988	-0.163956	-0.38956	-0.906144	-0.363952	0.229871	-0.319321	-0.844235	-0.268127	-0.42394	0.490857	-0.712349	0.0155877	-0.704654	0.00919625	-0.70932	0.201049	-0.658693	-0.4086	-0.598957	-0.133314	-0.785791	0.0416787	-0.602514
-0.0330073	-0.711641	0.00785785	-0.701723	-0.0442679	-0.677214	0.0849519	-0.729523	-0.28668	-0.0364098	0.525138	-0.800449	0.47781	0.226961	0.411029	-0.742457	0.00941307	-0.161785	-0.388775	-0.906968	-0.365665	0.231334	-0.31841	-0.843439	-0.26415	-0.420722	0.486298	-0.718841	0.00764395	-0.667397	-0.00924994	-0.744606	0.207021	-0.665346	-0.403324	-0.593117	-0.133172	-0.793848	0.0435942	-0.591752
-0.030896	-0.707706	0.00805798	-0.705786	-0.0455947	-0.674161	0.0866578	-0.732064	-0.286459	-0.0298902	0.52572	-0.800416	0.478464	0.2311	0.406094	-0.743474	0.00544349	-0.15929	-0.388214	-0.907682	-0.369434	0.234933	-0.316742	-0.841427	-0.261407	-0.417389	0.484975	-0.72267	-0.00141304	-0.637467	-0.0211891	-0.770185	0.212645	-0.670889	-0.397929	-0.588508	-0.131341	-0.803071	0.0444767	-0.579525
-0.030896	-0.707706	0.00805798	-0.705786	-0.0455947	-0.674161	0.0866578	-0.732064	-0.286459	-0.0298902	0.52572	-0.800416	0.478464	0.2311	0.406094	-0.743474	0.00544349	-0.15929	-0.388214	-0.907682	-0.369434	0.234933	-0.316742	-0.841427	-0.261407	-0.417389	0.484975	-0.72267	-0.00141304	-0.637467	-0.0211891	-0.770185	0.212645	-0.670889	-0.397929	-0.588508	-0.131341	-0.803071	0.0444767	-0.579525
-0.0293617	-0.704564	0.00810962	-0.708986	-0.0465522	-0.672997	0.0879436	-0.732921	-0.286208	-0.0264727	0.525937	-0.800484	0.478774	0.233397	0.40337	-0.744039	0.003266	-0.15819	-0.387808	-0.908058	-0.371607	0.237131	-0.316131	-0.840082	-0.260037	-0.416269	0.484227	-0.72431	-0.00483689	-0.626866	-0.0245016	-0.778727	0.215438	-0.675071	-0.393606	-0.585611	-0.129469	-0.807642	0.0441807	-0.573586
-0.0262267	-0.698165	0.00870223	-0.715403	-0.0486249	-0.669085	0.0908351	-0.73601	-0.285268	-0.0192396	0.527141	-0.800234	0.479466	0.238993	0.398041	-0.744687	-0.00124215	-0.155791	-0.387767	-0.908496	-0.37559	0.241782	-0.31572	-0.837135	-0.258664	-0.417564	0.482162	-0.725433	-0.0119392	-0.613318	-0.0257427	-0.789326	0.22277	-0.684448	-0.3826	-0.579243	-0.1247	-0.81637	0.043789	-0.562203
-0.0218175	-0.694919	0.0101874	-0.718685	-0.0507081	-0.662072	0.0934855	-0.741855	-0.283376	-0.0115245	0.529256	-0.799658	0.479965	0.242334	0.39531	-0.74474	-0.00338276	-0.154222	-0.388051	-0.908637	-0.378256	0.24646	-0.315191	-0.834766	-0.257974	-0.423026	0.479039	-0.724583	-0.0137149	-0.608743	-0.0299565	-0.792683	0.227904	-0.688899	-0.376625	-0.575875	-0.120302	-0.820856	0.0426387	-0.556691
-0.0192586	-0.694897	0.011579	-0.718758	-0.05112	-0.657985	0.0942718	-0.745356	-0.282388	-0.00719415	0.530626	-0.799151	0.481478	0.249608	0.389698	-0.744319	-0.00786961	-0.151118	-0.389013	-0.908719	-0.3789	0.248846	-0.314811	-0.833909	-0.257981	-0.428203	0.476808	-0.723009	-0.0129686	-0.609918	-0.0317222	-0.791723	0.239004	-0.69555	-0.366175	-0.57009	-0.108954	-0.831998	0.0399149	-0.542508
-0.0156482	-0.694537	0.0162449	-0.719103	-0.0518249	-0.650841	0.0963216	-0.751294	-0.279472	0.00264093	0.534138	-0.797863	0.482234	0.253716	0.386521	-0.744097	-0.0101673	-0.148667	-0.389383	-0.908942	-0.379127	0.252961	-0.312712	-0.833357	-0.262119	-0.445175	0.4706	-0.715296	0.00188744	-0.608629	-0.0502211	-0.791862	0.245787	-0.696771	-0.362382	-0.568135	-0.0987029	-0.839218	0.0357263	-0.533568
-0.0156482	-0.694537	0.0162449	-0.719103	-0.0518249	-0.650841	0.0963216	-0.751294	-0.279472	0.00264093	0.534138	-0.797863	0.483403	0.257672	0.383662	-0.743459	-0.0123468	-0.145875	-0.390665	-0.908817	-0.379127	0.252961	-0.312712	-0.833357	-0.262119	-0.445175	0.4706	-0.715296	0.00188744	-0.608629	-0.0502211	-0.791862	0.253254	-0.696697	-0.359192	-0.566972	-0.0827956	-0.847387	0.0285212	-0.523705
-0.0174776	-0.701669	0.0179419	-0.712063	-0.0510171	-0.650659	0.0965556	-0.751476	-0.27885	0.00479498	0.536448	-0.79652	0.48357	0.259694	0.383847	-0.74255	-0.012151	-0.145852	-0.395273	-0.906829	-0.377846	0.25388	-0.313705	-0.833286	-0.269993	-0.43576	0.482723	-0.710067	0.0136742	-0.612583	-0.0621105	-0.787844	0.251992	-0.700152	-0.351073	-0.568362	-0.0700198	-0.855311	0.0237774	-0.512811
-0.0355814	-0.711232	0.0323176	-0.701312	-0.0549437	-0.652925	0.106627	-0.747864	-0.27908	0.0029693	0.539576	-0.794332	0.481719	0.260715	0.386022	-0.742268	-0.0120174	-0.150227	-0.396055	-0.905775	-0.377978	0.246907	-0.322315	-0.832035	-0.270793	-0.422685	0.490742	-0.712166	0.0237037	-0.632721	-0.0496966	-0.77242	0.25115	-0.702022	-0.343674	-0.570944	-0.0586072	-0.862578	0.0191599	-0.502152
-0.0355814	-0.711232	0.0323176	-0.701312	-0.0549437	-0.652925	0.106627	-0.747864	-0.27908	0.0029693	0.539576	-0.794332	0.478549	0.261612	0.389039	-0.742427	-0.0132414	-0.155836	-0.394639	-0.905428	-0.377978	0.246907	-0.322315	-0.832035	-0.270793	-0.422685	0.490742	-0.712166	0.0237037	-0.632721	-0.0496966	-0.77242	0.257006	-0.699929	-0.340332	-0.572906	-0.0439068	-0.868536	0.0129573	-0.493507
-0.0360506	-0.718819	0.033306	-0.693463	-0.0601844	-0.654617	0.112199	-0.745161	-0.284054	-0.00291046	0.543566	-0.789836	0.472774	0.260737	0.397957	-0.741708	-0.0163992	-0.168701	-0.388376	-0.905779	-0.375643	0.23585	-0.329271	-0.833575	-0.278731	-0.435332	0.491293	-0.701018	0.0193732	-0.647173	-0.0313983	-0.76145	0.277421	-0.690716	-0.340861	-0.57425	-0.0147754	-0.874654	0.00257236	-0.484515
-0.0355196	-0.721572	0.0343063	-0.690576	-0.0616515	-0.654936	0.112373	-0.744735	-0.288231	-0.00950717	0.544152	-0.787864	0.471346	0.258483	0.402141	-0.741149	-0.0173941	-0.175163	-0.387971	-0.904707	-0.374102	0.229013	-0.333494	-0.834495	-0.279364	-0.443069	0.486795	-0.699054	0.0235392	-0.650374	-0.0348235	-0.75845	0.284003	-0.688607	-0.339527	-0.574356	-0.00445252	-0.875345	-0.00110403	-0.483478
-0.0349185	-0.727789	0.0372271	-0.683899	-0.0631705	-0.657124	0.113948	-0.742438	-0.288886	-0.0103097	0.543288	-0.788212	0.469976	0.255342	0.404327	-0.741918	-0.0193534	-0.183506	-0.382918	-0.905165	-0.371474	0.21851	-0.336529	-0.837263	-0.29218	-0.455139	0.491151	-0.682825	0.020088	-0.653255	-0.0287907	-0.756323	0.287767	-0.688414	-0.336955	-0.574227	0.0101909	-0.874883	-0.00333754	-0.484216
-0.0365808	-0.7312	0.0415561	-0.679913	-0.0632958	-0.66242	0.115486	-0.737466	-0.287463	-0.0126283	0.539737	-0.791132	0.470742	0.252399	0.403272	-0.743014	-0.0188288	-0.185245	-0.37762	-0.907046	-0.37042	0.214182	-0.334151	-0.839797	-0.301058	-0.460694	0.49475	-0.672568	0.0163395	-0.655352	-0.0200832	-0.754879	0.295851	-0.690323	-0.327938	-0.573047	0.0150713	-0.874744	0.000727256	-0.48435
-0.0373974	-0.732612	0.0435262	-0.678223	-0.0633404	-0.667578	0.116502	-0.732636	-0.285956	-0.0167643	0.537007	-0.793456	0.471366	0.250548	0.403218	-0.743273	-0.0174936	-0.185627	-0.376241	-0.907568	-0.369674	0.213509	-0.333618	-0.840508	-0.302214	-0.465991	0.494905	-0.668273	0.0171435	-0.658159	-0.0178257	-0.752473	0.295441	-0.692684	-0.323955	-0.572675	0.0118961	-0.875123	0.00623663	-0.483714
-0.0374535	-0.734491	0.0450624	-0.676084	-0.0633681	-0.669864	0.117313	-0.730414	-0.286056	-0.0198038	0.536776	-0.793506	0.471465	0.247216	0.405964	-0.742831	-0.0144651	-0.187243	-0.374445	-0.908032	-0.369674	0.213509	-0.333618	-0.840508	-0.302777	-0.466996	0.494793	-0.667399	0.0171435	-0.658159	-0.0178257	-0.752473	0.295706	-0.696837	-0.318163	-0.570743	0.0073155	-0.875116	0.0136639	-0.483666
-0.0369089	-0.735387	0.045389	-0.675118	-0.0635152	-0.673338	0.119278	-0.72688	-0.287988	-0.0272133	0.537478	-0.792111	0.470809	0.245542	0.408852	-0.742219	-0.0127056	-0.18853	-0.374496	-0.907771	-0.366782	0.21331	-0.337357	-0.840333	-0.301903	-0.469939	0.493046	-0.667021	0.0218277	-0.662557	-0.0190845	-0.74845	0.297461	-0.697911	-0.317172	-0.569069	0.00815348	-0.874549	0.0136309	-0.484677
-0.0340612	-0.736866	0.0434557	-0.67378	-0.0631625	-0.674575	0.119751	-0.725685	-0.289527	-0.0303115	0.537868	-0.791172	0.468261	0.242605	0.415238	-0.74125	-0.00943062	-0.191644	-0.374131	-0.907309	-0.365482	0.212659	-0.338862	-0.840459	-0.300597	-0.471919	0.490917	-0.667783	0.0246082	-0.664072	-0.0220024	-0.746939	0.302294	-0.698233	-0.317599	-0.565879	0.0120205	-0.873233	0.0108345	-0.487034
-0.0302475	-0.737517	0.0399831	-0.673465	-0.0608314	-0.677261	0.119889	-0.723355	-0.294017	-0.0341733	0.539365	-0.788335	0.464264	0.241919	0.420217	-0.741183	-0.00507751	-0.19419	-0.373714	-0.906974	-0.362225	0.209114	-0.340194	-0.842219	-0.294852	-0.477646	0.484426	-0.671005	0.031862	-0.667728	-0.028975	-0.743159	0.308122	-0.697315	-0.320246	-0.562365	0.0143084	-0.872152	0.00820735	-0.488957
-0.0297373	-0.737102	0.0394133	-0.673976	-0.0593689	-0.678479	0.119659	-0.722374	-0.294448	-0.0347628	0.539895	-0.787785	0.463649	0.242262	0.421078	-0.740967	-0.00333343	-0.194495	-0.372823	-0.907284	-0.361037	0.207006	-0.338824	-0.8438	-0.294393	-0.478059	0.484214	-0.671066	0.0327433	-0.670163	-0.0296225	-0.7409	0.309319	-0.697234	-0.32092	-0.561424	0.014107	-0.871949	0.00786236	-0.48933
-0.0283291	-0.735774	0.0385866	-0.675533	-0.058697	-0.678443	0.11956	-0.722479	-0.29398	-0.0350097	0.541018	-0.787178	0.463653	0.243522	0.421643	-0.740229	2.91E-05	-0.193945	-0.371836	-0.907812	-0.360525	0.206217	-0.337872	-0.844594	-0.294058	-0.478747	0.483697	-0.671095	0.0324989	-0.671026	-0.0295256	-0.740133	0.310137	-0.697207	-0.32143	-0.560714	0.0132015	-0.871938	0.00797545	-0.489373
-0.0275395	-0.735188	0.0380762	-0.676232	-0.0577989	-0.677876	0.119131	-0.723154	-0.293284	-0.034598	0.541298	-0.787264	0.464358	0.244093	0.421267	-0.739813	0.000918535	-0.193179	-0.371402	-0.908153	-0.359689	0.206294	-0.335765	-0.845771	-0.293988	-0.479685	0.483672	-0.670474	0.0308463	-0.672136	-0.0279112	-0.739258	0.309919	-0.697284	-0.321531	-0.560681	0.0115117	-0.872218	0.00915215	-0.488896
-0.0271874	-0.733944	0.0378364	-0.677611	-0.0576912	-0.677618	0.119152	-0.7234	-0.291859	-0.0333602	0.541561	-0.787665	0.466076	0.244955	0.419991	-0.739174	0.00165365	-0.19103	-0.370891	-0.908815	-0.359712	0.206977	-0.334818	-0.84597	-0.294916	-0.479944	0.483521	-0.669989	0.0297804	-0.672489	-0.0268502	-0.73902	0.308357	-0.698257	-0.320779	-0.560762	0.00778156	-0.872741	0.0115905	-0.487984
-0.0280557	-0.733223	0.0384909	-0.678318	-0.0584906	-0.676959	0.120133	-0.723791	-0.291399	-0.0327685	0.541576	-0.78785	0.466548	0.245123	0.419451	-0.739127	0.0016133	-0.189971	-0.370683	-0.909122	-0.360333	0.209018	-0.333709	-0.845642	-0.296299	-0.479245	0.484628	-0.669079	0.0271882	-0.672777	-0.0246153	-0.738936	0.307962	-0.69881	-0.320212	-0.560614	0.00740395	-0.872679	0.0117768	-0.488096
-0.0307277	-0.732286	0.0409802	-0.679069	-0.0592587	-0.676321	0.120823	-0.72421	-0.291749	-0.0320719	0.541294	-0.787944	0.466733	0.245034	0.418872	-0.739368	0.000849402	-0.188373	-0.371105	-0.909283	-0.360858	0.210109	-0.333751	-0.845131	-0.298804	-0.47879	0.486464	-0.666956	0.0251596	-0.672779	-0.0227571	-0.739066	0.307162	-0.699389	-0.319699	-0.560624	0.00566747	-0.872855	0.0128841	-0.487777
-0.0350217	-0.732146	0.0451315	-0.678749	-0.0607274	-0.674604	0.121557	-0.725565	-0.29329	-0.0303093	0.540972	-0.787662	0.465716	0.2456	0.417704	-0.740482	-0.00123052	-0.186964	-0.372319	-0.909077	-0.362035	0.212604	-0.334256	-0.843803	-0.301342	-0.477997	0.487215	-0.665833	0.0210609	-0.672981	-0.0195624	-0.739101	0.30535	-0.700374	-0.318621	-0.560998	0.00301542	-0.873245	0.0149111	-0.487044
-0.0400936	-0.730835	0.0494716	-0.679578	-0.0625795	-0.671956	0.122031	-0.727782	-0.294899	-0.0274784	0.540294	-0.787631	0.464327	0.246921	0.415494	-0.742156	-0.00369804	-0.185289	-0.374454	-0.908537	-0.364808	0.217068	-0.335326	-0.841042	-0.304001	-0.476542	0.48986	-0.663723	0.0170998	-0.67343	-0.0163634	-0.738872	0.30314	-0.701937	-0.316688	-0.561337	0.000997341	-0.873615	0.0166883	-0.486331
-0.0435719	-0.729751	0.0527532	-0.680281	-0.0647546	-0.670344	0.123016	-0.728913	-0.296455	-0.0250614	0.539816	-0.787455	0.463095	0.248085	0.413605	-0.743591	-0.00606382	-0.183937	-0.375825	-0.908233	-0.36565	0.218487	-0.335607	-0.840197	-0.306363	-0.474895	0.493108	-0.661409	0.0162196	-0.67331	-0.0156637	-0.739017	0.300034	-0.703651	-0.314773	-0.561936	-0.00349347	-0.874312	0.0201641	-0.484932
-0.0451604	-0.728879	0.0541938	-0.680998	-0.0656924	-0.669642	0.123591	-0.729376	-0.297089	-0.0239324	0.539668	-0.787352	0.46265	0.248503	0.412813	-0.744168	-0.00709123	-0.183199	-0.376562	-0.908069	-0.367013	0.220586	-0.335982	-0.838904	-0.307556	-0.474053	0.494576	-0.660362	0.014246	-0.672871	-0.0142797	-0.739485	0.29815	-0.704886	-0.313508	-0.562099	-0.00584543	-0.874577	0.0219441	-0.484355
-0.0472878	-0.72764	0.0559912	-0.682032	-0.0675449	-0.668038	0.12516	-0.730409	-0.297771	-0.0216636	0.539496	-0.787278	0.462579	0.249498	0.411087	-0.744835	-0.00875747	-0.181665	-0.377313	-0.908051	-0.367604	0.221589	-0.335758	-0.83847	-0.309774	-0.472796	0.496726	-0.658611	0.0129934	-0.672559	-0.0134906	-0.739807	0.294233	-0.707123	-0.311445	-0.5625	-0.0105039	-0.87527	0.024985	-0.482874
-0.0481789	-0.72705	0.056614	-0.682548	-0.0682842	-0.667711	0.12606	-0.730485	-0.298097	-0.0203993	0.53969	-0.787056	0.462433	0.250383	0.410211	-0.745111	-0.00972961	-0.180959	-0.376994	-0.908314	-0.368704	0.223222	-0.335347	-0.837718	-0.310737	-0.472382	0.497297	-0.658022	0.00990134	-0.672056	-0.0111311	-0.74035	0.292661	-0.707852	-0.311004	-0.562647	-0.0124653	-0.875619	0.0260774	-0.482137
-0.0486727	-0.726682	0.0570052	-0.682873	-0.0688976	-0.667466	0.126899	-0.730506	-0.29853	-0.0192427	0.54001	-0.786701	0.462101	0.251319	0.409573	-0.745354	-0.0108262	-0.18039	-0.376768	-0.908509	-0.368704	0.223222	-0.335347	-0.837718	-0.31148	-0.472048	0.497825	-0.657511	0.00990134	-0.672056	-0.0111311	-0.74035	0.291001	-0.708615	-0.310472	-0.562841	-0.0144592	-0.875927	0.0270641	-0.481467
-0.0495286	-0.726182	0.0578795	-0.683269	-0.0700133	-0.666505	0.128493	-0.730998	-0.299674	-0.0175697	0.54093	-0.785673	0.460809	0.253172	0.409094	-0.745789	-0.012533	-0.17922	-0.376648	-0.908768	-0.370135	0.224673	-0.335021	-0.836829	-0.313176	-0.470438	0.499346	-0.656705	0.00839841	-0.671718	-0.0105099	-0.740685	0.288303	-0.710119	-0.309521	-0.562858	-0.0175185	-0.876157	0.0286575	-0.480854
-0.0501329	-0.725687	0.058612	-0.683688	-0.0704183	-0.666089	0.129207	-0.731213	-0.300185	-0.0167867	0.541511	-0.785094	0.460244	0.254115	0.408959	-0.74589	-0.0132021	-0.17869	-0.376653	-0.908861	-0.370875	0.225215	-0.334924	-0.836394	-0.313766	-0.469628	0.499926	-0.656562	0.00807956	-0.67153	-0.0103783	-0.740861	0.28763	-0.710832	-0.309036	-0.562568	-0.0183763	-0.876094	0.0291872	-0.480905
-0.0501998	-0.725227	0.0590276	-0.684135	-0.0708232	-0.665583	0.130076	-0.731481	-0.300567	-0.0161716	0.541978	-0.784639	0.459885	0.254922	0.408852	-0.745896	-0.0137539	-0.178336	-0.376611	-0.908939	-0.371414	0.225636	-0.334934	-0.836037	-0.3141	-0.4693	0.500173	-0.65645	0.00772675	-0.67134	-0.0103086	-0.741038	0.286438	-0.711754	-0.308462	-0.562326	-0.0201092	-0.876092	0.0301916	-0.480778
-0.0498109	-0.724745	0.0591466	-0.684664	-0.0712815	-0.665182	0.131147	-0.731609	-0.300864	-0.0156286	0.54236	-0.784272	0.459615	0.255587	0.408694	-0.745922	-0.0142551	-0.178196	-0.376539	-0.908989	-0.371789	0.225936	-0.334976	-0.835773	-0.314234	-0.469408	0.500223	-0.65627	0.00745836	-0.671031	-0.010711	-0.741315	0.285097	-0.712492	-0.308117	-0.562263	-0.0219245	-0.876245	0.0309645	-0.48037
-0.0500079	-0.723983	0.0598055	-0.685399	-0.0717076	-0.664999	0.13274	-0.731447	-0.30129	-0.0145338	0.542981	-0.7837	0.459033	0.256848	0.408264	-0.746082	-0.0153324	-0.177883	-0.37578	-0.909347	-0.372512	0.226107	-0.334855	-0.835454	-0.315596	-0.469171	0.500205	-0.655799	0.00461253	-0.670414	-0.00871422	-0.741922	0.283012	-0.713474	-0.307974	-0.562148	-0.0243968	-0.87649	0.03168	-0.479757
-0.0502962	-0.723154	0.0602498	-0.686213	-0.0718299	-0.664749	0.133422	-0.731538	-0.301473	-0.014027	0.543207	-0.783482	0.458614	0.257524	0.408057	-0.746219	-0.01584	-0.177768	-0.375566	-0.909449	-0.372783	0.226177	-0.334761	-0.835351	-0.316388	-0.468818	0.500876	-0.655157	0.00295699	-0.670257	-0.00737094	-0.742087	0.282465	-0.713985	-0.307706	-0.561922	-0.0246585	-0.87642	0.0316743	-0.479871
-0.0496136	-0.722271	0.0603383	-0.687185	-0.0716963	-0.663736	0.134171	-0.732334	-0.302026	-0.0131366	0.543868	-0.782826	0.457874	0.258879	0.407882	-0.746301	-0.0164499	-0.177336	-0.375247	-0.909654	-0.373805	0.225785	-0.334153	-0.835244	-0.316827	-0.468672	0.500812	-0.655098	0.00184685	-0.670275	-0.00725404	-0.742075	0.281491	-0.714359	-0.307547	-0.562022	-0.0257218	-0.876701	0.0322131	-0.479267
-0.0495927	-0.721584	0.0607542	-0.687871	-0.0715093	-0.662974	0.134842	-0.732919	-0.30202	-0.0116496	0.544707	-0.782267	0.457429	0.260596	0.407236	-0.74633	-0.0174394	-0.176285	-0.374094	-0.910315	-0.374951	0.225862	-0.332825	-0.83524	-0.317169	-0.468426	0.500874	-0.655062	0.00115426	-0.670344	-0.00726006	-0.742014	0.280622	-0.714758	-0.307551	-0.561947	-0.0270055	-0.87694	0.0326532	-0.478728
-0.0499006	-0.721201	0.0611302	-0.688216	-0.0713848	-0.662498	0.135219	-0.733292	-0.301817	-0.0110531	0.545133	-0.782057	0.457569	0.26134	0.406973	-0.746126	-0.017767	-0.175805	-0.373933	-0.910467	-0.375539	0.226061	-0.332363	-0.835106	-0.317688	-0.468146	0.501291	-0.654692	0.000691044	-0.670399	-0.00694236	-0.741968	0.27982	-0.715428	-0.307129	-0.561726	-0.0272957	-0.876913	0.0326236	-0.478764
-0.0496324	-0.720922	0.0613525	-0.688508	-0.0710082	-0.661208	0.135726	-0.734398	-0.301416	-0.0104055	0.545897	-0.781688	0.458013	0.262327	0.406838	-0.745582	-0.0183424	-0.174709	-0.37343	-0.910873	-0.376131	0.226321	-0.331903	-0.834952	-0.318417	-0.468141	0.501546	-0.654146	0.000418305	-0.670418	-0.00692264	-0.741952	0.279026	-0.715679	-0.307105	-0.561814	-0.02832	-0.877208	0.0330994	-0.478129
-0.0493875	-0.720884	0.0612533	-0.688575	-0.0708194	-0.660807	0.135869	-0.734751	-0.301174	-0.00981318	0.546331	-0.781486	0.458131	0.26291	0.40661	-0.745427	-0.0188344	-0.174005	-0.373101	-0.911133	-0.376842	0.227428	-0.330766	-0.834782	-0.318702	-0.468257	0.501378	-0.654052	-0.000211007	-0.670423	-0.00658494	-0.74195	0.278625	-0.715672	-0.307285	-0.561923	-0.0290126	-0.877367	0.0335379	-0.477765
