FULLBODY	1																																						
Frames:	158																																						
-0.410047	-0.612646	0.39379	-0.54905	-0.383306	-0.579203	0.395624	-0.600902	-0.70941	-0.193034	0.600836	-0.313802	-0.678012	-0.0807814	0.672204	-0.28621	-0.0763291	-0.648746	-0.00336717	-0.75716	-0.139195	-0.649109	-0.0422584	-0.746657	-0.674156	-0.185491	0.681622	-0.215633	-0.41631	-0.592904	0.470863	-0.503428	-0.186491	-0.736947	0.0378776	-0.648611	-0.372928	-0.628793	0.449795	-0.513058
-0.413848	-0.609452	0.395648	-0.548416	-0.3869	-0.57358	0.396313	-0.603531	-0.711437	-0.189513	0.603846	-0.305471	-0.67963	-0.0755142	0.674192	-0.279045	-0.0771127	-0.648619	-0.00157467	-0.757195	-0.140278	-0.648628	-0.0412283	-0.74693	-0.675212	-0.182175	0.681135	-0.216693	-0.418599	-0.591263	0.470513	-0.503787	-0.188568	-0.736569	0.0356608	-0.648565	-0.374463	-0.628293	0.447836	-0.514265
-0.414116	-0.609179	0.395495	-0.548628	-0.386215	-0.574561	0.39632	-0.603033	-0.711539	-0.189951	0.603607	-0.305434	-0.679637	-0.0761835	0.674036	-0.279221	-0.0768162	-0.648583	-0.00157581	-0.757256	-0.139851	-0.648648	-0.0411871	-0.746994	-0.675202	-0.182143	0.681145	-0.216721	-0.418549	-0.591262	0.470494	-0.503846	-0.188515	-0.73656	0.0355971	-0.648594	-0.374489	-0.628241	0.447883	-0.514269
-0.414919	-0.608344	0.395027	-0.549285	-0.384786	-0.576254	0.396606	-0.602141	-0.711297	-0.191717	0.603079	-0.305935	-0.679725	-0.0781155	0.67353	-0.279695	-0.0759071	-0.648309	-0.00130275	-0.757583	-0.13921	-0.648482	-0.0410357	-0.747267	-0.675157	-0.18201	0.681229	-0.216707	-0.418675	-0.591102	0.470638	-0.503796	-0.188696	-0.736631	0.0361481	-0.64843	-0.374198	-0.628326	0.447621	-0.514604
-0.415078	-0.608197	0.394882	-0.549432	-0.383899	-0.577246	0.39706	-0.601458	-0.710988	-0.192989	0.603103	-0.305806	-0.679688	-0.0794082	0.673611	-0.279226	-0.0754126	-0.648207	-0.00112062	-0.75772	-0.138232	-0.648287	-0.040601	-0.747641	-0.675214	-0.181463	0.681349	-0.216614	-0.418693	-0.591011	0.470653	-0.503873	-0.189053	-0.736409	0.0358219	-0.648597	-0.374291	-0.628307	0.447872	-0.514342
-0.415125	-0.608184	0.395047	-0.549291	-0.383516	-0.577662	0.397602	-0.600945	-0.710781	-0.193778	0.603313	-0.305376	-0.679573	-0.0799358	0.673733	-0.27906	-0.0748922	-0.647913	-0.000306672	-0.758023	-0.137162	-0.648047	-0.0398883	-0.748085	-0.675241	-0.181372	0.681331	-0.216662	-0.418839	-0.590829	0.470682	-0.503939	-0.189097	-0.736356	0.0356928	-0.648651	-0.374268	-0.628307	0.447829	-0.514396
-0.414765	-0.608332	0.395139	-0.549334	-0.383494	-0.577724	0.397803	-0.600766	-0.710807	-0.193877	0.603565	-0.304754	-0.679263	-0.0799949	0.674364	-0.278273	-0.0737879	-0.64762	0.000302334	-0.758382	-0.136421	-0.647999	-0.0398993	-0.748261	-0.675223	-0.181159	0.681419	-0.216618	-0.418905	-0.590757	0.470694	-0.503955	-0.189117	-0.736354	0.0357141	-0.648646	-0.374216	-0.628332	0.447656	-0.514553
-0.41451	-0.608434	0.395175	-0.549387	-0.383409	-0.577957	0.398177	-0.600349	-0.711155	-0.19384	0.603938	-0.303222	-0.679106	-0.0797532	0.674761	-0.277761	-0.0737879	-0.64762	0.000302334	-0.758382	-0.135054	-0.647944	-0.0399468	-0.748554	-0.675197	-0.181081	0.681401	-0.216818	-0.418883	-0.590751	0.470631	-0.50404	-0.189296	-0.736219	0.0356355	-0.648751	-0.374295	-0.628311	0.447742	-0.514446
-0.414632	-0.608269	0.395454	-0.549277	-0.383464	-0.578013	0.398414	-0.600103	-0.711175	-0.194095	0.604025	-0.302838	-0.679073	-0.0798373	0.675118	-0.276951	-0.0726345	-0.647414	0.000848846	-0.758669	-0.134564	-0.647967	-0.0397531	-0.748632	-0.675256	-0.180862	0.681422	-0.216754	-0.418907	-0.590704	0.470676	-0.504034	-0.189372	-0.736223	0.0355961	-0.648727	-0.374371	-0.628206	0.447756	-0.514507
-0.414887	-0.608082	0.395517	-0.549246	-0.38359	-0.577983	0.398698	-0.599862	-0.711172	-0.194348	0.604065	-0.302602	-0.679228	-0.0800484	0.675109	-0.27653	-0.0717784	-0.647193	0.00129562	-0.758939	-0.13412	-0.648016	-0.0395343	-0.748681	-0.675304	-0.180631	0.68147	-0.216646	-0.418976	-0.590632	0.470737	-0.504004	-0.189416	-0.736271	0.0357235	-0.648653	-0.374325	-0.628212	0.447706	-0.514578
-0.415081	-0.607941	0.395537	-0.549241	-0.383702	-0.577995	0.398915	-0.599635	-0.71126	-0.194406	0.604094	-0.302301	-0.679469	-0.080117	0.675046	-0.276073	-0.0714912	-0.64718	0.00150741	-0.758976	-0.133703	-0.648098	-0.0393947	-0.748693	-0.675357	-0.180394	0.681505	-0.216568	-0.419003	-0.590587	0.470802	-0.503973	-0.18957	-0.736146	0.0357317	-0.648749	-0.37439	-0.628194	0.447876	-0.514404
-0.415317	-0.607787	0.395555	-0.54922	-0.3838	-0.578043	0.39912	-0.599389	-0.711432	-0.194355	0.604076	-0.301967	-0.679742	-0.0801006	0.674955	-0.275626	-0.0712701	-0.647214	0.0016881	-0.758968	-0.133399	-0.648219	-0.039209	-0.748652	-0.675377	-0.180243	0.681523	-0.216577	-0.418961	-0.59059	0.470842	-0.503967	-0.189742	-0.736037	0.0356215	-0.648829	-0.374431	-0.628213	0.448025	-0.514222
-0.415839	-0.607393	0.395628	-0.549209	-0.384053	-0.578086	0.39961	-0.598859	-0.711633	-0.19427	0.603998	-0.301702	-0.680313	-0.0800775	0.674652	-0.274966	-0.0712692	-0.647336	0.00210558	-0.758863	-0.133215	-0.64848	-0.0387248	-0.748484	-0.675421	-0.179961	0.681579	-0.216497	-0.41896	-0.590534	0.470912	-0.503969	-0.189874	-0.736135	0.0358422	-0.648667	-0.374418	-0.628191	0.448075	-0.514214
-0.416216	-0.607113	0.395648	-0.549219	-0.384623	-0.577738	0.39973	-0.598748	-0.711757	-0.193796	0.603984	-0.301743	-0.68078	-0.079675	0.674381	-0.274591	-0.0715753	-0.647562	0.0021937	-0.758641	-0.133336	-0.648697	-0.0386264	-0.748279	-0.67552	-0.179784	0.681603	-0.216257	-0.419034	-0.590478	0.470882	-0.504	-0.189974	-0.73597	0.036001	-0.648816	-0.374437	-0.62819	0.448186	-0.514105
-0.416607	-0.606761	0.395762	-0.549229	-0.385234	-0.577372	0.39987	-0.598615	-0.711901	-0.193031	0.603996	-0.301869	-0.680921	-0.078786	0.67429	-0.274721	-0.0722217	-0.647809	0.00213095	-0.758369	-0.134055	-0.648786	-0.0387237	-0.748068	-0.675559	-0.179609	0.681687	-0.216019	-0.419145	-0.59039	0.47093	-0.503967	-0.19002	-0.736074	0.0363037	-0.648668	-0.374489	-0.628148	0.448186	-0.514118
-0.416852	-0.606542	0.395804	-0.549255	-0.3855	-0.577199	0.399995	-0.598528	-0.711996	-0.192626	0.603991	-0.301913	-0.680863	-0.0782436	0.674274	-0.27506	-0.0726363	-0.647904	0.00211356	-0.758248	-0.13464	-0.648761	-0.0388321	-0.74798	-0.675603	-0.179546	0.681678	-0.215961	-0.419207	-0.590347	0.470981	-0.503918	-0.190152	-0.736139	0.0366857	-0.648534	-0.374476	-0.628132	0.448145	-0.514183
-0.416852	-0.606542	0.395804	-0.549255	-0.38575	-0.577058	0.40007	-0.598452	-0.712153	-0.192161	0.603961	-0.301899	-0.680863	-0.0782436	0.674274	-0.27506	-0.0726363	-0.647904	0.00211356	-0.758248	-0.13464	-0.648761	-0.0388321	-0.74798	-0.675603	-0.179546	0.681678	-0.215961	-0.419207	-0.590347	0.470981	-0.503918	-0.190152	-0.736139	0.0366857	-0.648534	-0.374476	-0.628132	0.448145	-0.514183
-0.417181	-0.606274	0.395738	-0.549348	-0.386032	-0.576906	0.400193	-0.598334	-0.712287	-0.191766	0.603903	-0.30195	-0.680541	-0.0771206	0.674402	-0.275858	-0.0736117	-0.64804	0.00212331	-0.758037	-0.136142	-0.648643	-0.0390771	-0.747797	-0.675639	-0.17947	0.681688	-0.215879	-0.41927	-0.590337	0.470967	-0.50389	-0.190196	-0.736052	0.0366311	-0.648622	-0.374546	-0.628151	0.448341	-0.513938
-0.417741	-0.605807	0.395814	-0.549383	-0.386502	-0.576656	0.400461	-0.598093	-0.712443	-0.191276	0.603748	-0.302203	-0.68024	-0.0763615	0.674412	-0.276787	-0.074631	-0.648112	0.00214084	-0.757876	-0.137775	-0.648406	-0.0392912	-0.747692	-0.675667	-0.179364	0.681717	-0.215789	-0.419328	-0.590307	0.471047	-0.503802	-0.190269	-0.7362	0.0369706	-0.648413	-0.374491	-0.62817	0.448243	-0.514041
-0.417984	-0.605726	0.395839	-0.54927	-0.386888	-0.5765	0.401016	-0.597621	-0.712645	-0.191005	0.603673	-0.302049	-0.680044	-0.0759234	0.674404	-0.277408	-0.0753666	-0.648105	0.00244108	-0.757809	-0.139334	-0.648135	-0.0395446	-0.747625	-0.675685	-0.17917	0.681753	-0.215781	-0.419458	-0.590256	0.471152	-0.503655	-0.190505	-0.736186	0.0371392	-0.64835	-0.374553	-0.628188	0.448353	-0.513877
-0.418078	-0.605734	0.395924	-0.549128	-0.386861	-0.576681	0.401374	-0.597224	-0.712835	-0.190938	0.603635	-0.301718	-0.679996	-0.0756844	0.67448	-0.277406	-0.0755051	-0.64809	0.00266808	-0.757807	-0.139992	-0.648082	-0.0396659	-0.747542	-0.675668	-0.179187	0.681739	-0.215863	-0.419471	-0.590241	0.471175	-0.503641	-0.19058	-0.73614	0.0370851	-0.648384	-0.374633	-0.628175	0.448434	-0.513763
-0.418572	-0.605376	0.39596	-0.54912	-0.386776	-0.576921	0.401994	-0.596629	-0.71314	-0.191245	0.60357	-0.300931	-0.680122	-0.0758945	0.674568	-0.276826	-0.0757116	-0.648093	0.00334652	-0.757781	-0.140912	-0.648055	-0.0395042	-0.747401	-0.675739	-0.178983	0.681734	-0.215826	-0.419591	-0.590174	0.471283	-0.503518	-0.190611	-0.736258	0.0373652	-0.648225	-0.374606	-0.628199	0.448226	-0.513935
-0.418572	-0.605376	0.39596	-0.54912	-0.386776	-0.576921	0.401994	-0.596629	-0.71314	-0.191245	0.60357	-0.300931	-0.680122	-0.0758945	0.674568	-0.276826	-0.0757116	-0.648093	0.00334652	-0.757781	-0.140949	-0.648158	-0.0393304	-0.747313	-0.675739	-0.178983	0.681734	-0.215826	-0.419621	-0.590187	0.471266	-0.503493	-0.190611	-0.736258	0.0373652	-0.648225	-0.374606	-0.628199	0.448226	-0.513935
-0.418637	-0.605373	0.39598	-0.54906	-0.386839	-0.57701	0.402141	-0.596404	-0.713215	-0.191628	0.603647	-0.300356	-0.680636	-0.0766408	0.67451	-0.275494	-0.07585	-0.648114	0.00383992	-0.757747	-0.140892	-0.648202	-0.0389267	-0.747307	-0.675788	-0.179004	0.681681	-0.21582	-0.419654	-0.590195	0.471184	-0.503534	-0.190477	-0.73614	0.0372192	-0.648407	-0.374668	-0.628231	0.448201	-0.513873
-0.418637	-0.605373	0.39598	-0.54906	-0.386839	-0.57701	0.402141	-0.596404	-0.713215	-0.191628	0.603647	-0.300356	-0.680636	-0.0766408	0.67451	-0.275494	-0.07585	-0.648114	0.00383992	-0.757747	-0.140892	-0.648202	-0.0389267	-0.747307	-0.675788	-0.179004	0.681681	-0.21582	-0.419654	-0.590195	0.471184	-0.503534	-0.190477	-0.73614	0.0372192	-0.648407	-0.374668	-0.628231	0.448201	-0.513873
-0.418721	-0.605276	0.395999	-0.549089	-0.386844	-0.577113	0.402249	-0.596228	-0.713269	-0.191683	0.603746	-0.299993	-0.680934	-0.0769356	0.674514	-0.274666	-0.0759343	-0.648101	0.00412608	-0.757748	-0.140472	-0.648328	-0.0380676	-0.747321	-0.675755	-0.179155	0.681668	-0.215841	-0.419789	-0.590164	0.471028	-0.503603	-0.190569	-0.736152	0.0373808	-0.648357	-0.374778	-0.628165	0.448244	-0.513836
-0.418814	-0.605167	0.395987	-0.549146	-0.386876	-0.577132	0.402517	-0.596008	-0.713313	-0.191791	0.603859	-0.299589	-0.681201	-0.0772064	0.674516	-0.27392	-0.0758979	-0.648076	0.00438166	-0.757771	-0.140472	-0.648328	-0.0380676	-0.747321	-0.675749	-0.179228	0.681667	-0.2158	-0.419789	-0.590164	0.471028	-0.503603	-0.190688	-0.736239	0.037673	-0.648206	-0.3748	-0.628134	0.448183	-0.51391
-0.41893	-0.605068	0.396109	-0.549079	-0.386934	-0.577071	0.402735	-0.595882	-0.713368	-0.19192	0.603947	-0.299199	-0.681398	-0.0773252	0.674571	-0.273261	-0.0757489	-0.648001	0.00456172	-0.757849	-0.140134	-0.648407	-0.0377509	-0.747333	-0.675806	-0.179111	0.681694	-0.215638	-0.419926	-0.590094	0.471072	-0.503529	-0.190638	-0.736287	0.0377169	-0.648163	-0.374753	-0.628176	0.448094	-0.513972
-0.418763	-0.605195	0.396344	-0.548898	-0.387119	-0.576933	0.403141	-0.595621	-0.713634	-0.191899	0.603962	-0.298549	-0.681341	-0.0768496	0.675049	-0.272355	-0.075993	-0.647744	0.00492519	-0.758042	-0.13972	-0.648567	-0.0365029	-0.747333	-0.675962	-0.17894	0.681643	-0.215448	-0.42018	-0.589963	0.471221	-0.503333	-0.190556	-0.736099	0.0374068	-0.64842	-0.37471	-0.62827	0.448148	-0.513841
-0.418511	-0.605382	0.396455	-0.548803	-0.387337	-0.576941	0.403687	-0.595101	-0.714359	-0.191463	0.603282	-0.29847	-0.679388	-0.0744367	0.676942	-0.273206	-0.0793509	-0.646695	0.00729666	-0.758575	-0.142019	-0.648945	-0.0327327	-0.746746	-0.675899	-0.17916	0.681575	-0.215677	-0.420115	-0.590045	0.471187	-0.503322	-0.190665	-0.736111	0.0374601	-0.64837	-0.374478	-0.628417	0.447949	-0.514004
-0.418206	-0.605618	0.396416	-0.548803	-0.387657	-0.576819	0.403974	-0.594817	-0.714769	-0.190935	0.602728	-0.298944	-0.678163	-0.071502	0.67776	-0.274997	-0.0821168	-0.645531	0.00896964	-0.759253	-0.144754	-0.648221	-0.0304953	-0.746945	-0.675817	-0.17932	0.681555	-0.215867	-0.420081	-0.59007	0.471171	-0.503335	-0.190555	-0.736025	0.0371788	-0.648516	-0.374348	-0.628474	0.44792	-0.514055
-0.41784	-0.605975	0.396456	-0.548659	-0.388639	-0.57625	0.404897	-0.5941	-0.71634	-0.188242	0.60134	-0.299686	-0.67383	-0.0573933	0.680273	-0.282645	-0.0886801	-0.642776	0.0117798	-0.760813	-0.151126	-0.643928	-0.0309638	-0.749372	-0.675799	-0.179455	0.681482	-0.216041	-0.41999	-0.590136	0.470932	-0.503559	-0.190214	-0.735633	0.0360341	-0.649126	-0.374062	-0.628564	0.447865	-0.514201
-0.418048	-0.6061	0.397185	-0.547835	-0.390275	-0.575023	0.406265	-0.593282	-0.719164	-0.182744	0.598503	-0.301996	-0.665843	-0.037066	0.681663	-0.301023	-0.0953812	-0.637858	0.0102324	-0.764157	-0.161419	-0.636074	-0.0371008	-0.753643	-0.675852	-0.178929	0.681623	-0.21587	-0.42039	-0.589746	0.471033	-0.503587	-0.190229	-0.735741	0.0361287	-0.648994	-0.373717	-0.628612	0.447497	-0.514712
-0.418048	-0.6061	0.397185	-0.547835	-0.390275	-0.575023	0.406265	-0.593282	-0.719164	-0.182744	0.598503	-0.301996	-0.665843	-0.037066	0.681663	-0.301023	-0.0953812	-0.637858	0.0102324	-0.764157	-0.161419	-0.636074	-0.0371008	-0.753643	-0.675852	-0.178929	0.681623	-0.21587	-0.42039	-0.589746	0.471033	-0.503587	-0.190229	-0.735741	0.0361287	-0.648994	-0.373717	-0.628612	0.447497	-0.514712
-0.418358	-0.606034	0.397704	-0.547295	-0.391058	-0.574438	0.406808	-0.59296	-0.720333	-0.179685	0.596868	-0.304273	-0.660722	-0.0234771	0.681472	-0.313833	-0.100327	-0.634021	0.00880906	-0.76673	-0.169258	-0.630125	-0.0409476	-0.756715	-0.675977	-0.178325	0.681743	-0.215596	-0.420988	-0.589129	0.471169	-0.503682	-0.190755	-0.735533	0.0365191	-0.649053	-0.373812	-0.628504	0.447637	-0.514654
-0.418857	-0.605774	0.398289	-0.546774	-0.391891	-0.573846	0.407359	-0.592604	-0.721906	-0.175458	0.594913	-0.30683	-0.654128	-0.00769127	0.681184	-0.328703	-0.10634	-0.629589	0.00652357	-0.769588	-0.177832	-0.62317	-0.0470357	-0.760146	-0.676042	-0.177869	0.681844	-0.215449	-0.420988	-0.589129	0.471169	-0.503682	-0.191187	-0.73528	0.0365228	-0.649213	-0.373986	-0.628358	0.447884	-0.514491
-0.419301	-0.605451	0.398751	-0.546455	-0.392886	-0.573177	0.408016	-0.592142	-0.723938	-0.169693	0.592551	-0.309841	-0.646158	0.00954209	0.680214	-0.345973	-0.11356	-0.624424	0.00307615	-0.77278	-0.187856	-0.614854	-0.0535229	-0.764068	-0.676095	-0.177388	0.681952	-0.215337	-0.421264	-0.588847	0.471118	-0.503828	-0.191438	-0.735093	0.0363029	-0.649363	-0.374082	-0.628284	0.448027	-0.514386
-0.420406	-0.604545	0.399324	-0.546191	-0.394507	-0.571704	0.40931	-0.591594	-0.72777	-0.156611	0.586823	-0.318532	-0.626365	0.0474353	0.674041	-0.388696	-0.132168	-0.611802	-0.00584679	-0.779869	-0.212523	-0.593535	-0.0689517	-0.773172	-0.67612	-0.176245	0.682228	-0.215326	-0.421697	-0.58835	0.470957	-0.504198	-0.192235	-0.734909	0.0365499	-0.649321	-0.374265	-0.628159	0.448129	-0.514318
-0.420878	-0.604216	0.399705	-0.545913	-0.395159	-0.571008	0.409776	-0.591509	-0.729723	-0.148569	0.583951	-0.323161	-0.613752	0.068287	0.669341	-0.413071	-0.132168	-0.611802	-0.00584679	-0.779869	-0.227488	-0.581238	-0.0783705	-0.777348	-0.676193	-0.175594	0.68234	-0.215274	-0.421941	-0.588084	0.470873	-0.504383	-0.192738	-0.734636	0.036445	-0.649487	-0.374555	-0.627985	0.448438	-0.514048
-0.421268	-0.603994	0.400125	-0.54555	-0.395892	-0.57026	0.410322	-0.591361	-0.731669	-0.13922	0.581057	-0.328103	-0.599414	0.0909333	0.663339	-0.438652	-0.150052	-0.597194	-0.0215821	-0.78764	-0.244145	-0.567393	-0.0890189	-0.781366	-0.676311	-0.174997	0.682388	-0.215233	-0.422243	-0.587773	0.470833	-0.50453	-0.193256	-0.734374	0.0363065	-0.649637	-0.374873	-0.627823	0.448691	-0.513794
-0.422051	-0.603428	0.400919	-0.544988	-0.39727	-0.568798	0.410896	-0.591447	-0.73482	-0.119628	0.573446	-0.34189	-0.599414	0.0909333	0.663339	-0.438652	-0.150052	-0.597194	-0.0215821	-0.78764	-0.281559	-0.535913	-0.114859	-0.78761	-0.676401	-0.173938	0.682567	-0.215243	-0.422706	-0.587311	0.470538	-0.504955	-0.193256	-0.734374	0.0363065	-0.649637	-0.375512	-0.62752	0.449001	-0.513427
-0.422209	-0.603317	0.401112	-0.544846	-0.398057	-0.567809	0.410971	-0.591817	-0.734643	-0.108485	0.570632	-0.350583	-0.546528	0.162081	0.633214	-0.523524	-0.174581	-0.57308	-0.0560283	-0.798725	-0.301903	-0.518919	-0.128514	-0.789343	-0.676432	-0.173458	0.682644	-0.21529	-0.423229	-0.586861	0.470348	-0.505218	-0.194609	-0.733957	0.0362993	-0.649705	-0.375862	-0.627344	0.44914	-0.513265
-0.422383	-0.603178	0.401673	-0.544451	-0.399814	-0.565944	0.411297	-0.592192	-0.73505	-0.0822827	0.564148	-0.366972	-0.504637	0.210168	0.605709	-0.578176	-0.183901	-0.564447	-0.0677525	-0.801866	-0.345393	-0.480443	-0.15585	-0.790942	-0.676615	-0.172447	0.682659	-0.215478	-0.423434	-0.586688	0.470268	-0.50532	-0.195403	-0.733655	0.0360482	-0.649822	-0.376294	-0.627207	0.449326	-0.512953
-0.422699	-0.603045	0.402102	-0.544036	-0.400524	-0.565198	0.411203	-0.59249	-0.735658	-0.0660689	0.560294	-0.37485	-0.48251	0.233186	0.589091	-0.604798	-0.204879	-0.547388	-0.089267	-0.806488	-0.388401	-0.440114	-0.184794	-0.788223	-0.676767	-0.171898	0.682664	-0.215424	-0.424072	-0.586268	0.470249	-0.505291	-0.195823	-0.733586	0.0360411	-0.649774	-0.376613	-0.627088	0.449512	-0.512702
-0.423603	-0.602293	0.402808	-0.543644	-0.402823	-0.561938	0.410375	-0.594602	-0.733216	-0.0191211	0.546022	-0.404832	-0.435287	0.277372	0.551891	-0.654986	-0.228253	-0.529901	-0.109592	-0.80938	-0.430528	-0.396943	-0.211624	-0.782494	-0.677114	-0.170775	0.682699	-0.215116	-0.424709	-0.585925	0.470227	-0.505173	-0.196413	-0.733576	0.0362661	-0.649595	-0.376925	-0.62709	0.449549	-0.512437
-0.424543	-0.60161	0.403895	-0.542861	-0.404566	-0.559868	0.41	-0.595629	-0.728703	0.0136437	0.535123	-0.42714	-0.360738	0.334136	0.485876	-0.722596	-0.263133	-0.503565	-0.13991	-0.810931	-0.470401	-0.354026	-0.236345	-0.773001	-0.677619	-0.169496	0.682663	-0.214651	-0.425129	-0.585817	0.470113	-0.505051	-0.197622	-0.733658	0.0372301	-0.64908	-0.377537	-0.627137	0.449943	-0.511583
-0.425206	-0.600944	0.404834	-0.54238	-0.406773	-0.557482	0.409261	-0.596871	-0.723585	0.0478234	0.525126	-0.445399	-0.30985	0.365684	0.440149	-0.7593	-0.284279	-0.486297	-0.160602	-0.810498	-0.508032	-0.309477	-0.259691	-0.760715	-0.678017	-0.168593	0.682627	-0.214218	-0.425651	-0.585698	0.470245	-0.504628	-0.198099	-0.733918	0.0379892	-0.648597	-0.377881	-0.6273	0.450213	-0.51089
-0.42575	-0.600466	0.405792	-0.541766	-0.409411	-0.554472	0.408509	-0.598384	-0.718584	0.0823836	0.513413	-0.461798	-0.261268	0.3913	0.392068	-0.79051	-0.305012	-0.469042	-0.178313	-0.809427	-0.542729	-0.265693	-0.282471	-0.745025	-0.67853	-0.167661	0.682564	-0.213528	-0.426061	-0.585673	0.47035	-0.504213	-0.198809	-0.734065	0.0389354	-0.648157	-0.378326	-0.627422	0.45066	-0.510017
-0.426122	-0.600172	0.406243	-0.541461	-0.410764	-0.552925	0.408152	-0.599132	-0.715346	0.0993959	0.508076	-0.469318	-0.238587	0.40184	0.368501	-0.803622	-0.315425	-0.460642	-0.185818	-0.808571	-0.559148	-0.244229	-0.292538	-0.736293	-0.678731	-0.16745	0.682508	-0.213234	-0.426193	-0.585725	0.470357	-0.504034	-0.198983	-0.734234	0.0394629	-0.64788	-0.378459	-0.627528	0.450841	-0.509627
-0.427153	-0.599541	0.407308	-0.540547	-0.414009	-0.549253	0.40783	-0.600493	-0.708892	0.131528	0.497418	-0.482439	-0.195966	0.417973	0.324786	-0.825476	-0.335556	-0.444639	-0.199935	-0.806054	-0.589738	-0.202234	-0.311051	-0.717326	-0.679134	-0.167026	0.68237	-0.212721	-0.4264	-0.585811	0.470504	-0.503621	-0.19935	-0.73455	0.0403947	-0.647352	-0.378635	-0.627807	0.45121	-0.508826
-0.427773	-0.599287	0.407955	-0.53985	-0.415626	-0.547382	0.407636	-0.601217	-0.708892	0.131528	0.497418	-0.482439	-0.175721	0.424088	0.305906	-0.834082	-0.34442	-0.436956	-0.207324	-0.80465	-0.603752	-0.182829	-0.3198	-0.706955	-0.679385	-0.166644	0.682343	-0.212308	-0.42653	-0.585833	0.470629	-0.503369	-0.199623	-0.73469	0.0410052	-0.647071	-0.37869	-0.62795	0.451411	-0.50843
-0.428386	-0.598973	0.408537	-0.539272	-0.417253	-0.545508	0.407575	-0.601833	-0.702609	0.160696	0.487485	-0.492825	-0.156618	0.429334	0.288624	-0.841332	-0.352658	-0.430049	-0.213882	-0.803084	-0.617318	-0.164318	-0.328458	-0.695725	-0.679607	-0.16625	0.682352	-0.211877	-0.426664	-0.585892	0.470738	-0.503084	-0.199834	-0.734859	0.0416878	-0.64677	-0.378727	-0.628095	0.451588	-0.508066
-0.429107	-0.598578	0.409175	-0.538653	-0.418865	-0.543631	0.407543	-0.602433	-0.699516	0.174152	0.482757	-0.497286	-0.138984	0.433006	0.273469	-0.847587	-0.360601	-0.423212	-0.219839	-0.801579	-0.630377	-0.14563	-0.335762	-0.684603	-0.67986	-0.165802	0.682359	-0.21139	-0.426914	-0.585857	0.470988	-0.502679	-0.200045	-0.73509	0.0423927	-0.646396	-0.378761	-0.628256	0.45176	-0.507689
-0.430574	-0.597828	0.410415	-0.53737	-0.422061	-0.539715	0.407443	-0.60379	-0.692774	0.197989	0.474408	-0.505769	-0.107352	0.43667	0.248223	-0.85801	-0.377133	-0.410795	-0.229905	-0.797598	-0.652922	-0.110895	-0.349895	-0.662547	-0.680326	-0.164949	0.682348	-0.210593	-0.427184	-0.586038	0.471328	-0.501919	-0.200664	-0.735401	0.0437597	-0.645759	-0.378872	-0.628605	0.45227	-0.506718
-0.431287	-0.597453	0.410929	-0.536823	-0.423591	-0.537861	0.407464	-0.604358	-0.689489	0.208226	0.470295	-0.50997	-0.0928363	0.437056	0.237069	-0.862648	-0.384601	-0.405407	-0.234958	-0.795313	-0.663252	-0.0953724	-0.356722	-0.650961	-0.680483	-0.164713	0.682327	-0.210339	-0.427385	-0.586098	0.471479	-0.501536	-0.200867	-0.73564	0.0444408	-0.645376	-0.378878	-0.628799	0.45235	-0.506402
-0.431963	-0.597067	0.411453	-0.536307	-0.425123	-0.536112	0.407658	-0.604706	-0.686323	0.217989	0.466277	-0.513836	-0.0784168	0.436173	0.228066	-0.866943	-0.391233	-0.400322	-0.240027	-0.793137	-0.673034	-0.0806427	-0.363962	-0.638791	-0.68077	-0.164345	0.682283	-0.209838	-0.427685	-0.586122	0.471647	-0.501094	-0.200861	-0.736027	0.0450842	-0.644893	-0.378823	-0.629049	0.452295	-0.506182
-0.43252	-0.596706	0.411967	-0.535865	-0.426864	-0.534104	0.407695	-0.605231	-0.683256	0.227724	0.462184	-0.517387	-0.0645039	0.434008	0.220221	-0.871194	-0.397808	-0.395914	-0.243823	-0.790918	-0.682345	-0.0659005	-0.370928	-0.626479	-0.681071	-0.164011	0.682224	-0.209318	-0.427981	-0.586178	0.471755	-0.500674	-0.200878	-0.736319	0.0456964	-0.644511	-0.378885	-0.629264	0.452321	-0.505845
-0.432859	-0.596454	0.412494	-0.535466	-0.428518	-0.532068	0.407533	-0.605964	-0.680573	0.236386	0.457961	-0.520782	-0.0507472	0.431252	0.212489	-0.875383	-0.397808	-0.395914	-0.243823	-0.790918	-0.691107	-0.0516581	-0.378735	-0.613403	-0.681329	-0.163896	0.682085	-0.209017	-0.428296	-0.586224	0.471841	-0.50027	-0.200878	-0.736319	0.0456964	-0.644511	-0.379186	-0.629331	0.452599	-0.505287
-0.433483	-0.59587	0.413837	-0.534574	-0.431598	-0.528483	0.407688	-0.606811	-0.67618	0.252627	0.449849	-0.525923	-0.0378525	0.428301	0.205101	-0.879238	-0.4095	-0.388922	-0.252236	-0.785765	-0.707383	-0.02428	-0.393695	-0.586535	-0.681784	-0.163698	0.681831	-0.208521	-0.428767	-0.586446	0.471795	-0.499649	-0.20122	-0.736725	0.0469559	-0.643849	-0.379572	-0.629376	0.452809	-0.504753
-0.43395	-0.595386	0.414632	-0.534119	-0.433264	-0.526569	0.40801	-0.607071	-0.67415	0.259968	0.446078	-0.52816	-0.0153364	0.42219	0.191697	-0.885874	-0.419319	-0.383256	-0.260795	-0.780559	-0.715219	-0.0116152	-0.401056	-0.572259	-0.682	-0.163541	0.681752	-0.208192	-0.429104	-0.586466	0.471785	-0.499346	-0.201206	-0.737453	0.0483796	-0.642914	-0.380182	-0.629622	0.453041	-0.503777
-0.43395	-0.595386	0.414632	-0.534119	-0.433264	-0.526569	0.40801	-0.607071	-0.67415	0.259968	0.446078	-0.52816	-0.0153364	0.42219	0.191697	-0.885874	-0.419319	-0.383256	-0.260795	-0.780559	-0.715219	-0.0116152	-0.401056	-0.572259	-0.682	-0.163541	0.681752	-0.208192	-0.429104	-0.586466	0.471785	-0.499346	-0.201206	-0.737453	0.0483796	-0.642914	-0.380182	-0.629622	0.453041	-0.503777
-0.434906	-0.59446	0.416202	-0.533151	-0.436373	-0.522849	0.408908	-0.607455	-0.670562	0.271599	0.439526	-0.532351	-0.00545692	0.419093	0.186175	-0.888634	-0.424132	-0.380909	-0.263748	-0.778112	-0.729519	0.0143877	-0.413648	-0.544509	-0.682344	-0.163288	0.681591	-0.207792	-0.429756	-0.586562	0.471772	-0.498684	-0.201542	-0.737643	0.0491737	-0.64253	-0.380623	-0.629682	0.453406	-0.50304
-0.435475	-0.593943	0.417053	-0.532597	-0.43761	-0.521419	0.409457	-0.607424	-0.668938	0.276583	0.436864	-0.534016	0.0114124	0.412655	0.178137	-0.893226	-0.431318	-0.375058	-0.269771	-0.774933	-0.735773	0.0268573	-0.418662	-0.531638	-0.682521	-0.162995	0.681563	-0.207534	-0.430008	-0.586637	0.471728	-0.49842	-0.202241	-0.738177	0.0508477	-0.641566	-0.381563	-0.62977	0.454204	-0.501496
-0.435475	-0.593943	0.417053	-0.532597	-0.43761	-0.521419	0.409457	-0.607424	-0.668938	0.276583	0.436864	-0.534016	0.0114124	0.412655	0.178137	-0.893226	-0.431318	-0.375058	-0.269771	-0.774933	-0.735773	0.0268573	-0.418662	-0.531638	-0.682521	-0.162995	0.681563	-0.207534	-0.430008	-0.586637	0.471728	-0.49842	-0.202241	-0.738177	0.0508477	-0.641566	-0.381563	-0.62977	0.454204	-0.501496
-0.436226	-0.593189	0.417853	-0.532196	-0.440039	-0.518468	0.410076	-0.607778	-0.665267	0.285214	0.434366	-0.536096	0.0179013	0.410389	0.17561	-0.894663	-0.43415	-0.372345	-0.272198	-0.77381	-0.746682	0.0452049	-0.425646	-0.509164	-0.682476	-0.163262	0.681499	-0.207683	-0.430662	-0.586607	0.471745	-0.497876	-0.202587	-0.738532	0.0518601	-0.640968	-0.38191	-0.629886	0.454504	-0.500814
-0.437641	-0.591785	0.418879	-0.531791	-0.441049	-0.517215	0.410371	-0.607914	-0.663763	0.287934	0.433981	-0.536817	0.0269186	0.407714	0.171681	-0.896421	-0.439288	-0.36797	-0.273948	-0.772384	-0.750119	0.0534216	-0.427094	-0.502054	-0.682415	-0.16335	0.681532	-0.207704	-0.430989	-0.586594	0.471682	-0.497666	-0.203952	-0.738845	0.0537922	-0.640015	-0.383036	-0.629928	0.455688	-0.498821
-0.439711	-0.589662	0.419292	-0.532115	-0.442741	-0.515145	0.411228	-0.607864	-0.661903	0.290287	0.434581	-0.537361	0.0293968	0.408129	0.169785	-0.896515	-0.443919	-0.36602	-0.275211	-0.77021	-0.752136	0.0623458	-0.427815	-0.497371	-0.682628	-0.163024	0.681461	-0.207491	-0.431682	-0.586502	0.471579	-0.497271	-0.204937	-0.73945	0.0558459	-0.638824	-0.384106	-0.629886	0.456755	-0.497073
-0.441609	-0.587716	0.41964	-0.532423	-0.444098	-0.513676	0.412516	-0.607244	-0.661914	0.289886	0.43563	-0.536715	0.0268419	0.40974	0.170438	-0.895736	-0.44807	-0.366839	-0.277019	-0.766761	-0.751041	0.0580465	-0.427479	-0.49983	-0.683	-0.161942	0.681531	-0.206884	-0.432335	-0.586446	0.471309	-0.497026	-0.207046	-0.739929	0.0579461	-0.637401	-0.385171	-0.629871	0.457882	-0.495227
-0.442408	-0.586899	0.41985	-0.532495	-0.444403	-0.51348	0.413162	-0.606747	-0.662439	0.289303	0.435737	-0.536294	0.0254803	0.409768	0.170656	-0.895722	-0.449848	-0.367673	-0.276813	-0.765394	-0.749995	0.054772	-0.427214	-0.501992	-0.683015	-0.161818	0.681478	-0.207105	-0.432661	-0.586404	0.471152	-0.496942	-0.208183	-0.74031	0.0587881	-0.63651	-0.385635	-0.629948	0.458265	-0.494414
-0.443863	-0.585549	0.420615	-0.532166	-0.445229	-0.513416	0.414554	-0.605244	-0.664252	0.289115	0.43568	-0.534196	0.0232053	0.409353	0.171793	-0.895756	-0.449583	-0.369007	-0.274771	-0.765643	-0.749764	0.0501386	-0.426086	-0.503777	-0.682859	-0.161732	0.681313	-0.208228	-0.432957	-0.586598	0.470486	-0.497085	-0.209246	-0.741084	0.0595479	-0.635188	-0.386779	-0.629929	0.458995	-0.492865
-0.44527	-0.584615	0.421715	-0.531147	-0.446645	-0.513733	0.415899	-0.603006	-0.666623	0.288823	0.434867	-0.532058	0.0204343	0.408448	0.172265	-0.896146	-0.448365	-0.370875	-0.272847	-0.766143	-0.751378	0.047309	-0.425517	-0.502124	-0.683248	-0.161043	0.680665	-0.2096	-0.433546	-0.586515	0.470106	-0.49703	-0.211542	-0.741681	0.060781	-0.633612	-0.389296	-0.629134	0.460582	-0.490411
-0.446174	-0.584104	0.422467	-0.530351	-0.447496	-0.513889	0.416412	-0.601886	-0.66808	0.288688	0.434735	-0.530409	0.0180824	0.40847	0.172863	-0.896071	-0.448365	-0.370875	-0.272847	-0.766143	-0.752132	0.0456699	-0.425481	-0.501176	-0.6837	-0.16014	0.680341	-0.209872	-0.433861	-0.586502	0.469864	-0.496999	-0.212583	-0.74233	0.0616142	-0.632423	-0.390809	-0.628544	0.461476	-0.489122
-0.446174	-0.584104	0.422467	-0.530351	-0.448373	-0.514145	0.416956	-0.600637	-0.66808	0.288688	0.434735	-0.530409	0.0180824	0.40847	0.172863	-0.896071	-0.448365	-0.370875	-0.272847	-0.766143	-0.752918	0.043348	-0.425447	-0.50023	-0.6837	-0.16014	0.680341	-0.209872	-0.434291	-0.586413	0.469821	-0.496769	-0.212583	-0.74233	0.0616142	-0.632423	-0.390809	-0.628544	0.461476	-0.489122
-0.448604	-0.582738	0.423902	-0.528656	-0.449542	-0.514057	0.417733	-0.599297	-0.671508	0.287458	0.434863	-0.52663	0.0123761	0.408516	0.174634	-0.895804	-0.449623	-0.375754	-0.270734	-0.763774	-0.753779	0.040976	-0.42551	-0.499079	-0.684662	-0.157823	0.679662	-0.210689	-0.434337	-0.586528	0.469577	-0.496824	-0.214692	-0.743006	0.0634933	-0.630728	-0.392581	-0.62827	0.461826	-0.487724
-0.449865	-0.582058	0.424588	-0.527782	-0.452079	-0.513651	0.42025	-0.595968	-0.673488	0.286713	0.435035	-0.52436	0.00940024	0.408453	0.17631	-0.89554	-0.450814	-0.377448	-0.269538	-0.762659	-0.756086	0.0358755	-0.425239	-0.496205	-0.68513	-0.156483	0.679285	-0.211381	-0.433269	-0.587462	0.46837	-0.497791	-0.21536	-0.743265	0.0639461	-0.630149	-0.39327	-0.628284	0.461647	-0.487319
-0.453233	-0.580383	0.425917	-0.525671	-0.453583	-0.513437	0.42186	-0.593868	-0.678155	0.284809	0.435324	-0.519117	0.00352106	0.40778	0.180155	-0.895124	-0.45388	-0.380579	-0.267129	-0.760128	-0.757487	0.0336831	-0.425182	-0.494266	-0.685978	-0.15311	0.678849	-0.2125	-0.432298	-0.588197	0.467346	-0.498729	-0.216698	-0.743497	0.0643621	-0.629374	-0.394512	-0.628331	0.461135	-0.486739
-0.455276	-0.57948	0.426666	-0.524292	-0.455349	-0.513019	0.42342	-0.591764	-0.680735	0.28347	0.435364	-0.516433	-0.000194873	0.40762	0.182109	-0.894808	-0.455802	-0.382006	-0.266181	-0.758593	-0.758857	0.0315057	-0.425205	-0.492284	-0.686348	-0.151213	0.678757	-0.212955	-0.43165	-0.588705	0.466479	-0.499502	-0.218132	-0.743441	0.0650658	-0.628872	-0.39517	-0.628325	0.460852	-0.486482
-0.457521	-0.578549	0.427729	-0.522497	-0.457458	-0.512381	0.425018	-0.58954	-0.68356	0.282516	0.435371	-0.513209	-0.0042094	0.407304	0.184306	-0.894493	-0.458104	-0.383544	-0.265101	-0.756807	-0.760231	0.0294319	-0.425468	-0.490062	-0.68678	-0.148965	0.678736	-0.213216	-0.431544	-0.588847	0.465948	-0.499922	-0.219853	-0.743288	0.0661663	-0.628339	-0.396244	-0.627968	0.460977	-0.48595
-0.460007	-0.577489	0.42908	-0.520375	-0.459571	-0.511782	0.426749	-0.587161	-0.686557	0.28171	0.434892	-0.510047	-0.00844432	0.40698	0.18581	-0.894299	-0.460655	-0.385317	-0.264102	-0.754703	-0.761507	0.0272793	-0.426118	-0.487634	-0.687399	-0.146214	0.678753	-0.213071	-0.431658	-0.588766	0.465388	-0.50044	-0.221719	-0.743113	0.0675959	-0.627737	-0.397549	-0.627422	0.461302	-0.48528
-0.462451	-0.576415	0.430562	-0.51817	-0.464004	-0.510842	0.430295	-0.581882	-0.689683	0.28106	0.434029	-0.506913	-0.0128315	0.406441	0.186772	-0.894291	-0.463338	-0.386796	-0.26296	-0.752701	-0.764808	0.0231241	-0.426853	-0.482007	-0.688026	-0.143175	0.678926	-0.212556	-0.433073	-0.587798	0.464628	-0.501061	-0.223772	-0.742726	0.068604	-0.627358	-0.398939	-0.626828	0.461782	-0.48445
-0.467158	-0.574049	0.433894	-0.513778	-0.466439	-0.510359	0.432067	-0.57904	-0.695991	0.2803	0.431804	-0.500574	-0.0218384	0.405133	0.188462	-0.894356	-0.468761	-0.38979	-0.260357	-0.748693	-0.766526	0.0211535	-0.427338	-0.47893	-0.689519	-0.136952	0.679051	-0.211415	-0.433898	-0.587262	0.464071	-0.501492	-0.229127	-0.743236	0.0712524	-0.624519	-0.401102	-0.626094	0.462588	-0.482841
-0.469681	-0.572651	0.43566	-0.511538	-0.469132	-0.509748	0.433823	-0.576081	-0.698954	0.280383	0.430509	-0.497504	-0.0259802	0.404553	0.188914	-0.894412	-0.471529	-0.391435	-0.258997	-0.746566	-0.7696	0.0171644	-0.429204	-0.472445	-0.69031	-0.133629	0.679083	-0.210858	-0.436463	-0.585458	0.463618	-0.501794	-0.234765	-0.740642	0.073525	-0.625243	-0.402482	-0.62541	0.464034	-0.481189
-0.474189	-0.570395	0.438503	-0.507454	-0.477979	-0.506884	0.438889	-0.567434	-0.704668	0.280427	0.427159	-0.49228	-0.0340743	0.402827	0.18816	-0.895078	-0.477226	-0.395291	-0.257028	-0.741577	-0.772173	0.0133697	-0.431812	-0.465949	-0.692031	-0.126385	0.679265	-0.209093	-0.437961	-0.584935	0.461896	-0.502685	-0.23586	-0.741309	0.0712509	-0.624303	-0.415717	-0.61785	0.477146	-0.466662
-0.478404	-0.567997	0.441465	-0.503605	-0.480704	-0.506109	0.440894	-0.56426	-0.710785	0.280952	0.422981	-0.486762	-0.042119	0.400467	0.187453	-0.895943	-0.483411	-0.39965	-0.254459	-0.736101	-0.773636	0.010675	-0.432871	-0.462597	-0.69403	-0.120651	0.678159	-0.209441	-0.439094	-0.584498	0.461517	-0.502555	-0.246851	-0.743799	0.079147	-0.616087	-0.436084	-0.604445	0.498355	-0.442852
-0.485772	-0.562237	0.445606	-0.49935	-0.486547	-0.503294	0.445183	-0.558373	-0.716717	0.280951	0.419128	-0.481368	-0.0510854	0.398374	0.186898	-0.896525	-0.489677	-0.404284	-0.251107	-0.730559	-0.779259	0.000142311	-0.434539	-0.451588	-0.695707	-0.113238	0.678101	-0.208201	-0.44363	-0.583148	0.461975	-0.49971	-0.260449	-0.747178	0.0970618	-0.603714	-0.455721	-0.589682	0.518629	-0.419068
-0.491115	-0.557193	0.450275	-0.495574	-0.493321	-0.498278	0.448387	-0.554349	-0.722384	0.281111	0.416942	-0.474654	-0.0601841	0.39804	0.18762	-0.895958	-0.496392	-0.408387	-0.248321	-0.724674	-0.781376	-0.00318288	-0.434324	-0.448112	-0.698885	-0.104321	0.676809	-0.206411	-0.444523	-0.583507	0.46258	-0.497935	-0.28705	-0.749021	0.127697	-0.58332	-0.486627	-0.561392	0.550154	-0.381265
-0.50024	-0.550108	0.457731	-0.487466	-0.499671	-0.492964	0.453867	-0.548927	-0.72734	0.283193	0.41528	-0.467248	-0.0688155	0.399275	0.186407	-0.89504	-0.505125	-0.410149	-0.244529	-0.71891	-0.786347	-0.00829562	-0.43332	-0.440253	-0.701228	-0.0914817	0.675522	-0.20876	-0.444862	-0.584815	0.46746	-0.491498	-0.30211	-0.746328	0.142066	-0.575796	-0.491092	-0.559599	0.550695	-0.377376
-0.50687	-0.543396	0.464003	-0.482188	-0.506287	-0.48667	0.461364	-0.54219	-0.732206	0.286968	0.414488	-0.457956	-0.0791422	0.402892	0.183862	-0.89309	-0.514809	-0.411597	-0.239776	-0.712788	-0.792194	-0.0135698	-0.432078	-0.43076	-0.706918	-0.0707723	0.670953	-0.21232	-0.440815	-0.588801	0.477849	-0.480266	-0.290178	-0.749587	0.130103	-0.580507	-0.488538	-0.565213	0.543499	-0.382718
-0.514484	-0.536535	0.468303	-0.477627	-0.514344	-0.478962	0.468037	-0.535713	-0.738108	0.29128	0.413878	-0.446159	-0.0921157	0.408031	0.180887	-0.890115	-0.525526	-0.414619	-0.234848	-0.704812	-0.798054	-0.0209413	-0.431501	-0.420092	-0.713039	-0.0437043	0.663442	-0.222507	-0.432058	-0.592686	0.493953	-0.466969	-0.288842	-0.750107	0.13186	-0.580106	-0.493774	-0.562905	0.543496	-0.37939
-0.525157	-0.527292	0.472296	-0.472345	-0.521964	-0.472124	0.476555	-0.526828	-0.745386	0.297761	0.411907	-0.431359	-0.109026	0.413922	0.175898	-0.886477	-0.537	-0.419047	-0.226607	-0.696189	-0.805094	-0.0304896	-0.430449	-0.406949	-0.717326	-0.0140792	0.656647	-0.23251	-0.425861	-0.58948	0.516053	-0.452598	-0.291667	-0.749569	0.140158	-0.577436	-0.500128	-0.5584	0.546666	-0.373119
-0.530004	-0.522616	0.473343	-0.471078	-0.526438	-0.467745	0.48141	-0.521845	-0.749614	0.301579	0.410144	-0.422979	-0.119044	0.417152	0.172367	-0.884365	-0.543144	-0.421543	-0.221697	-0.691481	-0.805094	-0.0304896	-0.430449	-0.406949	-0.71763	-0.000820313	0.653728	-0.240095	-0.425861	-0.58948	0.516053	-0.452598	-0.294087	-0.749692	0.146005	-0.574593	-0.502435	-0.556401	0.548482	-0.37033
-0.545181	-0.508744	0.481852	-0.46019	-0.544026	-0.450582	0.497987	-0.503012	-0.764999	0.317642	0.400299	-0.391971	-0.155194	0.426484	0.155978	-0.877324	-0.557894	-0.425636	-0.209742	-0.680879	-0.824304	-0.0547015	-0.422851	-0.372462	-0.724539	0.0415505	0.64112	-0.249562	-0.444148	-0.555688	0.558142	-0.427108	-0.299924	-0.748374	0.158813	-0.569877	-0.505863	-0.552587	0.55432	-0.3626
-0.550327	-0.503972	0.484671	-0.45634	-0.550445	-0.444251	0.504138	-0.495476	-0.764999	0.317642	0.400299	-0.391971	-0.169003	0.42942	0.148685	-0.874602	-0.576665	-0.428911	-0.194918	-0.667458	-0.829736	-0.0609356	-0.420497	-0.361948	-0.727502	0.0544512	0.637603	-0.247465	-0.457796	-0.540837	0.561584	-0.427249	-0.302326	-0.747421	0.164385	-0.568276	-0.506688	-0.551365	0.55657	-0.359853
-0.560164	-0.494143	0.492883	-0.446212	-0.562972	-0.43103	0.517446	-0.479088	-0.782855	0.33787	0.384972	-0.353239	-0.198314	0.435288	0.13433	-0.867843	-0.586797	-0.430979	-0.187461	-0.659382	-0.840561	-0.0745479	-0.415712	-0.33924	-0.732954	0.0754999	0.63052	-0.243973	-0.490501	-0.509405	0.557447	-0.434934	-0.30503	-0.746394	0.17081	-0.566283	-0.507878	-0.548689	0.561835	-0.354038
-0.565689	-0.488287	0.497485	-0.440545	-0.569088	-0.424072	0.524516	-0.470303	-0.78866	0.344519	0.379447	-0.339621	-0.213648	0.438169	0.126658	-0.863898	-0.607395	-0.435508	-0.172193	-0.64168	-0.845873	-0.0815167	-0.413415	-0.32702	-0.73534	0.0838246	0.627122	-0.24283	-0.508954	-0.49225	0.552844	-0.439339	-0.310647	-0.74427	0.184319	-0.561771	-0.507794	-0.547651	0.564693	-0.351207
-0.565689	-0.488287	0.497485	-0.440545	-0.569088	-0.424072	0.524516	-0.470303	-0.78866	0.344519	0.379447	-0.339621	-0.213648	0.438169	0.126658	-0.863898	-0.607395	-0.435508	-0.172193	-0.64168	-0.845873	-0.0815167	-0.413415	-0.32702	-0.73534	0.0838246	0.627122	-0.24283	-0.508954	-0.49225	0.552844	-0.439339	-0.310647	-0.74427	0.184319	-0.561771	-0.507794	-0.547651	0.564693	-0.351207
-0.576026	-0.476478	0.506748	-0.429383	-0.58089	-0.409495	0.538545	-0.452604	-0.799374	0.357786	0.368393	-0.311893	-0.243682	0.443837	0.11143	-0.855109	-0.62884	-0.438539	-0.155616	-0.622918	-0.856243	-0.0953589	-0.408441	-0.301548	-0.740432	0.0999269	0.619773	-0.240117	-0.549012	-0.454039	0.542839	-0.444702	-0.315132	-0.741666	0.1972	-0.558333	-0.506448	-0.546472	0.570239	-0.345986
-0.584934	-0.465064	0.516363	-0.418254	-0.591618	-0.394732	0.551761	-0.435586	-0.808732	0.369497	0.35842	-0.284536	-0.271226	0.449097	0.0976477	-0.845703	-0.649015	-0.440896	-0.140005	-0.603977	-0.865814	-0.108196	-0.402792	-0.27644	-0.74484	0.116172	0.613969	-0.234007	-0.587909	-0.41743	0.530545	-0.445688	-0.318791	-0.738848	0.211552	-0.554727	-0.504192	-0.545355	0.576228	-0.341086
-0.589062	-0.459527	0.520381	-0.413575	-0.59657	-0.387558	0.557759	-0.427561	-0.812798	0.374585	0.354114	-0.271381	-0.271226	0.449097	0.0976477	-0.845703	-0.649015	-0.440896	-0.140005	-0.603977	-0.870311	-0.114183	-0.399632	-0.264225	-0.746724	0.12342	0.611412	-0.230968	-0.605222	-0.401251	0.524066	-0.445037	-0.318791	-0.738848	0.211552	-0.554727	-0.502442	-0.544931	0.579904	-0.338103
-0.592404	-0.454588	0.523794	-0.409936	-0.601428	-0.380244	0.563153	-0.420187	-0.816442	0.379285	0.350172	-0.258738	-0.296444	0.454049	0.0865014	-0.83575	-0.667401	-0.442299	-0.124947	-0.585948	-0.8745	-0.119867	-0.396414	-0.252463	-0.748496	0.129884	0.608928	-0.228235	-0.621094	-0.386405	0.518468	-0.44286	-0.319606	-0.736384	0.22319	-0.55297	-0.500048	-0.544717	0.584122	-0.334719
-0.596073	-0.44932	0.526152	-0.407398	-0.605897	-0.372984	0.568141	-0.413506	-0.819631	0.383781	0.346378	-0.24686	-0.308159	0.456399	0.0811875	-0.83075	-0.675579	-0.44296	-0.118015	-0.577453	-0.87842	-0.125363	-0.393177	-0.240984	-0.750134	0.13561	0.606664	-0.225539	-0.633868	-0.376122	0.511929	-0.441218	-0.319833	-0.735197	0.229158	-0.551977	-0.496836	-0.545004	0.588322	-0.331665
-0.60072	-0.443165	0.527955	-0.404974	-0.610034	-0.365695	0.57288	-0.407351	-0.822379	0.388201	0.342562	-0.23589	-0.318928	0.458384	0.0757073	-0.826098	-0.683311	-0.443431	-0.111408	-0.569248	-0.881891	-0.130743	-0.390257	-0.229946	-0.751953	0.141458	0.604227	-0.222407	-0.644199	-0.368578	0.506018	-0.439436	-0.318669	-0.734277	0.235302	-0.55129	-0.492751	-0.545918	0.592162	-0.329416
-0.609044	-0.431357	0.531179	-0.401055	-0.617837	-0.351359	0.580815	-0.396837	-0.826425	0.397677	0.334552	-0.216677	-0.338041	0.462139	0.0634901	-0.817389	-0.697463	-0.443382	-0.0992269	-0.554177	-0.888494	-0.140116	-0.383766	-0.208971	-0.755696	0.148832	0.600373	-0.21523	-0.661717	-0.354678	0.498814	-0.433035	-0.314375	-0.731881	0.249504	-0.550697	-0.484036	-0.546922	0.601557	-0.323595
-0.611073	-0.427574	0.53181	-0.401183	-0.622178	-0.343812	0.58349	-0.392718	-0.827686	0.403049	0.330444	-0.208071	-0.338041	0.462139	0.0634901	-0.817389	-0.697463	-0.443382	-0.0992269	-0.554177	-0.891583	-0.143907	-0.380598	-0.198785	-0.758028	0.151353	0.598564	-0.210257	-0.668938	-0.34883	0.496702	-0.429099	-0.314375	-0.731881	0.249504	-0.550697	-0.478044	-0.548306	0.606479	-0.320964
-0.612314	-0.424029	0.53341	-0.40093	-0.627091	-0.335983	0.585226	-0.389078	-0.828552	0.408562	0.326286	-0.20029	-0.353434	0.465526	0.0499744	-0.80986	-0.710583	-0.442104	-0.0890244	-0.540085	-0.894508	-0.147086	-0.377509	-0.188967	-0.759541	0.153479	0.597876	-0.205149	-0.675509	-0.343223	0.49525	-0.424985	-0.309545	-0.728917	0.262683	-0.551234	-0.471133	-0.550019	0.611546	-0.318629
-0.613826	-0.41677	0.538652	-0.399218	-0.635681	-0.321859	0.588296	-0.382392	-0.829409	0.419666	0.317623	-0.187287	-0.359661	0.466762	0.0428909	-0.806807	-0.716738	-0.441259	-0.0849914	-0.533248	-0.899516	-0.151762	-0.372886	-0.169693	-0.760551	0.155742	0.599758	-0.193898	-0.686226	-0.331593	0.496311	-0.415711	-0.306427	-0.727262	0.269957	-0.551649	-0.456375	-0.552254	0.62396	-0.312109
-0.615051	-0.412046	0.541782	-0.397998	-0.639804	-0.314626	0.58965	-0.379439	-0.829505	0.425191	0.313132	-0.181887	-0.370473	0.468571	0.0277038	-0.801513	-0.728042	-0.439827	-0.0782849	-0.51998	-0.901504	-0.153372	-0.371427	-0.160657	-0.759092	0.155836	0.60346	-0.187963	-0.689267	-0.327043	0.498519	-0.411622	-0.301208	-0.722406	0.287698	-0.551936	-0.448601	-0.55252	0.631554	-0.307601
-0.617142	-0.402123	0.548141	-0.396199	-0.647415	-0.300766	0.591954	-0.374145	-0.829424	0.430695	0.308622	-0.176948	-0.375421	0.469301	0.0200775	-0.799007	-0.73358	-0.438808	-0.0754327	-0.513437	-0.905335	-0.154879	-0.368204	-0.144245	-0.752736	0.151149	0.616746	-0.173685	-0.687209	-0.329628	0.500317	-0.410819	-0.298079	-0.718999	0.296999	-0.553155	-0.440176	-0.552313	0.639938	-0.302778
-0.615853	-0.399498	0.551159	-0.396674	-0.651141	-0.293786	0.5936	-0.370601	-0.828549	0.441596	0.300128	-0.168589	-0.382435	0.470493	0.00611298	-0.7952	-0.743685	-0.437688	-0.0730065	-0.500031	-0.906991	-0.155439	-0.366634	-0.137057	-0.747471	0.143933	0.627727	-0.16288	-0.689945	-0.335412	0.488124	-0.416184	-0.290755	-0.710195	0.308187	-0.562232	-0.411215	-0.560269	0.652168	-0.302783
-0.615853	-0.399498	0.551159	-0.396674	-0.651141	-0.293786	0.5936	-0.370601	-0.828549	0.441596	0.300128	-0.168589	-0.382435	0.470493	0.00611298	-0.7952	-0.743685	-0.437688	-0.0730065	-0.500031	-0.906991	-0.155439	-0.366634	-0.137057	-0.747471	0.143933	0.627727	-0.16288	-0.689945	-0.335412	0.488124	-0.416184	-0.290755	-0.710195	0.308187	-0.562232	-0.411215	-0.560269	0.652168	-0.302783
-0.614691	-0.393462	0.567747	-0.380797	-0.65596	-0.283307	0.597531	-0.363882	-0.827203	0.446472	0.302873	-0.157056	-0.387959	0.477333	0.00441418	-0.78843	-0.747376	-0.444378	-0.0679414	-0.489225	-0.908364	-0.163137	-0.364217	-0.124924	-0.750192	0.150665	0.622065	-0.165974	-0.672243	-0.349006	0.494908	-0.425852	-0.296453	-0.697749	0.321528	-0.567346	-0.377662	-0.570652	0.662248	-0.305214
-0.617408	-0.385291	0.580752	-0.364809	-0.65595	-0.278447	0.603098	-0.358426	-0.826905	0.445242	0.30853	-0.150988	-0.39235	0.482998	0.00826151	-0.782755	-0.748642	-0.447112	-0.0605866	-0.485751	-0.908721	-0.16959	-0.362249	-0.119338	-0.755792	0.156626	0.613455	-0.167092	-0.653705	-0.366914	0.500288	-0.433308	-0.301383	-0.691986	0.328017	-0.568092	-0.365773	-0.571594	0.669119	-0.302937
-0.619637	-0.377662	0.589977	-0.354045	-0.654272	-0.272307	0.614348	-0.34692	-0.827272	0.440873	0.319848	-0.137653	-0.397558	0.48858	0.0130454	-0.776574	-0.751628	-0.446998	-0.0495084	-0.482491	-0.909511	-0.184732	-0.355316	-0.11142	-0.749599	0.165047	0.623031	-0.150645	-0.647193	-0.357013	0.525545	-0.42129	-0.303749	-0.686684	0.332565	-0.570615	-0.355774	-0.57238	0.673769	-0.303052
-0.619637	-0.377662	0.589977	-0.354045	-0.654272	-0.272307	0.614348	-0.34692	-0.827272	0.440873	0.319848	-0.137653	-0.402219	0.493103	0.0182742	-0.771191	-0.754687	-0.446651	-0.0389253	-0.478994	-0.909511	-0.184732	-0.355316	-0.11142	-0.749599	0.165047	0.623031	-0.150645	-0.647193	-0.357013	0.525545	-0.42129	-0.30462	-0.68233	0.333631	-0.574737	-0.347741	-0.572159	0.678323	-0.302635
-0.614061	-0.37306	0.603971	-0.344926	-0.654874	-0.270005	0.618704	-0.339768	-0.829593	0.435602	0.324159	-0.130181	-0.408312	0.495157	0.0245015	-0.766485	-0.758529	-0.446896	-0.0285611	-0.473394	-0.910563	-0.194824	-0.347774	-0.10942	-0.743983	0.168659	0.632999	-0.131736	-0.642342	-0.358604	0.531831	-0.419471	-0.312261	-0.674173	0.342259	-0.575189	-0.342812	-0.562719	0.692995	-0.29255
-0.613333	-0.365537	0.615191	-0.334284	-0.653265	-0.267929	0.625448	-0.332074	-0.833028	0.432672	0.318327	-0.13239	-0.411568	0.488626	0.0218123	-0.769013	-0.762869	-0.44201	-0.021922	-0.471357	-0.911883	-0.196623	-0.343878	-0.107505	-0.739263	0.172043	0.640533	-0.116656	-0.639401	-0.358754	0.536777	-0.417532	-0.319164	-0.666525	0.360621	-0.569062	-0.343702	-0.549105	0.706795	-0.284242
-0.611741	-0.358837	0.627246	-0.321824	-0.651384	-0.266208	0.631859	-0.32494	-0.836171	0.430779	0.311486	-0.135	-0.41334	0.485183	0.0186945	-0.770323	-0.764908	-0.439219	-0.0194286	-0.47077	-0.912035	-0.196582	-0.344427	-0.104491	-0.737371	0.178911	0.642932	-0.104466	-0.635801	-0.359577	0.541289	-0.416495	-0.321852	-0.663172	0.367959	-0.566764	-0.344405	-0.543299	0.712697	-0.279774
-0.611914	-0.356173	0.631438	-0.31621	-0.650355	-0.266254	0.634797	-0.321216	-0.837496	0.429214	0.310019	-0.135141	-0.417877	0.480938	0.01498	-0.770618	-0.766479	-0.438313	-0.0170361	-0.46915	-0.911339	-0.196753	-0.346372	-0.103806	-0.736375	0.181668	0.644057	-0.0996997	-0.634073	-0.36027	0.54334	-0.415858	-0.32514	-0.65856	0.378697	-0.563179	-0.346505	-0.533454	0.722822	-0.26998
-0.613354	-0.352098	0.636819	-0.307061	-0.648366	-0.266666	0.639847	-0.314812	-0.83881	0.427068	0.311265	-0.130862	-0.422684	0.481965	0.0159847	-0.767328	-0.765928	-0.441781	-0.0151072	-0.466857	-0.909534	-0.200214	-0.349265	-0.103327	-0.734486	0.183947	0.646249	-0.0951614	-0.630724	-0.361814	0.547137	-0.414632	-0.328391	-0.655165	0.389827	-0.557631	-0.349808	-0.525479	0.729658	-0.262877
-0.613484	-0.351128	0.638691	-0.304008	-0.647883	-0.266134	0.64192	-0.312023	-0.839023	0.426394	0.31329	-0.126798	-0.424905	0.483907	0.017727	-0.764837	-0.765593	-0.443147	-0.01336	-0.466165	-0.908858	-0.202514	-0.349783	-0.103036	-0.734732	0.184667	0.645913	-0.0941494	-0.629709	-0.361439	0.549285	-0.41366	-0.328089	-0.654195	0.393121	-0.556635	-0.351547	-0.522493	0.731784	-0.260592
-0.613199	-0.350612	0.640639	-0.301065	-0.647489	-0.265177	0.644116	-0.309116	-0.839218	0.425721	0.315509	-0.122187	-0.427331	0.486268	0.0196767	-0.761935	-0.765292	-0.444017	-0.011206	-0.465888	-0.908349	-0.204734	-0.349896	-0.102758	-0.734393	0.187272	0.645904	-0.0916767	-0.628269	-0.362184	0.550529	-0.413543	-0.327474	-0.653237	0.396413	-0.555787	-0.353391	-0.519835	0.733248	-0.259294
-0.613122	-0.350078	0.642145	-0.298626	-0.646978	-0.264078	0.646371	-0.30641	-0.839349	0.4254	0.317512	-0.117107	-0.430171	0.488683	0.0214689	-0.758736	-0.764662	-0.445328	-0.00917583	-0.465715	-0.907925	-0.207445	-0.349447	-0.102593	-0.733567	0.188314	0.646703	-0.0905162	-0.626264	-0.364317	0.550859	-0.414271	-0.325936	-0.652694	0.399022	-0.555461	-0.355567	-0.5173	0.734242	-0.258576
-0.612005	-0.350448	0.644156	-0.29614	-0.646194	-0.262464	0.649558	-0.302687	-0.83995	0.425258	0.319539	-0.107399	-0.43678	0.49229	0.0232764	-0.75255	-0.763894	-0.447386	-0.00408625	-0.465075	-0.907507	-0.213158	-0.34704	-0.102753	-0.733884	0.184897	0.646776	-0.0943832	-0.622782	-0.368542	0.551086	-0.415479	-0.321937	-0.652482	0.401657	-0.556143	-0.359531	-0.514074	0.734737	-0.258123
-0.610775	-0.351199	0.64506	-0.295822	-0.645791	-0.261865	0.651337	-0.300235	-0.840638	0.426496	0.317981	-0.101568	-0.441636	0.492992	0.0211623	-0.749312	-0.764276	-0.448279	-0.00032256	-0.463604	-0.907636	-0.216986	-0.344321	-0.102752	-0.734219	0.180605	0.647159	-0.097416	-0.621261	-0.371054	0.551283	-0.415259	-0.318055	-0.653121	0.401789	-0.557529	-0.361676	-0.513126	0.733833	-0.259579
-0.610409	-0.351282	0.645499	-0.295521	-0.645864	-0.261786	0.651601	-0.299571	-0.840839	0.427497	0.316469	-0.100417	-0.442891	0.492545	0.0193083	-0.748916	-0.76459	-0.448399	0.000527641	-0.462969	-0.90787	-0.217732	-0.34342	-0.102119	-0.734255	0.179985	0.647378	-0.0968371	-0.621341	-0.37148	0.55117	-0.414908	-0.316087	-0.653438	0.401172	-0.55872	-0.361748	-0.513648	0.732768	-0.261446
-0.610409	-0.351282	0.645499	-0.295521	-0.646056	-0.261522	0.651721	-0.299128	-0.840881	0.428458	0.315094	-0.10029	-0.442891	0.492545	0.0193083	-0.748916	-0.76459	-0.448399	0.000527641	-0.462969	-0.908187	-0.218259	-0.342649	-0.10075	-0.734255	0.179985	0.647378	-0.0968371	-0.621625	-0.371606	0.551048	-0.414532	-0.316087	-0.653438	0.401172	-0.55872	-0.361748	-0.513648	0.732768	-0.261446
-0.610827	-0.350456	0.64577	-0.295046	-0.646056	-0.261522	0.651721	-0.299128	-0.840881	0.428458	0.315094	-0.10029	-0.443107	0.491332	0.0157208	-0.749668	-0.765437	-0.447869	0.00184167	-0.462078	-0.908494	-0.218285	-0.342323	-0.099022	-0.73371	0.180765	0.648091	-0.0947131	-0.622298	-0.370958	0.551408	-0.413624	-0.315348	-0.653474	0.401797	-0.558647	-0.362375	-0.513405	0.732436	-0.261986
-0.611566	-0.349653	0.645484	-0.295094	-0.64688	-0.259963	0.652079	-0.297925	-0.840687	0.429856	0.313155	-0.101997	-0.442502	0.490775	0.0143283	-0.750417	-0.766167	-0.447136	0.00228427	-0.461575	-0.908829	-0.217821	-0.342219	-0.0973104	-0.733909	0.180611	0.648038	-0.0938348	-0.623429	-0.369112	0.552853	-0.411639	-0.315575	-0.653376	0.401651	-0.558739	-0.362111	-0.513459	0.732433	-0.262252
-0.611566	-0.349653	0.645484	-0.295094	-0.647472	-0.25906	0.652063	-0.297459	-0.840687	0.429856	0.313155	-0.101997	-0.442502	0.490775	0.0143283	-0.750417	-0.766167	-0.447136	0.00228427	-0.461575	-0.909067	-0.217151	-0.342501	-0.0955791	-0.733909	0.180611	0.648038	-0.0938348	-0.624623	-0.367172	0.554336	-0.409564	-0.315575	-0.653376	0.401651	-0.558739	-0.362111	-0.513459	0.732433	-0.262252
-0.61316	-0.348132	0.644742	-0.295207	-0.64819	-0.25799	0.651961	-0.297047	-0.840433	0.431033	0.31169	-0.103601	-0.441137	0.489853	0.0121834	-0.75186	-0.76779	-0.446172	0.00177968	-0.459811	-0.909286	-0.216574	-0.342708	-0.094054	-0.734331	0.182652	0.647483	-0.0903459	-0.625194	-0.36654	0.554724	-0.408733	-0.316305	-0.653056	0.401007	-0.559163	-0.360916	-0.513878	0.732638	-0.262506
-0.614147	-0.347135	0.644591	-0.294657	-0.649023	-0.25653	0.651949	-0.296519	-0.840369	0.431489	0.311198	-0.103696	-0.441137	0.489853	0.0121834	-0.75186	-0.768725	-0.445661	0.00154572	-0.458743	-0.909486	-0.21606	-0.342905	-0.0925729	-0.733669	0.184681	0.648002	-0.0878473	-0.625628	-0.365864	0.555259	-0.407947	-0.316305	-0.653056	0.401007	-0.559163	-0.360916	-0.513878	0.732638	-0.262506
-0.614147	-0.347135	0.644591	-0.294657	-0.649984	-0.25478	0.651962	-0.295892	-0.840369	0.431489	0.311198	-0.103696	-0.441137	0.489853	0.0121834	-0.75186	-0.768725	-0.445661	0.00154572	-0.458743	-0.909746	-0.215599	-0.34294	-0.0909477	-0.733669	0.184681	0.648002	-0.0878473	-0.625583	-0.366026	0.555326	-0.40778	-0.316305	-0.653056	0.401007	-0.559163	-0.360916	-0.513878	0.732638	-0.262506
-0.6161	-0.344981	0.644301	-0.293745	-0.651007	-0.252927	0.651958	-0.295244	-0.840054	0.433092	0.310373	-0.10203	-0.442324	0.49033	0.00979898	-0.750886	-0.770593	-0.444802	0.0013256	-0.456439	-0.909958	-0.215189	-0.343061	-0.0893207	-0.733338	0.185976	0.648238	-0.0861189	-0.625439	-0.366353	0.555348	-0.407677	-0.317714	-0.652549	0.403906	-0.556864	-0.36086	-0.513114	0.73335	-0.262091
-0.6161	-0.344981	0.644301	-0.293745	-0.651007	-0.252927	0.651958	-0.295244	-0.840054	0.433092	0.310373	-0.10203	-0.442324	0.49033	0.00979898	-0.750886	-0.770593	-0.444802	0.0013256	-0.456439	-0.909958	-0.215189	-0.343061	-0.0893207	-0.733338	0.185976	0.648238	-0.0861189	-0.625439	-0.366353	0.555348	-0.407677	-0.317714	-0.652549	0.403906	-0.556864	-0.36086	-0.513114	0.73335	-0.262091
-0.617428	-0.343002	0.644411	-0.29303	-0.652795	-0.249654	0.652058	-0.293858	-0.839677	0.43559	0.308369	-0.100562	-0.4436	0.490405	0.00595984	-0.750124	-0.772326	-0.443706	0.00215657	-0.454569	-0.910615	-0.214734	-0.342536	-0.0856721	-0.733018	0.187841	0.64839	-0.0836157	-0.624944	-0.367261	0.555452	-0.407476	-0.31685	-0.652379	0.404755	-0.55694	-0.361029	-0.512687	0.733251	-0.262969
-0.61751	-0.34156	0.645462	-0.292228	-0.654909	-0.247316	0.651224	-0.292978	-0.839504	0.438485	0.304762	-0.100416	-0.444203	0.489064	0.000868863	-0.750666	-0.773959	-0.443211	0.0027228	-0.452265	-0.911053	-0.214738	-0.342017	-0.083027	-0.73275	0.187374	0.648921	-0.0828795	-0.624724	-0.368029	0.555545	-0.406995	-0.316458	-0.652537	0.404903	-0.556869	-0.360802	-0.51269	0.733365	-0.262956
-0.618471	-0.340203	0.64573	-0.291184	-0.657111	-0.245947	0.649252	-0.293576	-0.839578	0.440533	0.301035	-0.102065	-0.44452	0.487076	-0.00375091	-0.751761	-0.775205	-0.443469	0.00227431	-0.449875	-0.911118	-0.214952	-0.342131	-0.081278	-0.732498	0.186621	0.649494	-0.0823302	-0.624128	-0.369337	0.555254	-0.40712	-0.31586	-0.652852	0.405022	-0.556752	-0.360856	-0.512841	0.733374	-0.262564
-0.619191	-0.33925	0.645913	-0.290359	-0.657438	-0.245527	0.649075	-0.293589	-0.839476	0.441257	0.299943	-0.102992	-0.444293	0.486484	-0.00520877	-0.75227	-0.775396	-0.443616	0.00227189	-0.449401	-0.911121	-0.214994	-0.342285	-0.0804813	-0.732297	0.186925	0.649671	-0.0820258	-0.623574	-0.370012	0.555289	-0.407309	-0.315372	-0.652678	0.405733	-0.556717	-0.361235	-0.512437	0.733441	-0.262644
-0.619191	-0.33925	0.645913	-0.290359	-0.657803	-0.245064	0.648773	-0.293823	-0.839476	0.441257	0.299943	-0.102992	-0.444293	0.486484	-0.00520877	-0.75227	-0.775396	-0.443616	0.00227189	-0.449401	-0.911118	-0.21517	-0.342315	-0.0799132	-0.732297	0.186925	0.649671	-0.0820258	-0.623016	-0.370662	0.555353	-0.407485	-0.315372	-0.652678	0.405733	-0.556717	-0.361235	-0.512437	0.733441	-0.262644
-0.619517	-0.338719	0.645745	-0.290658	-0.657971	-0.244923	0.648426	-0.294331	-0.838903	0.441851	0.30037	-0.103865	-0.442902	0.486796	-0.00548893	-0.752886	-0.775038	-0.443795	0.00214942	-0.449842	-0.911232	-0.215111	-0.342087	-0.0797486	-0.731993	0.185934	0.650207	-0.082734	-0.622653	-0.371061	0.555516	-0.407454	-0.314957	-0.652065	0.405872	-0.557567	-0.362257	-0.510667	0.734708	-0.26114
-0.619121	-0.339279	0.645518	-0.291349	-0.65751	-0.245319	0.648419	-0.295048	-0.838593	0.441881	0.301158	-0.103955	-0.442273	0.487321	-0.00494884	-0.75292	-0.775072	-0.443176	0.00192244	-0.450394	-0.911744	-0.214012	-0.341166	-0.0807906	-0.732008	0.18489	0.650453	-0.0830112	-0.622886	-0.370346	0.556336	-0.40663	-0.315001	-0.65212	0.404903	-0.558183	-0.362517	-0.510136	0.735281	-0.260202
-0.619643	-0.339605	0.644631	-0.291825	-0.656775	-0.245702	0.648868	-0.295377	-0.838181	0.441534	0.302558	-0.104684	-0.441567	0.488298	-0.00423504	-0.752706	-0.774702	-0.442348	0.000943278	-0.451846	-0.911825	-0.21358	-0.340922	-0.0820458	-0.731629	0.185121	0.651	-0.0815342	-0.622918	-0.370062	0.556566	-0.406523	-0.315003	-0.652374	0.404375	-0.558267	-0.362211	-0.510077	0.73535	-0.260545
-0.619999	-0.339398	0.644586	-0.29141	-0.656117	-0.246124	0.649129	-0.295914	-0.838038	0.441363	0.303091	-0.105011	-0.441374	0.488581	-0.00387025	-0.752637	-0.774148	-0.442437	0.000431308	-0.452708	-0.911711	-0.21347	-0.340992	-0.0832955	-0.731351	0.185492	0.651273	-0.081007	-0.622834	-0.369901	0.556714	-0.406597	-0.31544	-0.652131	0.405042	-0.55782	-0.362149	-0.509762	0.735499	-0.26083
-0.619999	-0.339398	0.644586	-0.29141	-0.656117	-0.246124	0.649129	-0.295914	-0.838038	0.441363	0.303091	-0.105011	-0.441374	0.488581	-0.00387025	-0.752637	-0.774148	-0.442437	0.000431308	-0.452708	-0.911577	-0.213289	-0.3412	-0.0843701	-0.731351	0.185492	0.651273	-0.081007	-0.622902	-0.369388	0.557124	-0.406397	-0.31544	-0.652131	0.405042	-0.55782	-0.362149	-0.509762	0.735499	-0.26083
-0.620101	-0.339434	0.644341	-0.291692	-0.655615	-0.246856	0.648897	-0.296924	-0.837835	0.441062	0.303944	-0.105426	-0.440929	0.488933	-0.00306401	-0.752673	-0.773499	-0.442605	-5.75E-05	-0.453651	-0.911468	-0.212802	-0.341554	-0.085335	-0.730859	0.185715	0.6519	-0.0798807	-0.622719	-0.369355	0.557307	-0.406456	-0.315683	-0.651855	0.40483	-0.55816	-0.362401	-0.508874	0.736288	-0.259988
-0.620032	-0.339441	0.644224	-0.292089	-0.655483	-0.247013	0.648874	-0.297136	-0.837803	0.441125	0.303882	-0.1056	-0.440589	0.488852	-0.00297764	-0.752925	-0.772446	-0.442407	-0.00106674	-0.455634	-0.911466	-0.212309	-0.341682	-0.0860682	-0.730469	0.18532	0.65246	-0.0797918	-0.622598	-0.368696	0.558175	-0.406048	-0.315666	-0.651682	0.404503	-0.558608	-0.362274	-0.508693	0.736351	-0.260339
-0.619713	-0.339466	0.644257	-0.292664	-0.655109	-0.247449	0.648776	-0.297811	-0.837915	0.441184	0.303439	-0.105733	-0.440467	0.488392	-0.00317292	-0.753294	-0.771599	-0.442686	-0.00218562	-0.456792	-0.911077	-0.211511	-0.342722	-0.0879956	-0.730048	0.184856	0.653153	-0.0790535	-0.622202	-0.36842	0.55881	-0.406034	-0.315695	-0.651371	0.404419	-0.559015	-0.362028	-0.508016	0.73666	-0.261127
-0.619589	-0.339535	0.644285	-0.292783	-0.654905	-0.247724	0.648862	-0.297845	-0.83797	0.44119	0.303345	-0.105541	-0.44081	0.488345	-0.00327124	-0.753123	-0.771593	-0.442636	-0.00224384	-0.456851	-0.911074	-0.211375	-0.34274	-0.088284	-0.730001	0.184428	0.653308	-0.0792018	-0.621997	-0.36829	0.559092	-0.406077	-0.315757	-0.651235	0.404146	-0.559336	-0.361846	-0.5079	0.736686	-0.26153
-0.619595	-0.339387	0.644235	-0.293053	-0.654704	-0.247718	0.649078	-0.29782	-0.838018	0.441063	0.303455	-0.105378	-0.440946	0.488402	-0.00314699	-0.753007	-0.771593	-0.442636	-0.00224384	-0.456851	-0.911073	-0.211436	-0.342716	-0.0882388	-0.729794	0.184235	0.653606	-0.0791117	-0.621895	-0.367947	0.559546	-0.405918	-0.315757	-0.651235	0.404146	-0.559336	-0.361728	-0.50764	0.736762	-0.261983
-0.619459	-0.339453	0.644204	-0.293332	-0.654535	-0.247663	0.649268	-0.297822	-0.838029	0.440939	0.303708	-0.105081	-0.44102	0.48857	-0.00281953	-0.752857	-0.771663	-0.442532	-0.00189908	-0.456834	-0.911076	-0.211493	-0.342708	-0.0881028	-0.729558	0.184306	0.65389	-0.0787643	-0.62189	-0.367419	0.560161	-0.405556	-0.315962	-0.650801	0.404241	-0.559656	-0.361696	-0.507325	0.737012	-0.261936
-0.619003	-0.33993	0.644162	-0.293834	-0.654072	-0.247442	0.649915	-0.297613	-0.837903	0.440807	0.304527	-0.104266	-0.441485	0.489216	-0.00218691	-0.752166	-0.771771	-0.442381	-0.00149863	-0.4568	-0.91126	-0.211372	-0.342403	-0.0876747	-0.729985	0.184007	0.653488	-0.0788504	-0.622638	-0.363716	0.563925	-0.402519	-0.316637	-0.650503	0.404058	-0.559754	-0.360555	-0.507392	0.737705	-0.261427
-0.619116	-0.340117	0.64398	-0.293778	-0.653714	-0.247231	0.650524	-0.297243	-0.837829	0.440737	0.304873	-0.104141	-0.441757	0.489492	-0.00218612	-0.751827	-0.772499	-0.441706	-0.000740283	-0.456224	-0.911366	-0.211335	-0.34222	-0.0873771	-0.730643	0.184355	0.652655	-0.078843	-0.623052	-0.361009	0.566669	-0.400456	-0.317532	-0.650154	0.402053	-0.561095	-0.359157	-0.507831	0.73786	-0.262062
-0.619116	-0.340117	0.64398	-0.293778	-0.653714	-0.247231	0.650524	-0.297243	-0.837829	0.440737	0.304873	-0.104141	-0.441757	0.489492	-0.00218612	-0.751827	-0.772499	-0.441706	-0.000740283	-0.456224	-0.911366	-0.211335	-0.34222	-0.0873771	-0.730643	0.184355	0.652655	-0.078843	-0.623052	-0.361009	0.566669	-0.400456	-0.317532	-0.650154	0.402053	-0.561095	-0.359157	-0.507831	0.73786	-0.262062
-0.619404	-0.340427	0.643636	-0.293565	-0.653219	-0.246755	0.651456	-0.296685	-0.837473	0.440672	0.306293	-0.103111	-0.442372	0.490746	-0.00179237	-0.750648	-0.772731	-0.441759	-0.000373159	-0.455781	-0.911153	-0.212277	-0.342349	-0.0868068	-0.731175	0.186044	0.651731	-0.0775634	-0.623423	-0.356482	0.571429	-0.397156	-0.317532	-0.650154	0.402053	-0.561095	-0.356674	-0.508169	0.738869	-0.261954
-0.619404	-0.340427	0.643636	-0.293565	-0.653219	-0.246755	0.651456	-0.296685	-0.837473	0.440672	0.306293	-0.103111	-0.442372	0.490746	-0.00179237	-0.750648	-0.772736	-0.442161	0.000153278	-0.455382	-0.911153	-0.212277	-0.342349	-0.0868068	-0.731175	0.186044	0.651731	-0.0775634	-0.623423	-0.356482	0.571429	-0.397156	-0.319207	-0.649212	0.400407	-0.56241	-0.356674	-0.508169	0.738869	-0.261954
-0.619247	-0.340759	0.643537	-0.293729	-0.653089	-0.24665	0.651731	-0.296453	-0.837131	0.440646	0.307592	-0.102127	-0.442702	0.491844	-0.00113585	-0.749735	-0.772621	-0.442578	0.000990988	-0.455171	-0.910977	-0.21311	-0.342336	-0.0866707	-0.731189	0.186606	0.651585	-0.0773155	-0.622944	-0.356049	0.572417	-0.396873	-0.31981	-0.649198	0.399146	-0.562979	-0.355957	-0.508334	0.739239	-0.261566
-0.619992	-0.340136	0.6429	-0.294275	-0.652672	-0.246525	0.652365	-0.29608	-0.836428	0.440595	0.310149	-0.100352	-0.442984	0.494109	0.000482298	-0.748079	-0.77223	-0.443172	0.0017441	-0.455254	-0.910757	-0.215373	-0.341485	-0.0867401	-0.730598	0.187109	0.652154	-0.0768835	-0.622219	-0.355621	0.573808	-0.396386	-0.320232	-0.649211	0.398519	-0.563169	-0.354731	-0.508538	0.739154	-0.263069
-0.619759	-0.340448	0.64208	-0.296188	-0.652842	-0.246433	0.651854	-0.296907	-0.836177	0.4413	0.309815	-0.100385	-0.442514	0.494117	-8.57E-05	-0.748351	-0.77085	-0.444142	0.0029668	-0.456639	-0.910962	-0.2163	-0.34013	-0.0876017	-0.730408	0.186556	0.652487	-0.0772085	-0.621494	-0.355681	0.574736	-0.396124	-0.320324	-0.648983	0.397132	-0.564359	-0.354679	-0.508002	0.739612	-0.262889
-0.619338	-0.340864	0.641752	-0.2973	-0.652996	-0.246386	0.651512	-0.297358	-0.836177	0.4413	0.309815	-0.100385	-0.44222	0.493262	-0.0012829	-0.749088	-0.770974	-0.44374	0.00255266	-0.456824	-0.911236	-0.215837	-0.339558	-0.0881079	-0.730446	0.185922	0.652591	-0.0775012	-0.621189	-0.355743	0.575126	-0.39598	-0.32005	-0.649075	0.396192	-0.565067	-0.35435	-0.508277	0.73946	-0.263229
