FULLBODY	1																																						
Frames:	131																																						
-0.419011	-0.594532	0.38192	-0.570174	-0.388757	-0.569682	0.40342	-0.601317	-0.715947	-0.172384	0.603909	-0.304956	-0.688601	-0.0688802	0.664327	-0.282406	-0.0804909	-0.64095	-0.0150064	-0.763203	-0.147803	-0.637876	-0.0362673	-0.754952	-0.655697	-0.203943	0.683638	-0.2472	-0.392263	-0.614325	0.453337	-0.513049	-0.195999	-0.744666	0.0461795	-0.636337	-0.374978	-0.639621	0.455404	-0.492832
-0.400639	-0.618456	0.38661	-0.554557	-0.369167	-0.593025	0.38856	-0.600882	-0.706418	-0.21045	0.591982	-0.325948	-0.66834	-0.102457	0.667434	-0.312019	-0.0377406	-0.646955	-0.0209464	-0.761306	-0.117257	-0.646328	-0.0610125	-0.751524	-0.670346	-0.197168	0.672904	-0.242818	-0.420146	-0.601456	0.459613	-0.500484	-0.183406	-0.730555	0.0136819	-0.65762	-0.361896	-0.632789	0.443183	-0.521727
-0.400711	-0.618314	0.386482	-0.554752	-0.368995	-0.593353	0.388693	-0.600577	-0.706672	-0.211215	0.591646	-0.325513	-0.668395	-0.103937	0.667265	-0.311775	-0.0377406	-0.646955	-0.0209464	-0.761306	-0.117853	-0.646684	-0.0613993	-0.751093	-0.670186	-0.197585	0.672761	-0.243319	-0.419618	-0.601979	0.459244	-0.500637	-0.183406	-0.730555	0.0136819	-0.65762	-0.361983	-0.632947	0.443165	-0.52149
-0.400639	-0.618211	0.386322	-0.55503	-0.368822	-0.593676	0.388745	-0.60033	-0.706868	-0.212095	0.591389	-0.32498	-0.668631	-0.105175	0.667137	-0.311125	-0.0367623	-0.647443	-0.0201785	-0.760959	-0.118269	-0.647027	-0.0614392	-0.750729	-0.669958	-0.198066	0.672613	-0.243961	-0.419074	-0.602461	0.458826	-0.500896	-0.18339	-0.730857	0.0136019	-0.657291	-0.362202	-0.633016	0.443193	-0.52123
-0.400278	-0.618415	0.386216	-0.555137	-0.368652	-0.594	0.388818	-0.600066	-0.707266	-0.212516	0.591375	-0.323863	-0.669119	-0.10593	0.667144	-0.309802	-0.0362195	-0.647588	-0.0196448	-0.760875	-0.118419	-0.647352	-0.0611153	-0.750451	-0.669691	-0.198387	0.672669	-0.24428	-0.418618	-0.602863	0.458483	-0.501107	-0.183255	-0.731084	0.0137101	-0.657074	-0.362454	-0.632987	0.443199	-0.521084
-0.399898	-0.618632	0.386204	-0.555178	-0.368506	-0.594279	0.388934	-0.599805	-0.70771	-0.21259	0.591651	-0.322337	-0.669719	-0.106473	0.667322	-0.30793	-0.0356759	-0.647752	-0.0190435	-0.760777	-0.118169	-0.647688	-0.0605382	-0.750248	-0.66951	-0.198557	0.672736	-0.244455	-0.418217	-0.603217	0.4582	-0.501274	-0.182932	-0.731344	0.0137209	-0.656874	-0.362653	-0.632932	0.443122	-0.521079
-0.399672	-0.618833	0.386328	-0.55503	-0.368438	-0.594453	0.389094	-0.599571	-0.707962	-0.212912	0.591981	-0.320962	-0.670257	-0.107331	0.667488	-0.306097	-0.0352323	-0.647789	-0.0183063	-0.760784	-0.117742	-0.647864	-0.059538	-0.750243	-0.66939	-0.198712	0.67275	-0.244618	-0.417815	-0.603582	0.457879	-0.501464	-0.182804	-0.731551	0.0139226	-0.656675	-0.362927	-0.632822	0.44312	-0.521024
-0.399429	-0.619124	0.386687	-0.554631	-0.368393	-0.594535	0.389388	-0.599326	-0.707952	-0.213709	0.592279	-0.319904	-0.670747	-0.108494	0.667577	-0.304416	-0.0347273	-0.647706	-0.0175161	-0.760897	-0.117207	-0.648013	-0.0583025	-0.750295	-0.669215	-0.19897	0.672734	-0.244931	-0.417345	-0.603938	0.457487	-0.501784	-0.182729	-0.7316	0.0140846	-0.656638	-0.363259	-0.632657	0.443179	-0.520942
-0.399115	-0.619479	0.387078	-0.554187	-0.368337	-0.594539	0.389829	-0.59907	-0.707806	-0.214661	0.592626	-0.318944	-0.671237	-0.109597	0.667713	-0.302636	-0.0347273	-0.647706	-0.0175161	-0.760897	-0.116602	-0.648331	-0.0569356	-0.750219	-0.669034	-0.199179	0.672766	-0.245169	-0.417002	-0.604205	0.457179	-0.502028	-0.182729	-0.7316	0.0140846	-0.656638	-0.36363	-0.632472	0.443307	-0.520799
-0.39875	-0.61986	0.387481	-0.553742	-0.368156	-0.594742	0.390393	-0.598612	-0.70772	-0.215378	0.593093	-0.317782	-0.671629	-0.110639	0.667947	-0.300865	-0.0332632	-0.647314	-0.0156655	-0.761336	-0.115997	-0.648856	-0.0552067	-0.749988	-0.669007	-0.199164	0.672819	-0.245108	-0.416671	-0.604462	0.456866	-0.502278	-0.182447	-0.731679	0.01419	-0.656626	-0.363924	-0.632301	0.443456	-0.520673
-0.398116	-0.620413	0.388045	-0.553184	-0.36768	-0.595134	0.391427	-0.597839	-0.707668	-0.216613	0.59403	-0.315299	-0.671817	-0.112637	0.668904	-0.29756	-0.0320964	-0.647329	-0.012624	-0.76143	-0.114812	-0.649752	-0.0511611	-0.749682	-0.668928	-0.199366	0.672854	-0.245062	-0.416228	-0.604765	0.456392	-0.502712	-0.182165	-0.731629	0.0143573	-0.656756	-0.364224	-0.632038	0.44343	-0.520806
-0.398116	-0.620413	0.388045	-0.553184	-0.367503	-0.595301	0.391925	-0.597456	-0.707668	-0.216613	0.59403	-0.315299	-0.671817	-0.112637	0.668904	-0.29756	-0.0308421	-0.647436	-0.0119173	-0.761402	-0.113286	-0.650182	-0.0503142	-0.749599	-0.668928	-0.199366	0.672854	-0.245062	-0.415959	-0.604889	0.456123	-0.50303	-0.182165	-0.731629	0.0143573	-0.656756	-0.364224	-0.632038	0.44343	-0.520806
-0.397129	-0.621323	0.388969	-0.552223	-0.367148	-0.595642	0.392966	-0.59665	-0.70721	-0.218582	0.595526	-0.312129	-0.671755	-0.114392	0.670359	-0.293733	-0.0277808	-0.647946	-0.0114904	-0.761093	-0.108952	-0.65147	-0.0499827	-0.749145	-0.668825	-0.199139	0.673365	-0.244125	-0.41564	-0.605034	0.455775	-0.503434	-0.182111	-0.731149	0.0111545	-0.657368	-0.365937	-0.63086	0.445066	-0.519636
-0.396706	-0.621779	0.389594	-0.551572	-0.366711	-0.59621	0.3941	-0.595602	-0.707091	-0.219156	0.596206	-0.310696	-0.671452	-0.114375	0.671201	-0.292506	-0.0258367	-0.648885	-0.0101192	-0.76038	-0.105315	-0.653357	-0.0485241	-0.748117	-0.66863	-0.199558	0.673261	-0.244603	-0.41506	-0.605294	0.455414	-0.503927	-0.183667	-0.731877	0.014708	-0.656053	-0.368965	-0.628935	0.448268	-0.51707
-0.396778	-0.62189	0.390315	-0.550885	-0.366527	-0.596725	0.395348	-0.594371	-0.70673	-0.219757	0.596419	-0.310682	-0.671348	-0.11434	0.671319	-0.292488	-0.0245724	-0.64987	-0.00903976	-0.759595	-0.102781	-0.654858	-0.0470897	-0.747248	-0.668166	-0.199915	0.673503	-0.24491	-0.414542	-0.605474	0.455163	-0.504364	-0.185371	-0.731936	0.0164659	-0.655467	-0.370729	-0.627759	0.450304	-0.515466
-0.396897	-0.621896	0.390586	-0.550601	-0.366449	-0.597066	0.395802	-0.593774	-0.706627	-0.219835	0.596479	-0.310746	-0.671335	-0.113988	0.671356	-0.292571	-0.0242532	-0.650123	-0.00877704	-0.759391	-0.10206	-0.655125	-0.0467855	-0.747132	-0.6681	-0.199631	0.673771	-0.244586	-0.414243	-0.605602	0.454999	-0.504605	-0.185591	-0.731936	0.0168217	-0.655395	-0.371417	-0.627252	0.451245	-0.514764
-0.397003	-0.621873	0.39101	-0.550249	-0.366394	-0.597661	0.396662	-0.592635	-0.706662	-0.219703	0.596327	-0.311053	-0.671083	-0.112473	0.67148	-0.293447	-0.0249024	-0.650019	-0.00864947	-0.759461	-0.101748	-0.654215	-0.0477065	-0.747913	-0.668018	-0.199514	0.673945	-0.244427	-0.413871	-0.60568	0.454952	-0.504857	-0.18582	-0.731749	0.0170135	-0.655534	-0.372052	-0.626658	0.452228	-0.514166
-0.397426	-0.621646	0.390995	-0.550211	-0.366767	-0.59779	0.397356	-0.591808	-0.706655	-0.219289	0.595738	-0.312485	-0.670943	-0.111725	0.67137	-0.294305	-0.0258354	-0.649615	-0.00898868	-0.759771	-0.103172	-0.651845	-0.0495785	-0.749663	-0.667813	-0.199646	0.674267	-0.243991	-0.413336	-0.605854	0.454669	-0.505342	-0.185696	-0.731799	0.0173501	-0.655505	-0.371851	-0.626349	0.452195	-0.514716
-0.397548	-0.621618	0.390912	-0.550213	-0.367169	-0.597616	0.397672	-0.591523	-0.706713	-0.219315	0.595017	-0.313708	-0.670047	-0.10962	0.671366	-0.297134	-0.0293515	-0.648221	-0.00963974	-0.760826	-0.104951	-0.650612	-0.0499611	-0.750462	-0.667596	-0.199944	0.674447	-0.243844	-0.413099	-0.605887	0.454621	-0.505539	-0.185257	-0.731677	0.0179873	-0.655748	-0.371851	-0.626139	0.452389	-0.514802
-0.397828	-0.621656	0.390991	-0.549912	-0.367784	-0.597849	0.398149	-0.590583	-0.707572	-0.217162	0.593812	-0.315546	-0.669004	-0.106761	0.672033	-0.299011	-0.0324031	-0.647254	-0.00935156	-0.761528	-0.111956	-0.648562	-0.0485123	-0.751318	-0.667499	-0.199767	0.67483	-0.243194	-0.412128	-0.606338	0.454163	-0.506203	-0.185084	-0.731563	0.0180937	-0.655921	-0.37194	-0.625757	0.452936	-0.514722
-0.397956	-0.621611	0.390875	-0.549953	-0.368535	-0.59754	0.398739	-0.59003	-0.707659	-0.217141	0.592366	-0.318074	-0.665401	-0.0990981	0.674497	-0.304097	-0.0411043	-0.644848	-0.00714302	-0.763171	-0.116728	-0.647337	-0.0472042	-0.751732	-0.667333	-0.199925	0.674978	-0.243107	-0.411612	-0.606562	0.453996	-0.506503	-0.18475	-0.731505	0.0182792	-0.656074	-0.371809	-0.625666	0.453092	-0.514789
-0.398478	-0.621346	0.390621	-0.550054	-0.370274	-0.596958	0.400614	-0.588257	-0.709483	-0.213926	0.589978	-0.320619	-0.662415	-0.0914873	0.676088	-0.30942	-0.0473145	-0.643991	-0.00526394	-0.76355	-0.123896	-0.642568	-0.0537454	-0.754233	-0.66696	-0.200269	0.675275	-0.243022	-0.410931	-0.606726	0.453849	-0.506992	-0.184271	-0.731483	0.017984	-0.656242	-0.371264	-0.625793	0.453238	-0.514899
-0.398833	-0.620962	0.390233	-0.550506	-0.371173	-0.596709	0.401718	-0.58719	-0.711457	-0.210044	0.588308	-0.321875	-0.652882	-0.0645965	0.680596	-0.326131	-0.0588788	-0.638825	-0.00770616	-0.767057	-0.132338	-0.63848	-0.0552072	-0.756162	-0.666912	-0.200057	0.675456	-0.242827	-0.410931	-0.606726	0.453849	-0.506992	-0.184106	-0.731238	0.0172469	-0.656581	-0.371218	-0.6258	0.453479	-0.514713
-0.399788	-0.620075	0.389936	-0.551023	-0.37349	-0.595759	0.403596	-0.585395	-0.716098	-0.198771	0.58497	-0.324814	-0.637046	-0.0254183	0.68312	-0.356193	-0.0791605	-0.628225	-0.00792552	-0.773954	-0.156695	-0.622939	-0.0622718	-0.763882	-0.666867	-0.199361	0.675662	-0.24295	-0.409721	-0.607137	0.453605	-0.507697	-0.183937	-0.731145	0.016622	-0.656748	-0.370978	-0.625882	0.453514	-0.514755
-0.401623	-0.618372	0.390189	-0.551423	-0.376011	-0.594382	0.405902	-0.583583	-0.717237	-0.193084	0.583226	-0.328843	-0.612805	0.0224074	0.679811	-0.402276	-0.101483	-0.613787	-0.018286	-0.782708	-0.171976	-0.612582	-0.0695534	-0.768329	-0.666764	-0.199088	0.675705	-0.243337	-0.409428	-0.607171	0.453579	-0.507915	-0.185095	-0.730865	0.0171724	-0.656721	-0.371669	-0.625493	0.454251	-0.514079
-0.402582	-0.617532	0.390511	-0.551438	-0.376742	-0.593665	0.406583	-0.583368	-0.721994	-0.173803	0.579062	-0.336459	-0.597306	0.0494676	0.675672	-0.429239	-0.113435	-0.605318	-0.0270657	-0.787394	-0.208678	-0.58415	-0.0903723	-0.779137	-0.66699	-0.197061	0.676269	-0.2428	-0.409447	-0.606901	0.453698	-0.508117	-0.186067	-0.730816	0.0178663	-0.656481	-0.372122	-0.625192	0.454659	-0.513755
-0.404491	-0.615822	0.391148	-0.551501	-0.378319	-0.591648	0.407993	-0.583412	-0.725627	-0.148925	0.575824	-0.345996	-0.55872	0.108317	0.661134	-0.488877	-0.135871	-0.586786	-0.053056	-0.796496	-0.251085	-0.548717	-0.118927	-0.788494	-0.667537	-0.194782	0.676668	-0.242023	-0.410074	-0.606224	0.453841	-0.508291	-0.187169	-0.73089	0.0185656	-0.656066	-0.372762	-0.624735	0.454879	-0.513654
-0.406011	-0.614471	0.391503	-0.551639	-0.380207	-0.58905	0.409072	-0.584058	-0.725038	-0.122259	0.572348	-0.36303	-0.511259	0.167575	0.638377	-0.550462	-0.161268	-0.567448	-0.0819884	-0.803289	-0.297573	-0.507049	-0.151823	-0.794545	-0.66772	-0.193555	0.676983	-0.24162	-0.410604	-0.605693	0.453513	-0.508789	-0.18845	-0.730889	0.0194471	-0.655675	-0.373756	-0.624135	0.455168	-0.513404
-0.406803	-0.6137	0.391736	-0.551749	-0.382703	-0.585929	0.410638	-0.584467	-0.724178	-0.0906875	0.565783	-0.383707	-0.485532	0.195778	0.623624	-0.580536	-0.17541	-0.557261	-0.0960882	-0.80589	-0.345583	-0.461514	-0.184314	-0.795994	-0.667923	-0.192848	0.677045	-0.241451	-0.411192	-0.605202	0.453306	-0.509083	-0.188902	-0.730866	0.0197617	-0.655561	-0.374119	-0.623917	0.455071	-0.513492
-0.408872	-0.611873	0.392659	-0.551592	-0.384011	-0.584505	0.41125	-0.584606	-0.722877	-0.0732858	0.561437	-0.396063	-0.432397	0.246537	0.586967	-0.638531	-0.205223	-0.538327	-0.123444	-0.807991	-0.369871	-0.437946	-0.199925	-0.794625	-0.66831	-0.191177	0.677272	-0.241072	-0.411504	-0.604939	0.453316	-0.509134	-0.189906	-0.730959	0.0207952	-0.655135	-0.374774	-0.623544	0.454857	-0.513655
-0.409825	-0.611019	0.392994	-0.551593	-0.387114	-0.581597	0.412582	-0.58452	-0.717887	-0.0371189	0.551605	-0.423075	-0.405741	0.269219	0.565833	-0.665378	-0.220645	-0.528782	-0.137231	-0.808006	-0.41633	-0.389901	-0.231671	-0.78802	-0.668537	-0.190181	0.677397	-0.24088	-0.412028	-0.604551	0.45345	-0.509052	-0.190478	-0.73106	0.0213727	-0.654838	-0.375094	-0.623361	0.454856	-0.513645
-0.412233	-0.609	0.39397	-0.551335	-0.388971	-0.579768	0.413306	-0.584593	-0.714613	-0.0197664	0.545579	-0.437357	-0.352795	0.308768	0.520422	-0.713694	-0.252283	-0.509936	-0.160475	-0.806577	-0.438102	-0.365611	-0.246844	-0.783239	-0.669188	-0.187851	0.677646	-0.240199	-0.412395	-0.604285	0.453631	-0.508909	-0.191982	-0.73101	0.022837	-0.654405	-0.37581	-0.622983	0.454981	-0.51347
-0.413598	-0.607985	0.394636	-0.550957	-0.392572	-0.576314	0.414927	-0.584453	-0.708847	0.0165492	0.53329	-0.461372	-0.326906	0.326207	0.496002	-0.735325	-0.269061	-0.500228	-0.169386	-0.80541	-0.479413	-0.318596	-0.274765	-0.770171	-0.669535	-0.186524	0.677881	-0.239604	-0.413305	-0.603602	0.454094	-0.508569	-0.192553	-0.731142	0.0236278	-0.654062	-0.375935	-0.62293	0.454803	-0.5136
-0.415917	-0.606255	0.395626	-0.550407	-0.394485	-0.574408	0.415715	-0.584481	-0.705843	0.0365377	0.527292	-0.471608	-0.275955	0.35685	0.447645	-0.772088	-0.301149	-0.481972	-0.183344	-0.80212	-0.49961	-0.295287	-0.287578	-0.761902	-0.670063	-0.184518	0.678233	-0.23868	-0.41369	-0.603264	0.454244	-0.508523	-0.193513	-0.731268	0.0249941	-0.653586	-0.376347	-0.622681	0.454839	-0.513569
-0.416945	-0.605568	0.396276	-0.549918	-0.39846	-0.570313	0.417273	-0.584684	-0.6989	0.0726109	0.515337	-0.490605	-0.252262	0.369642	0.422854	-0.787987	-0.315333	-0.472953	-0.190347	-0.800405	-0.537167	-0.251255	-0.310797	-0.742783	-0.670288	-0.183719	0.678317	-0.238428	-0.414268	-0.602727	0.454509	-0.508452	-0.194269	-0.731128	0.025826	-0.653486	-0.376432	-0.62262	0.454851	-0.513569
-0.417961	-0.604941	0.396941	-0.549356	-0.39846	-0.570313	0.417273	-0.584684	-0.6989	0.0726109	0.515337	-0.490605	-0.228879	0.381496	0.39893	-0.801829	-0.32912	-0.464568	-0.197013	-0.798149	-0.537167	-0.251255	-0.310797	-0.742783	-0.670526	-0.182882	0.678442	-0.238046	-0.414268	-0.602727	0.454509	-0.508452	-0.194535	-0.731111	0.0261766	-0.653413	-0.376549	-0.622549	0.454978	-0.513458
-0.419523	-0.60417	0.398488	-0.547892	-0.402605	-0.566083	0.418562	-0.585034	-0.690427	0.104082	0.50335	-0.509034	-0.185381	0.400233	0.35316	-0.825061	-0.352897	-0.447836	-0.208743	-0.794565	-0.571691	-0.208987	-0.331775	-0.720707	-0.670898	-0.18113	0.678879	-0.237089	-0.414707	-0.602253	0.454694	-0.508491	-0.195409	-0.73103	0.0273626	-0.653193	-0.376767	-0.622356	0.455238	-0.513301
-0.420286	-0.603769	0.399449	-0.547049	-0.404406	-0.564187	0.419125	-0.58522	-0.686918	0.119465	0.497458	-0.516147	-0.164871	0.407441	0.332403	-0.834457	-0.362639	-0.440136	-0.214907	-0.792836	-0.587258	-0.188995	-0.341659	-0.708998	-0.67108	-0.180292	0.679151	-0.236434	-0.415238	-0.601783	0.455006	-0.508334	-0.195729	-0.731076	0.0281963	-0.653011	-0.376694	-0.622341	0.455166	-0.513438
-0.420929	-0.603511	0.400584	-0.546009	-0.406435	-0.561872	0.419697	-0.585631	-0.682761	0.134652	0.492401	-0.52273	-0.144824	0.413095	0.315187	-0.842043	-0.37207	-0.432934	-0.220382	-0.790926	-0.601375	-0.169623	-0.350943	-0.697435	-0.671264	-0.179574	0.679367	-0.235836	-0.4154	-0.601624	0.455025	-0.508374	-0.196209	-0.731041	0.0289814	-0.652872	-0.376792	-0.622178	0.455355	-0.513395
-0.421568	-0.603415	0.402108	-0.5445	-0.408422	-0.55954	0.420033	-0.586241	-0.679175	0.147727	0.486711	-0.52916	-0.127013	0.41745	0.297436	-0.849197	-0.380663	-0.425766	-0.225652	-0.78924	-0.614584	-0.151397	-0.358867	-0.685988	-0.67137	-0.17894	0.679574	-0.235419	-0.415473	-0.601495	0.455078	-0.508419	-0.196849	-0.730868	0.0296859	-0.652841	-0.376884	-0.622056	0.455552	-0.5133
-0.422313	-0.603323	0.404877	-0.541966	-0.411634	-0.555792	0.420095	-0.587514	-0.671887	0.169537	0.476691	-0.540917	-0.094689	0.422679	0.268521	-0.860391	-0.395428	-0.412067	-0.23573	-0.7863	-0.638504	-0.11878	-0.370815	-0.663852	-0.671233	-0.17841	0.679953	-0.235115	-0.415395	-0.601409	0.455184	-0.50849	-0.197278	-0.730782	0.0304501	-0.652773	-0.376635	-0.622044	0.455375	-0.513655
-0.422313	-0.603323	0.404877	-0.541966	-0.411634	-0.555792	0.420095	-0.587514	-0.671887	0.169537	0.476691	-0.540917	-0.094689	0.422679	0.268521	-0.860391	-0.395428	-0.412067	-0.23573	-0.7863	-0.638504	-0.11878	-0.370815	-0.663852	-0.671233	-0.17841	0.679953	-0.235115	-0.415395	-0.601409	0.455184	-0.50849	-0.197278	-0.730782	0.0304501	-0.652773	-0.376635	-0.622044	0.455375	-0.513655
-0.422383	-0.603213	0.405344	-0.541685	-0.413992	-0.552802	0.419572	-0.58905	-0.668545	0.17849	0.471742	-0.546487	-0.080015	0.423343	0.257029	-0.865052	-0.403022	-0.405504	-0.238928	-0.784891	-0.648943	-0.104002	-0.375378	-0.653566	-0.671135	-0.178599	0.679945	-0.235276	-0.415238	-0.601448	0.455157	-0.508596	-0.197083	-0.730732	0.0302464	-0.652897	-0.376436	-0.622054	0.455356	-0.513805
-0.422289	-0.603301	0.40572	-0.54138	-0.41487	-0.551529	0.418972	-0.590052	-0.662259	0.194832	0.463682	-0.555385	-0.0533598	0.423357	0.2378	-0.872567	-0.416663	-0.394278	-0.244432	-0.781786	-0.667696	-0.0770665	-0.384274	-0.632911	-0.670746	-0.179024	0.680153	-0.235463	-0.414733	-0.60163	0.45506	-0.508879	-0.196906	-0.730358	0.029748	-0.653392	-0.375972	-0.622121	0.455219	-0.514184
-0.422561	-0.60315	0.406524	-0.540732	-0.417081	-0.548137	0.418462	-0.592013	-0.652069	0.215335	0.45491	-0.567004	-0.0190645	0.420991	0.216178	-0.880721	-0.431346	-0.382678	-0.251924	-0.777195	-0.693332	-0.0417698	-0.397513	-0.599608	-0.670128	-0.179762	0.680377	-0.23601	-0.413745	-0.601993	0.454794	-0.509492	-0.196834	-0.730159	0.0291925	-0.653661	-0.375388	-0.622068	0.455368	-0.514544
-0.422595	-0.603177	0.407082	-0.540254	-0.418196	-0.546914	0.41825	-0.592506	-0.648949	0.221608	0.452881	-0.569784	-0.00737779	0.419604	0.210592	-0.88291	-0.435198	-0.380231	-0.253517	-0.775729	-0.711071	-0.0181997	-0.409438	-0.571321	-0.669906	-0.179865	0.680525	-0.236135	-0.413237	-0.602096	0.454817	-0.509761	-0.197198	-0.729995	0.0292478	-0.653732	-0.375322	-0.621986	0.455669	-0.514425
-0.422569	-0.603263	0.408281	-0.539273	-0.418696	-0.546634	0.418141	-0.592489	-0.643125	0.23628	0.451399	-0.571665	0.0183674	0.414995	0.202175	-0.886886	-0.438557	-0.378435	-0.256338	-0.773786	-0.719936	-0.0085018	-0.417902	-0.554056	-0.66958	-0.179769	0.680874	-0.236129	-0.413059	-0.602117	0.454867	-0.509837	-0.197463	-0.72987	0.0292596	-0.653791	-0.375316	-0.621816	0.456497	-0.513901
-0.42217	-0.603584	0.409369	-0.538402	-0.419651	-0.546818	0.417963	-0.591768	-0.638614	0.248292	0.45128	-0.571725	0.0471817	0.406548	0.198003	-0.890667	-0.435894	-0.378066	-0.257546	-0.775069	-0.738409	0.0127959	-0.430126	-0.519212	-0.669098	-0.17997	0.681271	-0.236195	-0.41246	-0.602489	0.454748	-0.509989	-0.197902	-0.729516	0.0292105	-0.654055	-0.37555	-0.621582	0.457568	-0.513059
-0.421463	-0.603894	0.410782	-0.53753	-0.421408	-0.545776	0.419055	-0.590709	-0.635468	0.252611	0.452469	-0.572398	0.0628783	0.402241	0.197466	-0.891771	-0.431008	-0.381547	-0.259269	-0.775522	-0.751248	0.0348514	-0.435731	-0.494519	-0.668304	-0.180476	0.681619	-0.237051	-0.41141	-0.603209	0.454519	-0.510189	-0.197698	-0.729215	0.0292188	-0.654452	-0.375512	-0.621582	0.458164	-0.512555
-0.422017	-0.603147	0.412496	-0.536621	-0.422612	-0.544442	0.420256	-0.590226	-0.634534	0.248177	0.454933	-0.57342	0.0578847	0.404802	0.200583	-0.890254	-0.429745	-0.383406	-0.261534	-0.774545	-0.755187	0.0356517	-0.437921	-0.486462	-0.66777	-0.179894	0.681866	-0.238285	-0.409776	-0.604233	0.454198	-0.510579	-0.198747	-0.729082	0.0303742	-0.65423	-0.375912	-0.621434	0.459321	-0.511405
-0.422415	-0.602558	0.413184	-0.53644	-0.422597	-0.54426	0.420939	-0.589918	-0.63437	0.245934	0.455875	-0.57382	0.0539742	0.406155	0.202326	-0.889488	-0.434562	-0.386216	-0.260896	-0.770666	-0.754854	0.0308614	-0.437205	-0.48795	-0.667872	-0.178833	0.682056	-0.238254	-0.409166	-0.604511	0.454486	-0.510482	-0.199787	-0.728951	0.0309657	-0.654032	-0.376188	-0.621426	0.460027	-0.510575
-0.42134	-0.602659	0.41423	-0.536366	-0.422308	-0.544355	0.42283	-0.588683	-0.634793	0.244975	0.45623	-0.573481	0.0531258	0.407033	0.202021	-0.889207	-0.437192	-0.386274	-0.257637	-0.770246	-0.753945	0.0277479	-0.435434	-0.491115	-0.668203	-0.176452	0.682373	-0.238194	-0.409166	-0.604511	0.454486	-0.510482	-0.201414	-0.728425	0.0306861	-0.654131	-0.376846	-0.621556	0.461939	-0.508201
-0.420053	-0.60346	0.415133	-0.535777	-0.422592	-0.544045	0.423691	-0.588147	-0.635362	0.245283	0.456202	-0.57274	0.0541899	0.4067	0.201529	-0.889407	-0.437687	-0.385675	-0.254704	-0.77124	-0.754574	0.0239124	-0.430898	-0.49434	-0.668365	-0.175092	0.682628	-0.238013	-0.407839	-0.605327	0.453386	-0.511555	-0.202392	-0.727968	0.030406	-0.654352	-0.377572	-0.621453	0.463493	-0.506369
-0.417673	-0.605102	0.418223	-0.533376	-0.423455	-0.543575	0.425417	-0.586714	-0.636741	0.243611	0.456881	-0.571379	0.0521625	0.407035	0.202483	-0.889158	-0.437136	-0.385843	-0.252118	-0.772317	-0.755844	0.0222555	-0.429179	-0.493974	-0.66909	-0.172783	0.682381	-0.238371	-0.406964	-0.605971	0.452443	-0.512323	-0.206358	-0.72683	0.0316511	-0.654319	-0.378953	-0.621494	0.46743	-0.501646
-0.417673	-0.605102	0.418223	-0.533376	-0.423647	-0.543849	0.426139	-0.585796	-0.636741	0.243611	0.456881	-0.571379	0.0492944	0.407561	0.20378	-0.888785	-0.437059	-0.386913	-0.25188	-0.771903	-0.755921	0.0210612	-0.42941	-0.493708	-0.66909	-0.172783	0.682381	-0.238371	-0.406478	-0.606368	0.45176	-0.512841	-0.209487	-0.725994	0.0326164	-0.654205	-0.378953	-0.621494	0.46743	-0.501646
-0.414907	-0.605882	0.423211	-0.530709	-0.42416	-0.54456	0.427844	-0.583517	-0.639805	0.237705	0.458775	-0.568921	0.0432391	0.407553	0.207839	-0.888163	-0.43835	-0.389718	-0.250805	-0.770108	-0.755637	0.018206	-0.429758	-0.493952	-0.672748	-0.166663	0.680323	-0.238315	-0.408087	-0.605619	0.45198	-0.512254	-0.216012	-0.724613	0.0331468	-0.653587	-0.38269	-0.620708	0.47769	-0.489981
-0.414119	-0.605654	0.427611	-0.52805	-0.425055	-0.545286	0.43035	-0.580337	-0.642461	0.23439	0.459026	-0.567098	0.0408222	0.407307	0.209228	-0.888064	-0.43931	-0.391169	-0.249962	-0.769098	-0.755708	0.0139156	-0.431075	-0.492835	-0.67569	-0.160912	0.679694	-0.235725	-0.41145	-0.604255	0.452456	-0.510752	-0.223557	-0.722844	0.0347243	-0.652927	-0.384554	-0.619512	0.482665	-0.485137
-0.414251	-0.605269	0.430121	-0.526347	-0.425999	-0.545447	0.432038	-0.578235	-0.644124	0.233221	0.458917	-0.565781	0.0363014	0.406683	0.211165	-0.888088	-0.44138	-0.393856	-0.24806	-0.767155	-0.756219	0.0119743	-0.431298	-0.491906	-0.67569	-0.160912	0.679694	-0.235725	-0.413799	-0.603256	0.452749	-0.509776	-0.227478	-0.722272	0.0368556	-0.652088	-0.392715	-0.61209	0.499386	-0.470887
-0.414906	-0.604275	0.435201	-0.522785	-0.428438	-0.545978	0.435347	-0.57343	-0.648075	0.23143	0.458352	-0.562452	0.031114	0.405934	0.212763	-0.888246	-0.444172	-0.396567	-0.245075	-0.765104	-0.75807	0.00784894	-0.431842	-0.488651	-0.679	-0.155426	0.67831	-0.233875	-0.418073	-0.602279	0.452067	-0.508046	-0.240753	-0.721383	0.0461839	-0.647696	-0.409731	-0.594951	0.52801	-0.446497
-0.41566	-0.603689	0.438069	-0.520463	-0.429951	-0.546207	0.437283	-0.5706	-0.65065	0.230908	0.45764	-0.560269	0.0276975	0.405717	0.212879	-0.888431	-0.445923	-0.398489	-0.243732	-0.763514	-0.759296	0.00490537	-0.432328	-0.486352	-0.683797	-0.147741	0.675766	-0.23224	-0.421029	-0.601459	0.452056	-0.506584	-0.2502	-0.720663	0.053558	-0.644342	-0.418255	-0.58543	0.541547	-0.434812
-0.41679	-0.602988	0.441249	-0.517678	-0.431655	-0.546323	0.439486	-0.567501	-0.653923	0.230563	0.456609	-0.557435	0.0236186	0.405197	0.213082	-0.888737	-0.448372	-0.400962	-0.24186	-0.761377	-0.760838	0.00136943	-0.432714	-0.483614	-0.683797	-0.147741	0.675766	-0.23224	-0.424407	-0.600564	0.452	-0.504874	-0.259541	-0.719937	0.061526	-0.640736	-0.426355	-0.57612	0.553551	-0.424133
-0.420666	-0.601316	0.448193	-0.510472	-0.435748	-0.54587	0.444888	-0.560557	-0.661614	0.23019	0.453863	-0.550716	0.0132301	0.404046	0.213866	-0.889288	-0.45592	-0.406318	-0.23625	-0.755797	-0.764424	-0.00640612	-0.433337	-0.47732	-0.692222	-0.132605	0.671202	-0.229636	-0.432018	-0.59892	0.451246	-0.501031	-0.274175	-0.720521	0.0742611	-0.632584	-0.440599	-0.560637	0.571417	-0.406253
-0.425954	-0.599891	0.455538	-0.501178	-0.44145	-0.543852	0.452764	-0.551681	-0.671391	0.232509	0.451058	-0.540112	-0.00055876	0.404818	0.212814	-0.889287	-0.467884	-0.41149	-0.227888	-0.748216	-0.770137	-0.0160362	-0.433317	-0.467834	-0.699949	-0.119825	0.665993	-0.228401	-0.440735	-0.597503	0.450046	-0.496187	-0.284701	-0.722694	0.0810195	-0.624576	-0.45059	-0.555859	0.574812	-0.396964
-0.42895	-0.599119	0.460299	-0.495159	-0.444607	-0.542381	0.458285	-0.546006	-0.677368	0.233431	0.450309	-0.532826	-0.00956887	0.406084	0.213184	-0.88857	-0.475007	-0.414906	-0.222273	-0.743516	-0.77358	-0.0219348	-0.433188	-0.461996	-0.70394	-0.113111	0.662819	-0.22879	-0.445264	-0.597073	0.449466	-0.493177	-0.285614	-0.725554	0.0806235	-0.620884	-0.454007	-0.557919	0.570229	-0.396791
-0.432566	-0.597939	0.465558	-0.488478	-0.447797	-0.540634	0.464458	-0.539881	-0.68392	0.234602	0.450393	-0.523795	-0.0202606	0.40826	0.213986	-0.8872	-0.490508	-0.422998	-0.208136	-0.732908	-0.777329	-0.0291533	-0.433146	-0.455295	-0.708058	-0.105079	0.659438	-0.229683	-0.450472	-0.596175	0.449383	-0.489598	-0.278942	-0.734036	0.0737457	-0.614772	-0.457167	-0.560332	0.564837	-0.397474
-0.449623	-0.590413	0.482655	-0.465077	-0.459693	-0.532557	0.486973	-0.517613	-0.706	0.23686	0.454505	-0.488761	-0.057926	0.418709	0.219931	-0.87918	-0.505054	-0.430625	-0.192106	-0.722896	-0.790028	-0.055608	-0.4295	-0.433928	-0.720752	-0.0805211	0.648052	-0.232513	-0.476427	-0.583935	0.449426	-0.479639	-0.287339	-0.736161	0.0746207	-0.608222	-0.479161	-0.553628	0.564091	-0.38171
-0.456075	-0.586205	0.489845	-0.456522	-0.46392	-0.529474	0.494768	-0.509549	-0.713311	0.236099	0.45655	-0.476452	-0.0706009	0.42236	0.22325	-0.875664	-0.511357	-0.433808	-0.183651	-0.718747	-0.794298	-0.0644932	-0.426802	-0.427517	-0.726846	-0.0672026	0.644979	-0.226232	-0.489219	-0.575556	0.448557	-0.4777	-0.29448	-0.737798	0.0790831	-0.602231	-0.486079	-0.551633	0.562788	-0.377753
-0.463406	-0.581525	0.498359	-0.445781	-0.468297	-0.525749	0.502939	-0.501337	-0.720397	0.235796	0.458203	-0.464197	-0.0706009	0.42236	0.22325	-0.875664	-0.511357	-0.433808	-0.183651	-0.718747	-0.798308	-0.0734948	-0.423791	-0.421549	-0.732968	-0.0516961	0.642411	-0.2177	-0.501233	-0.567573	0.447361	-0.475915	-0.29448	-0.737798	0.0790831	-0.602231	-0.493238	-0.548867	0.561922	-0.373771
-0.470516	-0.576632	0.506906	-0.434921	-0.472656	-0.521563	0.511605	-0.492776	-0.727475	0.236078	0.459265	-0.451801	-0.0967766	0.429157	0.227739	-0.868673	-0.523474	-0.439163	-0.167396	-0.710696	-0.802284	-0.081968	-0.420553	-0.41564	-0.738847	-0.0370099	0.63915	-0.210291	-0.511811	-0.559724	0.449781	-0.471652	-0.307461	-0.739992	0.0881166	-0.591706	-0.498811	-0.547552	0.559339	-0.372174
-0.481627	-0.567579	0.523061	-0.415087	-0.482594	-0.512272	0.527202	-0.476171	-0.741033	0.235462	0.460411	-0.428309	-0.10983	0.432089	0.229562	-0.865181	-0.529643	-0.441199	-0.159552	-0.706658	-0.809267	-0.0973579	-0.414576	-0.404643	-0.749752	-0.00784064	0.63141	-0.19782	-0.527071	-0.535818	0.490271	-0.441282	-0.313855	-0.740697	0.093493	-0.586619	-0.504397	-0.545822	0.556924	-0.370806
-0.488163	-0.560592	0.535849	-0.400374	-0.492738	-0.503844	0.53928	-0.461007	-0.753607	0.234771	0.460603	-0.405961	-0.147875	0.438887	0.234538	-0.854695	-0.54627	-0.449493	-0.139408	-0.6929	-0.814187	-0.112008	-0.411952	-0.393509	-0.754243	0.0200913	0.630925	-0.180687	-0.517643	-0.521767	0.540594	-0.409344	-0.328967	-0.741536	0.107964	-0.574674	-0.514697	-0.545279	0.545607	-0.37426
-0.494733	-0.552725	0.546807	-0.388249	-0.503427	-0.49478	0.548637	-0.448053	-0.764743	0.236389	0.458455	-0.386145	-0.17068	0.442114	0.234187	-0.848858	-0.55599	-0.456139	-0.128773	-0.68281	-0.818475	-0.125065	-0.410578	-0.381946	-0.756594	0.0334829	0.63343	-0.15878	-0.502045	-0.501881	0.599234	-0.370114	-0.337897	-0.741444	0.119043	-0.567376	-0.520257	-0.545192	0.538122	-0.377522
-0.498669	-0.548099	0.552744	-0.381301	-0.511983	-0.486925	0.556956	-0.436552	-0.77408	0.239899	0.454836	-0.369287	-0.180878	0.443397	0.23271	-0.84648	-0.56055	-0.459251	-0.12411	-0.677841	-0.822531	-0.136932	-0.409079	-0.370604	-0.758232	0.0434366	0.637864	-0.127777	-0.472879	-0.49058	0.648647	-0.339077	-0.343564	-0.740588	0.126235	-0.563522	-0.523988	-0.543702	0.536374	-0.376997
-0.507249	-0.537909	0.564489	-0.367022	-0.515188	-0.483501	0.561297	-0.430991	-0.778034	0.241166	0.453429	-0.361808	-0.197819	0.445527	0.229872	-0.842338	-0.568595	-0.46418	-0.115451	-0.669259	-0.8246	-0.14197	-0.408063	-0.36519	-0.756632	0.0486416	0.643212	-0.106862	-0.457961	-0.484055	0.671809	-0.323473	-0.359723	-0.736429	0.142203	-0.555023	-0.530631	-0.540378	0.535657	-0.373489
-0.513791	-0.527426	0.576817	-0.353727	-0.51925	-0.477593	0.570233	-0.420854	-0.784489	0.243118	0.451742	-0.348426	-0.211943	0.447857	0.228625	-0.837994	-0.575041	-0.46742	-0.108103	-0.662692	-0.828805	-0.150863	-0.40478	-0.355634	-0.752329	0.0561872	0.653769	-0.0585652	-0.432443	-0.46255	0.718512	-0.287718	-0.376844	-0.7316	0.154506	-0.546697	-0.534812	-0.538539	0.536557	-0.368862
-0.516762	-0.521744	0.582818	-0.347942	-0.521261	-0.474267	0.574715	-0.416005	-0.787338	0.244153	0.451246	-0.341855	-0.218358	0.449353	0.228165	-0.835669	-0.578014	-0.468111	-0.104363	-0.660213	-0.830893	-0.154628	-0.402844	-0.351317	-0.750111	0.0578867	0.657971	-0.0325071	-0.420973	-0.448947	0.740998	-0.268609	-0.384561	-0.728997	0.158807	-0.543559	-0.536686	-0.537465	0.537669	-0.366076
-0.521923	-0.509987	0.595411	-0.336149	-0.524918	-0.467585	0.583282	-0.406949	-0.792399	0.245114	0.450777	-0.329882	-0.230835	0.452122	0.227872	-0.830888	-0.582845	-0.468609	-0.0981535	-0.656554	-0.834751	-0.160662	-0.398547	-0.344294	-0.742646	0.0624265	0.666395	0.0222954	-0.410585	-0.433769	0.762504	-0.248701	-0.399794	-0.724094	0.168976	-0.536003	-0.540803	-0.534117	0.54042	-0.360828
-0.524942	-0.503263	0.60139	-0.330896	-0.527017	-0.463819	0.587309	-0.402733	-0.79462	0.245438	0.45076	-0.324276	-0.236792	0.453574	0.227659	-0.828475	-0.5847	-0.46885	-0.0955013	-0.655122	-0.836165	-0.163664	-0.396656	-0.341622	-0.738254	0.0632626	0.669857	0.0476442	-0.392466	-0.400961	0.800845	-0.209398	-0.408733	-0.721146	0.175623	-0.531077	-0.543389	-0.531559	0.542133	-0.358141
-0.532353	-0.488477	0.613277	-0.319188	-0.5323	-0.45529	0.594356	-0.395106	-0.798873	0.2466	0.450366	-0.313306	-0.248744	0.456392	0.226911	-0.823617	-0.5876	-0.469579	-0.0914347	-0.65258	-0.838588	-0.169575	-0.393062	-0.336922	-0.727951	0.0574911	0.677544	0.0878367	-0.380175	-0.365797	0.832726	-0.168009	-0.42946	-0.713107	0.191581	-0.519942	-0.549593	-0.524768	0.546056	-0.352689
-0.535358	-0.481128	0.619887	-0.312486	-0.53519	-0.450793	0.597895	-0.390998	-0.798873	0.2466	0.450366	-0.313306	-0.25483	0.457722	0.225792	-0.821322	-0.588816	-0.469902	-0.0893171	-0.651545	-0.839723	-0.172511	-0.391586	-0.334312	-0.722401	0.0552373	0.681146	0.105483	-0.376791	-0.349822	0.844582	-0.149449	-0.43907	-0.709832	0.199091	-0.513536	-0.555341	-0.517711	0.550384	-0.347346
-0.545138	-0.457006	0.638483	-0.293784	-0.544204	-0.435827	0.610135	-0.376341	-0.807634	0.253137	0.446333	-0.290578	-0.273413	0.461461	0.220096	-0.814774	-0.592984	-0.47076	-0.0827921	-0.647998	-0.842751	-0.18065	-0.388825	-0.325502	-0.705226	0.0600852	0.689913	0.151876	-0.372123	-0.319246	0.863252	-0.120011	-0.471722	-0.697765	0.226935	-0.488982	-0.577737	-0.488502	0.566128	-0.327238
-0.549229	-0.447875	0.644404	-0.287227	-0.550759	-0.424431	0.618733	-0.365639	-0.811736	0.258406	0.442791	-0.279728	-0.279869	0.462597	0.217145	-0.812727	-0.594904	-0.470925	-0.0808072	-0.646366	-0.844922	-0.184872	-0.387245	-0.319327	-0.699681	0.0657982	0.691885	0.165566	-0.380752	-0.30734	0.864582	-0.114314	-0.484018	-0.691899	0.23679	-0.480555	-0.585033	-0.478725	0.570743	-0.320641
-0.55279	-0.439191	0.650008	-0.281114	-0.553789	-0.418498	0.622995	-0.360631	-0.813573	0.261355	0.440791	-0.274765	-0.291372	0.464732	0.210474	-0.809214	-0.598944	-0.470559	-0.0774518	-0.643305	-0.845915	-0.186828	-0.386446	-0.316516	-0.689026	0.0790782	0.695095	0.189297	-0.388629	-0.302867	0.862564	-0.114987	-0.504893	-0.68139	0.251998	-0.466142	-0.597616	-0.461338	0.578058	-0.309631
-0.558773	-0.423639	0.658714	-0.272761	-0.558519	-0.406982	0.63122	-0.352114	-0.816715	0.268022	0.43699	-0.264917	-0.296496	0.465934	0.207028	-0.807549	-0.60084	-0.470499	-0.0767336	-0.641665	-0.847732	-0.189195	-0.385507	-0.311351	-0.684025	0.0850259	0.696932	0.197905	-0.408984	-0.298645	0.853383	-0.123613	-0.51276	-0.677776	0.257123	-0.459983	-0.603624	-0.453042	0.581016	-0.304649
-0.564849	-0.408883	0.665302	-0.266708	-0.560588	-0.401344	0.634716	-0.348998	-0.817891	0.271772	0.434832	-0.260989	-0.305157	0.468435	0.1994	-0.80479	-0.606291	-0.468639	-0.0745884	-0.638142	-0.848805	-0.189046	-0.38506	-0.309064	-0.676179	0.0965097	0.699366	0.210604	-0.417184	-0.298568	0.848423	-0.130355	-0.527031	-0.671891	0.265603	-0.4475	-0.619367	-0.430507	0.589251	-0.289536
-0.570446	-0.396236	0.669064	-0.264465	-0.564488	-0.390074	0.64043	-0.345028	-0.819427	0.280971	0.430079	-0.254217	-0.311906	0.471144	0.189767	-0.802949	-0.61112	-0.466147	-0.0742722	-0.635392	-0.850995	-0.187802	-0.384605	-0.304329	-0.670363	0.100876	0.703554	0.213187	-0.429784	-0.295242	0.841877	-0.139142	-0.543527	-0.664387	0.274184	-0.433579	-0.634067	-0.40732	0.59628	-0.276585
-0.572927	-0.390922	0.670213	-0.264099	-0.566373	-0.384649	0.642616	-0.343965	-0.819712	0.285689	0.428137	-0.251302	-0.31424	0.472803	0.18506	-0.802162	-0.613286	-0.464593	-0.0744011	-0.634427	-0.852055	-0.186775	-0.384713	-0.301848	-0.667487	0.103313	0.705124	0.215843	-0.437039	-0.291834	0.839062	-0.140728	-0.550571	-0.660956	0.277335	-0.427894	-0.639779	-0.397997	0.598211	-0.272809
-0.575124	-0.386009	0.671374	-0.263602	-0.568249	-0.379726	0.64402	-0.343714	-0.819839	0.290312	0.426413	-0.248503	-0.315998	0.474567	0.180857	-0.801388	-0.615049	-0.463115	-0.0751054	-0.633718	-0.853243	-0.185337	-0.384686	-0.299405	-0.664236	0.106189	0.706758	0.219108	-0.443783	-0.28881	0.836284	-0.142393	-0.556582	-0.65819	0.279606	-0.422875	-0.645605	-0.387907	0.600477	-0.268608
-0.578418	-0.377643	0.673262	-0.263699	-0.571968	-0.370798	0.645755	-0.344039	-0.819708	0.298975	0.423248	-0.244035	-0.318367	0.47763	0.172888	-0.800389	-0.618021	-0.459312	-0.0764514	-0.633434	-0.855578	-0.181361	-0.384525	-0.295357	-0.657947	0.108243	0.712836	0.217378	-0.452852	-0.288781	0.829086	-0.155393	-0.569811	-0.652293	0.283498	-0.411652	-0.657574	-0.364865	0.606427	-0.258295
-0.580752	-0.373479	0.673477	-0.26395	-0.573294	-0.366441	0.647353	-0.343496	-0.819623	0.303185	0.421415	-0.242295	-0.319574	0.478794	0.168674	-0.800111	-0.619023	-0.457331	-0.077254	-0.633791	-0.856725	-0.179453	-0.384263	-0.29353	-0.655483	0.107475	0.716463	0.21324	-0.45782	-0.286885	0.82612	-0.160075	-0.57854	-0.647817	0.28647	-0.404425	-0.663544	-0.352231	0.610029	-0.252007
-0.583632	-0.369714	0.672702	-0.264871	-0.574638	-0.362397	0.64877	-0.342867	-0.819541	0.307144	0.419542	-0.240833	-0.320766	0.479867	0.164431	-0.799875	-0.619801	-0.455534	-0.0778551	-0.63425	-0.857758	-0.177607	-0.383959	-0.292032	-0.653297	0.108732	0.718669	0.211884	-0.464916	-0.280035	0.82486	-0.158237	-0.587617	-0.642792	0.289245	-0.397319	-0.668413	-0.341129	0.613018	-0.247113
-0.591077	-0.361967	0.670618	-0.264346	-0.577682	-0.355212	0.650821	-0.341379	-0.819795	0.315146	0.415093	-0.23731	-0.323395	0.481456	0.156091	-0.799532	-0.620558	-0.453264	-0.0805342	-0.634802	-0.858794	-0.174257	-0.38359	-0.29149	-0.649375	0.117864	0.719806	0.215174	-0.47621	-0.269345	0.822107	-0.157538	-0.600682	-0.635278	0.291353	-0.388223	-0.673662	-0.328017	0.615397	-0.244683
-0.591077	-0.361967	0.670618	-0.264346	-0.577682	-0.355212	0.650821	-0.341379	-0.819795	0.315146	0.415093	-0.23731	-0.323395	0.481456	0.156091	-0.799532	-0.620558	-0.453264	-0.0805342	-0.634802	-0.859184	-0.172965	-0.383295	-0.291497	-0.649375	0.117864	0.719806	0.215174	-0.479978	-0.267013	0.820196	-0.160013	-0.600682	-0.635278	0.291353	-0.388223	-0.673662	-0.328017	0.615397	-0.244683
-0.597683	-0.353758	0.669127	-0.264383	-0.580561	-0.349597	0.65233	-0.339407	-0.820845	0.323338	0.408618	-0.233877	-0.325488	0.481368	0.146717	-0.80051	-0.621007	-0.451229	-0.0838595	-0.635382	-0.860123	-0.171477	-0.382009	-0.291295	-0.645755	0.120945	0.723247	0.212807	-0.486341	-0.263438	0.81693	-0.163396	-0.61055	-0.630593	0.28946	-0.38183	-0.679196	-0.311935	0.620179	-0.238257
-0.603245	-0.348551	0.665061	-0.268888	-0.584759	-0.343624	0.651964	-0.339002	-0.821727	0.333466	0.399713	-0.231937	-0.325861	0.47981	0.135345	-0.803292	-0.622349	-0.449383	-0.0864183	-0.635034	-0.86056	-0.171439	-0.381313	-0.29094	-0.643287	0.120902	0.726292	0.209914	-0.488292	-0.263952	0.814994	-0.166391	-0.616244	-0.629761	0.290521	-0.373151	-0.686451	-0.289456	0.627694	-0.225836
-0.605912	-0.345344	0.663482	-0.270923	-0.589628	-0.335705	0.650828	-0.340682	-0.82166	0.345357	0.390078	-0.231177	-0.324882	0.478531	0.121416	-0.806671	-0.626639	-0.448055	-0.0887924	-0.631416	-0.861969	-0.171439	-0.37988	-0.288634	-0.64148	0.118449	0.729289	0.206423	-0.491049	-0.265836	0.811611	-0.171727	-0.620967	-0.62903	0.292551	-0.364877	-0.69454	-0.263345	0.635829	-0.209727
-0.610778	-0.339556	0.662218	-0.270405	-0.595804	-0.326946	0.648579	-0.342738	-0.820966	0.351441	0.385973	-0.231366	-0.324231	0.479204	0.107124	-0.808556	-0.634802	-0.44429	-0.0900914	-0.625713	-0.865817	-0.169334	-0.376841	-0.282273	-0.641083	0.119043	0.729283	0.207337	-0.49469	-0.262142	0.811315	-0.168319	-0.623022	-0.625655	0.296856	-0.363697	-0.696545	-0.262084	0.632794	-0.213798
-0.611776	-0.335695	0.662053	-0.273356	-0.602099	-0.318049	0.646585	-0.343874	-0.817598	0.367043	0.378011	-0.232209	-0.323775	0.481292	0.0956362	-0.808938	-0.645347	-0.439434	-0.091054	-0.61817	-0.871331	-0.16624	-0.373841	-0.270903	-0.640697	0.122443	0.728874	0.207986	-0.493911	-0.261413	0.811825	-0.16928	-0.619222	-0.626223	0.297924	-0.368307	-0.698651	-0.258639	0.631143	-0.21599
-0.612645	-0.333581	0.661903	-0.274361	-0.60467	-0.314429	0.645809	-0.34415	-0.816478	0.371054	0.375984	-0.233063	-0.323156	0.482056	0.0907332	-0.809296	-0.651891	-0.436498	-0.0902228	-0.613488	-0.874551	-0.16482	-0.371982	-0.263863	-0.640625	0.122719	0.729085	0.207303	-0.494581	-0.25938	0.812426	-0.167558	-0.617988	-0.626039	0.299261	-0.369606	-0.699615	-0.256452	0.6309	-0.216186
-0.614118	-0.329144	0.663382	-0.272851	-0.609416	-0.307095	0.644609	-0.344651	-0.814081	0.37837	0.37249	-0.235287	-0.320727	0.483111	0.0817958	-0.810585	-0.66594	-0.431441	-0.0869495	-0.602347	-0.881387	-0.164073	-0.367449	-0.247424	-0.639987	0.125592	0.727797	0.212026	-0.497244	-0.257033	0.812257	-0.164076	-0.618186	-0.62352	0.303131	-0.370378	-0.700608	-0.255149	0.630026	-0.217058
-0.615682	-0.32372	0.666259	-0.268774	-0.615213	-0.298516	0.643767	-0.34346	-0.811779	0.384683	0.370084	-0.236793	-0.318562	0.484503	0.0745919	-0.811302	-0.678818	-0.428801	-0.0828869	-0.59031	-0.887575	-0.164981	-0.363685	-0.229619	-0.639095	0.128657	0.726541	0.217123	-0.50049	-0.253887	0.81206	-0.160028	-0.620234	-0.620262	0.308059	-0.368354	-0.700666	-0.253652	0.630976	-0.215865
-0.618383	-0.31761	0.668215	-0.264982	-0.621085	-0.291897	0.642951	-0.340094	-0.810693	0.390042	0.367511	-0.235753	-0.319149	0.485872	0.0681109	-0.810823	-0.684915	-0.42855	-0.0810408	-0.583668	-0.891724	-0.166645	-0.363027	-0.212766	-0.637804	0.133939	0.724739	0.223652	-0.505054	-0.24552	0.813412	-0.15166	-0.622126	-0.616906	0.312766	-0.36683	-0.70006	-0.255297	0.630503	-0.217269
-0.619698	-0.31452	0.669022	-0.263554	-0.623741	-0.289418	0.642865	-0.337504	-0.810854	0.39191	0.36602	-0.234417	-0.320463	0.486207	0.065394	-0.810327	-0.695293	-0.429921	-0.0778608	-0.570678	-0.892916	-0.168089	-0.363661	-0.205419	-0.636942	0.136895	0.723987	0.226732	-0.507728	-0.239652	0.814321	-0.147172	-0.622469	-0.615464	0.314441	-0.367238	-0.699458	-0.257636	0.629431	-0.219543
-0.621628	-0.309318	0.670427	-0.26159	-0.629225	-0.284272	0.642992	-0.331401	-0.812444	0.394694	0.362014	-0.230427	-0.324715	0.485587	0.0609908	-0.809349	-0.698861	-0.431856	-0.0762348	-0.56505	-0.893706	-0.173285	-0.365785	-0.193551	-0.635784	0.141168	0.722719	0.23136	-0.509227	-0.237266	0.814405	-0.145388	-0.622636	-0.613293	0.31802	-0.367504	-0.699234	-0.259868	0.627875	-0.222065
-0.621628	-0.309318	0.670427	-0.26159	-0.629225	-0.284272	0.642992	-0.331401	-0.812444	0.394694	0.362014	-0.230427	-0.324715	0.485587	0.0609908	-0.809349	-0.701436	-0.434409	-0.0748185	-0.56007	-0.893706	-0.173285	-0.365785	-0.193551	-0.635784	0.141168	0.722719	0.23136	-0.509227	-0.237266	0.814405	-0.145388	-0.622636	-0.613293	0.31802	-0.367504	-0.699234	-0.259868	0.627875	-0.222065
-0.622537	-0.307203	0.67099	-0.260472	-0.631865	-0.282227	0.642713	-0.328656	-0.813845	0.395656	0.359396	-0.22792	-0.327368	0.484554	0.0589286	-0.809052	-0.703383	-0.437196	-0.0736349	-0.555599	-0.893618	-0.176233	-0.366985	-0.188972	-0.635328	0.142717	0.722093	0.233606	-0.513051	-0.233736	0.813737	-0.141342	-0.623197	-0.612196	0.320461	-0.36626	-0.69922	-0.260034	0.62762	-0.222635
-0.624602	-0.303782	0.671636	-0.257863	-0.636079	-0.279119	0.642322	-0.323911	-0.816988	0.397499	0.353333	-0.222893	-0.33402	0.481841	0.0544526	-0.808266	-0.7059	-0.442431	-0.0712525	-0.548528	-0.892787	-0.181635	-0.36996	-0.181852	-0.634728	0.145125	0.720671	0.2381	-0.514178	-0.233729	0.8131	-0.140926	-0.625841	-0.609441	0.324112	-0.363119	-0.699494	-0.259143	0.627647	-0.222738
-0.627183	-0.29944	0.673357	-0.252126	-0.640587	-0.274417	0.642522	-0.318605	-0.820018	0.401606	0.345847	-0.21604	-0.340496	0.480258	0.0493721	-0.806832	-0.707535	-0.445868	-0.0695314	-0.54384	-0.892292	-0.186245	-0.372583	-0.174095	-0.634746	0.147686	0.719402	0.240308	-0.515302	-0.233265	0.812449	-0.141343	-0.627497	-0.607147	0.327208	-0.361323	-0.699105	-0.259992	0.627136	-0.224403
-0.62782	-0.298736	0.673447	-0.251134	-0.641586	-0.273274	0.642623	-0.317371	-0.82033	0.403208	0.344376	-0.214212	-0.344748	0.480312	0.0444823	-0.805277	-0.709659	-0.446508	-0.0685938	-0.540657	-0.892354	-0.186643	-0.373126	-0.172177	-0.63444	0.149384	0.718966	0.241367	-0.516219	-0.23193	0.812468	-0.140081	-0.628257	-0.606088	0.327549	-0.361472	-0.698852	-0.260673	0.626867	-0.225151
-0.629753	-0.2968	0.673205	-0.24923	-0.643103	-0.271296	0.642639	-0.315964	-0.820413	0.406025	0.34271	-0.211224	-0.347141	0.481262	0.0410509	-0.803862	-0.710862	-0.446935	-0.0683317	-0.538752	-0.89246	-0.187182	-0.373874	-0.1694	-0.634597	0.151556	0.717614	0.243613	-0.516865	-0.23133	0.812398	-0.139091	-0.62939	-0.604767	0.328594	-0.360763	-0.698219	-0.261738	0.626816	-0.226019
-0.63069	-0.295596	0.673387	-0.247795	-0.643885	-0.269848	0.642786	-0.31531	-0.820364	0.407159	0.342281	-0.209926	-0.348248	0.481928	0.0397195	-0.803051	-0.711329	-0.446989	-0.0684112	-0.538082	-0.892612	-0.187314	-0.374012	-0.16814	-0.634975	0.152517	0.716933	0.244033	-0.5166	-0.23161	0.812499	-0.139024	-0.630091	-0.603949	0.329321	-0.360247	-0.698094	-0.261596	0.627109	-0.225757
-0.6318	-0.294455	0.673338	-0.246457	-0.644625	-0.268346	0.643198	-0.314236	-0.820368	0.407983	0.341989	-0.208783	-0.349334	0.482509	0.0385782	-0.802286	-0.711996	-0.44668	-0.0683523	-0.537463	-0.892844	-0.187053	-0.374072	-0.167067	-0.635227	0.152936	0.716754	0.24364	-0.516197	-0.231938	0.812616	-0.139289	-0.630541	-0.603584	0.329697	-0.359729	-0.697883	-0.261812	0.627286	-0.225668
-0.632905	-0.2937	0.672818	-0.245943	-0.644899	-0.267541	0.643747	-0.313236	-0.820431	0.408681	0.341691	-0.207653	-0.35046	0.483008	0.0375232	-0.801544	-0.712758	-0.446434	-0.0683831	-0.536654	-0.892956	-0.186756	-0.37436	-0.16615	-0.635241	0.153251	0.716864	0.243083	-0.515792	-0.232083	0.812772	-0.139635	-0.630893	-0.603354	0.329497	-0.359681	-0.697462	-0.262591	0.62733	-0.225939
-0.63382	-0.29328	0.672188	-0.245809	-0.644906	-0.267241	0.644206	-0.312532	-0.820541	0.409285	0.341467	-0.206393	-0.351516	0.483509	0.0369433	-0.800806	-0.713204	-0.446694	-0.0685116	-0.535826	-0.892881	-0.186794	-0.374808	-0.165502	-0.635153	0.15381	0.716966	0.242659	-0.515023	-0.232616	0.812918	-0.140729	-0.630887	-0.603364	0.32893	-0.360193	-0.696352	-0.265169	0.626839	-0.227711
-0.635803	-0.291766	0.671281	-0.244967	-0.64516	-0.266706	0.644672	-0.311504	-0.820853	0.409815	0.341143	-0.20463	-0.352531	0.483981	0.0364254	-0.800098	-0.71342	-0.447089	-0.0683176	-0.535234	-0.892708	-0.187694	-0.375343	-0.164199	-0.635422	0.154223	0.716981	0.241647	-0.513373	-0.234438	0.812986	-0.143321	-0.63088	-0.6032	0.328402	-0.360961	-0.694051	-0.271359	0.62488	-0.232771
-0.636783	-0.291081	0.670684	-0.244873	-0.645486	-0.266685	0.644398	-0.311413	-0.820932	0.410165	0.340823	-0.204145	-0.354034	0.484512	0.0351208	-0.799171	-0.713604	-0.447797	-0.0678354	-0.534458	-0.892705	-0.188296	-0.375314	-0.163589	-0.635424	0.154189	0.716955	0.24174	-0.513119	-0.235129	0.812871	-0.143747	-0.630374	-0.603587	0.326992	-0.362474	-0.690558	-0.281166	0.621162	-0.241315
-0.639003	-0.289487	0.66937	-0.244575	-0.646288	-0.267143	0.643205	-0.311824	-0.820807	0.411259	0.340214	-0.20346	-0.35465	0.484874	0.034059	-0.798725	-0.713168	-0.448684	-0.0674092	-0.53435	-0.892807	-0.189374	-0.374927	-0.162671	-0.635726	0.154107	0.716575	0.242125	-0.513119	-0.235746	0.81273	-0.143536	-0.629784	-0.604124	0.328673	-0.361083	-0.691116	-0.279225	0.622341	-0.23892
-0.639565	-0.28923	0.669152	-0.244005	-0.646657	-0.267059	0.642852	-0.311857	-0.820798	0.41157	0.340004	-0.203221	-0.354767	0.484884	0.0334461	-0.798692	-0.713072	-0.448886	-0.0669795	-0.534363	-0.892884	-0.189781	-0.374707	-0.162284	-0.635931	0.154515	0.716194	0.242451	-0.513192	-0.235402	0.812887	-0.142946	-0.629561	-0.604312	0.329513	-0.360389	-0.691558	-0.277884	0.622928	-0.237674
-0.640394	-0.287949	0.669681	-0.241884	-0.648019	-0.265873	0.642192	-0.311403	-0.820966	0.411886	0.339477	-0.202782	-0.355789	0.484936	0.0323612	-0.79825	-0.713463	-0.448838	-0.0669314	-0.533886	-0.892945	-0.189873	-0.374688	-0.161882	-0.636148	0.154862	0.715655	0.243251	-0.513417	-0.235181	0.812934	-0.142239	-0.630525	-0.603138	0.331453	-0.35889	-0.692811	-0.273486	0.624992	-0.233672
-0.64073	-0.287439	0.669836	-0.241172	-0.648592	-0.265592	0.641895	-0.311063	-0.821126	0.412046	0.339172	-0.202321	-0.35644	0.484868	0.0320026	-0.798016	-0.713664	-0.448876	-0.0673478	-0.533534	-0.892865	-0.189738	-0.375058	-0.161624	-0.636052	0.154985	0.715443	0.244048	-0.513607	-0.23567	0.812642	-0.142411	-0.630745	-0.602997	0.331729	-0.358485	-0.692539	-0.27388	0.62512	-0.233675
-0.640897	-0.287213	0.670048	-0.240406	-0.64848	-0.265489	0.642587	-0.309953	-0.821761	0.411848	0.338507	-0.201253	-0.357503	0.484545	0.0320031	-0.797737	-0.713955	-0.448991	-0.0670479	-0.533086	-0.892395	-0.189488	-0.376493	-0.161177	-0.635961	0.155406	0.715144	0.244889	-0.514062	-0.235644	0.812414	-0.142115	-0.631865	-0.602111	0.332239	-0.357529	-0.692634	-0.272896	0.625968	-0.232272
-0.641368	-0.286797	0.670061	-0.23961	-0.648342	-0.264819	0.643652	-0.308602	-0.822245	0.41185	0.33801	-0.200104	-0.358607	0.484373	0.0319028	-0.797349	-0.713885	-0.44974	-0.0673086	-0.532514	-0.892017	-0.18979	-0.377385	-0.16083	-0.63579	0.155813	0.714827	0.246	-0.514921	-0.235235	0.812095	-0.141503	-0.632155	-0.6018	0.333373	-0.356483	-0.693183	-0.271403	0.626557	-0.230791
-0.641639	-0.286672	0.669989	-0.239237	-0.6485	-0.264675	0.643719	-0.308253	-0.822357	0.412123	0.337678	-0.199641	-0.359203	0.484493	0.0314989	-0.797024	-0.713866	-0.449959	-0.0671483	-0.532375	-0.891898	-0.189869	-0.377707	-0.160638	-0.635672	0.155998	0.714616	0.246798	-0.515495	-0.234868	0.811975	-0.140705	-0.632352	-0.601482	0.333938	-0.356141	-0.693386	-0.271038	0.626618	-0.230442
-0.641536	-0.286522	0.670322	-0.238756	-0.648723	-0.26447	0.643884	-0.307616	-0.822354	0.412893	0.336986	-0.199232	-0.35966	0.484535	0.0302049	-0.796843	-0.71391	-0.450237	-0.0668002	-0.532126	-0.89177	-0.190245	-0.377945	-0.160345	-0.63586	0.156548	0.713982	0.247801	-0.516017	-0.234489	0.811926	-0.139706	-0.632462	-0.601232	0.334757	-0.355598	-0.694178	-0.269403	0.627022	-0.228873
-0.641438	-0.286821	0.670307	-0.238703	-0.648516	-0.264844	0.644285	-0.306891	-0.822424	0.413278	0.336444	-0.199062	-0.360084	0.484358	0.0291377	-0.796799	-0.714094	-0.450531	-0.0668583	-0.531622	-0.891706	-0.190404	-0.37808	-0.160193	-0.635887	0.156663	0.713738	0.248361	-0.516439	-0.234284	0.811783	-0.139319	-0.631812	-0.602096	0.334328	-0.355695	-0.693584	-0.271103	0.626511	-0.230062
-0.641302	-0.28706	0.670346	-0.238674	-0.648406	-0.265201	0.644391	-0.306592	-0.822554	0.413055	0.336424	-0.199019	-0.360363	0.484322	0.0292013	-0.796692	-0.714078	-0.450753	-0.0666091	-0.531485	-0.891488	-0.190594	-0.378487	-0.160219	-0.63577	0.156697	0.713767	0.248555	-0.516622	-0.234347	0.81163	-0.139427	-0.632326	-0.601793	0.333941	-0.355657	-0.691931	-0.275923	0.624654	-0.234318
-0.640911	-0.287512	0.670493	-0.238766	-0.648061	-0.266001	0.644504	-0.306389	-0.822873	0.412076	0.336794	-0.199107	-0.360776	0.484256	0.0301753	-0.796509	-0.713241	-0.451848	-0.0664825	-0.531697	-0.890988	-0.191231	-0.379207	-0.160543	-0.635988	0.156964	0.713317	0.249119	-0.516856	-0.234243	0.811582	-0.13901	-0.63298	-0.601517	0.333182	-0.355673	-0.691383	-0.277024	0.624674	-0.234583
-0.640785	-0.287807	0.670434	-0.238916	-0.648057	-0.266729	0.644125	-0.306563	-0.822891	0.411556	0.337153	-0.199497	-0.360641	0.484137	0.0305762	-0.796627	-0.71277	-0.45223	-0.0664668	-0.532005	-0.89056	-0.191937	-0.379521	-0.161331	-0.636252	0.156982	0.712972	0.249421	-0.516876	-0.234394	0.811591	-0.13863	-0.632141	-0.602318	0.333208	-0.355785	-0.691401	-0.276966	0.624779	-0.234321
-0.640769	-0.288422	0.670185	-0.238914	-0.648061	-0.26706	0.643831	-0.306884	-0.822841	0.411358	0.337408	-0.199683	-0.359955	0.484112	0.0313247	-0.796923	-0.711468	-0.453121	-0.0668241	-0.532944	-0.890333	-0.192173	-0.379641	-0.162019	-0.636459	0.156835	0.712873	0.249269	-0.516751	-0.234337	0.811721	-0.138432	-0.632791	-0.601662	0.333983	-0.355012	-0.691904	-0.275465	0.625488	-0.232708
-0.640769	-0.288422	0.670185	-0.238914	-0.648061	-0.26706	0.643831	-0.306884	-0.822841	0.411358	0.337408	-0.199683	-0.359955	0.484112	0.0313247	-0.796923	-0.711468	-0.453121	-0.0668241	-0.532944	-0.890333	-0.192173	-0.379641	-0.162019	-0.636459	0.156835	0.712873	0.249269	-0.516751	-0.234337	0.811721	-0.138432	-0.632791	-0.601662	0.333983	-0.355012	-0.691904	-0.275465	0.625488	-0.232708
-0.640746	-0.288678	0.670103	-0.238895	-0.648333	-0.267333	0.643294	-0.307197	-0.82279	0.410917	0.337591	-0.200491	-0.359825	0.484082	0.0316026	-0.796989	-0.710965	-0.453245	-0.0671143	-0.533473	-0.889992	-0.192099	-0.37983	-0.163527	-0.636808	0.156186	0.713028	0.248338	-0.515996	-0.235294	0.811757	-0.139408	-0.632367	-0.602205	0.333444	-0.355355	-0.691966	-0.275333	0.625565	-0.232472
-0.640395	-0.289891	0.669564	-0.239877	-0.647927	-0.268112	0.643165	-0.307645	-0.822779	0.410686	0.337555	-0.201067	-0.359378	0.483618	0.0317852	-0.797465	-0.710115	-0.453375	-0.0678734	-0.534397	-0.889799	-0.191891	-0.380066	-0.164273	-0.637014	0.155557	0.713149	0.247859	-0.515722	-0.235916	0.811663	-0.139922	-0.631035	-0.603489	0.332801	-0.356145	-0.691904	-0.27597	0.625259	-0.232725
