FULLBODY	1																																						
Frames:	178																																						
-0.421608	-0.590114	0.368084	-0.58183	-0.390119	-0.571991	0.396941	-0.602553	-0.705719	-0.193237	0.597992	-0.327147	-0.666834	-0.0872724	0.675567	-0.302202	-0.0776998	-0.651429	-0.000573856	-0.75472	-0.150665	-0.654053	-0.0359728	-0.74042	-0.67482	-0.18872	0.6754	-0.229866	-0.427291	-0.600004	0.478257	-0.478213	-0.180822	-0.734585	0.0433764	-0.652539	-0.350056	-0.637762	0.45082	-0.517186
-0.407166	-0.611476	0.379966	-0.562085	-0.379371	-0.591638	0.386868	-0.596972	-0.714221	-0.216298	0.585275	-0.317108	-0.672977	-0.107774	0.667705	-0.299427	-0.041508	-0.656897	-0.000356881	-0.752837	-0.141268	-0.656498	-0.0692781	-0.737736	-0.687035	-0.178575	0.667493	-0.224827	-0.443311	-0.589015	0.482393	-0.473111	-0.183088	-0.728326	0.0132689	-0.660185	-0.360118	-0.633223	0.441334	-0.523993
-0.408002	-0.610601	0.380442	-0.562107	-0.379395	-0.59114	0.387569	-0.596995	-0.713702	-0.21682	0.587126	-0.314486	-0.673587	-0.109162	0.668869	-0.294921	-0.0409923	-0.656964	-0.000323368	-0.752806	-0.140646	-0.656929	-0.06755	-0.737631	-0.6867	-0.176998	0.669212	-0.221969	-0.443662	-0.588552	0.482293	-0.47346	-0.182803	-0.728525	0.0136754	-0.660036	-0.359361	-0.633136	0.441757	-0.52426
-0.40822	-0.610245	0.380743	-0.562132	-0.379601	-0.590619	0.388048	-0.597068	-0.713495	-0.216885	0.587956	-0.313358	-0.673357	-0.109411	0.670275	-0.292149	-0.0380303	-0.656736	-0.000396647	-0.753161	-0.137003	-0.658725	-0.0629903	-0.737119	-0.686617	-0.176918	0.6695	-0.221421	-0.444026	-0.587877	0.482197	-0.474055	-0.182319	-0.729252	0.0150057	-0.659338	-0.358876	-0.632765	0.441536	-0.525227
-0.409255	-0.609407	0.382026	-0.561417	-0.379756	-0.589822	0.388988	-0.597146	-0.713768	-0.216326	0.589854	-0.309533	-0.67303	-0.109021	0.670969	-0.291455	-0.0361344	-0.656676	-0.000136447	-0.753307	-0.130753	-0.660867	-0.0575808	-0.736779	-0.68568	-0.176664	0.670874	-0.220364	-0.444469	-0.587018	0.482319	-0.47458	-0.182018	-0.729366	0.0155717	-0.659282	-0.358386	-0.632399	0.441482	-0.526047
-0.410633	-0.608518	0.383291	-0.560513	-0.379808	-0.589521	0.390498	-0.596425	-0.713934	-0.216121	0.590629	-0.307809	-0.671786	-0.10714	0.672812	-0.290772	-0.0321102	-0.656804	0.00110135	-0.753377	-0.122877	-0.663347	-0.0512973	-0.73637	-0.685276	-0.176	0.671801	-0.219327	-0.44485	-0.586276	0.482141	-0.475321	-0.181954	-0.729118	0.016469	-0.659552	-0.358375	-0.631851	0.441915	-0.526349
-0.411472	-0.607962	0.383883	-0.560096	-0.37989	-0.589445	0.391395	-0.595859	-0.713805	-0.216127	0.590927	-0.307534	-0.671493	-0.106716	0.673095	-0.290951	-0.0286877	-0.656948	0.00296781	-0.753384	-0.11892	-0.664539	-0.0478378	-0.736177	-0.684952	-0.175819	0.67222	-0.219199	-0.444797	-0.585748	0.48226	-0.4759	-0.182397	-0.728914	0.0177174	-0.659622	-0.358287	-0.631701	0.442067	-0.526462
-0.41356	-0.606636	0.38522	-0.559077	-0.380103	-0.589769	0.393301	-0.594145	-0.713646	-0.215913	0.591487	-0.306976	-0.670993	-0.105402	0.673691	-0.291203	-0.0270474	-0.656945	0.00370003	-0.753444	-0.11102	-0.66693	-0.0414928	-0.735634	-0.684589	-0.174722	0.672862	-0.219241	-0.444473	-0.585724	0.482202	-0.47629	-0.183477	-0.728093	0.0185827	-0.660206	-0.35886	-0.631088	0.443437	-0.525653
-0.41466	-0.605808	0.385594	-0.558901	-0.380504	-0.589749	0.394075	-0.593395	-0.713379	-0.215957	0.591766	-0.307027	-0.670839	-0.104757	0.673934	-0.291229	-0.0257306	-0.657104	0.00455085	-0.753347	-0.107049	-0.667988	-0.0386634	-0.735417	-0.684255	-0.174261	0.673321	-0.219242	-0.444277	-0.585385	0.482378	-0.476712	-0.184107	-0.727913	0.0191682	-0.660212	-0.359265	-0.630723	0.444211	-0.52516
-0.416431	-0.60477	0.386631	-0.557992	-0.381826	-0.589447	0.395093	-0.592168	-0.712745	-0.215273	0.592348	-0.307857	-0.671133	-0.102974	0.674123	-0.290749	-0.0258316	-0.658171	0.00635616	-0.752398	-0.0999906	-0.669378	-0.0335739	-0.735396	-0.684553	-0.172114	0.674027	-0.217831	-0.444658	-0.58486	0.482799	-0.476575	-0.185173	-0.727606	0.0204631	-0.660214	-0.359402	-0.630397	0.444984	-0.524804
-0.417864	-0.603858	0.387484	-0.557316	-0.383802	-0.588536	0.395856	-0.591286	-0.712294	-0.213214	0.592834	-0.309396	-0.671103	-0.0966199	0.675909	-0.288848	-0.0305411	-0.658297	0.006747	-0.752108	-0.0979258	-0.670033	-0.0276259	-0.735325	-0.684248	-0.171306	0.674727	-0.217263	-0.44415	-0.585019	0.48247	-0.477186	-0.185297	-0.727145	0.020851	-0.660674	-0.359112	-0.630356	0.445367	-0.524727
-0.418815	-0.603253	0.387988	-0.556907	-0.386085	-0.586988	0.396519	-0.590894	-0.713171	-0.207401	0.592849	-0.31129	-0.669984	-0.0855289	0.677829	-0.290438	-0.0400446	-0.655836	0.00863829	-0.753791	-0.104809	-0.668866	-0.0198794	-0.735689	-0.683947	-0.170881	0.675206	-0.217055	-0.443945	-0.58487	0.482478	-0.477551	-0.185903	-0.726872	0.0214416	-0.660785	-0.35899	-0.630254	0.445698	-0.524651
-0.420098	-0.602309	0.388305	-0.556741	-0.388726	-0.585238	0.398151	-0.589801	-0.715028	-0.199095	0.59058	-0.31672	-0.666282	-0.0648256	0.680435	-0.298118	-0.054642	-0.649651	0.0108914	-0.758188	-0.120456	-0.662505	-0.0179827	-0.73909	-0.683758	-0.170709	0.67537	-0.217277	-0.443356	-0.585143	0.482007	-0.478239	-0.185442	-0.727599	0.0218716	-0.6601	-0.358601	-0.630252	0.445154	-0.525382
-0.420687	-0.601766	0.388176	-0.556973	-0.389676	-0.584564	0.399033	-0.589246	-0.717561	-0.192109	0.58778	-0.320493	-0.663318	-0.05261	0.679922	-0.308134	-0.0639186	-0.64405	0.00979178	-0.762246	-0.130928	-0.655975	-0.0207084	-0.743052	-0.683566	-0.170608	0.675497	-0.217567	-0.443025	-0.585292	0.481718	-0.478654	-0.185459	-0.727546	0.0215821	-0.660163	-0.358814	-0.630088	0.445262	-0.525341
-0.421662	-0.600956	0.387754	-0.557404	-0.391731	-0.582657	0.402122	-0.587669	-0.724494	-0.172927	0.579065	-0.331495	-0.653307	-0.0220995	0.675445	-0.341284	-0.0858212	-0.630099	0.00263129	-0.771753	-0.155956	-0.635536	-0.0373766	-0.755231	-0.683074	-0.170428	0.675586	-0.21897	-0.442144	-0.585684	0.480809	-0.479901	-0.185892	-0.727086	0.0203183	-0.660589	-0.359424	-0.62978	0.44548	-0.525108
-0.422772	-0.600248	0.388161	-0.557043	-0.39253	-0.581744	0.403388	-0.587173	-0.727774	-0.161152	0.574334	-0.338401	-0.646159	-0.000577191	0.672186	-0.361448	-0.0977156	-0.621234	-0.00549573	-0.77749	-0.173492	-0.621969	-0.0469204	-0.762138	-0.683108	-0.169779	0.675586	-0.219369	-0.442082	-0.585522	0.480576	-0.48039	-0.186508	-0.726938	0.0201583	-0.660582	-0.359938	-0.629453	0.445587	-0.525058
-0.424587	-0.59884	0.388679	-0.556818	-0.393588	-0.580121	0.404174	-0.58753	-0.73338	-0.130892	0.56563	-0.353672	-0.637145	0.0232239	0.667498	-0.384647	-0.111573	-0.611025	-0.0155092	-0.783556	-0.213792	-0.587854	-0.0712409	-0.776946	-0.683426	-0.167424	0.675924	-0.219144	-0.442256	-0.58511	0.479896	-0.481411	-0.187512	-0.726769	0.0203793	-0.660478	-0.361536	-0.628446	0.445961	-0.524849
-0.425735	-0.597696	0.388911	-0.557008	-0.395214	-0.5781	0.4041	-0.58848	-0.735997	-0.0960631	0.557057	-0.372515	-0.596801	0.102838	0.643405	-0.468276	-0.153291	-0.57786	-0.0626669	-0.799157	-0.25565	-0.54799	-0.100261	-0.790125	-0.683725	-0.165344	0.676208	-0.218915	-0.442905	-0.584395	0.479292	-0.482282	-0.190452	-0.726441	0.0206076	-0.65999	-0.363442	-0.627271	0.446618	-0.524379
-0.427388	-0.596174	0.389122	-0.557225	-0.396995	-0.575805	0.404162	-0.589488	-0.734775	-0.059483	0.548418	-0.394721	-0.559449	0.158188	0.618825	-0.528251	-0.18597	-0.555014	-0.0949203	-0.805211	-0.29832	-0.503339	-0.132747	-0.80002	-0.683917	-0.163628	0.676344	-0.219186	-0.443347	-0.583866	0.478726	-0.48308	-0.191974	-0.726238	0.0206483	-0.659771	-0.364324	-0.626801	0.446541	-0.524394
-0.429046	-0.594761	0.389723	-0.557041	-0.399141	-0.573385	0.404617	-0.590086	-0.730222	-0.0260499	0.536381	-0.422366	-0.538602	0.184362	0.603259	-0.558567	-0.201005	-0.543473	-0.112774	-0.807165	-0.34222	-0.455595	-0.165906	-0.804856	-0.684488	-0.161004	0.676617	-0.218505	-0.443796	-0.583431	0.478528	-0.483388	-0.192531	-0.726256	0.0206865	-0.659588	-0.364489	-0.626748	0.446337	-0.524517
-0.429734	-0.594197	0.390118	-0.556837	-0.400455	-0.571967	0.404607	-0.590578	-0.725586	-0.00993823	0.531353	-0.437139	-0.493489	0.233779	0.568302	-0.615507	-0.23073	-0.522057	-0.143278	-0.808512	-0.364116	-0.431642	-0.184622	-0.804375	-0.684632	-0.159883	0.676833	-0.218205	-0.443889	-0.583281	0.47835	-0.483659	-0.193198	-0.726466	0.0209864	-0.659151	-0.36505	-0.626307	0.446157	-0.524807
-0.431145	-0.593302	0.391579	-0.555673	-0.403513	-0.568635	0.40514	-0.591348	-0.717931	0.0255818	0.522955	-0.458735	-0.445824	0.278699	0.529335	-0.665862	-0.256949	-0.502888	-0.1707	-0.80743	-0.406904	-0.383316	-0.224266	-0.79825	-0.685056	-0.158478	0.676882	-0.217749	-0.44462	-0.582591	0.478314	-0.483856	-0.19412	-0.726661	0.0221103	-0.65863	-0.365535	-0.625827	0.446056	-0.525128
-0.432216	-0.592751	0.39334	-0.554183	-0.406319	-0.565549	0.404918	-0.592537	-0.710275	0.0625037	0.515527	-0.47522	-0.396092	0.320321	0.488595	-0.708365	-0.284232	-0.482808	-0.189428	-0.806366	-0.451505	-0.33192	-0.258658	-0.786809	-0.685319	-0.157241	0.677245	-0.216683	-0.44514	-0.582173	0.478126	-0.484067	-0.19484	-0.726747	0.0232327	-0.658283	-0.365814	-0.625569	0.445981	-0.525305
-0.432291	-0.592814	0.394802	-0.553017	-0.408893	-0.562674	0.404142	-0.594032	-0.705718	0.0769078	0.511303	-0.484373	-0.34522	0.357484	0.447161	-0.74369	-0.307697	-0.464858	-0.20466	-0.804577	-0.494789	-0.281594	-0.290933	-0.768926	-0.68557	-0.156662	0.677321	-0.216071	-0.445391	-0.581976	0.478015	-0.484183	-0.195136	-0.72665	0.0236391	-0.658288	-0.366246	-0.625325	0.446284	-0.525036
-0.432777	-0.592332	0.39595	-0.552331	-0.411753	-0.559023	0.403877	-0.595682	-0.691552	0.113667	0.500334	-0.508431	-0.320141	0.373303	0.426834	-0.758925	-0.31813	-0.456809	-0.211293	-0.803414	-0.534378	-0.232481	-0.320594	-0.746734	-0.685705	-0.156798	0.677308	-0.215586	-0.445673	-0.58186	0.47803	-0.484047	-0.195088	-0.726695	0.0239279	-0.658242	-0.366247	-0.625337	0.446257	-0.525044
-0.432946	-0.592275	0.396692	-0.551728	-0.41306	-0.557184	0.403258	-0.596917	-0.687782	0.124558	0.49673	-0.514491	-0.272566	0.398786	0.386324	-0.785768	-0.335553	-0.441606	-0.224999	-0.801102	-0.534378	-0.232481	-0.320594	-0.746734	-0.685776	-0.156697	0.677378	-0.215213	-0.445668	-0.581921	0.47801	-0.483999	-0.195096	-0.726844	0.024526	-0.658053	-0.366372	-0.62534	0.446477	-0.524767
-0.433111	-0.592118	0.397275	-0.551347	-0.415518	-0.553975	0.402631	-0.598619	-0.681263	0.145916	0.490456	-0.523491	-0.249228	0.408984	0.367666	-0.797144	-0.343262	-0.434725	-0.231327	-0.799795	-0.584709	-0.16765	-0.356147	-0.709344	-0.685825	-0.15653	0.67748	-0.214857	-0.445542	-0.582108	0.478173	-0.483728	-0.19514	-0.726941	0.0249589	-0.657917	-0.366339	-0.625382	0.446483	-0.524734
-0.433766	-0.591232	0.397643	-0.551517	-0.416483	-0.552491	0.402557	-0.599369	-0.678978	0.154804	0.486186	-0.527871	-0.206416	0.4235	0.331245	-0.817507	-0.356421	-0.422529	-0.242714	-0.797197	-0.599028	-0.148678	-0.365438	-0.696789	-0.685591	-0.157518	0.677351	-0.215287	-0.445411	-0.582267	0.478291	-0.483541	-0.194948	-0.727201	0.0257399	-0.657656	-0.366012	-0.625678	0.446332	-0.524738
-0.433917	-0.590807	0.397467	-0.551981	-0.41844	-0.549518	0.402535	-0.600752	-0.67522	0.171592	0.478473	-0.534508	-0.168333	0.431738	0.298827	-0.834247	-0.3695	-0.41154	-0.250959	-0.794433	-0.623932	-0.114976	-0.380744	-0.672698	-0.685598	-0.157767	0.677292	-0.215269	-0.444829	-0.58278	0.478465	-0.483286	-0.19481	-0.727131	0.0260531	-0.657762	-0.365824	-0.625903	0.446511	-0.524449
-0.433664	-0.590903	0.397343	-0.552166	-0.419237	-0.548201	0.402369	-0.601512	-0.673304	0.179028	0.474932	-0.537634	-0.150685	0.433967	0.284892	-0.84131	-0.375488	-0.406554	-0.254585	-0.793038	-0.645554	-0.0848513	-0.38997	-0.65114	-0.685485	-0.15788	0.677377	-0.215277	-0.44441	-0.583144	0.478759	-0.482942	-0.194555	-0.727251	0.0262461	-0.657697	-0.365572	-0.626066	0.446454	-0.524478
-0.432079	-0.592115	0.397073	-0.552305	-0.420677	-0.545725	0.402153	-0.6029	-0.670359	0.190334	0.467072	-0.544275	-0.119261	0.43599	0.258689	-0.85368	-0.387361	-0.397118	-0.259167	-0.790621	-0.654966	-0.0721583	-0.394576	-0.640408	-0.685497	-0.15794	0.677328	-0.215349	-0.444403	-0.58312	0.479027	-0.482712	-0.194171	-0.727351	0.0266892	-0.657682	-0.365325	-0.626168	0.446593	-0.52441
-0.431268	-0.592904	0.397447	-0.551823	-0.421211	-0.544512	0.401918	-0.60378	-0.668958	0.197218	0.464244	-0.545964	-0.103584	0.436184	0.248263	-0.858708	-0.392528	-0.393069	-0.261121	-0.789452	-0.663549	-0.0603818	-0.399268	-0.629795	-0.685671	-0.157292	0.677477	-0.214801	-0.444482	-0.583052	0.479295	-0.482454	-0.194382	-0.727416	0.0273026	-0.657522	-0.3653	-0.626152	0.446778	-0.524288
-0.430802	-0.593326	0.398087	-0.551272	-0.422048	-0.54235	0.401495	-0.60542	-0.667634	0.202821	0.461353	-0.54798	-0.0886774	0.435869	0.238701	-0.863236	-0.396828	-0.389068	-0.263054	-0.788642	-0.679889	-0.0380372	-0.406155	-0.609378	-0.685739	-0.156721	0.677705	-0.21428	-0.444598	-0.58292	0.479649	-0.482156	-0.194654	-0.72751	0.0280931	-0.657306	-0.365288	-0.626115	0.446957	-0.52419
-0.430669	-0.593453	0.399352	-0.550324	-0.422261	-0.541558	0.401534	-0.605955	-0.663784	0.214173	0.456819	-0.552121	-0.0612824	0.435	0.222179	-0.870434	-0.404675	-0.3819	-0.267292	-0.786731	-0.687183	-0.027775	-0.408643	-0.600016	-0.685985	-0.155938	0.6779	-0.213445	-0.444666	-0.582836	0.479776	-0.482067	-0.195303	-0.727513	0.029453	-0.65705	-0.365228	-0.626086	0.44738	-0.523905
-0.430634	-0.593412	0.400267	-0.54973	-0.422531	-0.539955	0.401801	-0.607019	-0.658674	0.226762	0.453822	-0.555673	-0.0356763	0.434504	0.209021	-0.875353	-0.411452	-0.375176	-0.269988	-0.78553	-0.700415	-0.00916568	-0.412884	-0.582118	-0.685882	-0.155658	0.678224	-0.212955	-0.444562	-0.582822	0.479884	-0.482074	-0.195806	-0.727381	0.0305084	-0.656997	-0.365125	-0.626048	0.447599	-0.523834
-0.43011	-0.593747	0.401192	-0.549104	-0.423105	-0.538075	0.401644	-0.60839	-0.65297	0.238663	0.451251	-0.559502	-0.0141973	0.433503	0.198849	-0.878825	-0.41787	-0.369044	-0.272379	-0.78422	-0.711345	0.00707445	-0.417401	-0.565434	-0.685579	-0.156024	0.678376	-0.213177	-0.443908	-0.58322	0.479812	-0.482266	-0.195417	-0.727396	0.0306117	-0.657092	-0.364874	-0.626036	0.447656	-0.523976
-0.429018	-0.594479	0.401989	-0.548583	-0.423384	-0.536736	0.401278	-0.60962	-0.647918	0.250266	0.448433	-0.562562	0.00591095	0.431162	0.189367	-0.882159	-0.42288	-0.365178	-0.276529	-0.781888	-0.719776	0.0209809	-0.422587	-0.550366	-0.68507	-0.156814	0.678461	-0.21396	-0.443024	-0.583726	0.47988	-0.482399	-0.195128	-0.727388	0.0306033	-0.657187	-0.36459	-0.626048	0.447541	-0.524256
-0.428499	-0.594727	0.402289	-0.5485	-0.42375	-0.535395	0.400833	-0.610837	-0.645378	0.255309	0.446919	-0.564418	0.0148352	0.429745	0.185319	-0.883604	-0.425331	-0.363555	-0.278056	-0.780773	-0.7244	0.0346113	-0.428366	-0.539026	-0.684605	-0.1575	0.678553	-0.214655	-0.441381	-0.584793	0.479759	-0.482733	-0.194711	-0.727382	0.0302506	-0.657334	-0.364526	-0.626008	0.447533	-0.524357
-0.427172	-0.595331	0.402892	-0.548436	-0.423781	-0.534908	0.400796	-0.611266	-0.64202	0.265955	0.444051	-0.565594	0.0343194	0.425913	0.178575	-0.886302	-0.427906	-0.361381	-0.280803	-0.779391	-0.726084	0.0396142	-0.430807	-0.534451	-0.683369	-0.159706	0.678442	-0.217297	-0.440449	-0.585316	0.479774	-0.482935	-0.194109	-0.727096	0.0293904	-0.657867	-0.365166	-0.625439	0.448215	-0.524006
-0.426189	-0.595898	0.403019	-0.548492	-0.423615	-0.53402	0.401105	-0.611954	-0.640875	0.270618	0.443684	-0.564969	0.0425879	0.425032	0.175231	-0.887034	-0.428028	-0.360899	-0.282593	-0.7789	-0.726826	0.0445718	-0.434195	-0.530294	-0.682528	-0.161237	0.678324	-0.219169	-0.438758	-0.585983	0.480395	-0.483048	-0.19429	-0.726769	0.0289748	-0.658193	-0.365912	-0.624988	0.449222	-0.523161
-0.42444	-0.597114	0.403121	-0.548451	-0.42341	-0.53354	0.402079	-0.611876	-0.638904	0.275124	0.44348	-0.565185	0.0515561	0.422704	0.172819	-0.888142	-0.429082	-0.360638	-0.284529	-0.777735	-0.72621	0.0426217	-0.435101	-0.530556	-0.681207	-0.16327	0.678027	-0.222664	-0.438004	-0.586263	0.480945	-0.482846	-0.195495	-0.725464	0.0275222	-0.659338	-0.369019	-0.623676	0.454464	-0.517992
-0.424292	-0.597327	0.404305	-0.547461	-0.423237	-0.532498	0.40478	-0.611121	-0.63834	0.270689	0.442735	-0.568538	0.0505356	0.420242	0.176468	-0.888652	-0.431542	-0.360425	-0.283252	-0.776938	-0.72525	0.0364527	-0.433478	-0.533648	-0.680707	-0.162651	0.678178	-0.224181	-0.435862	-0.587319	0.480888	-0.483557	-0.199147	-0.723637	0.0260134	-0.660313	-0.372754	-0.622566	0.46236	-0.509597
-0.423868	-0.5975	0.405062	-0.547041	-0.423072	-0.532863	0.406789	-0.609582	-0.638844	0.26883	0.443455	-0.568293	0.0500213	0.419683	0.178578	-0.888524	-0.432102	-0.360617	-0.281337	-0.777234	-0.725634	0.0322064	-0.430743	-0.535611	-0.680546	-0.16137	0.678572	-0.224404	-0.43286	-0.589312	0.479129	-0.485571	-0.203778	-0.721488	0.023386	-0.661349	-0.374175	-0.623166	0.468339	-0.502311
-0.422388	-0.598215	0.405984	-0.546721	-0.423316	-0.53384	0.409079	-0.60702	-0.639697	0.266875	0.444352	-0.567554	0.0508412	0.418947	0.179713	-0.888595	-0.431759	-0.361188	-0.280234	-0.777558	-0.727135	0.0295414	-0.429292	-0.534893	-0.680692	-0.160173	0.678539	-0.224917	-0.429402	-0.591931	0.475557	-0.488955	-0.208638	-0.719566	0.0213009	-0.661998	-0.377762	-0.622534	0.476375	-0.492761
-0.420889	-0.598811	0.406766	-0.546643	-0.423236	-0.534811	0.410177	-0.605478	-0.640426	0.265197	0.445159	-0.566886	0.0505451	0.417898	0.183443	-0.888344	-0.431804	-0.363475	-0.276957	-0.777641	-0.727752	0.0283953	-0.428979	-0.534366	-0.681094	-0.159447	0.678362	-0.22475	-0.429582	-0.591828	0.474867	-0.489592	-0.212243	-0.718634	0.0203977	-0.661893	-0.379717	-0.622293	0.480299	-0.487729
-0.417284	-0.600696	0.409257	-0.545479	-0.422531	-0.537948	0.412859	-0.601354	-0.642564	0.26008	0.446334	-0.565912	0.0475671	0.416277	0.188623	-0.888185	-0.432341	-0.365281	-0.275527	-0.777004	-0.728613	0.0237001	-0.429463	-0.533031	-0.682726	-0.155586	0.678498	-0.222079	-0.430548	-0.591827	0.472681	-0.490859	-0.218613	-0.717652	0.0183857	-0.660943	-0.381932	-0.621729	0.484221	-0.482816
-0.416467	-0.60131	0.410787	-0.544276	-0.421955	-0.539858	0.414404	-0.59898	-0.643659	0.257523	0.446486	-0.565717	0.0464562	0.414846	0.191005	-0.888404	-0.434616	-0.369487	-0.271884	-0.775027	-0.728988	0.021191	-0.429573	-0.532536	-0.682726	-0.155586	0.678498	-0.222079	-0.43141	-0.5917	0.471602	-0.491291	-0.222502	-0.71717	0.0184433	-0.660167	-0.38932	-0.616311	0.497139	-0.470578
-0.415287	-0.602686	0.413766	-0.541391	-0.420999	-0.543652	0.417616	-0.593969	-0.645706	0.252476	0.446828	-0.565389	0.0448189	0.411732	0.195486	-0.888962	-0.437319	-0.374051	-0.268292	-0.772566	-0.729911	0.0150795	-0.429988	-0.531142	-0.685215	-0.152404	0.6769	-0.221495	-0.43293	-0.592126	0.468566	-0.492345	-0.233865	-0.714391	0.0235172	-0.65909	-0.400532	-0.603847	0.516536	-0.456217
-0.414715	-0.603366	0.415288	-0.539905	-0.420979	-0.545262	0.419057	-0.591488	-0.646876	0.249907	0.447025	-0.565037	0.0440186	0.410256	0.198131	-0.889099	-0.438666	-0.376299	-0.26647	-0.77134	-0.730589	0.0119896	-0.429963	-0.530309	-0.686576	-0.150858	0.675925	-0.221315	-0.43479	-0.591681	0.467769	-0.492	-0.239249	-0.714143	0.028189	-0.657241	-0.406658	-0.596561	0.52598	-0.449544
-0.413631	-0.604332	0.416682	-0.53858	-0.421006	-0.546756	0.420485	-0.58907	-0.64814	0.247699	0.447105	-0.564498	0.0431471	0.408569	0.200434	-0.889402	-0.440184	-0.3784	-0.264814	-0.770016	-0.731391	0.00922772	-0.429918	-0.529295	-0.6886	-0.14845	0.67462	-0.220637	-0.4372	-0.591156	0.467061	-0.491167	-0.243485	-0.714488	0.0323369	-0.655116	-0.412586	-0.589744	0.534199	-0.443404
-0.412503	-0.606431	0.419282	-0.535056	-0.421836	-0.548801	0.423388	-0.584478	-0.651114	0.245055	0.44656	-0.562657	0.0402399	0.406122	0.202995	-0.890078	-0.443964	-0.382424	-0.260877	-0.767197	-0.733568	0.00433534	-0.430125	-0.526167	-0.693215	-0.142735	0.671288	-0.220118	-0.442346	-0.590624	0.465326	-0.48884	-0.253304	-0.715983	0.0415121	-0.649217	-0.421302	-0.582093	0.541988	-0.435799
-0.414469	-0.607761	0.423416	-0.528735	-0.423385	-0.550096	0.428746	-0.578202	-0.655864	0.243359	0.446269	-0.558088	0.0340477	0.404961	0.205627	-0.890261	-0.446304	-0.384468	-0.258493	-0.765623	-0.7373	-0.00238031	-0.430942	-0.520262	-0.698436	-0.136611	0.666895	-0.22085	-0.449322	-0.589627	0.464182	-0.484753	-0.255097	-0.717366	0.0424472	-0.646924	-0.424843	-0.585066	0.535536	-0.436357
-0.416213	-0.608285	0.425705	-0.524911	-0.424449	-0.55048	0.432221	-0.574456	-0.658977	0.242718	0.446476	-0.554524	0.0295837	0.405004	0.207063	-0.890068	-0.45328	-0.389939	-0.251356	-0.761121	-0.739662	-0.00627663	-0.431414	-0.516472	-0.701549	-0.133217	0.663998	-0.221784	-0.453209	-0.589297	0.463631	-0.482056	-0.251635	-0.72251	0.0365146	-0.642904	-0.425833	-0.58811	0.53033	-0.437657
-0.420473	-0.608977	0.431015	-0.51631	-0.427302	-0.551116	0.439885	-0.565849	-0.6673	0.242181	0.447351	-0.544001	0.016687	0.40675	0.210032	-0.888911	-0.457256	-0.393694	-0.246798	-0.758296	-0.74521	-0.0169812	-0.432743	-0.507057	-0.707849	-0.125889	0.657136	-0.226438	-0.462201	-0.588016	0.463412	-0.475244	-0.249808	-0.725587	0.0329675	-0.640338	-0.434149	-0.588616	0.526434	-0.433489
-0.427522	-0.607409	0.437068	-0.507199	-0.431654	-0.551693	0.448898	-0.554797	-0.677571	0.241711	0.448541	-0.530363	0.000480465	0.409622	0.213357	-0.886954	-0.471897	-0.40722	-0.230039	-0.747374	-0.751658	-0.0310489	-0.432947	-0.496592	-0.716076	-0.115086	0.648969	-0.229847	-0.474604	-0.584676	0.462531	-0.467942	-0.253881	-0.732763	0.0319987	-0.630539	-0.44229	-0.590672	0.520023	-0.430189
-0.439097	-0.603115	0.445955	-0.49454	-0.438424	-0.549968	0.460184	-0.541803	-0.689669	0.242242	0.448763	-0.514089	-0.0191802	0.413255	0.215059	-0.884648	-0.481796	-0.416845	-0.218183	-0.739262	-0.758918	-0.0477217	-0.430976	-0.485825	-0.725951	-0.0975218	0.642661	-0.224658	-0.494891	-0.575017	0.460853	-0.460492	-0.253092	-0.738286	0.0298264	-0.624491	-0.45554	-0.588115	0.519088	-0.420895
-0.445494	-0.600672	0.452552	-0.485722	-0.44242	-0.548576	0.466451	-0.534558	-0.696401	0.242364	0.448881	-0.504769	-0.0300112	0.41517	0.216227	-0.883164	-0.486603	-0.421772	-0.211828	-0.735156	-0.762575	-0.0568094	-0.429918	-0.480023	-0.732927	-0.0868002	0.6381	-0.219345	-0.508079	-0.567222	0.458528	-0.458113	-0.259288	-0.740521	0.0351322	-0.619002	-0.462398	-0.586165	0.51891	-0.416331
-0.462501	-0.591858	0.468154	-0.465435	-0.452009	-0.543896	0.479472	-0.519588	-0.71016	0.243606	0.447966	-0.485442	-0.0525007	0.418909	0.21706	-0.880138	-0.491671	-0.425924	-0.205277	-0.731238	-0.770077	-0.0724198	-0.426753	-0.468634	-0.744718	-0.0601499	0.632555	-0.204087	-0.526018	-0.558879	0.449102	-0.457457	-0.274002	-0.74325	0.0498164	-0.608293	-0.474427	-0.582933	0.516851	-0.409846
-0.474893	-0.58514	0.484581	-0.444149	-0.46375	-0.535795	0.493938	-0.50387	-0.724049	0.246144	0.445273	-0.465723	-0.0644238	0.42073	0.2164	-0.878639	-0.502067	-0.432666	-0.193329	-0.723431	-0.777569	-0.0868154	-0.424171	-0.455992	-0.754299	-0.0349944	0.625279	-0.197067	-0.527522	-0.554151	0.470983	-0.439104	-0.280352	-0.744366	0.0568322	-0.6034	-0.483312	-0.581381	0.511836	-0.407957
-0.479432	-0.582454	0.49165	-0.43494	-0.469908	-0.531492	0.50055	-0.496137	-0.731066	0.246469	0.443424	-0.456257	-0.0884781	0.423217	0.215095	-0.875667	-0.513852	-0.439721	-0.180937	-0.714047	-0.780703	-0.0943004	-0.423847	-0.449403	-0.757441	-0.0219589	0.623913	-0.191138	-0.522867	-0.550836	0.493016	-0.424412	-0.291574	-0.746001	0.070514	-0.594554	-0.487376	-0.580672	0.508539	-0.408255
-0.479432	-0.582454	0.49165	-0.43494	-0.469908	-0.531492	0.50055	-0.496137	-0.731066	0.246469	0.443424	-0.456257	-0.0884781	0.423217	0.215095	-0.875667	-0.513852	-0.439721	-0.180937	-0.714047	-0.780703	-0.0943004	-0.423847	-0.449403	-0.757441	-0.0219589	0.623913	-0.191138	-0.522867	-0.550836	0.493016	-0.424412	-0.291574	-0.746001	0.070514	-0.594554	-0.487376	-0.580672	0.508539	-0.408255
-0.489615	-0.574982	0.502261	-0.421198	-0.482704	-0.522922	0.511725	-0.481339	-0.744961	0.248794	0.438103	-0.437265	-0.113638	0.42451	0.212532	-0.872759	-0.520439	-0.444084	-0.175216	-0.707977	-0.78645	-0.108718	-0.424835	-0.434963	-0.760326	-0.00324617	0.625586	-0.174745	-0.503969	-0.541508	0.550017	-0.387642	-0.29543	-0.746976	0.0763966	-0.590687	-0.489352	-0.582747	0.49677	-0.417324
-0.489615	-0.574982	0.502261	-0.421198	-0.482704	-0.522922	0.511725	-0.481339	-0.744961	0.248794	0.438103	-0.437265	-0.113638	0.42451	0.212532	-0.872759	-0.527358	-0.448524	-0.17021	-0.701248	-0.78946	-0.115585	-0.425622	-0.426894	-0.760326	-0.00324617	0.625586	-0.174745	-0.490944	-0.534923	0.582108	-0.366036	-0.298032	-0.748057	0.0824314	-0.587191	-0.489352	-0.582747	0.49677	-0.417324
-0.500317	-0.566336	0.513566	-0.406443	-0.496568	-0.511941	0.52189	-0.467939	-0.757288	0.25454	0.430351	-0.420146	-0.135798	0.425328	0.205533	-0.870868	-0.541843	-0.456753	-0.161134	-0.68689	-0.792846	-0.12192	-0.426351	-0.418038	-0.758284	0.0133598	0.634804	-0.147822	-0.472148	-0.530913	0.612557	-0.346383	-0.302471	-0.748952	0.0931545	-0.582154	-0.488351	-0.587132	0.485065	-0.426031
-0.510113	-0.556379	0.525025	-0.393161	-0.51006	-0.500065	0.530461	-0.456492	-0.767328	0.263056	0.421726	-0.405162	-0.154891	0.426438	0.195184	-0.869519	-0.55668	-0.462363	-0.152386	-0.673132	-0.80044	-0.132507	-0.426611	-0.399676	-0.753535	0.0254189	0.647741	-0.109409	-0.428681	-0.520814	0.67268	-0.304117	-0.311289	-0.74959	0.108127	-0.57404	-0.494896	-0.584733	0.482899	-0.424233
-0.521772	-0.541956	0.53829	-0.379844	-0.522635	-0.487351	0.538592	-0.446387	-0.775295	0.272706	0.41358	-0.391791	-0.163428	0.427396	0.189349	-0.868776	-0.563944	-0.464179	-0.148708	-0.666626	-0.808976	-0.140994	-0.424848	-0.381028	-0.751497	0.0357539	0.656195	-0.0581549	-0.38609	-0.498942	0.732719	-0.255174	-0.318762	-0.748685	0.118477	-0.569056	-0.502874	-0.580814	0.48349	-0.419537
-0.526754	-0.534258	0.545492	-0.373546	-0.528979	-0.480424	0.542493	-0.441673	-0.77876	0.277545	0.409636	-0.385618	-0.179329	0.429444	0.177571	-0.867114	-0.578128	-0.46626	-0.141715	-0.654436	-0.813391	-0.144408	-0.423472	-0.371771	-0.749116	0.0367734	0.660679	-0.0312446	-0.366846	-0.48274	0.761787	-0.228182	-0.329611	-0.747398	0.138364	-0.560008	-0.50718	-0.578476	0.484146	-0.416818
-0.535516	-0.517938	0.561455	-0.360182	-0.541693	-0.466151	0.549356	-0.43299	-0.785375	0.287987	0.40149	-0.372901	-0.18692	0.430506	0.171405	-0.866225	-0.585072	-0.466965	-0.138877	-0.648342	-0.822183	-0.151055	-0.420269	-0.352948	-0.742394	0.0268811	0.669217	0.0166265	-0.334927	-0.443587	0.812415	-0.17617	-0.335221	-0.746198	0.149233	-0.555468	-0.515148	-0.574254	0.485904	-0.410794
-0.539357	-0.509456	0.570764	-0.351819	-0.548406	-0.458455	0.55258	-0.428631	-0.788517	0.29349	0.397322	-0.366388	-0.201838	0.432627	0.158587	-0.86426	-0.59948	-0.468194	-0.133224	-0.63535	-0.826417	-0.15422	-0.419002	-0.343057	-0.737024	0.02012	0.674428	0.0392077	-0.323988	-0.421903	0.832865	-0.152858	-0.347883	-0.741725	0.169017	-0.547955	-0.518228	-0.572608	0.487177	-0.407699
-0.543562	-0.500422	0.580249	-0.34268	-0.555004	-0.450297	0.556509	-0.423676	-0.791741	0.298859	0.393033	-0.35966	-0.20966	0.433657	0.151854	-0.86309	-0.606838	-0.468768	-0.129725	-0.62863	-0.830705	-0.157382	-0.417876	-0.332475	-0.731546	0.0143801	0.678848	0.0616405	-0.316789	-0.400164	0.849739	-0.132126	-0.35757	-0.738633	0.180049	-0.542353	-0.52093	-0.571114	0.488545	-0.404703
-0.554081	-0.479801	0.599951	-0.320693	-0.568663	-0.432163	0.566268	-0.411338	-0.798306	0.311315	0.383922	-0.344086	-0.227097	0.436662	0.137088	-0.859628	-0.623308	-0.469838	-0.121372	-0.613195	-0.839255	-0.164845	-0.415645	-0.30938	-0.720309	0.0162882	0.684314	0.112269	-0.315204	-0.357486	0.873726	-0.0972234	-0.380658	-0.730283	0.206074	-0.528507	-0.529555	-0.564425	0.493305	-0.397047
-0.559455	-0.468743	0.610147	-0.308238	-0.576335	-0.42204	0.571116	-0.404411	-0.801821	0.318383	0.378995	-0.33478	-0.237235	0.4387	0.128785	-0.857133	-0.63264	-0.470234	-0.11656	-0.604203	-0.843563	-0.1687	-0.414322	-0.297118	-0.720309	0.0162882	0.684314	0.112269	-0.320241	-0.335903	0.882055	-0.0812065	-0.39223	-0.72555	0.219484	-0.521113	-0.535362	-0.559165	0.496856	-0.392244
-0.56953	-0.446131	0.629992	-0.282336	-0.593332	-0.400381	0.580391	-0.388328	-0.80942	0.333549	0.368163	-0.313113	-0.259932	0.443171	0.110936	-0.850722	-0.652775	-0.471198	-0.106351	-0.583564	-0.852014	-0.177724	-0.411103	-0.271075	-0.703634	0.0483367	0.68283	0.19054	-0.336771	-0.294305	0.892956	-0.0509936	-0.419509	-0.713362	0.247381	-0.503913	-0.547186	-0.547395	0.504268	-0.382962
-0.575443	-0.43324	0.63954	-0.268619	-0.610566	-0.377365	0.590424	-0.369059	-0.817215	0.349209	0.356316	-0.288534	-0.272026	0.44558	0.101918	-0.846802	-0.662909	-0.471748	-0.100864	-0.572565	-0.859989	-0.187752	-0.407368	-0.24335	-0.697705	0.0618305	0.681687	0.211394	-0.35226	-0.262129	0.897544	-0.0401918	-0.433997	-0.706479	0.262027	-0.493838	-0.553347	-0.540847	0.50792	-0.378563
-0.588264	-0.407255	0.654425	-0.244574	-0.618618	-0.365664	0.596007	-0.358297	-0.821179	0.357076	0.349699	-0.275449	-0.298321	0.449979	0.0822078	-0.837714	-0.682499	-0.472441	-0.0882626	-0.55064	-0.863754	-0.192848	-0.405253	-0.229147	-0.684745	0.0892132	0.681049	0.243593	-0.362116	-0.248467	0.897567	-0.0388628	-0.457661	-0.694212	0.28482	-0.476962	-0.566478	-0.526149	0.516699	-0.367821
-0.588264	-0.407255	0.654425	-0.244574	-0.618618	-0.365664	0.596007	-0.358297	-0.821179	0.357076	0.349699	-0.275449	-0.298321	0.449979	0.0822078	-0.837714	-0.682499	-0.472441	-0.0882626	-0.55064	-0.863754	-0.192848	-0.405253	-0.229147	-0.684745	0.0892132	0.681049	0.243593	-0.362116	-0.248467	0.897567	-0.0388628	-0.457661	-0.694212	0.28482	-0.476962	-0.566478	-0.526149	0.516699	-0.367821
-0.594888	-0.394296	0.659997	-0.234611	-0.626155	-0.354467	0.601276	-0.347491	-0.825107	0.364548	0.342901	-0.262147	-0.311749	0.451552	0.0727093	-0.832842	-0.691805	-0.472722	-0.082625	-0.539549	-0.867394	-0.198009	-0.402776	-0.21492	-0.678518	0.103001	0.680432	0.256934	-0.395334	-0.218138	0.891502	-0.0367506	-0.467754	-0.688862	0.292797	-0.470048	-0.571735	-0.51993	0.520632	-0.362953
-0.60649	-0.368781	0.670079	-0.217174	-0.639463	-0.332809	0.611187	-0.326767	-0.832444	0.378291	0.328757	-0.236329	-0.33723	0.453221	0.054499	-0.823345	-0.708734	-0.473266	-0.071209	-0.51831	-0.873726	-0.207418	-0.397498	-0.188615	-0.666076	0.13341	0.678099	0.280582	-0.409724	-0.20493	0.887868	-0.0426718	-0.489737	-0.676931	0.307023	-0.455696	-0.582524	-0.50697	0.528972	-0.351903
-0.617425	-0.344387	0.677131	-0.20415	-0.648981	-0.312198	0.622012	-0.30734	-0.838557	0.390206	0.315393	-0.212341	-0.360777	0.45422	0.0378002	-0.813693	-0.722717	-0.474727	-0.059189	-0.49881	-0.878527	-0.218156	-0.392105	-0.163866	-0.656036	0.156055	0.679561	0.288896	-0.419633	-0.179473	0.889005	-0.0369888	-0.510007	-0.666595	0.31837	-0.440663	-0.598207	-0.486572	0.541458	-0.334992
-0.627533	-0.32399	0.679567	-0.198549	-0.657882	-0.292996	0.629172	-0.292381	-0.842743	0.402171	0.303393	-0.189726	-0.381507	0.455965	0.0224795	-0.803768	-0.734821	-0.47606	-0.0482826	-0.4807	-0.882554	-0.228169	-0.385829	-0.142032	-0.645419	0.16957	0.683475	0.295874	-0.426011	-0.17597	0.886003	-0.0504642	-0.532965	-0.65502	0.332004	-0.420321	-0.617125	-0.4593	0.557709	-0.311706
-0.633409	-0.305661	0.684816	-0.190764	-0.664611	-0.274221	0.636258	-0.27977	-0.845235	0.413332	0.293945	-0.168315	-0.398997	0.458643	0.00885785	-0.793958	-0.744787	-0.475602	-0.0375451	-0.466568	-0.886998	-0.236398	-0.37768	-0.121276	-0.639398	0.178087	0.685333	0.299624	-0.427554	-0.180484	0.883563	-0.0627703	-0.561593	-0.639859	0.346575	-0.393801	-0.640502	-0.419841	0.580635	-0.27632
-0.639188	-0.288171	0.689296	-0.182392	-0.669957	-0.248761	0.648201	-0.26289	-0.845711	0.418818	0.290038	-0.158879	-0.414201	0.46311	-0.00427784	-0.783548	-0.756023	-0.470814	-0.0262685	-0.453953	-0.894753	-0.243122	-0.362459	-0.0945098	-0.636757	0.189716	0.681495	0.30678	-0.433791	-0.191544	0.875886	-0.0892159	-0.587888	-0.625423	0.355356	-0.370076	-0.655546	-0.387241	0.599639	-0.246446
-0.642213	-0.271764	0.695415	-0.173507	-0.671414	-0.241148	0.651439	-0.25822	-0.844782	0.432931	0.284105	-0.134903	-0.425825	0.468686	-0.0143549	-0.773822	-0.767057	-0.464303	-0.0171015	-0.442442	-0.897286	-0.24418	-0.357317	-0.0870506	-0.633967	0.200209	0.67917	0.311016	-0.433157	-0.197323	0.873998	-0.0978057	-0.60809	-0.61536	0.36146	-0.347715	-0.670056	-0.351822	0.616943	-0.215934
-0.643824	-0.265321	0.696936	-0.171395	-0.67232	-0.227872	0.658319	-0.250352	-0.843821	0.439223	0.282988	-0.12234	-0.434707	0.473766	-0.02066	-0.765603	-0.77584	-0.45886	-0.00942908	-0.432932	-0.901591	-0.246228	-0.347836	-0.0742669	-0.633917	0.203196	0.68181	0.303307	-0.425514	-0.216729	0.869738	-0.124586	-0.628836	-0.601376	0.371785	-0.323556	-0.682948	-0.317286	0.629702	-0.190752
-0.648073	-0.253105	0.698925	-0.165658	-0.672957	-0.217289	0.663216	-0.245071	-0.843292	0.441748	0.282871	-0.117054	-0.438506	0.476243	-0.0228414	-0.761829	-0.779415	-0.456866	-0.00580837	-0.428663	-0.904517	-0.249275	-0.33976	-0.0653756	-0.634105	0.202718	0.684168	0.297877	-0.418774	-0.235143	0.864844	-0.146221	-0.637002	-0.595511	0.373669	-0.316175	-0.686983	-0.30721	0.632161	-0.184525
-0.651041	-0.246701	0.698315	-0.166255	-0.673625	-0.21379	0.664141	-0.243804	-0.842161	0.445268	0.283834	-0.109269	-0.44326	0.480584	-0.0250167	-0.756263	-0.784318	-0.45481	-0.00154868	-0.42189	-0.90563	-0.250268	-0.336563	-0.0626586	-0.634535	0.200334	0.688538	0.288353	-0.417034	-0.241729	0.862572	-0.153689	-0.642824	-0.594044	0.369352	-0.3122	-0.694379	-0.292212	0.633502	-0.176422
-0.651131	-0.245917	0.697698	-0.169618	-0.673285	-0.210209	0.665503	-0.244144	-0.841543	0.446455	0.284679	-0.106961	-0.443866	0.482257	-0.0252405	-0.754834	-0.785574	-0.454497	-0.000759252	-0.419888	-0.906975	-0.251351	-0.332667	-0.0595979	-0.635299	0.197975	0.690653	0.283197	-0.419565	-0.242277	0.86118	-0.153741	-0.643935	-0.59546	0.366679	-0.310357	-0.699695	-0.280714	0.634742	-0.169496
-0.652146	-0.243381	0.696585	-0.173897	-0.672808	-0.208759	0.666109	-0.245046	-0.84049	0.447802	0.285944	-0.106239	-0.442949	0.484088	-0.025409	-0.754195	-0.786804	-0.45381	4.59E-05	-0.418327	-0.907241	-0.251295	-0.332109	-0.0588949	-0.63575	0.198223	0.692696	0.276949	-0.421384	-0.240326	0.861014	-0.152751	-0.64966	-0.594167	0.367227	-0.300085	-0.713136	-0.245239	0.640054	-0.147061
-0.656378	-0.232763	0.696495	-0.172872	-0.672951	-0.202794	0.666294	-0.249125	-0.838028	0.452036	0.28474	-0.110885	-0.440165	0.484936	-0.0305458	-0.755089	-0.787638	-0.450488	-0.00353984	-0.420326	-0.908622	-0.246591	-0.332012	-0.0580254	-0.632784	0.207901	0.690486	0.282119	-0.43504	-0.215116	0.863967	-0.134262	-0.662086	-0.58752	0.374474	-0.276103	-0.733319	-0.176473	0.647499	-0.10884
-0.660012	-0.227649	0.695342	-0.170471	-0.677028	-0.194396	0.663634	-0.251861	-0.837129	0.455231	0.28161	-0.112589	-0.439789	0.484085	-0.0354743	-0.755638	-0.789435	-0.447251	-0.00712727	-0.420366	-0.910957	-0.23736	-0.332591	-0.0565783	-0.630997	0.215015	0.687218	0.288693	-0.444078	-0.199304	0.864776	-0.12343	-0.668248	-0.582277	0.379394	-0.26544	-0.738562	-0.151871	0.649822	-0.0958812
-0.662791	-0.216624	0.698479	-0.160964	-0.678109	-0.188814	0.664139	-0.251866	-0.834861	0.462912	0.276104	-0.111741	-0.440154	0.48383	-0.0455102	-0.755051	-0.793215	-0.440424	-0.0133891	-0.420306	-0.911784	-0.233649	-0.33307	-0.0558721	-0.628811	0.225077	0.683495	0.29457	-0.447233	-0.193529	0.864788	-0.121122	-0.689285	-0.566379	0.375261	-0.251555	-0.741097	-0.147778	0.646981	-0.101748
-0.670291	-0.209644	0.692676	-0.164194	-0.679177	-0.179207	0.665923	-0.251296	-0.832359	0.468952	0.275652	-0.106199	-0.44248	0.487945	-0.0499748	-0.750749	-0.796974	-0.435815	-0.0169756	-0.417863	-0.913063	-0.228578	-0.333046	-0.0561151	-0.628705	0.23328	0.681579	0.292848	-0.452351	-0.182481	0.864915	-0.118327	-0.695529	-0.562782	0.370902	-0.248892	-0.747154	-0.140092	0.640537	-0.108846
-0.672596	-0.207026	0.690561	-0.166972	-0.680605	-0.174876	0.665649	-0.25121	-0.831088	0.472104	0.275169	-0.103404	-0.443838	0.489734	-0.0522831	-0.748622	-0.798947	-0.433857	-0.0190602	-0.416039	-0.913707	-0.226324	-0.332831	-0.0560441	-0.628128	0.237617	0.681755	0.290179	-0.455266	-0.17829	0.864009	-0.120144	-0.699523	-0.56028	0.368276	-0.247239	-0.750946	-0.140031	0.635065	-0.114733
-0.680723	-0.201133	0.682615	-0.173774	-0.681249	-0.169035	0.666327	-0.251664	-0.829161	0.476311	0.274667	-0.100884	-0.444352	0.491949	-0.0560524	-0.746589	-0.801303	-0.431379	-0.0216257	-0.413953	-0.914561	-0.222807	-0.333008	-0.0551493	-0.627113	0.249417	0.679825	0.286981	-0.464206	-0.16471	0.862031	-0.119522	-0.706866	-0.558191	0.36096	-0.241807	-0.75869	-0.141553	0.623185	-0.126464
-0.685533	-0.198695	0.677814	-0.176446	-0.679706	-0.167236	0.668145	-0.25222	-0.828337	0.477391	0.275331	-0.100735	-0.443562	0.493058	-0.056973	-0.746258	-0.801425	-0.431169	-0.0217674	-0.413929	-0.914537	-0.222323	-0.333508	-0.0544661	-0.627698	0.256047	0.678085	0.283962	-0.468025	-0.161201	0.860054	-0.123584	-0.710006	-0.558428	0.355979	-0.239432	-0.763276	-0.141743	0.616153	-0.132947
-0.692358	-0.195503	0.669696	-0.184191	-0.675843	-0.163552	0.67233	-0.253889	-0.826259	0.478335	0.280249	-0.0997614	-0.441489	0.497436	-0.0550119	-0.744728	-0.799047	-0.433266	-0.0192905	-0.416452	-0.913812	-0.224778	-0.334157	-0.0525546	-0.62986	0.264587	0.679062	0.268599	-0.474003	-0.162079	0.853849	-0.141397	-0.717694	-0.557866	0.340218	-0.240733	-0.775835	-0.152579	0.591518	-0.157819
-0.693685	-0.197804	0.663721	-0.197859	-0.67213	-0.166357	0.67378	-0.258046	-0.824476	0.476528	0.288984	-0.0982264	-0.438666	0.503662	-0.0476599	-0.742715	-0.795651	-0.435813	-0.0142621	-0.42048	-0.913673	-0.227958	-0.332302	-0.0530209	-0.630485	0.264825	0.686602	0.246849	-0.485374	-0.178712	0.836073	-0.182909	-0.722599	-0.559829	0.319394	-0.249859	-0.789775	-0.161227	0.562413	-0.184264
-0.691112	-0.203052	0.662291	-0.206167	-0.669821	-0.169873	0.673438	-0.26261	-0.824069	0.475461	0.29101	-0.100795	-0.436084	0.504351	-0.0456113	-0.743895	-0.79517	-0.435581	-0.0122171	-0.421693	-0.9148	-0.228939	-0.328427	-0.0535113	-0.628859	0.269987	0.689173	0.238084	-0.489831	-0.183418	0.830002	-0.1937	-0.723884	-0.563066	0.308873	-0.252084	-0.780144	-0.148383	0.581631	-0.17625
-0.687104	-0.205319	0.665546	-0.206835	-0.669821	-0.169873	0.673438	-0.26261	-0.82367	0.476293	0.290224	-0.102389	-0.436084	0.504351	-0.0456113	-0.743895	-0.794798	-0.434052	-0.0116026	-0.423981	-0.9148	-0.228939	-0.328427	-0.0535113	-0.62795	0.271962	0.69066	0.233889	-0.493503	-0.188576	0.82398	-0.204819	-0.735692	-0.55684	0.2982	-0.244467	-0.766381	-0.147496	0.602244	-0.167954
-0.680622	-0.205813	0.671716	-0.207829	-0.668945	-0.172238	0.672984	-0.26446	-0.823127	0.475722	0.291592	-0.105473	-0.430881	0.50334	-0.0452252	-0.747626	-0.79346	-0.433413	-0.0104312	-0.427159	-0.917009	-0.227714	-0.322954	-0.0542309	-0.625474	0.275934	0.692801	0.229498	-0.497533	-0.19137	0.818845	-0.212909	-0.730542	-0.560035	0.301269	-0.248809	-0.733636	-0.157085	0.64392	-0.149897
-0.674392	-0.208267	0.675472	-0.213443	-0.668654	-0.174293	0.67257	-0.264902	-0.823516	0.473282	0.294098	-0.106452	-0.428213	0.503098	-0.040371	-0.749597	-0.792231	-0.433608	-0.00917319	-0.429267	-0.917543	-0.228408	-0.320722	-0.0555059	-0.624325	0.275012	0.695541	0.225409	-0.512941	-0.196176	0.804286	-0.227006	-0.713718	-0.575505	0.302911	-0.260089	-0.696753	-0.162257	0.688766	-0.117513
-0.670715	-0.209797	0.677766	-0.216238	-0.666369	-0.177552	0.674188	-0.264384	-0.825416	0.46895	0.295467	-0.107118	-0.42917	0.501961	-0.0354027	-0.750063	-0.791146	-0.434552	-0.00667622	-0.430358	-0.917062	-0.230787	-0.320333	-0.0558639	-0.624021	0.2765	0.694365	0.228043	-0.527219	-0.187137	0.799325	-0.219315	-0.695408	-0.588135	0.311816	-0.270695	-0.654396	-0.186784	0.726295	-0.0968128
-0.669057	-0.210525	0.67944	-0.215414	-0.665486	-0.178905	0.674907	-0.263861	-0.826414	0.467094	0.295676	-0.106953	-0.430572	0.501382	-0.0337106	-0.749724	-0.790568	-0.43511	-0.00536412	-0.430873	-0.916773	-0.231876	-0.320491	-0.0551854	-0.623703	0.278639	0.692522	0.231879	-0.534998	-0.180007	0.797619	-0.212554	-0.687873	-0.591345	0.318748	-0.274849	-0.631516	-0.201475	0.743089	-0.0917267
-0.667485	-0.211261	0.681157	-0.214145	-0.665239	-0.18004	0.675083	-0.263259	-0.827218	0.465718	0.295786	-0.106437	-0.43194	0.501015	-0.0324921	-0.749237	-0.790568	-0.43511	-0.00536412	-0.430873	-0.916505	-0.232722	-0.320828	-0.0541201	-0.623577	0.279939	0.691084	0.234923	-0.534998	-0.180007	0.797619	-0.212554	-0.687873	-0.591345	0.318748	-0.274849	-0.610673	-0.209356	0.759229	-0.0825798
-0.666101	-0.211792	0.682763	-0.212811	-0.66515	-0.181101	0.675196	-0.262466	-0.82782	0.464627	0.295996	-0.105936	-0.432874	0.500714	-0.0314803	-0.748943	-0.789559	-0.435994	-0.00338953	-0.43185	-0.916285	-0.233376	-0.321199	-0.0527982	-0.62323	0.281995	0.689556	0.237855	-0.547955	-0.168876	0.794016	-0.201902	-0.671968	-0.596854	0.336368	-0.281213	-0.593487	-0.210789	0.773645	-0.0693935
-0.663259	-0.212126	0.686397	-0.209641	-0.665436	-0.183519	0.674891	-0.26084	-0.828766	0.463029	0.296096	-0.10526	-0.433574	0.499913	-0.0300053	-0.749133	-0.789079	-0.436494	-0.00277248	-0.432226	-0.915651	-0.234198	-0.322791	-0.0504017	-0.623286	0.283734	0.687467	0.241659	-0.558575	-0.158843	0.791075	-0.192258	-0.661324	-0.600818	0.346626	-0.285513	-0.572392	-0.207355	0.791659	-0.0514507
-0.662272	-0.21279	0.687515	-0.20842	-0.66585	-0.184579	0.674423	-0.260246	-0.828766	0.463029	0.296096	-0.10526	-0.433873	0.499505	-0.0292665	-0.749261	-0.787483	-0.438517	-0.00208565	-0.433092	-0.915253	-0.234864	-0.323599	-0.0493311	-0.623286	0.283734	0.687467	0.241659	-0.563853	-0.153018	0.79008	-0.185552	-0.643653	-0.601081	0.372641	-0.29249	-0.56983	-0.202853	0.795007	-0.0459148
-0.661196	-0.215082	0.689127	-0.204116	-0.666209	-0.185342	0.674107	-0.259602	-0.830185	0.460769	0.295956	-0.10438	-0.435356	0.498941	-0.0278524	-0.74883	-0.786855	-0.43974	-0.00158888	-0.432997	-0.91432	-0.236744	-0.325078	-0.0479143	-0.622403	0.285396	0.684635	0.249877	-0.568683	-0.148903	0.788637	-0.180221	-0.636061	-0.598184	0.388295	-0.294667	-0.578734	-0.189759	0.792155	-0.0393668
-0.661082	-0.215674	0.689874	-0.201318	-0.667673	-0.186063	0.673047	-0.258073	-0.830589	0.460279	0.295731	-0.10396	-0.436209	0.498749	-0.0274359	-0.748477	-0.786007	-0.442514	-0.000975959	-0.43171	-0.913962	-0.237672	-0.32557	-0.0467968	-0.622337	0.284446	0.685368	0.249114	-0.574626	-0.146701	0.785385	-0.177356	-0.624548	-0.587177	0.419362	-0.298828	-0.587161	-0.183166	0.787544	-0.0383015
-0.660571	-0.220029	0.689255	-0.200401	-0.669436	-0.187823	0.67178	-0.255521	-0.831715	0.458925	0.294888	-0.103337	-0.437229	0.497347	-0.0267484	-0.74884	-0.786295	-0.444393	-0.0012288	-0.429249	-0.913351	-0.238694	-0.326909	-0.0441028	-0.623611	0.281573	0.686734	0.245402	-0.576387	-0.144187	0.7851	-0.174948	-0.616026	-0.578024	0.439054	-0.305992	-0.607871	-0.180693	0.77157	-0.050232
-0.660744	-0.22375	0.687512	-0.201693	-0.669962	-0.190038	0.67098	-0.254601	-0.831715	0.458925	0.294888	-0.103337	-0.437581	0.496079	-0.0258104	-0.749508	-0.786217	-0.446092	-0.00139965	-0.427625	-0.91278	-0.239661	-0.327995	-0.0426007	-0.624309	0.280954	0.68651	0.244964	-0.576884	-0.144768	0.78465	-0.174846	-0.606814	-0.581114	0.440008	-0.316981	-0.616507	-0.184555	0.763022	-0.0604638
-0.659048	-0.227569	0.687582	-0.202731	-0.670103	-0.192412	0.670391	-0.254	-0.833554	0.455815	0.294607	-0.103085	-0.437877	0.495218	-0.0235063	-0.74998	-0.785351	-0.449156	-0.000729531	-0.426007	-0.911601	-0.242289	-0.32947	-0.0415767	-0.625264	0.279132	0.68712	0.242891	-0.576975	-0.147119	0.783982	-0.175576	-0.596515	-0.58866	0.434036	-0.330548	-0.620468	-0.188113	0.758514	-0.0654915
-0.654539	-0.233179	0.691567	-0.197338	-0.669922	-0.195375	0.6701	-0.252982	-0.835771	0.449201	0.29832	-0.103489	-0.438783	0.494553	-0.0157735	-0.750092	-0.783594	-0.455026	0.00350499	-0.422988	-0.908756	-0.248771	-0.332476	-0.0416609	-0.630119	0.274927	0.687116	0.235027	-0.573012	-0.14924	0.786802	-0.174146	-0.596636	-0.58931	0.435126	-0.327727	-0.62869	-0.189389	0.751079	-0.0689935
-0.65431	-0.23309	0.693636	-0.190829	-0.670148	-0.196623	0.669816	-0.252168	-0.83698	0.446967	0.297836	-0.104778	-0.438783	0.494553	-0.0157735	-0.750092	-0.784154	-0.455821	0.00352116	-0.42109	-0.908109	-0.249812	-0.333576	-0.0407402	-0.634283	0.277062	0.682979	0.23337	-0.559834	-0.146534	0.797919	-0.168638	-0.595758	-0.587168	0.440061	-0.326576	-0.633085	-0.187398	0.748082	-0.0667743
-0.65431	-0.23309	0.693636	-0.190829	-0.670761	-0.197891	0.669233	-0.25109	-0.837993	0.446187	0.295774	-0.105847	-0.438783	0.494553	-0.0157735	-0.750092	-0.784154	-0.455821	0.00352116	-0.42109	-0.90789	-0.249206	-0.334847	-0.0388597	-0.640738	0.283129	0.674297	0.233701	-0.559834	-0.146534	0.797919	-0.168638	-0.595758	-0.587168	0.440061	-0.326576	-0.633085	-0.187398	0.748082	-0.0667743
-0.648281	-0.230405	0.704097	-0.175766	-0.671708	-0.198438	0.668792	-0.249296	-0.838812	0.445436	0.294398	-0.106353	-0.442	0.489039	-0.0157856	-0.751816	-0.786303	-0.454746	0.00166168	-0.418249	-0.907556	-0.248411	-0.336539	-0.0371013	-0.64439	0.295154	0.663441	0.239774	-0.55284	-0.147487	0.802301	-0.170082	-0.586899	-0.588949	0.442713	-0.335701	-0.642543	-0.184308	0.741002	-0.0639149
-0.648281	-0.230405	0.704097	-0.175766	-0.671708	-0.198438	0.668792	-0.249296	-0.838812	0.445436	0.294398	-0.106353	-0.442	0.489039	-0.0157856	-0.751816	-0.786303	-0.454746	0.00166168	-0.418249	-0.907556	-0.248411	-0.336539	-0.0371013	-0.64439	0.295154	0.663441	0.239774	-0.55284	-0.147487	0.802301	-0.170082	-0.586899	-0.588949	0.442713	-0.335701	-0.642543	-0.184308	0.741002	-0.0639149
-0.642796	-0.232157	0.710959	-0.165693	-0.6722	-0.198103	0.670653	-0.243161	-0.84037	0.442286	0.295356	-0.104527	-0.4437	0.488201	-0.0127753	-0.751417	-0.788126	-0.454122	0.00290681	-0.415477	-0.906339	-0.249047	-0.339447	-0.0360856	-0.648523	0.308499	0.651638	0.24416	-0.540768	-0.151613	0.809052	-0.17326	-0.592105	-0.580037	0.453046	-0.328203	-0.651382	-0.175006	0.736295	-0.0542623
-0.642077	-0.233323	0.712113	-0.161841	-0.67271	-0.197588	0.671367	-0.240179	-0.841171	0.440386	0.296643	-0.10244	-0.445175	0.488519	-0.00998513	-0.750379	-0.788736	-0.45472	0.003658	-0.413657	-0.905601	-0.250546	-0.340226	-0.036885	-0.652071	0.304912	0.651478	0.239601	-0.533005	-0.159147	0.812158	-0.176005	-0.593874	-0.575904	0.458767	-0.324316	-0.654957	-0.172881	0.733705	-0.0531154
-0.639402	-0.238384	0.713705	-0.158	-0.673986	-0.197924	0.671665	-0.235444	-0.84341	0.436071	0.298	-0.0984783	-0.447138	0.488648	-0.00721516	-0.749159	-0.789073	-0.45576	0.0044403	-0.411857	-0.904116	-0.254179	-0.341093	-0.0402831	-0.659747	0.288297	0.653821	0.232675	-0.514573	-0.171485	0.822076	-0.1732	-0.591895	-0.576274	0.459629	-0.326052	-0.65798	-0.171747	0.731244	-0.0533699
-0.637861	-0.241976	0.713975	-0.157549	-0.674635	-0.199032	0.671098	-0.234268	-0.844731	0.434556	0.297037	-0.096743	-0.45164	0.487006	-0.00348809	-0.747552	-0.788822	-0.458901	0.00612452	-0.408817	-0.903208	-0.256573	-0.341508	-0.0419239	-0.659463	0.283791	0.653932	0.238629	-0.506171	-0.175209	0.827642	-0.167633	-0.587985	-0.578658	0.458732	-0.330142	-0.663015	-0.170234	0.726869	-0.0556133
-0.636677	-0.244414	0.714598	-0.155738	-0.675453	-0.200192	0.670155	-0.23362	-0.845947	0.433735	0.295142	-0.0955964	-0.453451	0.485241	-0.00345255	-0.747604	-0.788822	-0.458901	0.00612452	-0.408817	-0.902542	-0.258198	-0.341892	-0.0431414	-0.65896	0.278631	0.653596	0.246878	-0.498603	-0.176401	0.833652	-0.159064	-0.587985	-0.578658	0.458732	-0.330142	-0.664982	-0.168183	0.725559	-0.0554833
-0.635567	-0.245292	0.716105	-0.151924	-0.676664	-0.20101	0.668826	-0.233224	-0.846786	0.433581	0.293058	-0.0952774	-0.454595	0.483432	-0.0043175	-0.748076	-0.788407	-0.460659	0.00693549	-0.407628	-0.902022	-0.259109	-0.342457	-0.0440769	-0.658941	0.272225	0.653409	0.254456	-0.491454	-0.174584	0.840497	-0.146824	-0.586351	-0.579352	0.459657	-0.330543	-0.666762	-0.164415	0.724948	-0.0533436
-0.634539	-0.244867	0.718135	-0.147252	-0.677472	-0.201493	0.668059	-0.232657	-0.847218	0.43369	0.291502	-0.0957204	-0.455105	0.482163	-0.00547991	-0.748578	-0.787835	-0.461277	0.00668364	-0.408038	-0.901631	-0.25953	-0.343064	-0.0448611	-0.659283	0.265718	0.652914	0.261614	-0.483236	-0.173094	0.847516	-0.135047	-0.587672	-0.577121	0.462485	-0.328146	-0.668498	-0.16013	0.724511	-0.0505256
-0.633992	-0.24421	0.719622	-0.143388	-0.677292	-0.202735	0.668346	-0.231275	-0.846991	0.433852	0.291384	-0.0973388	-0.454945	0.48167	-0.00630069	-0.748985	-0.787034	-0.461937	0.00634677	-0.408842	-0.900983	-0.260194	-0.343952	-0.0471833	-0.658722	0.256399	0.649777	0.279526	-0.465729	-0.178989	0.85811	-0.121272	-0.589544	-0.574769	0.464612	-0.325905	-0.670399	-0.156336	0.723714	-0.0486027
-0.633709	-0.24411	0.720322	-0.141276	-0.677292	-0.202735	0.668346	-0.231275	-0.846991	0.433852	0.291384	-0.0973388	-0.454243	0.4818	-0.00641542	-0.749327	-0.786246	-0.46245	0.0064063	-0.409776	-0.900983	-0.260194	-0.343952	-0.0471833	-0.658722	0.256399	0.649777	0.279526	-0.465729	-0.178989	0.85811	-0.121272	-0.590178	-0.573486	0.466079	-0.324923	-0.672374	-0.153773	0.72243	-0.0486055
-0.633315	-0.244583	0.720941	-0.139054	-0.676166	-0.204536	0.669012	-0.231057	-0.846749	0.432809	0.293112	-0.0988792	-0.452824	0.482359	-0.00484919	-0.749838	-0.784819	-0.463536	0.00680012	-0.411276	-0.90013	-0.261426	-0.344687	-0.0511334	-0.657532	0.242626	0.649958	0.293835	-0.455969	-0.182801	0.86457	-0.105808	-0.589683	-0.573408	0.465985	-0.32609	-0.676973	-0.148651	0.71911	-0.0499145
-0.632828	-0.244862	0.721438	-0.138196	-0.675837	-0.205354	0.668894	-0.231636	-0.84673	0.432438	0.293466	-0.0996163	-0.452312	0.482293	-0.00423576	-0.750193	-0.784046	-0.464075	0.00650084	-0.412146	-0.899813	-0.261761	-0.344939	-0.0532399	-0.656583	0.236251	0.650633	0.299601	-0.45321	-0.183251	0.866697	-0.0992788	-0.589516	-0.573999	0.464468	-0.327513	-0.679586	-0.145989	0.717121	-0.0508682
-0.632323	-0.244829	0.722076	-0.137228	-0.67573	-0.205823	0.668573	-0.232455	-0.846752	0.432063	0.293659	-0.100482	-0.451691	0.482064	-0.00374116	-0.750717	-0.783309	-0.464368	0.00612564	-0.413222	-0.899528	-0.261941	-0.345234	-0.0552327	-0.655688	0.229669	0.651817	0.304071	-0.45146	-0.183597	0.868291	-0.0924491	-0.591998	-0.572304	0.463947	-0.32674	-0.682346	-0.142859	0.715078	-0.05155
-0.631833	-0.244759	0.722635	-0.136671	-0.674739	-0.206797	0.668798	-0.233821	-0.8466	0.431441	0.294443	-0.102134	-0.451025	0.481869	-0.00334216	-0.751244	-0.782681	-0.46421	0.00584332	-0.41459	-0.899344	-0.261189	-0.345632	-0.0591458	-0.655688	0.229669	0.651817	0.304071	-0.452619	-0.188021	0.867675	-0.0832067	-0.594616	-0.570914	0.463643	-0.324844	-0.685175	-0.139133	0.713081	-0.0519011
-0.631195	-0.244401	0.723232	-0.137103	-0.673796	-0.207143	0.669523	-0.234156	-0.846403	0.431109	0.295279	-0.102746	-0.44997	0.482395	-0.00236006	-0.751543	-0.780968	-0.463832	0.00488835	-0.41824	-0.899296	-0.260601	-0.345856	-0.06113	-0.652701	0.213954	0.656291	0.312229	-0.458877	-0.191688	0.863544	-0.0835455	-0.599881	-0.5699	0.460505	-0.32139	-0.690271	-0.132674	0.709223	-0.0540961
-0.630957	-0.244388	0.723189	-0.138441	-0.671541	-0.208292	0.671103	-0.235091	-0.84606	0.430281	0.297078	-0.103855	-0.449558	0.482808	-0.00183391	-0.751525	-0.780139	-0.463553	0.00428663	-0.420099	-0.899117	-0.259207	-0.346602	-0.0653195	-0.650828	0.210573	0.65846	0.313868	-0.477455	-0.189084	0.854376	-0.0795361	-0.603541	-0.56974	0.457618	-0.318935	-0.692085	-0.13008	0.70778	-0.0560735
-0.630915	-0.243586	0.723197	-0.139993	-0.669928	-0.208971	0.67238	-0.235441	-0.845774	0.429708	0.298611	-0.104159	-0.448366	0.48412	-5.29E-06	-0.751396	-0.777402	-0.46429	0.00370316	-0.424343	-0.898705	-0.259518	-0.347027	-0.067465	-0.642825	0.213557	0.663738	0.317207	-0.482145	-0.194426	0.849359	-0.0912378	-0.611	-0.568284	0.450822	-0.317005	-0.696999	-0.125597	0.703191	-0.0627717
-0.630915	-0.243586	0.723197	-0.139993	-0.669928	-0.208971	0.67238	-0.235441	-0.845774	0.429708	0.298611	-0.104159	-0.448366	0.48412	-5.29E-06	-0.751396	-0.777402	-0.46429	0.00370316	-0.424343	-0.898705	-0.259518	-0.347027	-0.067465	-0.642825	0.213557	0.663738	0.317207	-0.482145	-0.194426	0.849359	-0.0912378	-0.611	-0.568284	0.450822	-0.317005	-0.696999	-0.125597	0.703191	-0.0627717
-0.631864	-0.243297	0.722003	-0.142357	-0.668437	-0.208332	0.673988	-0.235646	-0.845317	0.428957	0.301079	-0.103859	-0.448213	0.485159	0.00126443	-0.750816	-0.775711	-0.465243	0.00391443	-0.426386	-0.897738	-0.261142	-0.347439	-0.0718114	-0.638911	0.209679	0.670979	0.312433	-0.497907	-0.190896	0.84043	-0.0965649	-0.61392	-0.567436	0.448289	-0.316472	-0.69998	-0.124124	0.699976	-0.0682282
-0.63358	-0.243802	0.719087	-0.148494	-0.668579	-0.207842	0.673848	-0.236078	-0.845207	0.429265	0.3011	-0.103414	-0.448593	0.486381	0.0021973	-0.749795	-0.773111	-0.467041	0.00359827	-0.429139	-0.89748	-0.261543	-0.347431	-0.073598	-0.629638	0.205779	0.681475	0.311131	-0.506702	-0.187963	0.835738	-0.0972887	-0.620339	-0.56537	0.442308	-0.31607	-0.706177	-0.124528	0.692163	-0.0819565
-0.635447	-0.241289	0.717902	-0.150348	-0.668704	-0.2074	0.673839	-0.236138	-0.845241	0.430645	0.298971	-0.103582	-0.448266	0.485152	-0.000220674	-0.75079	-0.772114	-0.46707	0.00219026	-0.430906	-0.897536	-0.260617	-0.347496	-0.0758581	-0.622488	0.203254	0.689268	0.310009	-0.521582	-0.183569	0.827264	-0.0994483	-0.627245	-0.562383	0.436606	-0.315698	-0.712236	-0.122506	0.684913	-0.0927726
-0.636478	-0.239322	0.717529	-0.150907	-0.668773	-0.206905	0.674004	-0.235907	-0.845241	0.430645	0.298971	-0.103582	-0.448005	0.48429	-0.00179255	-0.751499	-0.771919	-0.466733	0.00123212	-0.431624	-0.897731	-0.259762	-0.347502	-0.0764512	-0.619619	0.203549	0.692325	0.308749	-0.526916	-0.182316	0.823799	-0.102348	-0.630805	-0.561126	0.433642	-0.314922	-0.71455	-0.12434	0.68105	-0.100642
-0.637675	-0.238005	0.716578	-0.152445	-0.668734	-0.20641	0.674262	-0.235712	-0.845135	0.432459	0.296338	-0.104454	-0.447732	0.483627	-0.00310491	-0.752085	-0.771937	-0.466468	0.000336774	-0.43188	-0.898005	-0.258976	-0.347295	-0.0768438	-0.619619	0.203549	0.692325	0.308749	-0.531244	-0.179304	0.821417	-0.104425	-0.634941	-0.559537	0.430085	-0.314317	-0.716952	-0.125411	0.677275	-0.107472
-0.641467	-0.235005	0.713239	-0.156786	-0.668915	-0.204716	0.674674	-0.235498	-0.844863	0.434241	0.294469	-0.104545	-0.446951	0.482999	-0.00482771	-0.752943	-0.773249	-0.465408	-0.000475098	-0.430676	-0.898549	-0.257819	-0.346743	-0.0768712	-0.614217	0.208095	0.698312	0.302976	-0.537244	-0.172243	0.818656	-0.107257	-0.641125	-0.557341	0.423619	-0.314446	-0.721569	-0.125712	0.670348	-0.119028
-0.644083	-0.232581	0.711361	-0.158207	-0.669716	-0.203007	0.674417	-0.235438	-0.844674	0.435313	0.293393	-0.104632	-0.446584	0.482638	-0.00592495	-0.753384	-0.774046	-0.464908	-0.0015133	-0.429781	-0.899736	-0.255059	-0.346122	-0.0749611	-0.612786	0.209526	0.700207	0.300504	-0.540802	-0.168555	0.816321	-0.112885	-0.643872	-0.556059	0.421501	-0.313949	-0.72376	-0.125451	0.6672	-0.123606
-0.649205	-0.227875	0.707404	-0.161822	-0.671553	-0.199503	0.673737	-0.235147	-0.844107	0.438607	0.290181	-0.10441	-0.446228	0.482229	-0.00763091	-0.753842	-0.775747	-0.463058	-0.00448276	-0.428689	-0.900446	-0.252976	-0.346116	-0.0735171	-0.610111	0.212544	0.703829	0.295321	-0.542533	-0.165983	0.815485	-0.114423	-0.64924	-0.553388	0.417218	-0.313334	-0.727753	-0.123762	0.661814	-0.13062
-0.649205	-0.227875	0.707404	-0.161822	-0.671553	-0.199503	0.673737	-0.235147	-0.844107	0.438607	0.290181	-0.10441	-0.446228	0.482229	-0.00763091	-0.753842	-0.775747	-0.463058	-0.00448276	-0.428689	-0.900446	-0.252976	-0.346116	-0.0735171	-0.610111	0.212544	0.703829	0.295321	-0.542533	-0.165983	0.815485	-0.114423	-0.64924	-0.553388	0.417218	-0.313334	-0.727753	-0.123762	0.661814	-0.13062
-0.651499	-0.225758	0.705427	-0.16418	-0.672303	-0.198162	0.673392	-0.235124	-0.84389	0.440398	0.288122	-0.104328	-0.445426	0.481003	-0.011895	-0.755043	-0.776815	-0.461792	-0.00580334	-0.428103	-0.901558	-0.248646	-0.346941	-0.0707171	-0.608605	0.214611	0.705107	0.293881	-0.546751	-0.159651	0.813794	-0.115389	-0.652169	-0.55152	0.415839	-0.312375	-0.729625	-0.122716	0.659355	-0.133566
-0.653856	-0.223519	0.703468	-0.166264	-0.673436	-0.196836	0.672497	-0.235558	-0.84389	0.440398	0.288122	-0.104328	-0.445093	0.480025	-0.0148306	-0.75581	-0.777643	-0.460752	-0.0074993	-0.427696	-0.901558	-0.248646	-0.346941	-0.0707171	-0.608605	0.214611	0.705107	0.293881	-0.546751	-0.159651	0.813794	-0.115389	-0.655239	-0.549261	0.414974	-0.311078	-0.731564	-0.121819	0.656772	-0.136476
-0.655543	-0.221233	0.702209	-0.167995	-0.674735	-0.195359	0.671436	-0.236095	-0.843207	0.44504	0.282543	-0.105408	-0.444547	0.478717	-0.0187919	-0.756872	-0.778603	-0.459578	-0.00954563	-0.42717	-0.902143	-0.246072	-0.347482	-0.0695982	-0.605907	0.217989	0.707834	0.290393	-0.548467	-0.157126	0.813001	-0.116292	-0.657834	-0.54741	0.41419	-0.309909	-0.733417	-0.121443	0.654136	-0.13949
-0.656635	-0.219207	0.701437	-0.169604	-0.675937	-0.193645	0.670613	-0.23641	-0.842637	0.448065	0.279017	-0.106541	-0.443767	0.477245	-0.023539	-0.758125	-0.779935	-0.458067	-0.0114494	-0.426315	-0.902768	-0.243172	-0.348111	-0.0685244	-0.604822	0.21943	0.708947	0.288849	-0.553176	-0.149318	0.811609	-0.113977	-0.660091	-0.546186	0.412751	-0.309187	-0.735376	-0.119741	0.65189	-0.141152
-0.657851	-0.217538	0.700388	-0.171364	-0.676773	-0.192195	0.670108	-0.236631	-0.841927	0.451152	0.275626	-0.107946	-0.44263	0.475867	-0.0282575	-0.759494	-0.781321	-0.45659	-0.0130703	-0.425315	-0.903246	-0.240777	-0.348757	-0.0673862	-0.603682	0.221006	0.709738	0.288091	-0.553176	-0.149318	0.811609	-0.113977	-0.662464	-0.544862	0.411698	-0.30785	-0.737185	-0.117701	0.649931	-0.142456
-0.657851	-0.217538	0.700388	-0.171364	-0.677225	-0.190916	0.669988	-0.236714	-0.841206	0.453948	0.272674	-0.109331	-0.44263	0.475867	-0.0282575	-0.759494	-0.782569	-0.455309	-0.0141572	-0.424357	-0.903483	-0.23875	-0.34974	-0.0663201	-0.602889	0.222132	0.710806	0.286246	-0.554867	-0.146933	0.81084	-0.114333	-0.662464	-0.544862	0.411698	-0.30785	-0.737185	-0.117701	0.649931	-0.142456
-0.660468	-0.21404	0.698416	-0.173736	-0.677635	-0.189608	0.669952	-0.236694	-0.840609	0.456163	0.270307	-0.110573	-0.440611	0.473845	-0.0363838	-0.761583	-0.783655	-0.454384	-0.0147567	-0.423323	-0.903483	-0.237079	-0.351037	-0.0654584	-0.602377	0.223976	0.711343	0.28455	-0.556962	-0.142094	0.810214	-0.114698	-0.667161	-0.541848	0.410027	-0.305245	-0.740522	-0.115738	0.645594	-0.146425
-0.661971	-0.211811	0.697564	-0.174167	-0.678214	-0.188069	0.669891	-0.236434	-0.840018	0.458147	0.268382	-0.111545	-0.439889	0.473208	-0.0395604	-0.762238	-0.784616	-0.453692	-0.0152678	-0.422264	-0.903401	-0.235873	-0.352194	-0.0647345	-0.601766	0.226178	0.71172	0.283152	-0.556962	-0.142094	0.810214	-0.114698	-0.669098	-0.540735	0.408933	-0.304446	-0.742015	-0.114535	0.643737	-0.147981
-0.663483	-0.210311	0.696359	-0.175052	-0.678536	-0.186678	0.670089	-0.236053	-0.83947	0.459847	0.266871	-0.112298	-0.439334	0.472789	-0.0421144	-0.762681	-0.78534	-0.453285	-0.0159333	-0.421331	-0.903476	-0.234777	-0.352825	-0.0642309	-0.600761	0.228146	0.711942	0.283151	-0.558683	-0.139045	0.809684	-0.113807	-0.670912	-0.539699	0.40772	-0.303917	-0.743338	-0.113769	0.641976	-0.149571
-0.66731	-0.207208	0.693316	-0.176282	-0.678696	-0.184851	0.670346	-0.2363	-0.838492	0.461957	0.265904	-0.113235	-0.438213	0.473088	-0.0444504	-0.763008	-0.78575	-0.453742	-0.0161428	-0.420066	-0.903514	-0.235031	-0.352586	-0.0640838	-0.600292	0.231406	0.711858	0.281706	-0.56007	-0.135267	0.809467	-0.113086	-0.673558	-0.537723	0.406475	-0.303234	-0.745548	-0.112586	0.638943	-0.152429
-0.67088	-0.204437	0.690466	-0.17715	-0.679702	-0.181332	0.670216	-0.236505	-0.837494	0.464162	0.265484	-0.112586	-0.438087	0.474225	-0.0462414	-0.762267	-0.786357	-0.453279	-0.0161838	-0.419427	-0.90453	-0.235651	-0.349638	-0.0636196	-0.59981	0.234297	0.712001	0.279977	-0.560325	-0.132788	0.809643	-0.113494	-0.676013	-0.536248	0.404905	-0.302482	-0.7469	-0.111483	0.637083	-0.15439
-0.675077	-0.202989	0.686498	-0.178287	-0.680994	-0.179806	0.668854	-0.237805	-0.836385	0.466836	0.264789	-0.111403	-0.437875	0.475489	-0.048603	-0.761455	-0.787268	-0.451807	-0.016828	-0.41928	-0.90608	-0.234585	-0.346435	-0.0630238	-0.599545	0.235065	0.712102	0.279646	-0.560396	-0.13093	0.809916	-0.11336	-0.676708	-0.535528	0.404359	-0.302934	-0.747789	-0.111538	0.63554	-0.156397
-0.677081	-0.201943	0.68482	-0.178329	-0.682117	-0.178803	0.667681	-0.238639	-0.835915	0.468197	0.264077	-0.110908	-0.438059	0.475869	-0.0500363	-0.761018	-0.787518	-0.451181	-0.0173511	-0.419464	-0.906757	-0.233866	-0.345252	-0.0624494	-0.599707	0.237401	0.711408	0.279088	-0.559766	-0.130777	0.81029	-0.113971	-0.676557	-0.535405	0.404284	-0.303589	-0.748032	-0.112031	0.634892	-0.157509
-0.677081	-0.201943	0.68482	-0.178329	-0.682117	-0.178803	0.667681	-0.238639	-0.835915	0.468197	0.264077	-0.110908	-0.438059	0.475869	-0.0500363	-0.761018	-0.787518	-0.451181	-0.0173511	-0.419464	-0.906757	-0.233866	-0.345252	-0.0624494	-0.599707	0.237401	0.711408	0.279088	-0.559766	-0.130777	0.81029	-0.113971	-0.676557	-0.535405	0.404284	-0.303589	-0.748032	-0.112031	0.634892	-0.157509
-0.679091	-0.200735	0.683046	-0.178854	-0.684798	-0.176368	0.665085	-0.240017	-0.834957	0.471361	0.261571	-0.110665	-0.438393	0.475891	-0.0542226	-0.760526	-0.788883	-0.448922	-0.0199484	-0.419208	-0.908003	-0.230525	-0.344533	-0.0607099	-0.59929	0.238772	0.711612	0.278294	-0.558947	-0.130695	0.810695	-0.115197	-0.677239	-0.534534	0.40424	-0.303664	-0.747869	-0.111564	0.635058	-0.157948
-0.680415	-0.199805	0.681971	-0.178967	-0.685853	-0.176052	0.663825	-0.240726	-0.834516	0.472704	0.260431	-0.110948	-0.437999	0.475666	-0.0561038	-0.760757	-0.789398	-0.448128	-0.0215771	-0.419008	-0.908229	-0.228904	-0.345178	-0.0597846	-0.599159	0.239593	0.711338	0.278572	-0.558617	-0.130268	0.811037	-0.114872	-0.677819	-0.533722	0.404501	-0.30345	-0.747785	-0.110766	0.635426	-0.157423
-0.681476	-0.19793	0.68169	-0.178083	-0.687554	-0.175205	0.66176	-0.242171	-0.833803	0.474625	0.258907	-0.111675	-0.437277	0.475328	-0.0585539	-0.761199	-0.789747	-0.447582	-0.0240835	-0.418796	-0.907938	-0.226123	-0.347999	-0.0584247	-0.599159	0.240443	0.710934	0.278872	-0.557648	-0.130438	0.811569	-0.115627	-0.677674	-0.532818	0.405416	-0.304138	-0.747622	-0.111419	0.635326	-0.158139
-0.682206	-0.196065	0.681858	-0.176701	-0.689707	-0.174615	0.659012	-0.243961	-0.833196	0.475751	0.258383	-0.112623	-0.436698	0.475543	-0.0598272	-0.761298	-0.789547	-0.4477	-0.026851	-0.418878	-0.907358	-0.223906	-0.3511	-0.0574122	-0.598679	0.241008	0.711046	0.279128	-0.557329	-0.130506	0.811732	-0.115947	-0.677709	-0.53223	0.405978	-0.304342	-0.747243	-0.110864	0.635968	-0.157738
-0.682467	-0.195731	0.681726	-0.176574	-0.690445	-0.174814	0.657904	-0.244722	-0.833029	0.475973	0.258371	-0.112946	-0.436415	0.475627	-0.0600359	-0.761391	-0.789324	-0.447885	-0.0277734	-0.419042	-0.906998	-0.223121	-0.352539	-0.057341	-0.59862	0.241047	0.71105	0.27921	-0.557064	-0.130477	0.811928	-0.115878	-0.677732	-0.532104	0.406232	-0.30417	-0.747104	-0.110675	0.636202	-0.157585
-0.682221	-0.19576	0.682025	-0.176338	-0.691022	-0.174714	0.657145	-0.245203	-0.832943	0.476007	0.258428	-0.113308	-0.436234	0.475684	-0.0601878	-0.761447	-0.789065	-0.448141	-0.0284523	-0.41921	-0.906648	-0.222736	-0.353631	-0.0576488	-0.59862	0.241047	0.71105	0.27921	-0.55685	-0.130237	0.81215	-0.115625	-0.677511	-0.531867	0.406838	-0.304268	-0.747048	-0.110745	0.63621	-0.157771
-0.681444	-0.195896	0.682942	-0.175638	-0.692741	-0.174302	0.655056	-0.246233	-0.832651	0.476905	0.257493	-0.113805	-0.436056	0.475453	-0.0614755	-0.761591	-0.788807	-0.448439	-0.029058	-0.419336	-0.906235	-0.222336	-0.354721	-0.0589727	-0.598192	0.240945	0.711049	0.280217	-0.556592	-0.130355	0.812289	-0.115759	-0.676793	-0.531706	0.407687	-0.30501	-0.746919	-0.111044	0.636229	-0.158096
-0.681084	-0.196121	0.683262	-0.175543	-0.692998	-0.174371	0.654726	-0.246338	-0.832496	0.477415	0.256999	-0.113911	-0.435759	0.475184	-0.0622358	-0.761867	-0.78837	-0.448701	-0.0302936	-0.419788	-0.906187	-0.222252	-0.354783	-0.05965	-0.598148	0.240587	0.711171	0.280309	-0.556382	-0.130503	0.812396	-0.115846	-0.676577	-0.531753	0.40785	-0.30519	-0.746776	-0.110635	0.636551	-0.157757
-0.680794	-0.196387	0.683478	-0.175528	-0.693281	-0.174294	0.654456	-0.246314	-0.832385	0.477788	0.256626	-0.114005	-0.43542	0.474961	-0.0627251	-0.76216	-0.788326	-0.448449	-0.0305159	-0.420124	-0.906251	-0.221914	-0.35469	-0.0604841	-0.598012	0.240339	0.711386	0.280266	-0.556061	-0.130762	0.812541	-0.116078	-0.676631	-0.531492	0.408009	-0.305312	-0.746674	-0.110273	0.636808	-0.157458
-0.680095	-0.196836	0.684066	-0.175444	-0.693022	-0.174797	0.654639	-0.2462	-0.832368	0.477941	0.256286	-0.114252	-0.435121	0.474681	-0.0628613	-0.762493	-0.788142	-0.448534	-0.0310411	-0.42034	-0.906206	-0.22188	-0.354596	-0.0618216	-0.597921	0.240213	0.711447	0.280413	-0.555616	-0.131046	0.812746	-0.116452	-0.67572	-0.531787	0.408368	-0.306335	-0.746488	-0.110661	0.636871	-0.157812
-0.680095	-0.196836	0.684066	-0.175444	-0.693022	-0.174797	0.654639	-0.2462	-0.832368	0.477941	0.256286	-0.114252	-0.435121	0.474681	-0.0628613	-0.762493	-0.788142	-0.448534	-0.0310411	-0.42034	-0.906206	-0.22188	-0.354596	-0.0618216	-0.597921	0.240213	0.711447	0.280413	-0.555616	-0.131046	0.812746	-0.116452	-0.67572	-0.531787	0.408368	-0.306335	-0.746488	-0.110661	0.636871	-0.157812
-0.679037	-0.197593	0.684811	-0.175784	-0.692376	-0.175948	0.655017	-0.246192	-0.832735	0.477118	0.256282	-0.115022	-0.434965	0.474124	-0.0621706	-0.762985	-0.788041	-0.448661	-0.0311174	-0.420388	-0.906017	-0.221886	-0.355016	-0.062161	-0.597689	0.239589	0.711761	0.280644	-0.55542	-0.131434	0.812751	-0.116919	-0.675345	-0.532038	0.408526	-0.306516	-0.746204	-0.110146	0.637398	-0.157388
-0.678437	-0.19793	0.685337	-0.17567	-0.692042	-0.17657	0.655205	-0.246184	-0.832906	0.476603	0.256498	-0.115439	-0.43467	0.473935	-0.0615998	-0.763317	-0.78762	-0.449017	-0.030962	-0.420808	-0.905839	-0.221974	-0.355415	-0.0621483	-0.597471	0.2396	0.711711	0.281226	-0.555531	-0.13117	0.812777	-0.116508	-0.675406	-0.531718	0.408755	-0.306629	-0.746194	-0.109976	0.637431	-0.157419
-0.678437	-0.19793	0.685337	-0.17567	-0.692042	-0.17657	0.655205	-0.246184	-0.832906	0.476603	0.256498	-0.115439	-0.43467	0.473935	-0.0615998	-0.763317	-0.78762	-0.449017	-0.030962	-0.420808	-0.905839	-0.221974	-0.355415	-0.0621483	-0.597471	0.2396	0.711711	0.281226	-0.555531	-0.13117	0.812777	-0.116508	-0.675406	-0.531718	0.408755	-0.306629	-0.746194	-0.109976	0.637431	-0.157419
-0.677572	-0.198305	0.686154	-0.175398	-0.691658	-0.177238	0.655452	-0.246127	-0.832934	0.475985	0.257248	-0.116118	-0.43418	0.474011	-0.0605842	-0.76363	-0.787332	-0.449212	-0.030698	-0.421158	-0.905533	-0.222441	-0.355888	-0.0622456	-0.597194	0.239108	0.712002	0.281495	-0.555634	-0.131143	0.81269	-0.11665	-0.675069	-0.531638	0.409253	-0.306848	-0.746192	-0.109783	0.637441	-0.157526
-0.677083	-0.19881	0.686464	-0.175502	-0.691242	-0.177692	0.655825	-0.245973	-0.832965	0.475679	0.257667	-0.116218	-0.434006	0.474112	-0.0600384	-0.763709	-0.786762	-0.449608	-0.0301816	-0.421839	-0.905453	-0.222652	-0.355917	-0.062485	-0.597194	0.239108	0.712002	0.281495	-0.555634	-0.131143	0.81269	-0.11665	-0.674841	-0.531639	0.40972	-0.306724	-0.746131	-0.109349	0.637659	-0.157232
-0.677083	-0.19881	0.686464	-0.175502	-0.691242	-0.177692	0.655825	-0.245973	-0.832965	0.475679	0.257667	-0.116218	-0.434006	0.474112	-0.0600384	-0.763709	-0.786762	-0.449608	-0.0301816	-0.421839	-0.905453	-0.222652	-0.355917	-0.062485	-0.597194	0.239108	0.712002	0.281495	-0.555634	-0.131143	0.81269	-0.11665	-0.674841	-0.531639	0.40972	-0.306724	-0.746131	-0.109349	0.637659	-0.157232
-0.676321	-0.199321	0.687128	-0.175261	-0.690444	-0.178086	0.656707	-0.245578	-0.833165	0.474894	0.25858	-0.115968	-0.433934	0.474262	-0.0594551	-0.763703	-0.78651	-0.449746	-0.0297519	-0.422191	-0.905335	-0.22347	-0.355559	-0.063308	-0.597005	0.238605	0.711993	0.282344	-0.556246	-0.130569	0.812493	-0.115748	-0.674864	-0.531591	0.409768	-0.306692	-0.74604	-0.108454	0.638042	-0.156732
-0.676321	-0.199321	0.687128	-0.175261	-0.690444	-0.178086	0.656707	-0.245578	-0.833165	0.474894	0.25858	-0.115968	-0.433934	0.474262	-0.0594551	-0.763703	-0.78651	-0.449746	-0.0297519	-0.422191	-0.905335	-0.22347	-0.355559	-0.063308	-0.597005	0.238605	0.711993	0.282344	-0.556246	-0.130569	0.812493	-0.115748	-0.67485	-0.531515	0.409984	-0.306565	-0.74604	-0.108454	0.638042	-0.156732
-0.676143	-0.199121	0.687481	-0.174788	-0.690228	-0.17818	0.656946	-0.245478	-0.833298	0.474597	0.258826	-0.115678	-0.434552	0.474752	-0.0585524	-0.763117	-0.785954	-0.450004	-0.0291545	-0.422993	-0.905408	-0.223752	-0.355109	-0.0637945	-0.596792	0.239034	0.711544	0.283562	-0.55635	-0.130328	0.812493	-0.115518	-0.674921	-0.531361	0.410314	-0.306235	-0.745901	-0.108106	0.638303	-0.156574
-0.675805	-0.199194	0.687819	-0.174685	-0.690043	-0.178347	0.657216	-0.245153	-0.833581	0.474293	0.258756	-0.115039	-0.435097	0.474808	-0.0586274	-0.762765	-0.785977	-0.449623	-0.0289278	-0.423372	-0.905748	-0.223709	-0.354147	-0.064455	-0.596469	0.239423	0.711202	0.284768	-0.556589	-0.129936	0.812474	-0.11494	-0.675323	-0.530872	0.410633	-0.305768	-0.745548	-0.107546	0.638913	-0.156149
-0.675749	-0.199058	0.687931	-0.174615	-0.690043	-0.178347	0.657216	-0.245153	-0.833581	0.474293	0.258756	-0.115039	-0.435953	0.474737	-0.058814	-0.762306	-0.786058	-0.449241	-0.0287612	-0.423637	-0.905815	-0.223772	-0.353916	-0.0645618	-0.596398	0.239609	0.711008	0.285244	-0.556589	-0.129936	0.812474	-0.11494	-0.675496	-0.530299	0.411272	-0.305522	-0.745434	-0.107555	0.639071	-0.156038
