FULLBODY	1																																						
Frames:	158																																						
-0.419007	-0.606622	0.398865	-0.545298	-0.383482	-0.585012	0.403139	-0.590069	-0.721979	-0.193688	0.593882	-0.297549	-0.684341	-0.0606498	0.670569	-0.279886	-0.0282071	-0.638448	-0.0248783	-0.768745	-0.112353	-0.635033	-0.0731927	-0.760758	-0.688387	-0.163988	0.676873	-0.202667	-0.454465	-0.576385	0.491565	-0.468621	-0.194313	-0.733103	0.0409693	-0.65048	-0.371231	-0.625843	0.445856	-0.521268
-0.417549	-0.606577	0.400469	-0.545291	-0.383173	-0.58288	0.404585	-0.591389	-0.719824	-0.197838	0.596966	-0.293844	-0.682719	-0.0642261	0.673799	-0.275252	-0.0250118	-0.639459	-0.0203943	-0.768147	-0.110801	-0.639109	-0.0669739	-0.758141	-0.694718	-0.158336	0.672757	-0.199237	-0.454867	-0.576318	0.489861	-0.470096	-0.192469	-0.731851	0.0389811	-0.652557	-0.368575	-0.627693	0.442981	-0.523376
-0.41726	-0.606817	0.400429	-0.545274	-0.382995	-0.583155	0.404539	-0.591265	-0.719912	-0.197923	0.596959	-0.293588	-0.682735	-0.0645857	0.673874	-0.274944	-0.0250118	-0.639459	-0.0203943	-0.768147	-0.110332	-0.63925	-0.0666401	-0.758119	-0.694776	-0.15844	0.672676	-0.199221	-0.454844	-0.576377	0.489767	-0.470144	-0.192322	-0.731771	0.0387802	-0.652702	-0.368553	-0.627734	0.442979	-0.523343
-0.417114	-0.606976	0.400562	-0.54511	-0.382774	-0.583607	0.404633	-0.590897	-0.719763	-0.198805	0.596895	-0.293488	-0.682666	-0.0654328	0.673971	-0.274679	-0.0242568	-0.639551	-0.0201498	-0.768101	-0.109633	-0.639318	-0.0664014	-0.758185	-0.694709	-0.158859	0.67253	-0.199616	-0.454745	-0.576512	0.489606	-0.470241	-0.192119	-0.731773	0.0388071	-0.652757	-0.368384	-0.627829	0.442787	-0.52351
-0.416961	-0.607142	0.400554	-0.545049	-0.382507	-0.583968	0.404714	-0.590657	-0.719811	-0.199312	0.596784	-0.293248	-0.68261	-0.0658182	0.673966	-0.274738	-0.0239208	-0.639518	-0.0202428	-0.768137	-0.10939	-0.639309	-0.0665929	-0.758211	-0.694742	-0.159047	0.672466	-0.199564	-0.454747	-0.576545	0.4895	-0.47031	-0.192036	-0.731773	0.038827	-0.652781	-0.368269	-0.627888	0.442686	-0.523606
-0.416919	-0.607168	0.400603	-0.545016	-0.382307	-0.584216	0.404852	-0.590447	-0.719856	-0.199413	0.596783	-0.293073	-0.682508	-0.0660946	0.674088	-0.274625	-0.0235304	-0.639491	-0.0201639	-0.768173	-0.109366	-0.639304	-0.0666643	-0.758212	-0.694711	-0.15924	0.672447	-0.199586	-0.454824	-0.576483	0.489535	-0.470274	-0.191886	-0.731623	0.0385925	-0.653007	-0.368159	-0.627949	0.442701	-0.523599
-0.416906	-0.607175	0.400705	-0.544944	-0.382192	-0.584463	0.405201	-0.590037	-0.719732	-0.199816	0.596788	-0.293092	-0.682582	-0.0664761	0.674031	-0.27449	-0.023589	-0.639561	-0.0198866	-0.768121	-0.109474	-0.639429	-0.0664833	-0.758107	-0.694658	-0.159675	0.672336	-0.199798	-0.454718	-0.576611	0.489357	-0.470405	-0.19152	-0.731599	0.0385729	-0.653143	-0.36785	-0.62811	0.442427	-0.523854
-0.417022	-0.607095	0.40091	-0.544794	-0.382342	-0.584409	0.405436	-0.589832	-0.719627	-0.199922	0.596826	-0.293202	-0.682601	-0.0665459	0.674015	-0.274466	-0.0237538	-0.639619	-0.0197794	-0.76807	-0.109441	-0.639485	-0.066407	-0.758071	-0.694623	-0.159895	0.672275	-0.199948	-0.454794	-0.576561	0.489352	-0.470398	-0.191302	-0.731536	0.0385332	-0.653279	-0.367633	-0.628256	0.442298	-0.52394
-0.417279	-0.60688	0.401169	-0.544644	-0.382543	-0.584358	0.405777	-0.589518	-0.719571	-0.200182	0.596701	-0.293416	-0.682381	-0.0663776	0.674157	-0.274704	-0.0237538	-0.639619	-0.0197794	-0.76807	-0.109443	-0.639577	-0.066308	-0.758002	-0.694562	-0.159902	0.672342	-0.19993	-0.454881	-0.576492	0.489353	-0.470397	-0.191302	-0.731536	0.0385332	-0.653279	-0.367613	-0.628317	0.44245	-0.523752
-0.418175	-0.606173	0.402301	-0.54391	-0.383192	-0.584099	0.406915	-0.588569	-0.720169	-0.200639	0.596086	-0.292886	-0.679731	-0.0633308	0.676355	-0.276585	-0.0266702	-0.639713	-0.0181262	-0.767937	-0.110947	-0.64014	-0.0646456	-0.757451	-0.694395	-0.159992	0.672435	-0.200123	-0.455226	-0.576234	0.489441	-0.470288	-0.191909	-0.730771	0.0391865	-0.653918	-0.367386	-0.628634	0.442801	-0.523234
-0.418696	-0.605792	0.402904	-0.543488	-0.383749	-0.583868	0.407594	-0.587964	-0.721056	-0.199907	0.595674	-0.292043	-0.677697	-0.0585196	0.678208	-0.278094	-0.0296136	-0.638895	-0.0162749	-0.768551	-0.11393	-0.640519	-0.0621562	-0.756897	-0.69449	-0.159375	0.672625	-0.199646	-0.45539	-0.576109	0.489436	-0.470288	-0.191922	-0.730499	0.0389249	-0.654233	-0.367115	-0.628952	0.442956	-0.522912
-0.419798	-0.604847	0.404068	-0.542825	-0.385791	-0.582669	0.409827	-0.586262	-0.722918	-0.196445	0.594401	-0.29238	-0.67092	-0.0436275	0.68243	-0.286797	-0.0411009	-0.635096	-0.0117099	-0.77125	-0.127345	-0.640358	-0.0503152	-0.755773	-0.694685	-0.158223	0.672918	-0.198897	-0.455663	-0.575887	0.489527	-0.4702	-0.192058	-0.729895	0.0382347	-0.654909	-0.367357	-0.629033	0.444243	-0.52155
-0.421491	-0.603323	0.404778	-0.54268	-0.388166	-0.581322	0.412315	-0.584283	-0.724869	-0.190812	0.592418	-0.295292	-0.660555	-0.018773	0.684867	-0.307037	-0.0628529	-0.628071	-0.00443683	-0.775601	-0.147915	-0.632144	-0.0394289	-0.759579	-0.694568	-0.15729	0.673211	-0.19905	-0.455826	-0.575586	0.489608	-0.470327	-0.193678	-0.729386	0.0388149	-0.654964	-0.36799	-0.628828	0.445468	-0.520304
-0.42256	-0.602422	0.405304	-0.542457	-0.38987	-0.580311	0.41395	-0.582998	-0.726296	-0.186398	0.590383	-0.298659	-0.65323	-0.00334642	0.684685	-0.323242	-0.0747438	-0.622783	-0.00428556	-0.778804	-0.159318	-0.624459	-0.0396741	-0.763606	-0.694652	-0.156364	0.673401	-0.198845	-0.455874	-0.57535	0.489446	-0.470738	-0.19452	-0.729307	0.0393077	-0.654773	-0.368584	-0.628487	0.446154	-0.519708
-0.423546	-0.601542	0.405743	-0.542336	-0.391463	-0.579209	0.415587	-0.58186	-0.728141	-0.179871	0.588312	-0.302236	-0.65323	-0.00334642	0.684685	-0.323242	-0.0747438	-0.622783	-0.00428556	-0.778804	-0.171837	-0.61494	-0.0444821	-0.768337	-0.694652	-0.156364	0.673401	-0.198845	-0.456042	-0.575104	0.489371	-0.470953	-0.19452	-0.729307	0.0393077	-0.654773	-0.368584	-0.628487	0.446154	-0.519708
-0.424602	-0.600576	0.406171	-0.542261	-0.392779	-0.578272	0.416961	-0.580922	-0.730238	-0.170902	0.586654	-0.305585	-0.634331	0.0393703	0.681347	-0.363098	-0.0966049	-0.60877	-0.0166206	-0.787267	-0.186733	-0.603528	-0.0516201	-0.773446	-0.694786	-0.154622	0.673744	-0.198577	-0.456236	-0.574853	0.489213	-0.471236	-0.196481	-0.729096	0.040386	-0.654357	-0.369692	-0.627776	0.447134	-0.518937
-0.425781	-0.599556	0.406562	-0.542173	-0.394231	-0.576977	0.418214	-0.580325	-0.732595	-0.160911	0.584303	-0.309842	-0.621232	0.0635791	0.677608	-0.388427	-0.109419	-0.600328	-0.025187	-0.791833	-0.204216	-0.589721	-0.0605858	-0.779008	-0.694786	-0.154622	0.673744	-0.198577	-0.456555	-0.574523	0.489079	-0.471468	-0.197473	-0.729079	0.0408924	-0.654045	-0.370298	-0.627365	0.447478	-0.518706
-0.426693	-0.59866	0.406755	-0.5423	-0.395586	-0.57556	0.419145	-0.580138	-0.734783	-0.149779	0.581821	-0.314873	-0.605864	0.0901687	0.671895	-0.416361	-0.121888	-0.591397	-0.0368464	-0.796263	-0.223853	-0.57391	-0.0718327	-0.784447	-0.695009	-0.152824	0.673988	-0.198365	-0.457008	-0.574074	0.489002	-0.471657	-0.19812	-0.729156	0.0412318	-0.653743	-0.370796	-0.627034	0.44762	-0.518628
-0.42848	-0.596917	0.406882	-0.542717	-0.398331	-0.572415	0.420187	-0.580617	-0.737113	-0.126518	0.575573	-0.330716	-0.569389	0.144993	0.652487	-0.478574	-0.151259	-0.571733	-0.0612433	-0.804047	-0.267775	-0.537793	-0.0975886	-0.793443	-0.695308	-0.151062	0.674158	-0.198088	-0.457816	-0.573427	0.488681	-0.471992	-0.199536	-0.729031	0.041579	-0.65343	-0.371737	-0.626495	0.447817	-0.518436
-0.430177	-0.594923	0.406499	-0.54385	-0.401492	-0.568886	0.420853	-0.581425	-0.738494	-0.0930904	0.570648	-0.346875	-0.525713	0.199712	0.625428	-0.540907	-0.185861	-0.550877	-0.0816782	-0.809518	-0.316324	-0.495576	-0.123427	-0.799443	-0.695469	-0.149897	0.674127	-0.198512	-0.458612	-0.572852	0.488508	-0.472097	-0.200516	-0.729064	0.0415209	-0.653097	-0.372415	-0.626185	0.447559	-0.518546
-0.430177	-0.594923	0.406499	-0.54385	-0.401492	-0.568886	0.420853	-0.581425	-0.738494	-0.0930904	0.570648	-0.346875	-0.525713	0.199712	0.625428	-0.540907	-0.185861	-0.550877	-0.0816782	-0.809518	-0.316324	-0.495576	-0.123427	-0.799443	-0.695469	-0.149897	0.674127	-0.198512	-0.458612	-0.572852	0.488508	-0.472097	-0.200516	-0.729064	0.0415209	-0.653097	-0.372415	-0.626185	0.447559	-0.518546
-0.43128	-0.593775	0.406691	-0.544087	-0.405047	-0.564315	0.421362	-0.583044	-0.737408	-0.0587924	0.562943	-0.368603	-0.502431	0.225643	0.607602	-0.572248	-0.202301	-0.54057	-0.0930876	-0.811291	-0.364839	-0.450356	-0.153511	-0.800316	-0.695748	-0.148197	0.674249	-0.198398	-0.459547	-0.572273	0.488536	-0.47186	-0.200726	-0.729196	0.0416635	-0.652876	-0.372478	-0.626206	0.447148	-0.518831
-0.433852	-0.591276	0.40726	-0.544338	-0.406618	-0.562281	0.421763	-0.583625	-0.735938	-0.040626	0.558607	-0.380399	-0.452242	0.274744	0.569264	-0.629231	-0.229867	-0.521392	-0.118332	-0.813209	-0.388484	-0.427617	-0.171134	-0.798084	-0.695748	-0.148197	0.674249	-0.198398	-0.460016	-0.571995	0.4886	-0.471675	-0.202119	-0.729122	0.0424787	-0.652476	-0.372678	-0.626285	0.44676	-0.518926
-0.435203	-0.589936	0.407419	-0.544595	-0.410716	-0.557062	0.423215	-0.584708	-0.730697	-0.00440039	0.547733	-0.407493	-0.42642	0.296915	0.548429	-0.655159	-0.241943	-0.512674	-0.130075	-0.813456	-0.436167	-0.380505	-0.205094	-0.789247	-0.696293	-0.146286	0.674247	-0.197909	-0.461032	-0.571366	0.488795	-0.471244	-0.202709	-0.729191	0.0428918	-0.652189	-0.372832	-0.626291	0.446746	-0.518819
-0.439547	-0.585957	0.409472	-0.543861	-0.41459	-0.552094	0.424796	-0.585538	-0.724019	0.0316577	0.537064	-0.431691	-0.375508	0.334667	0.503198	-0.702697	-0.26616	-0.495842	-0.147327	-0.813384	-0.481361	-0.332921	-0.2388	-0.774874	-0.696855	-0.143998	0.674562	-0.196532	-0.462156	-0.570649	0.489154	-0.470638	-0.203565	-0.729482	0.0442553	-0.651504	-0.373054	-0.626484	0.446841	-0.518345
-0.442034	-0.583743	0.410812	-0.543216	-0.418201	-0.547786	0.425715	-0.586349	-0.717197	0.0663262	0.5254	-0.452973	-0.302826	0.378612	0.434781	-0.75889	-0.302276	-0.471657	-0.163479	-0.812061	-0.523582	-0.287892	-0.270068	-0.755012	-0.697678	-0.141	0.674914	-0.194563	-0.462887	-0.570271	0.489286	-0.47024	-0.205914	-0.729667	0.0472629	-0.650348	-0.373406	-0.626523	0.447469	-0.517502
-0.443405	-0.582522	0.411482	-0.542902	-0.419753	-0.54624	0.426154	-0.586363	-0.713378	0.0824845	0.5205	-0.461917	-0.280643	0.390814	0.412108	-0.773739	-0.312281	-0.464501	-0.169903	-0.811081	-0.543153	-0.265815	-0.284001	-0.744091	-0.697895	-0.140172	0.675053	-0.193903	-0.463204	-0.570112	0.48942	-0.469981	-0.206472	-0.729801	0.048301	-0.649944	-0.373296	-0.626699	0.447475	-0.517363
-0.444689	-0.581363	0.412077	-0.542643	-0.421342	-0.544689	0.426508	-0.586409	-0.709697	0.0989317	0.515329	-0.470084	-0.258646	0.401268	0.390869	-0.786961	-0.321321	-0.457703	-0.176823	-0.809935	-0.560949	-0.244985	-0.298418	-0.732301	-0.698119	-0.139343	0.675181	-0.193247	-0.463624	-0.569871	0.489607	-0.469664	-0.206794	-0.729861	0.0490295	-0.64972	-0.373098	-0.62692	0.447401	-0.517302
-0.44573	-0.580439	0.412465	-0.542483	-0.422992	-0.543083	0.426862	-0.586453	-0.705842	0.112883	0.509945	-0.478541	-0.237617	0.410345	0.370614	-0.798624	-0.32986	-0.451789	-0.183214	-0.808401	-0.57687	-0.225716	-0.312645	-0.720087	-0.698318	-0.138712	0.675256	-0.192716	-0.464001	-0.569637	0.489859	-0.469313	-0.207068	-0.729912	0.0495801	-0.649533	-0.373103	-0.627033	0.447613	-0.516979
-0.446551	-0.579781	0.412859	-0.542212	-0.42581	-0.540703	0.427089	-0.586449	-0.698026	0.139046	0.501473	-0.491885	-0.217985	0.418585	0.350743	-0.808857	-0.337673	-0.446982	-0.190137	-0.806246	-0.605713	-0.19039	-0.337803	-0.694804	-0.698696	-0.137858	0.675348	-0.191635	-0.464366	-0.569528	0.489968	-0.46897	-0.20738	-0.729941	0.0501293	-0.649358	-0.37311	-0.627109	0.44783	-0.516692
-0.447929	-0.578665	0.413398	-0.541856	-0.427249	-0.539478	0.427259	-0.586405	-0.694398	0.151195	0.497484	-0.497454	-0.180884	0.431497	0.315352	-0.825618	-0.351592	-0.437596	-0.203395	-0.802199	-0.618949	-0.173539	-0.348131	-0.682342	-0.698798	-0.137688	0.675373	-0.191294	-0.464468	-0.569502	0.490003	-0.468865	-0.207405	-0.730103	0.0509732	-0.649103	-0.372873	-0.62734	0.447947	-0.516482
-0.44915	-0.577778	0.413679	-0.541578	-0.429469	-0.538029	0.427368	-0.586036	-0.688181	0.172535	0.489141	-0.507326	-0.14731	0.43971	0.285113	-0.838847	-0.364681	-0.428963	-0.213831	-0.798295	-0.641942	-0.144661	-0.365552	-0.658297	-0.698769	-0.13788	0.675394	-0.191192	-0.464359	-0.569672	0.489997	-0.468773	-0.207619	-0.730087	0.0516698	-0.648997	-0.372548	-0.627629	0.448014	-0.516306
-0.449617	-0.577543	0.413706	-0.54142	-0.430596	-0.537278	0.427149	-0.586058	-0.685279	0.181555	0.484958	-0.5121	-0.131947	0.442197	0.272274	-0.844345	-0.371598	-0.424393	-0.21751	-0.796552	-0.651971	-0.131006	-0.371548	-0.647861	-0.698773	-0.137984	0.675387	-0.191129	-0.46422	-0.569823	0.489923	-0.468803	-0.207415	-0.730125	0.0516863	-0.649019	-0.372548	-0.627647	0.448205	-0.516119
-0.450341	-0.57727	0.413968	-0.540909	-0.433017	-0.535518	0.426381	-0.586443	-0.679749	0.196664	0.476355	-0.521872	-0.103929	0.444019	0.249176	-0.854375	-0.38439	-0.416431	-0.22422	-0.792815	-0.669404	-0.108009	-0.381393	-0.628309	-0.698886	-0.137872	0.675437	-0.190617	-0.464055	-0.569931	0.489938	-0.46882	-0.207276	-0.730185	0.052072	-0.648964	-0.37245	-0.627723	0.448462	-0.515875
-0.45084	-0.577263	0.41417	-0.540347	-0.434958	-0.534874	0.425709	-0.586083	-0.674462	0.210937	0.468931	-0.529822	-0.0786	0.443799	0.230955	-0.862279	-0.394373	-0.409847	-0.231108	-0.789357	-0.684876	-0.0877852	-0.387063	-0.611082	-0.698846	-0.137919	0.675473	-0.190603	-0.463629	-0.570238	0.489811	-0.469001	-0.20756	-0.730062	0.0525546	-0.648973	-0.3725	-0.627783	0.448951	-0.515341
-0.450919	-0.57739	0.414302	-0.540044	-0.435549	-0.534734	0.425639	-0.585823	-0.671805	0.21697	0.465515	-0.533758	-0.0672685	0.44296	0.22315	-0.865717	-0.398511	-0.405778	-0.233364	-0.788717	-0.692028	-0.0784803	-0.388907	-0.603066	-0.698868	-0.137844	0.675481	-0.190545	-0.463493	-0.570336	0.489803	-0.469025	-0.207655	-0.730008	0.0526251	-0.648998	-0.372557	-0.627816	0.44926	-0.514989
-0.451152	-0.577296	0.414271	-0.539973	-0.436136	-0.53445	0.425386	-0.585829	-0.669054	0.222993	0.462414	-0.537414	-0.0569777	0.442044	0.21617	-0.868689	-0.402847	-0.401833	-0.235093	-0.78802	-0.698603	-0.0701517	-0.390752	-0.595269	-0.69892	-0.137774	0.675486	-0.190389	-0.463402	-0.570402	0.489773	-0.469066	-0.207724	-0.729954	0.0526411	-0.649035	-0.372532	-0.627867	0.449412	-0.514813
-0.451295	-0.577325	0.41443	-0.5397	-0.43731	-0.533554	0.424636	-0.586315	-0.663383	0.233082	0.45715	-0.544619	-0.0472266	0.440654	0.210395	-0.871394	-0.407158	-0.398061	-0.23632	-0.787352	-0.709105	-0.0533375	-0.395647	-0.581195	-0.698987	-0.137667	0.675498	-0.190179	-0.463465	-0.570385	0.489855	-0.468938	-0.207566	-0.729976	0.0527079	-0.649056	-0.372406	-0.627944	0.449416	-0.514805
-0.451534	-0.577596	0.414895	-0.538853	-0.437796	-0.533176	0.42427	-0.586561	-0.660385	0.237577	0.455103	-0.548024	-0.0298983	0.438372	0.199733	-0.87581	-0.41446	-0.392022	-0.240853	-0.785195	-0.713775	-0.0462559	-0.398485	-0.574104	-0.699098	-0.137695	0.675435	-0.189974	-0.463448	-0.57043	0.489853	-0.468903	-0.207655	-0.729972	0.0531743	-0.648994	-0.372341	-0.628019	0.449533	-0.514659
-0.451025	-0.578398	0.416157	-0.537443	-0.439214	-0.532007	0.423644	-0.587013	-0.65364	0.247389	0.452748	-0.55369	-0.0120649	0.434762	0.192883	-0.879564	-0.42201	-0.387864	-0.245424	-0.781816	-0.721873	-0.0333045	-0.407552	-0.558294	-0.699095	-0.137857	0.675433	-0.189874	-0.463361	-0.57064	0.489739	-0.468852	-0.20765	-0.730058	0.0533897	-0.648881	-0.372329	-0.628129	0.449524	-0.514541
-0.450686	-0.578731	0.416596	-0.537029	-0.439634	-0.53169	0.423453	-0.587124	-0.649947	0.251968	0.451874	-0.556678	-0.00186722	0.432215	0.190072	-0.88151	-0.425079	-0.386139	-0.24699	-0.780513	-0.725311	-0.0247523	-0.412778	-0.550387	-0.699084	-0.13806	0.675383	-0.189947	-0.463361	-0.57064	0.489739	-0.468852	-0.207386	-0.730121	0.0533262	-0.648899	-0.372301	-0.628202	0.449456	-0.514533
-0.450241	-0.579142	0.417018	-0.536632	-0.439962	-0.531503	0.423226	-0.587211	-0.646858	0.255898	0.450664	-0.559457	0.00922852	0.429126	0.186799	-0.88367	-0.42748	-0.384985	-0.249147	-0.779085	-0.728865	-0.0165281	-0.418573	-0.541553	-0.699084	-0.13806	0.675383	-0.189947	-0.463247	-0.570856	0.489621	-0.468825	-0.207147	-0.730174	0.0531805	-0.648928	-0.372255	-0.628302	0.449363	-0.514524
-0.448656	-0.580508	0.417933	-0.535771	-0.440748	-0.531113	0.422818	-0.58727	-0.642307	0.262146	0.448255	-0.563727	0.0308971	0.422489	0.180702	-0.887634	-0.430794	-0.383827	-0.251879	-0.776949	-0.735063	-3.97E-05	-0.428672	-0.525283	-0.699176	-0.138335	0.675209	-0.190024	-0.462836	-0.571301	0.489161	-0.469169	-0.206935	-0.730265	0.0528651	-0.648919	-0.372411	-0.628411	0.449448	-0.514205
-0.448656	-0.580508	0.417933	-0.535771	-0.440748	-0.531113	0.422818	-0.58727	-0.642307	0.262146	0.448255	-0.563727	0.0308971	0.422489	0.180702	-0.887634	-0.430794	-0.383827	-0.251879	-0.776949	-0.735063	-3.97E-05	-0.428672	-0.525283	-0.699176	-0.138335	0.675209	-0.190024	-0.462836	-0.571301	0.489161	-0.469169	-0.206935	-0.730265	0.0528651	-0.648919	-0.372411	-0.628411	0.449448	-0.514205
-0.447722	-0.58133	0.418336	-0.535346	-0.441348	-0.530651	0.422691	-0.587328	-0.640614	0.263265	0.448069	-0.565278	0.0377367	0.420825	0.178769	-0.888552	-0.433038	-0.382777	-0.251776	-0.776253	-0.735651	0.0113616	-0.431667	-0.521874	-0.699238	-0.138651	0.674988	-0.190351	-0.461389	-0.5722	0.488614	-0.470067	-0.206944	-0.730349	0.0527745	-0.64883	-0.372584	-0.628411	0.44962	-0.513928
-0.44596	-0.582534	0.418953	-0.535026	-0.441671	-0.529807	0.422391	-0.588062	-0.637238	0.258684	0.448834	-0.570577	0.0382893	0.420488	0.181197	-0.888196	-0.43933	-0.383744	-0.256081	-0.770812	-0.735651	0.0113616	-0.431667	-0.521874	-0.699741	-0.137995	0.674386	-0.191109	-0.461389	-0.5722	0.488614	-0.470067	-0.207835	-0.730699	0.0526286	-0.648162	-0.372883	-0.628649	0.450081	-0.513016
-0.445045	-0.583084	0.419036	-0.535123	-0.441401	-0.529668	0.422284	-0.588467	-0.635942	0.255661	0.449319	-0.572999	0.0368473	0.420469	0.183776	-0.887736	-0.443444	-0.384849	-0.255439	-0.768114	-0.729787	-0.00132841	-0.427961	-0.533159	-0.699741	-0.137995	0.674386	-0.191109	-0.45554	-0.576307	0.486582	-0.472854	-0.20862	-0.730842	0.0519906	-0.6478	-0.373437	-0.62872	0.450732	-0.511954
-0.443573	-0.584156	0.419398	-0.534892	-0.440257	-0.530748	0.423276	-0.587637	-0.634526	0.252945	0.450361	-0.574953	0.0404164	0.419388	0.185881	-0.887654	-0.447455	-0.384453	-0.249209	-0.768033	-0.729896	-0.00236396	-0.425871	-0.534678	-0.700766	-0.135404	0.673523	-0.192247	-0.454094	-0.577379	0.486256	-0.473273	-0.209549	-0.731095	0.0494615	-0.647413	-0.375654	-0.628279	0.452463	-0.509339
-0.443013	-0.584843	0.420137	-0.534026	-0.439873	-0.531531	0.424143	-0.586591	-0.634216	0.253092	0.451072	-0.574672	0.0439651	0.418698	0.186414	-0.887698	-0.446438	-0.38439	-0.247689	-0.769148	-0.731059	-0.00222422	-0.424686	-0.534032	-0.700766	-0.135404	0.673523	-0.192247	-0.453559	-0.57777	0.486464	-0.473096	-0.209627	-0.731396	0.0483686	-0.647129	-0.376509	-0.628161	0.452646	-0.50869
-0.442144	-0.585741	0.421241	-0.53289	-0.439736	-0.532586	0.425006	-0.585111	-0.634233	0.252656	0.452638	-0.573614	0.0462352	0.41833	0.186906	-0.887653	-0.446438	-0.38439	-0.247689	-0.769148	-0.733147	-0.00306582	-0.424695	-0.531151	-0.700766	-0.135404	0.673523	-0.192247	-0.451482	-0.579892	0.485017	-0.473969	-0.21027	-0.73171	0.0478411	-0.646605	-0.377616	-0.627929	0.452891	-0.507939
-0.439476	-0.588423	0.423143	-0.530631	-0.439702	-0.533162	0.425237	-0.584444	-0.634236	0.25183	0.453648	-0.573175	0.0467417	0.418127	0.189494	-0.887174	-0.445214	-0.38683	-0.245881	-0.769214	-0.733579	-0.00452408	-0.424905	-0.530374	-0.702384	-0.132447	0.67135	-0.19597	-0.451067	-0.580528	0.484233	-0.474388	-0.212205	-0.731921	0.0455736	-0.645898	-0.37964	-0.627997	0.453251	-0.506021
-0.436216	-0.59141	0.422839	-0.530243	-0.439963	-0.534345	0.425861	-0.582709	-0.635216	0.249647	0.454779	-0.572148	0.0452553	0.417527	0.192964	-0.886785	-0.445214	-0.38683	-0.245881	-0.769214	-0.733732	-0.00792781	-0.424789	-0.530216	-0.704719	-0.130771	0.668574	-0.198191	-0.452524	-0.580294	0.483502	-0.474032	-0.213832	-0.731869	0.039854	-0.645798	-0.381454	-0.629212	0.454161	-0.502318
-0.434689	-0.592853	0.422581	-0.53009	-0.440342	-0.534795	0.426181	-0.581775	-0.635866	0.248468	0.454728	-0.57198	0.044965	0.416676	0.19406	-0.886961	-0.448109	-0.39078	-0.243757	-0.766206	-0.733776	-0.00973896	-0.42471	-0.530188	-0.705829	-0.13007	0.6673	-0.198992	-0.454304	-0.580557	0.482438	-0.473091	-0.214161	-0.731451	0.035305	-0.646427	-0.382984	-0.629544	0.454734	-0.500214
-0.433244	-0.595353	0.422566	-0.528481	-0.440731	-0.536404	0.427161	-0.579276	-0.637361	0.24683	0.453895	-0.571686	0.0446821	0.414384	0.195729	-0.887682	-0.450509	-0.392094	-0.241969	-0.764693	-0.734667	-0.0117698	-0.424074	-0.529421	-0.707749	-0.12797	0.664742	-0.202072	-0.455467	-0.580543	0.48209	-0.472344	-0.215846	-0.732696	0.0309039	-0.64468	-0.385926	-0.630145	0.454057	-0.497805
-0.432728	-0.596861	0.423311	-0.526603	-0.441416	-0.538062	0.427732	-0.576789	-0.639423	0.245424	0.452774	-0.570878	0.0446171	0.413096	0.196395	-0.888139	-0.451838	-0.392327	-0.240932	-0.764116	-0.735996	-0.0130879	-0.424195	-0.527444	-0.710483	-0.124515	0.661447	-0.205421	-0.457734	-0.581109	0.481334	-0.470222	-0.218178	-0.733048	0.0296308	-0.643554	-0.387862	-0.630187	0.453819	-0.496463
-0.432395	-0.597895	0.424104	-0.525063	-0.441972	-0.538688	0.427964	-0.575606	-0.64087	0.244632	0.452417	-0.569877	0.043701	0.410557	0.198334	-0.88893	-0.454336	-0.393211	-0.239878	-0.76251	-0.737006	-0.0134384	-0.424071	-0.526123	-0.71215	-0.121856	0.659463	-0.207612	-0.458929	-0.581588	0.480977	-0.468828	-0.22462	-0.734269	0.0278948	-0.640013	-0.392969	-0.630211	0.453998	-0.492235
-0.431625	-0.59941	0.425017	-0.523229	-0.442112	-0.539981	0.42844	-0.57393	-0.642397	0.243573	0.45216	-0.568815	0.0431766	0.409228	0.199738	-0.889254	-0.455902	-0.393667	-0.23876	-0.761691	-0.737891	-0.0139275	-0.424155	-0.524801	-0.713737	-0.118809	0.657497	-0.210146	-0.462456	-0.581805	0.480795	-0.465268	-0.228484	-0.735225	0.0270303	-0.637581	-0.396231	-0.630195	0.454756	-0.488929
-0.430936	-0.600843	0.425685	-0.521607	-0.442229	-0.541325	0.429282	-0.571942	-0.644115	0.242574	0.451774	-0.567603	0.0421913	0.407848	0.20115	-0.889617	-0.457548	-0.394329	-0.237381	-0.760792	-0.738786	-0.0149845	-0.424512	-0.523222	-0.715448	-0.11542	0.655342	-0.212931	-0.462456	-0.581805	0.480795	-0.465268	-0.232067	-0.736131	0.0253009	-0.635307	-0.401191	-0.629549	0.457174	-0.483432
-0.431097	-0.602894	0.427935	-0.517248	-0.442797	-0.542981	0.432064	-0.567824	-0.647172	0.242275	0.451602	-0.564382	0.0392634	0.406205	0.203232	-0.890029	-0.461312	-0.395514	-0.2349	-0.758671	-0.740504	-0.0164937	-0.425168	-0.520205	-0.719161	-0.10746	0.650276	-0.220001	-0.46517	-0.583194	0.479987	-0.461642	-0.237349	-0.738443	0.020445	-0.630832	-0.414759	-0.62688	0.462245	-0.470452
-0.432663	-0.603208	0.43052	-0.513415	-0.443092	-0.543594	0.434135	-0.565421	-0.648591	0.242461	0.451577	-0.56269	0.0376242	0.406006	0.203579	-0.890112	-0.463319	-0.395827	-0.233047	-0.757856	-0.741671	-0.0176274	-0.425342	-0.518361	-0.720806	-0.102477	0.647935	-0.223868	-0.467079	-0.583434	0.480264	-0.459116	-0.23729	-0.740132	0.0180107	-0.628946	-0.419361	-0.626804	0.461143	-0.467547
-0.436264	-0.604488	0.436508	-0.503715	-0.443761	-0.544208	0.439323	-0.560275	-0.651917	0.243248	0.452085	-0.55808	0.0340168	0.406214	0.204799	-0.889883	-0.467407	-0.396176	-0.228729	-0.756477	-0.743969	-0.0197954	-0.424738	-0.515477	-0.724021	-0.089537	0.643922	-0.230524	-0.474712	-0.580117	0.482858	-0.452727	-0.233341	-0.743115	0.00853121	-0.627103	-0.431419	-0.624161	0.460091	-0.461105
-0.438444	-0.608007	0.44113	-0.493456	-0.445141	-0.543877	0.444949	-0.555039	-0.654834	0.242971	0.453995	-0.553213	0.0302789	0.407567	0.207112	-0.888863	-0.470512	-0.396324	-0.224011	-0.755887	-0.746088	-0.0226841	-0.422687	-0.513979	-0.728005	-0.0811443	0.637999	-0.237447	-0.47874	-0.579336	0.477395	-0.455271	-0.236135	-0.744678	0.00392044	-0.624243	-0.44148	-0.622025	0.457065	-0.457463
-0.440639	-0.609329	0.443076	-0.488098	-0.445506	-0.544074	0.447652	-0.552372	-0.656163	0.242398	0.455138	-0.550947	0.0282151	0.408446	0.208656	-0.888165	-0.472106	-0.396423	-0.221301	-0.755639	-0.746717	-0.0246541	-0.421672	-0.513807	-0.729934	-0.0766324	0.635762	-0.23902	-0.472445	-0.585799	0.471131	-0.460077	-0.238033	-0.745337	0.00272531	-0.622741	-0.446527	-0.620265	0.45564	-0.456375
-0.442149	-0.61061	0.44392	-0.484349	-0.446348	-0.543723	0.449534	-0.550507	-0.65739	0.241437	0.45595	-0.549233	0.0262802	0.408817	0.210118	-0.88771	-0.473748	-0.396282	-0.218826	-0.755406	-0.747205	-0.0265979	-0.420911	-0.513626	-0.731342	-0.0742095	0.634079	-0.239948	-0.464466	-0.59166	0.47606	-0.455606	-0.23906	-0.746053	0.000757662	-0.621494	-0.450714	-0.618799	0.453797	-0.456084
-0.438864	-0.618124	0.444273	-0.477433	-0.447129	-0.54467	0.449821	-0.5487	-0.659564	0.238507	0.456913	-0.547101	0.0231182	0.408456	0.213183	-0.887233	-0.475266	-0.397339	-0.216441	-0.754585	-0.74729	-0.0283801	-0.420544	-0.513707	-0.731358	-0.0738693	0.635613	-0.235913	-0.444762	-0.601458	0.503774	-0.432026	-0.236201	-0.748472	-0.00730411	-0.619634	-0.456277	-0.616843	0.448564	-0.458374
-0.436174	-0.621493	0.442704	-0.476982	-0.446837	-0.546163	0.448828	-0.548266	-0.660374	0.236575	0.456758	-0.547092	0.0222234	0.407214	0.215135	-0.887356	-0.475219	-0.398255	-0.215866	-0.754295	-0.746976	-0.0286744	-0.42124	-0.513577	-0.731267	-0.077104	0.637584	-0.229763	-0.415699	-0.61819	0.533838	-0.400065	-0.233096	-0.750047	-0.0115192	-0.61884	-0.457249	-0.616622	0.444476	-0.461672
-0.433706	-0.625694	0.440966	-0.475347	-0.444967	-0.549985	0.445207	-0.548918	-0.660519	0.232371	0.455965	-0.549376	0.0230095	0.403834	0.218249	-0.88812	-0.473553	-0.399218	-0.217158	-0.754463	-0.746009	-0.0280597	-0.422715	-0.513804	-0.733567	-0.0900501	0.639705	-0.211064	-0.395555	-0.630373	0.546163	-0.38454	-0.230613	-0.752035	-0.0151229	-0.617278	-0.459467	-0.615542	0.437882	-0.46718
-0.431116	-0.629811	0.442157	-0.471142	-0.441057	-0.554822	0.440544	-0.550965	-0.657762	0.227132	0.456401	-0.55449	0.0281367	0.400259	0.221822	-0.888704	-0.469123	-0.399129	-0.219545	-0.756584	-0.744094	-0.0255691	-0.424365	-0.51535	-0.735761	-0.107962	0.641983	-0.186702	-0.356049	-0.653052	0.569093	-0.35055	-0.238228	-0.752806	-0.0125473	-0.613493	-0.466076	-0.61075	0.438601	-0.466248
-0.42946	-0.632079	0.446041	-0.465925	-0.43647	-0.558993	0.437014	-0.553208	-0.653024	0.22021	0.459055	-0.560656	0.0353734	0.397461	0.227283	-0.888322	-0.462434	-0.399024	-0.222686	-0.759832	-0.740694	-0.0228058	-0.425951	-0.519054	-0.739873	-0.129642	0.641497	-0.155763	-0.32753	-0.66651	0.59159	-0.313863	-0.252205	-0.752468	-0.00604616	-0.608398	-0.472801	-0.605652	0.440985	-0.463872
-0.426857	-0.634833	0.45087	-0.459887	-0.432768	-0.562229	0.435644	-0.553917	-0.648948	0.212225	0.462651	-0.565491	0.0413283	0.395141	0.234585	-0.887201	-0.455611	-0.398593	-0.22513	-0.763452	-0.736599	-0.0208602	-0.426764	-0.52427	-0.742564	-0.151915	0.6411	-0.12046	-0.304884	-0.67623	0.608529	-0.281871	-0.262574	-0.750105	-0.000211348	-0.606957	-0.470117	-0.608018	0.434151	-0.469912
-0.421027	-0.639703	0.453644	-0.455766	-0.429684	-0.565036	0.433611	-0.555057	-0.6473	0.20492	0.465328	-0.567874	0.0432196	0.394004	0.238385	-0.886603	-0.452591	-0.398261	-0.225889	-0.765195	-0.732508	-0.0200211	-0.426308	-0.53037	-0.740295	-0.185087	0.638952	-0.0971968	-0.292808	-0.681689	0.619162	-0.257299	-0.265915	-0.748478	2.48E-05	-0.60751	-0.468903	-0.608398	0.431138	-0.473394
-0.419176	-0.641385	0.455025	-0.453728	-0.428512	-0.566124	0.4329	-0.555408	-0.647158	0.202225	0.466182	-0.568301	0.0450936	0.39159	0.244692	-0.885861	-0.447201	-0.397808	-0.227299	-0.768177	-0.730694	-0.0201088	-0.425867	-0.533216	-0.737784	-0.201139	0.63834	-0.0879808	-0.290471	-0.683429	0.621913	-0.248548	-0.277763	-0.74665	0.00430446	-0.604436	-0.47437	-0.602428	0.432709	-0.474148
-0.419624	-0.642626	0.460457	-0.446012	-0.426381	-0.567973	0.433158	-0.55496	-0.648195	0.198627	0.467559	-0.567257	0.044909	0.390935	0.246909	-0.885544	-0.444805	-0.39799	-0.227463	-0.769424	-0.727635	-0.0205562	-0.42564	-0.537545	-0.73531	-0.219467	0.637805	-0.0660176	-0.293859	-0.684531	0.623093	-0.238368	-0.285943	-0.744755	0.00750629	-0.602927	-0.479991	-0.597457	0.436267	-0.471514
-0.419417	-0.642976	0.463622	-0.442408	-0.426065	-0.568257	0.434304	-0.554015	-0.648195	0.198627	0.467559	-0.567257	0.0420477	0.390916	0.250488	-0.884688	-0.441449	-0.398313	-0.226264	-0.77154	-0.726768	-0.0211041	-0.425445	-0.538849	-0.736165	-0.222463	0.636956	-0.0534597	-0.301637	-0.682748	0.621835	-0.237048	-0.306132	-0.7397	0.013734	-0.599115	-0.492821	-0.585054	0.445874	-0.464797
-0.419417	-0.642976	0.463622	-0.442408	-0.426065	-0.568257	0.434304	-0.554015	-0.648195	0.198627	0.467559	-0.567257	0.0420477	0.390916	0.250488	-0.884688	-0.441449	-0.398313	-0.226264	-0.77154	-0.726768	-0.0211041	-0.425445	-0.538849	-0.736165	-0.222463	0.636956	-0.0534597	-0.301637	-0.682748	0.621835	-0.237048	-0.306132	-0.7397	0.013734	-0.599115	-0.492821	-0.585054	0.445874	-0.464797
-0.419023	-0.642768	0.471383	-0.434818	-0.426882	-0.567436	0.438527	-0.550892	-0.649933	0.19627	0.469403	-0.564559	0.0398375	0.391735	0.251807	-0.884053	-0.440884	-0.398347	-0.225455	-0.772082	-0.725922	-0.0222732	-0.424889	-0.54038	-0.739221	-0.223032	0.634444	-0.0359131	-0.328762	-0.671599	0.620169	-0.237194	-0.317594	-0.736375	0.0176513	-0.597139	-0.497234	-0.580065	0.448439	-0.46388
-0.418477	-0.6427	0.47571	-0.430713	-0.427484	-0.566684	0.441325	-0.548962	-0.652551	0.194557	0.471517	-0.560354	0.0349583	0.393807	0.254258	-0.882636	-0.441567	-0.398673	-0.223307	-0.772148	-0.725853	-0.0228269	-0.424534	-0.540728	-0.740482	-0.219217	0.634623	-0.0297336	-0.34239	-0.665994	0.616518	-0.243159	-0.339673	-0.728053	0.0231479	-0.595	-0.503324	-0.572097	0.449651	-0.46603
-0.418477	-0.6427	0.47571	-0.430713	-0.427484	-0.566684	0.441325	-0.548962	-0.652551	0.194557	0.471517	-0.560354	0.0349583	0.393807	0.254258	-0.882636	-0.441567	-0.398673	-0.223307	-0.772148	-0.725853	-0.0228269	-0.424534	-0.540728	-0.740482	-0.219217	0.634623	-0.0297336	-0.34239	-0.665994	0.616518	-0.243159	-0.339673	-0.728053	0.0231479	-0.595	-0.503324	-0.572097	0.449651	-0.46603
-0.416933	-0.641746	0.481927	-0.426704	-0.428459	-0.565169	0.448876	-0.543615	-0.655511	0.192832	0.473824	-0.555529	0.0286092	0.396008	0.256974	-0.881092	-0.444623	-0.399024	-0.219312	-0.771357	-0.726648	-0.0253819	-0.423491	-0.540364	-0.740994	-0.209847	0.637216	-0.0291138	-0.348197	-0.661385	0.611972	-0.258495	-0.354649	-0.720642	0.0188201	-0.595437	-0.506403	-0.56657	0.445974	-0.472928
-0.415288	-0.639149	0.4811	-0.43309	-0.428004	-0.564376	0.456059	-0.538797	-0.658	0.193478	0.476166	-0.550335	0.0286092	0.396008	0.256974	-0.881092	-0.449475	-0.400058	-0.215465	-0.769091	-0.727479	-0.0289126	-0.422533	-0.539818	-0.735583	-0.214128	0.64148	-0.039627	-0.345693	-0.659808	0.612459	-0.264658	-0.36291	-0.716982	0.00837004	-0.595116	-0.508511	-0.562288	0.440696	-0.480662
-0.415611	-0.637251	0.478793	-0.438104	-0.428381	-0.562749	0.457311	-0.539138	-0.658694	0.195179	0.477183	-0.548018	0.0207005	0.401453	0.258252	-0.878472	-0.451586	-0.400566	-0.214845	-0.767762	-0.728035	-0.0307125	-0.422063	-0.539337	-0.735583	-0.214128	0.64148	-0.039627	-0.342218	-0.661032	0.610855	-0.269778	-0.367041	-0.71389	0.00210928	-0.596354	-0.508389	-0.561254	0.437356	-0.48503
-0.419073	-0.631508	0.477996	-0.443954	-0.4297	-0.556624	0.458882	-0.543097	-0.658959	0.197384	0.477986	-0.546207	0.019384	0.405602	0.255426	-0.877422	-0.453157	-0.400821	-0.21465	-0.766757	-0.730476	-0.0328862	-0.420554	-0.537083	-0.72812	-0.219735	0.647459	-0.048533	-0.335372	-0.661204	0.609135	-0.281584	-0.372419	-0.710133	-0.00288685	-0.597501	-0.510039	-0.55581	0.433045	-0.493363
-0.425233	-0.621612	0.476612	-0.45345	-0.431537	-0.549145	0.459754	-0.54849	-0.655155	0.209193	0.479464	-0.545091	0.0204213	0.411337	0.248768	-0.876641	-0.457287	-0.394973	-0.215254	-0.76717	-0.7351	-0.0303753	-0.415614	-0.534762	-0.720148	-0.219917	0.65574	-0.05503	-0.341607	-0.651678	0.614963	-0.283623	-0.393216	-0.699025	-0.00503296	-0.59726	-0.512518	-0.548253	0.427451	-0.504013
-0.427788	-0.616978	0.475664	-0.458344	-0.434852	-0.540117	0.459199	-0.55526	-0.6528	0.214224	0.479341	-0.546071	0.0222377	0.414167	0.244013	-0.876601	-0.458807	-0.391107	-0.215957	-0.768045	-0.739727	-0.0242764	-0.410166	-0.532896	-0.718831	-0.214969	0.658787	-0.0554099	-0.347778	-0.638268	0.625227	-0.284176	-0.399793	-0.695016	-0.00557614	-0.597568	-0.512293	-0.545485	0.422767	-0.511146
-0.433767	-0.607126	0.474568	-0.466937	-0.436669	-0.53561	0.459183	-0.558205	-0.648311	0.225585	0.478544	-0.547541	0.0261673	0.419916	0.233301	-0.876674	-0.462353	-0.382581	-0.218121	-0.7696	-0.741709	-0.0209008	-0.40775	-0.532138	-0.712024	-0.20937	0.667699	-0.0579995	-0.347789	-0.633603	0.628054	-0.288338	-0.412707	-0.6866	-0.00823592	-0.598486	-0.511992	-0.538609	0.412739	-0.526699
-0.443411	-0.594512	0.473159	-0.475461	-0.442496	-0.524902	0.459182	-0.563761	-0.644674	0.236448	0.477325	-0.548314	0.0274758	0.422517	0.228087	-0.876756	-0.463993	-0.378172	-0.220525	-0.770108	-0.744641	-0.012948	-0.404211	-0.530994	-0.705795	-0.201722	0.676602	-0.0580669	-0.3512	-0.621863	0.634471	-0.295622	-0.420152	-0.681508	-0.00869521	-0.599119	-0.512018	-0.529848	0.40286	-0.542957
-0.454561	-0.581247	0.470855	-0.483552	-0.448126	-0.516023	0.461008	-0.566017	-0.64292	0.244511	0.477465	-0.546714	0.0289592	0.42967	0.216672	-0.876127	-0.465087	-0.369161	-0.22953	-0.771188	-0.745554	-0.00698266	-0.40322	-0.530579	-0.700582	-0.187606	0.685941	-0.0589342	-0.35193	-0.610757	0.639559	-0.306733	-0.444186	-0.66545	-0.00945302	-0.599822	-0.508901	-0.52217	0.389011	-0.563053
-0.468129	-0.564977	0.466707	-0.493803	-0.452109	-0.509903	0.465041	-0.565097	-0.642129	0.24684	0.479366	-0.54493	0.0274101	0.4336	0.214685	-0.874729	-0.463109	-0.365896	-0.235964	-0.771992	-0.745831	-0.00342925	-0.402324	-0.530905	-0.693644	-0.170385	0.697022	-0.0631424	-0.354257	-0.59602	0.64555	-0.320198	-0.459398	-0.651524	-0.0121801	-0.60359	-0.504656	-0.512599	0.375795	-0.584246
-0.473186	-0.557445	0.460893	-0.502919	-0.450558	-0.510905	0.466862	-0.563927	-0.642053	0.245623	0.481332	-0.543836	0.0263407	0.434842	0.216486	-0.873701	-0.460786	-0.366415	-0.238294	-0.77242	-0.743377	-0.00532011	-0.403839	-0.533176	-0.690818	-0.160918	0.701935	-0.0645197	-0.351555	-0.588262	0.644559	-0.338968	-0.464816	-0.644766	-0.0157391	-0.60661	-0.502951	-0.506923	0.36825	-0.595367
-0.480522	-0.543299	0.458316	-0.513684	-0.449661	-0.510491	0.468452	-0.563699	-0.644229	0.239748	0.485994	-0.539722	0.0242885	0.435049	0.224747	-0.871568	-0.452176	-0.37511	-0.243697	-0.771649	-0.742145	-0.00944012	-0.405594	-0.533502	-0.683956	-0.147132	0.710121	-0.0792759	-0.346224	-0.587924	0.641348	-0.350923	-0.480136	-0.621478	-0.0251376	-0.618549	-0.501334	-0.493321	0.348071	-0.619795
-0.480522	-0.543299	0.458316	-0.513684	-0.449661	-0.510491	0.468452	-0.563699	-0.644229	0.239748	0.485994	-0.539722	0.0242885	0.435049	0.224747	-0.871568	-0.452176	-0.37511	-0.243697	-0.771649	-0.742145	-0.00944012	-0.405594	-0.533502	-0.683956	-0.147132	0.710121	-0.0792759	-0.346224	-0.587924	0.641348	-0.350923	-0.480136	-0.621478	-0.0251376	-0.618549	-0.501334	-0.493321	0.348071	-0.619795
-0.483901	-0.536594	0.457656	-0.518129	-0.447381	-0.512995	0.470569	-0.561472	-0.646005	0.235119	0.488212	-0.53763	0.0225577	0.434309	0.230309	-0.870531	-0.449105	-0.379082	-0.243886	-0.771441	-0.741552	-0.017157	-0.405604	-0.534127	-0.681148	-0.142876	0.712713	-0.08754	-0.34632	-0.582098	0.636848	-0.368306	-0.485255	-0.613683	-0.0323825	-0.62199	-0.504594	-0.483385	0.345909	-0.626155
-0.484806	-0.532141	0.450522	-0.528033	-0.446567	-0.513455	0.470441	-0.561806	-0.648788	0.229104	0.489457	-0.535741	0.0180692	0.43233	0.237493	-0.86969	-0.448499	-0.383802	-0.239695	-0.770773	-0.742196	-0.0208402	-0.404492	-0.533944	-0.675535	-0.136281	0.718137	-0.0967386	-0.346902	-0.58035	0.632613	-0.377696	-0.498642	-0.600721	-0.0464662	-0.623162	-0.511843	-0.478724	0.383454	-0.601501
-0.484806	-0.532141	0.450522	-0.528033	-0.446567	-0.513455	0.470441	-0.561806	-0.648788	0.229104	0.489457	-0.535741	0.0180692	0.43233	0.237493	-0.86969	-0.448499	-0.383802	-0.239695	-0.770773	-0.742196	-0.0208402	-0.404492	-0.533944	-0.675535	-0.136281	0.718137	-0.0967386	-0.346902	-0.58035	0.632613	-0.377696	-0.498642	-0.600721	-0.0464662	-0.623162	-0.511843	-0.478724	0.383454	-0.601501
-0.483173	-0.531642	0.452037	-0.528736	-0.446159	-0.512642	0.469984	-0.563254	-0.649403	0.229409	0.489061	-0.535226	0.0166907	0.432132	0.23761	-0.869784	-0.448814	-0.385668	-0.238251	-0.770106	-0.745332	-0.0268317	-0.400984	-0.531951	-0.671293	-0.135567	0.721592	-0.101454	-0.35	-0.576478	0.623167	-0.396026	-0.505558	-0.596598	-0.0477972	-0.621447	-0.508637	-0.490294	0.399998	-0.583868
-0.479874	-0.528698	0.45592	-0.531354	-0.446096	-0.510237	0.471348	-0.564347	-0.648466	0.232247	0.488978	-0.535213	0.0180504	0.432849	0.235443	-0.86999	-0.45128	-0.384926	-0.232964	-0.770653	-0.747651	-0.027671	-0.398243	-0.530712	-0.66521	-0.133856	0.726804	-0.10646	-0.354233	-0.573428	0.618965	-0.403214	-0.493807	-0.610622	-0.0568074	-0.616497	-0.497018	-0.524463	0.428088	-0.542819
-0.478225	-0.527267	0.456639	-0.53364	-0.445822	-0.509447	0.472772	-0.564086	-0.647429	0.233595	0.488913	-0.535942	0.0195892	0.433453	0.233703	-0.870125	-0.453331	-0.383113	-0.230557	-0.771077	-0.752929	-0.0266214	-0.393872	-0.526549	-0.663954	-0.131489	0.728616	-0.104861	-0.364691	-0.56769	0.608361	-0.417883	-0.488429	-0.620216	-0.0591527	-0.610958	-0.490177	-0.540663	0.44641	-0.517811
-0.47414	-0.52694	0.460897	-0.533946	-0.44599	-0.507852	0.475062	-0.563467	-0.645816	0.237983	0.488134	-0.536666	0.0202393	0.435885	0.22865	-0.870238	-0.459534	-0.377454	-0.226585	-0.771373	-0.755342	-0.0246052	-0.392722	-0.524044	-0.661837	-0.127808	0.732104	-0.0982884	-0.371241	-0.563799	0.603773	-0.423991	-0.477917	-0.637103	-0.0605264	-0.60169	-0.478622	-0.566116	0.488178	-0.46056
-0.472261	-0.525782	0.465187	-0.533032	-0.446626	-0.507141	0.477478	-0.561558	-0.645285	0.240008	0.487563	-0.536923	0.0191662	0.438121	0.224308	-0.870269	-0.464046	-0.37312	-0.224132	-0.771497	-0.759042	-0.0191368	-0.391953	-0.519482	-0.660388	-0.127925	0.733706	-0.0959114	-0.380857	-0.55832	0.593943	-0.436416	-0.458126	-0.655242	-0.0544512	-0.598175	-0.463151	-0.58714	0.52607	-0.404979
-0.473357	-0.524367	0.46888	-0.530211	-0.446978	-0.507111	0.481432	-0.557918	-0.645155	0.241932	0.487352	-0.536406	0.0177038	0.439888	0.222733	-0.869813	-0.464849	-0.372781	-0.222039	-0.771783	-0.761105	-0.0176824	-0.39305	-0.515673	-0.660705	-0.126778	0.733704	-0.0952633	-0.388037	-0.553889	0.587239	-0.44473	-0.445877	-0.671836	-0.0265482	-0.590868	-0.445354	-0.602513	0.557035	-0.35826
-0.474407	-0.524233	0.471629	-0.526958	-0.447714	-0.507212	0.482664	-0.556169	-0.64578	0.241363	0.487661	-0.535629	0.0166347	0.440312	0.223047	-0.869539	-0.464379	-0.373674	-0.221018	-0.771927	-0.761508	-0.0184987	-0.393687	-0.514561	-0.661506	-0.124185	0.733504	-0.0946529	-0.390268	-0.552342	0.585096	-0.447518	-0.435615	-0.683575	-0.0125948	-0.585497	-0.439902	-0.605669	0.57067	-0.337619
-0.475237	-0.526191	0.477476	-0.518932	-0.449976	-0.507907	0.483627	-0.552863	-0.648389	0.239407	0.487187	-0.533784	0.0132886	0.439503	0.224661	-0.869591	-0.461466	-0.377099	-0.219535	-0.772431	-0.761559	-0.0224702	-0.395045	-0.513287	-0.664207	-0.115713	0.732947	-0.0907075	-0.394052	-0.549435	0.58309	-0.450389	-0.406584	-0.706974	0.0108853	-0.578584	-0.436905	-0.606722	0.586374	-0.311716
-0.475237	-0.526191	0.477476	-0.518932	-0.449976	-0.507907	0.483627	-0.552863	-0.648389	0.239407	0.487187	-0.533784	0.0132886	0.439503	0.224661	-0.869591	-0.461466	-0.377099	-0.219535	-0.772431	-0.761144	-0.0247153	-0.395876	-0.513159	-0.664207	-0.115713	0.732947	-0.0907075	-0.396156	-0.547922	0.583128	-0.450337	-0.406584	-0.706974	0.0108853	-0.578584	-0.436905	-0.606722	0.586374	-0.311716
-0.473262	-0.531483	0.481085	-0.511963	-0.452301	-0.509897	0.483019	-0.549656	-0.652298	0.237704	0.484782	-0.531969	0.00904406	0.436953	0.225305	-0.870763	-0.458812	-0.381118	-0.218142	-0.772434	-0.760507	-0.0267778	-0.396849	-0.513247	-0.66736	-0.109181	0.731321	-0.0887707	-0.398598	-0.546124	0.584362	-0.448764	-0.381664	-0.721035	0.0406014	-0.576882	-0.447216	-0.599294	0.583553	-0.316718
-0.471953	-0.534858	0.482121	-0.508672	-0.453283	-0.511285	0.48259	-0.547932	-0.652298	0.237704	0.484782	-0.531969	0.00667789	0.435394	0.225621	-0.871483	-0.458812	-0.381118	-0.218142	-0.772434	-0.760507	-0.0267778	-0.396849	-0.513247	-0.668726	-0.106932	0.730269	-0.0898756	-0.403283	-0.542863	0.590221	-0.440796	-0.381664	-0.721035	0.0406014	-0.576882	-0.463547	-0.58687	0.578984	-0.324786
-0.46792	-0.541867	0.484827	-0.502368	-0.452988	-0.515589	0.48313	-0.54365	-0.657662	0.231997	0.482667	-0.529802	0.00249077	0.432983	0.229412	-0.871716	-0.457417	-0.386058	-0.216898	-0.771157	-0.756913	-0.0345675	-0.401293	-0.514637	-0.671528	-0.101523	0.727809	-0.0950651	-0.403338	-0.543205	0.592895	-0.436718	-0.350696	-0.734775	0.0822814	-0.574759	-0.48022	-0.577291	0.559301	-0.351149
-0.46792	-0.541867	0.484827	-0.502368	-0.452988	-0.515589	0.48313	-0.54365	-0.657662	0.231997	0.482667	-0.529802	0.00249077	0.432983	0.229412	-0.871716	-0.457417	-0.386058	-0.216898	-0.771157	-0.756913	-0.0345675	-0.401293	-0.514637	-0.671528	-0.101523	0.727809	-0.0950651	-0.403338	-0.543205	0.592895	-0.436718	-0.350696	-0.734775	0.0822814	-0.574759	-0.48022	-0.577291	0.559301	-0.351149
-0.464935	-0.545781	0.485744	-0.50001	-0.451538	-0.519552	0.484363	-0.539974	-0.658799	0.228633	0.4836	-0.529	-0.000752546	0.431049	0.236452	-0.870797	-0.455164	-0.395774	-0.213025	-0.768641	-0.753349	-0.0407781	-0.404956	-0.51654	-0.672481	-0.10096	0.726084	-0.101875	-0.399876	-0.546414	0.59655	-0.430881	-0.332156	-0.743594	0.0800266	-0.574748	-0.48185	-0.576464	0.549573	-0.365347
-0.461718	-0.553674	0.486934	-0.493109	-0.450817	-0.521222	0.484388	-0.538944	-0.659995	0.222078	0.484696	-0.529299	-0.00168972	0.429815	0.238738	-0.870781	-0.45551	-0.397497	-0.211848	-0.767872	-0.752079	-0.042953	-0.406298	-0.51716	-0.674748	-0.101811	0.721614	-0.11672	-0.396996	-0.548609	0.598138	-0.428547	-0.324357	-0.747284	0.0765393	-0.574892	-0.499117	-0.562326	0.546647	-0.368578
-0.461191	-0.56019	0.492663	-0.480389	-0.450428	-0.524148	0.483935	-0.536834	-0.660536	0.218607	0.484803	-0.529971	-0.00344001	0.428409	0.240846	-0.870889	-0.45647	-0.39911	-0.210233	-0.766908	-0.750911	-0.0445888	-0.408066	-0.517327	-0.681264	-0.093795	0.716211	-0.118844	-0.391642	-0.551996	0.599488	-0.427237	-0.3206	-0.750192	0.0818152	-0.57248	-0.506249	-0.558175	0.53922	-0.376024
-0.46308	-0.565868	0.498965	-0.465171	-0.451229	-0.525258	0.486413	-0.532821	-0.661386	0.213104	0.487594	-0.52859	-0.00489305	0.42787	0.246564	-0.869546	-0.45688	-0.400692	-0.207289	-0.766641	-0.75015	-0.0462168	-0.409592	-0.517082	-0.687633	-0.0787103	0.713133	-0.11139	-0.388619	-0.552325	0.603319	-0.424167	-0.319006	-0.750064	0.0847571	-0.573111	-0.512717	-0.554168	0.534693	-0.379635
-0.462993	-0.570842	0.498356	-0.459802	-0.452312	-0.526798	0.488252	-0.528685	-0.66296	0.206156	0.490323	-0.526846	-0.00698581	0.426215	0.254317	-0.86811	-0.458067	-0.401782	-0.205721	-0.765784	-0.748276	-0.0478225	-0.410804	-0.518687	-0.691937	-0.0782648	0.709373	-0.109029	-0.37652	-0.562082	0.608912	-0.414152	-0.31784	-0.749995	0.0851014	-0.573797	-0.517553	-0.551073	0.532103	-0.381214
-0.462349	-0.573508	0.497014	-0.458583	-0.452537	-0.528231	0.48787	-0.527413	-0.663993	0.203108	0.490438	-0.526623	-0.00799596	0.424578	0.257283	-0.868029	-0.45843	-0.402746	-0.20578	-0.765044	-0.746806	-0.0486557	-0.411815	-0.519924	-0.694576	-0.083058	0.706353	-0.108313	-0.369898	-0.567517	0.617395	-0.399904	-0.317909	-0.750753	0.0852496	-0.572744	-0.51998	-0.549317	0.531668	-0.381052
-0.463115	-0.580822	0.494752	-0.450988	-0.454327	-0.530545	0.484688	-0.526485	-0.667365	0.199337	0.486603	-0.527358	-0.0103745	0.418723	0.259578	-0.870163	-0.457918	-0.405418	-0.207204	-0.763553	-0.742659	-0.0505828	-0.416377	-0.522043	-0.708329	-0.0938114	0.694764	-0.0822977	-0.338959	-0.594517	0.637792	-0.35338	-0.317225	-0.750573	0.0821794	-0.573808	-0.523977	-0.545364	0.529999	-0.383572
-0.463349	-0.583416	0.495029	-0.447079	-0.455098	-0.531254	0.483344	-0.52634	-0.668201	0.199306	0.48532	-0.527493	-0.0110066	0.417575	0.259058	-0.870861	-0.456151	-0.407372	-0.20818	-0.763306	-0.742082	-0.0506366	-0.417345	-0.522085	-0.713497	-0.102299	0.689285	-0.0730937	-0.331035	-0.602363	0.643785	-0.336326	-0.31658	-0.750127	0.080412	-0.574996	-0.524077	-0.54488	0.528939	-0.38558
-0.463447	-0.588363	0.497278	-0.437904	-0.456616	-0.532957	0.480396	-0.526002	-0.669477	0.198832	0.483691	-0.52755	-0.011788	0.416001	0.258376	-0.871806	-0.454621	-0.407792	-0.208299	-0.763962	-0.741517	-0.0503987	-0.418248	-0.522189	-0.722401	-0.124365	0.677733	-0.0578658	-0.321209	-0.613499	0.65671	-0.298623	-0.319642	-0.748468	0.0807136	-0.575421	-0.523802	-0.543629	0.52633	-0.391249
-0.462742	-0.59319	0.501019	-0.427756	-0.457052	-0.536077	0.479022	-0.523701	-0.671562	0.196567	0.4828	-0.526564	-0.0127632	0.415179	0.258701	-0.872088	-0.453891	-0.407998	-0.20797	-0.764375	-0.74117	-0.0496808	-0.418626	-0.522447	-0.730242	-0.144767	0.666365	-0.041794	-0.318603	-0.621268	0.665782	-0.263159	-0.322759	-0.747067	0.0810575	-0.575454	-0.522345	-0.543953	0.524054	-0.395775
-0.46266	-0.595556	0.502858	-0.422366	-0.456701	-0.538657	0.479347	-0.521056	-0.673092	0.194395	0.482462	-0.525727	-0.0166254	0.412833	0.261146	-0.872408	-0.454138	-0.407937	-0.205303	-0.764982	-0.74114	-0.0489205	-0.418983	-0.522275	-0.734531	-0.150377	0.660928	-0.0320135	-0.318533	-0.624721	0.668351	-0.248128	-0.331511	-0.743611	0.0778204	-0.575401	-0.52361	-0.540649	0.523727	-0.399051
-0.461664	-0.601047	0.508209	-0.409064	-0.455561	-0.544569	0.480244	-0.515048	-0.676784	0.188758	0.482458	-0.523037	-0.0193781	0.411467	0.263355	-0.872332	-0.453977	-0.40821	-0.203827	-0.765326	-0.741004	-0.0479366	-0.420537	-0.521309	-0.743394	-0.152734	0.65111	-0.0096657	-0.324266	-0.628539	0.670115	-0.225247	-0.334857	-0.7418	0.0744788	-0.576244	-0.527064	-0.534406	0.524043	-0.402483
-0.459845	-0.605949	0.512043	-0.398974	-0.454688	-0.548672	0.483199	-0.508661	-0.680701	0.182296	0.483663	-0.519119	-0.0286469	0.407722	0.273254	-0.87079	-0.450904	-0.412481	-0.199941	-0.765877	-0.739798	-0.0498949	-0.422659	-0.521123	-0.749683	-0.156429	0.642989	0.00838366	-0.341864	-0.626067	0.667754	-0.212775	-0.353341	-0.734117	0.0693957	-0.575679	-0.53281	-0.524994	0.524902	-0.406168
-0.458934	-0.608281	0.513628	-0.394411	-0.454291	-0.550312	0.484505	-0.505996	-0.682467	0.17961	0.484357	-0.517086	-0.0311784	0.406834	0.276382	-0.870131	-0.450436	-0.413917	-0.19793	-0.7659	-0.738927	-0.0514171	-0.423236	-0.521741	-0.75212	-0.157579	0.63974	0.0147808	-0.349422	-0.625056	0.665261	-0.211276	-0.363496	-0.730184	0.0705136	-0.574222	-0.536024	-0.519628	0.524838	-0.408914
-0.459588	-0.609211	0.51844	-0.385825	-0.453941	-0.552474	0.489726	-0.498878	-0.686175	0.174835	0.486028	-0.512223	-0.035188	0.405921	0.280845	-0.868974	-0.449893	-0.417015	-0.194869	-0.765324	-0.735847	-0.0587735	-0.423374	-0.525195	-0.75475	-0.157463	0.636359	0.0246207	-0.369571	-0.621799	0.656255	-0.214738	-0.383147	-0.721899	0.0732581	-0.571571	-0.541785	-0.509339	0.522223	-0.417523
-0.460066	-0.608018	0.519344	-0.385922	-0.453578	-0.55289	0.491465	-0.497033	-0.68681	0.174426	0.486236	-0.511314	-0.0372998	0.405897	0.282922	-0.868223	-0.450187	-0.419898	-0.191109	-0.764523	-0.735029	-0.0617053	-0.423074	-0.526244	-0.754303	-0.157605	0.636867	0.0242399	-0.377851	-0.619312	0.652356	-0.219346	-0.396467	-0.714925	0.0719492	-0.571419	-0.545856	-0.500865	0.517127	-0.428666
-0.459313	-0.604819	0.521014	-0.389578	-0.454791	-0.551097	0.493043	-0.496353	-0.686971	0.176833	0.485961	-0.510532	-0.037577	0.407284	0.281101	-0.868153	-0.449233	-0.422378	-0.187973	-0.764495	-0.734576	-0.0674415	-0.422086	-0.526965	-0.750186	-0.157327	0.642026	0.0164902	-0.377114	-0.619775	0.646188	-0.236866	-0.409018	-0.7076	0.0650655	-0.572514	-0.548205	-0.493493	0.512747	-0.439349
-0.459196	-0.598793	0.520132	-0.400061	-0.456204	-0.548897	0.494302	-0.496241	-0.686944	0.18223	0.48452	-0.510039	-0.0379606	0.410326	0.275539	-0.868487	-0.445464	-0.425273	-0.187473	-0.765218	-0.735433	-0.0720692	-0.420513	-0.526415	-0.741289	-0.165543	0.650437	0.0042627	-0.367755	-0.620124	0.645115	-0.253039	-0.425401	-0.69948	0.0602647	-0.571078	-0.548705	-0.487506	0.508992	-0.449653
-0.46043	-0.594618	0.519414	-0.405762	-0.457794	-0.546889	0.494329	-0.496967	-0.68717	0.186057	0.48351	-0.509311	-0.0385934	0.412048	0.272209	-0.868694	-0.443579	-0.426383	-0.188444	-0.765457	-0.737005	-0.0736031	-0.418921	-0.525273	-0.739563	-0.160958	0.653528	0.00637363	-0.374418	-0.608044	0.651986	-0.254965	-0.434881	-0.694349	0.0595648	-0.570273	-0.549759	-0.483179	0.508851	-0.453181
-0.462461	-0.589863	0.519078	-0.410792	-0.459693	-0.544527	0.494163	-0.497971	-0.687769	0.190178	0.482129	-0.50829	-0.0396914	0.41363	0.268469	-0.869057	-0.441854	-0.426781	-0.190003	-0.765847	-0.737005	-0.0736031	-0.418921	-0.525273	-0.738343	-0.155744	0.656141	0.00852186	-0.374418	-0.608044	0.651986	-0.254965	-0.44571	-0.688019	0.060675	-0.569465	-0.551436	-0.477863	0.509876	-0.455622
-0.46613	-0.581257	0.518342	-0.419743	-0.463556	-0.538926	0.495409	-0.499243	-0.689375	0.199545	0.478324	-0.506113	-0.0413737	0.415145	0.264277	-0.86954	-0.441854	-0.426781	-0.190003	-0.765847	-0.739293	-0.0713602	-0.417156	-0.523769	-0.735588	-0.146411	0.66133	0.0108022	-0.377726	-0.598814	0.657053	-0.258894	-0.455842	-0.682133	0.0617595	-0.568408	-0.551436	-0.477863	0.509876	-0.455622
-0.469013	-0.576238	0.517531	-0.424427	-0.465939	-0.534957	0.496977	-0.499736	-0.689375	0.199545	0.478324	-0.506113	-0.0434547	0.418231	0.255149	-0.870686	-0.437298	-0.425368	-0.194689	-0.768068	-0.740674	-0.0701556	-0.416432	-0.522556	-0.733665	-0.143363	0.664149	0.0094151	-0.377804	-0.595264	0.659358	-0.261098	-0.473812	-0.671652	0.0633705	-0.566012	-0.552575	-0.466764	0.50833	-0.467325
-0.472526	-0.57125	0.516148	-0.428934	-0.470041	-0.527611	0.500717	-0.49997	-0.689986	0.213724	0.475699	-0.501948	-0.0435536	0.42038	0.251147	-0.87081	-0.436858	-0.424092	-0.195553	-0.768804	-0.743245	-0.0666592	-0.415538	-0.520068	-0.732488	-0.138237	0.666545	0.0083485	-0.375297	-0.589608	0.664481	-0.264536	-0.48121	-0.666382	0.0625784	-0.566088	-0.55197	-0.464671	0.5065	-0.472089
-0.479591	-0.562242	0.511967	-0.437913	-0.471021	-0.52517	0.502575	-0.499753	-0.689835	0.216882	0.47601	-0.500504	-0.0421454	0.424567	0.245747	-0.870388	-0.436978	-0.422466	-0.197037	-0.769252	-0.744566	-0.0655805	-0.415643	-0.51823	-0.730271	-0.133827	0.66992	0.00143131	-0.373947	-0.587789	0.666379	-0.265722	-0.489821	-0.659642	0.0574678	-0.567138	-0.549096	-0.463856	0.498087	-0.485016
-0.485813	-0.554367	0.505994	-0.447922	-0.472136	-0.520482	0.504581	-0.501582	-0.68836	0.221704	0.477187	-0.4993	-0.03932	0.427491	0.243514	-0.869716	-0.437597	-0.422307	-0.198166	-0.768697	-0.747365	-0.0638413	-0.415874	-0.514216	-0.727638	-0.133528	0.672812	-0.00603624	-0.368879	-0.588036	0.666959	-0.270754	-0.490404	-0.657197	0.0529247	-0.569908	-0.546884	-0.464021	0.487514	-0.497928
-0.488979	-0.549234	0.502552	-0.454624	-0.473167	-0.515058	0.504574	-0.506195	-0.68572	0.2258	0.47765	-0.500653	-0.0361611	0.429461	0.240732	-0.869657	-0.43831	-0.422733	-0.200539	-0.767441	-0.75007	-0.0629119	-0.41596	-0.510307	-0.724727	-0.13493	0.675538	-0.0145994	-0.365769	-0.586694	0.668878	-0.273141	-0.487933	-0.656848	0.0500781	-0.572682	-0.545276	-0.464204	0.477456	-0.509141
-0.49014	-0.547317	0.500595	-0.457834	-0.47319	-0.51305	0.503973	-0.508805	-0.683998	0.227997	0.477618	-0.502042	-0.0341308	0.430271	0.238964	-0.869827	-0.438616	-0.422352	-0.2017	-0.767172	-0.751449	-0.0622458	-0.415595	-0.508656	-0.724014	-0.134468	0.676338	-0.0170308	-0.365653	-0.585372	0.67002	-0.27333	-0.48615	-0.656827	0.048217	-0.574379	-0.544973	-0.463888	0.473656	-0.513285
-0.495464	-0.541546	0.497714	-0.462087	-0.473344	-0.509612	0.502954	-0.513106	-0.680169	0.23258	0.477624	-0.505126	-0.0295413	0.432338	0.234346	-0.870226	-0.439509	-0.4202	-0.203228	-0.767439	-0.754019	-0.0603409	-0.414099	-0.506297	-0.721947	-0.135853	0.678116	-0.0222784	-0.363506	-0.585389	0.67019	-0.275734	-0.48317	-0.65713	0.0456913	-0.576749	-0.54432	-0.463847	0.46831	-0.51889
-0.495464	-0.541546	0.497714	-0.462087	-0.473344	-0.509612	0.502954	-0.513106	-0.680169	0.23258	0.477624	-0.505126	-0.0295413	0.432338	0.234346	-0.870226	-0.439509	-0.4202	-0.203228	-0.767439	-0.754019	-0.0603409	-0.414099	-0.506297	-0.721947	-0.135853	0.678116	-0.0222784	-0.363506	-0.585389	0.67019	-0.275734	-0.48317	-0.65713	0.0456913	-0.576749	-0.54432	-0.463847	0.46831	-0.51889
-0.501486	-0.535735	0.496282	-0.463901	-0.474609	-0.506095	0.501697	-0.516637	-0.677061	0.236948	0.477654	-0.507238	-0.0265322	0.434712	0.230013	-0.870296	-0.439135	-0.417358	-0.205865	-0.7685	-0.755909	-0.0575624	-0.412884	-0.504792	-0.720759	-0.134972	0.679437	-0.025577	-0.361898	-0.585005	0.670805	-0.277163	-0.481098	-0.656479	0.045653	-0.57922	-0.54585	-0.4609	0.46911	-0.519186
-0.504174	-0.533134	0.495695	-0.46461	-0.476865	-0.50316	0.498819	-0.520201	-0.676111	0.238667	0.477322	-0.508011	-0.0256828	0.435494	0.228203	-0.870407	-0.438637	-0.416113	-0.20742	-0.769041	-0.757119	-0.0553433	-0.412344	-0.503667	-0.720528	-0.133716	0.679908	-0.0261607	-0.361057	-0.583869	0.672078	-0.277572	-0.480067	-0.656147	0.0454067	-0.58047	-0.545191	-0.460748	0.469423	-0.519731
-0.508258	-0.529103	0.494269	-0.466285	-0.478441	-0.501569	0.496898	-0.522125	-0.674966	0.242965	0.475813	-0.508912	-0.0247218	0.436669	0.22399	-0.87094	-0.438412	-0.414191	-0.210775	-0.769295	-0.75744	-0.0544913	-0.412426	-0.50321	-0.72027	-0.131935	0.680502	-0.0268354	-0.361057	-0.583094	0.672905	-0.277195	-0.476852	-0.656295	0.0459967	-0.5829	-0.543243	-0.461488	0.468509	-0.521934
-0.509642	-0.527852	0.493599	-0.466902	-0.481935	-0.498461	0.492948	-0.525621	-0.67445	0.245533	0.474626	-0.509471	-0.0242453	0.437096	0.221157	-0.871464	-0.438718	-0.413389	-0.212319	-0.769127	-0.757999	-0.0528211	-0.412932	-0.50213	-0.72026	-0.131443	0.680602	-0.0270229	-0.36038	-0.582805	0.673783	-0.276552	-0.47489	-0.656945	0.0465667	-0.583725	-0.542401	-0.462056	0.467238	-0.523445
-0.512536	-0.52553	0.493023	-0.466963	-0.483413	-0.497282	0.491175	-0.527039	-0.673497	0.25037	0.471837	-0.510966	-0.0231002	0.437494	0.21532	-0.872756	-0.439967	-0.412564	-0.214982	-0.768116	-0.758244	-0.0522836	-0.413371	-0.501455	-0.720046	-0.131847	0.680694	-0.0283924	-0.359627	-0.583136	0.673996	-0.276315	-0.471906	-0.658501	0.0475933	-0.584308	-0.542547	-0.461774	0.465971	-0.524669
-0.514427	-0.52464	0.491086	-0.467923	-0.485283	-0.495652	0.487532	-0.530228	-0.672097	0.254787	0.470083	-0.512241	-0.0216601	0.438368	0.210624	-0.8735	-0.442212	-0.414461	-0.215711	-0.765598	-0.758307	-0.052827	-0.415388	-0.499632	-0.719375	-0.135143	0.680606	-0.0318086	-0.358857	-0.583567	0.675003	-0.273938	-0.469388	-0.65978	0.0477638	-0.58488	-0.545799	-0.457006	0.471155	-0.520828
-0.513947	-0.525024	0.490609	-0.46852	-0.485846	-0.494317	0.485896	-0.532456	-0.671612	0.255469	0.470401	-0.512246	-0.0211263	0.438814	0.210452	-0.873331	-0.442738	-0.415339	-0.215499	-0.764877	-0.758292	-0.0548223	-0.41565	-0.499221	-0.719014	-0.136726	0.680614	-0.0329977	-0.35762	-0.585001	0.674512	-0.273706	-0.467758	-0.660283	0.0463511	-0.585731	-0.546587	-0.455811	0.471966	-0.520314
-0.513155	-0.52567	0.490421	-0.46886	-0.485846	-0.494317	0.485896	-0.532456	-0.671016	0.255862	0.471071	-0.512215	-0.0205542	0.439395	0.210577	-0.873022	-0.443224	-0.415875	-0.215021	-0.764439	-0.758292	-0.0548223	-0.41565	-0.499221	-0.718776	-0.138321	0.680485	-0.0341706	-0.35762	-0.585001	0.674512	-0.273706	-0.466142	-0.661174	0.0454788	-0.586082	-0.547621	-0.454297	0.472911	-0.519693
-0.512231	-0.526378	0.490519	-0.468973	-0.485857	-0.493768	0.485669	-0.533162	-0.670411	0.256055	0.471794	-0.512246	-0.0198457	0.439988	0.210735	-0.872701	-0.44364	-0.416072	-0.214379	-0.764271	-0.758435	-0.0557322	-0.415197	-0.49928	-0.71873	-0.139314	0.680307	-0.0346526	-0.357999	-0.584976	0.674691	-0.272823	-0.465581	-0.661646	0.045567	-0.585988	-0.547986	-0.453855	0.472981	-0.51963
-0.510986	-0.52704	0.491343	-0.468726	-0.485037	-0.493493	0.486621	-0.533296	-0.669343	0.257006	0.473076	-0.511983	-0.0183643	0.441235	0.210743	-0.872102	-0.444223	-0.41567	-0.212999	-0.764536	-0.758836	-0.0564497	-0.414017	-0.499571	-0.718875	-0.139642	0.680123	-0.0339352	-0.35913	-0.584413	0.675233	-0.271196	-0.465546	-0.66125	0.0447655	-0.586525	-0.548828	-0.453041	0.473797	-0.518708
-0.510169	-0.526983	0.492682	-0.468275	-0.483688	-0.493752	0.488915	-0.532181	-0.668879	0.257387	0.474176	-0.51138	-0.018166	0.442391	0.21092	-0.871477	-0.444692	-0.414604	-0.211723	-0.765197	-0.759044	-0.0559808	-0.413141	-0.500033	-0.718918	-0.139814	0.680078	-0.0331931	-0.360273	-0.583739	0.675584	-0.270257	-0.467049	-0.660657	0.0455116	-0.585941	-0.548789	-0.453351	0.474157	-0.518149
-0.50983	-0.526904	0.493048	-0.468347	-0.483135	-0.493791	0.489817	-0.531818	-0.66897	0.257309	0.474601	-0.510906	-0.0186393	0.442858	0.211241	-0.871152	-0.444914	-0.41409	-0.211394	-0.765437	-0.759068	-0.055564	-0.412865	-0.500271	-0.718964	-0.139456	0.680157	-0.0320875	-0.361293	-0.583159	0.675747	-0.269738	-0.468157	-0.660303	0.0461121	-0.585408	-0.549493	-0.452521	0.475353	-0.517031
-0.509316	-0.527019	0.493464	-0.468338	-0.482629	-0.493804	0.490589	-0.531554	-0.669178	0.257362	0.474986	-0.510248	-0.0193885	0.443367	0.211429	-0.870832	-0.444914	-0.41409	-0.211394	-0.765437	-0.759065	-0.0551116	-0.412814	-0.500368	-0.719104	-0.139132	0.680133	-0.0308396	-0.362855	-0.582274	0.676006	-0.268905	-0.468697	-0.660272	0.0463561	-0.584991	-0.550065	-0.451883	0.476167	-0.516232
-0.508934	-0.527063	0.49402	-0.468119	-0.482284	-0.493631	0.491459	-0.531223	-0.669494	0.257428	0.475372	-0.509441	-0.0201758	0.443873	0.21166	-0.8705	-0.445501	-0.413319	-0.210685	-0.765708	-0.759113	-0.0546045	-0.412796	-0.500365	-0.719289	-0.138789	0.680064	-0.0295749	-0.365496	-0.580989	0.676084	-0.267909	-0.469509	-0.660101	0.0474958	-0.584442	-0.550597	-0.451247	0.476837	-0.515602
-0.508924	-0.526531	0.495323	-0.467352	-0.48181	-0.493082	0.492795	-0.530927	-0.669983	0.258033	0.476183	-0.507731	-0.0215043	0.445148	0.211806	-0.869781	-0.446092	-0.412777	-0.210179	-0.765795	-0.759453	-0.0540319	-0.412688	-0.5	-0.719517	-0.138264	0.680019	-0.0274319	-0.366309	-0.580682	0.675959	-0.267779	-0.470916	-0.659519	0.0496903	-0.583784	-0.551374	-0.450274	0.477592	-0.514924
-0.50868	-0.52614	0.496186	-0.467141	-0.48196	-0.49201	0.494237	-0.530444	-0.670239	0.259127	0.476429	-0.506605	-0.021907	0.445714	0.211445	-0.869569	-0.446647	-0.412412	-0.209796	-0.765773	-0.759872	-0.0534896	-0.412622	-0.499476	-0.719416	-0.137764	0.680309	-0.0253319	-0.367739	-0.580148	0.675654	-0.267744	-0.471183	-0.659469	0.0503413	-0.583569	-0.55153	-0.45006	0.477666	-0.514874
-0.508326	-0.526185	0.496403	-0.467245	-0.481808	-0.491795	0.494876	-0.530185	-0.670369	0.259451	0.476588	-0.506117	-0.0227067	0.446667	0.210632	-0.869256	-0.447298	-0.412176	-0.20957	-0.765582	-0.760054	-0.0532691	-0.412606	-0.499236	-0.719254	-0.137949	0.680468	-0.0246613	-0.368528	-0.579835	0.675538	-0.267631	-0.471428	-0.659351	0.0509484	-0.583451	-0.551664	-0.449891	0.477824	-0.514732
-0.50815	-0.526041	0.496512	-0.467482	-0.481598	-0.491732	0.495428	-0.52992	-0.670487	0.259599	0.476804	-0.505682	-0.0231379	0.447133	0.210457	-0.869048	-0.448383	-0.411914	-0.20906	-0.765228	-0.760312	-0.0532527	-0.412413	-0.499005	-0.719051	-0.137799	0.680745	-0.0237275	-0.368938	-0.579805	0.675252	-0.267855	-0.471528	-0.659408	0.0516507	-0.583245	-0.55152	-0.450126	0.477645	-0.514847
-0.508046	-0.525515	0.496872	-0.467805	-0.481628	-0.491034	0.495768	-0.530221	-0.67075	0.260327	0.476814	-0.504948	-0.0242568	0.447942	0.209927	-0.868729	-0.449379	-0.411626	-0.208328	-0.764998	-0.760988	-0.0534576	-0.411914	-0.498364	-0.719057	-0.13761	0.680824	-0.0223426	-0.369628	-0.579718	0.674917	-0.267936	-0.471792	-0.659246	0.052981	-0.583095	-0.551519	-0.450205	0.477728	-0.514703
-0.507936	-0.525344	0.496956	-0.468027	-0.48172	-0.490594	0.495832	-0.530485	-0.670802	0.26095	0.476664	-0.504699	-0.0246279	0.448327	0.209286	-0.868675	-0.449705	-0.41141	-0.208206	-0.764956	-0.761375	-0.0534461	-0.411641	-0.498	-0.719037	-0.137563	0.680877	-0.0216588	-0.37017	-0.579568	0.674819	-0.267758	-0.471783	-0.659269	0.0532814	-0.583049	-0.55144	-0.450297	0.477883	-0.514562
-0.507715	-0.525341	0.496736	-0.468504	-0.481823	-0.490289	0.495906	-0.530604	-0.670802	0.26095	0.476664	-0.504699	-0.0247063	0.448736	0.208616	-0.868622	-0.450029	-0.411195	-0.208051	-0.764923	-0.761375	-0.0534461	-0.411641	-0.498	-0.719011	-0.137707	0.680898	-0.0209111	-0.37083	-0.579399	0.674678	-0.267566	-0.472032	-0.659178	0.0536559	-0.582916	-0.55157	-0.450094	0.478421	-0.514101
-0.507682	-0.52511	0.496727	-0.468808	-0.482019	-0.489912	0.49589	-0.53079	-0.670655	0.262267	0.476526	-0.504342	-0.0247065	0.449118	0.207928	-0.86859	-0.450291	-0.411029	-0.207894	-0.764901	-0.761871	-0.0533116	-0.411174	-0.497641	-0.718952	-0.137961	0.680929	-0.0202548	-0.371375	-0.579288	0.674538	-0.267404	-0.472155	-0.659059	0.0539124	-0.582927	-0.551591	-0.449978	0.478878	-0.513753
-0.507715	-0.524724	0.497383	-0.468508	-0.482602	-0.489043	0.495501	-0.531424	-0.670306	0.263711	0.476104	-0.504451	-0.0242287	0.449494	0.206486	-0.868753	-0.450564	-0.410587	-0.20823	-0.764886	-0.762044	-0.0529153	-0.410913	-0.497634	-0.719034	-0.137795	0.680908	-0.0191622	-0.371971	-0.579133	0.674465	-0.267095	-0.472485	-0.6588	0.0548369	-0.582866	-0.552015	-0.449075	0.480422	-0.512646
