FULLBODY	1																																						
Frames:	166																																						
-0.41026	-0.611777	0.383445	-0.557123	-0.386116	-0.578626	0.395346	-0.59984	-0.715703	-0.18422	0.599477	-0.307343	-0.68389	-0.0720668	0.6696	-0.2806	-0.0727652	-0.651175	-0.00666215	-0.755402	-0.151103	-0.652641	-0.0406101	-0.741335	-0.667411	-0.195219	0.680707	-0.230412	-0.41446	-0.599635	0.463904	-0.503442	-0.182671	-0.739162	0.0271294	-0.647715	-0.377151	-0.629778	0.447915	-0.510401
-0.407607	-0.61325	0.382792	-0.557899	-0.382247	-0.579688	0.390392	-0.604519	-0.71225	-0.189486	0.598782	-0.313457	-0.680549	-0.0783231	0.669592	-0.286995	-0.0616936	-0.650747	-0.00886179	-0.756732	-0.142884	-0.653624	-0.0419328	-0.742025	-0.664745	-0.194445	0.681896	-0.235208	-0.412509	-0.598509	0.463438	-0.506802	-0.18418	-0.736625	0.0218146	-0.650373	-0.37697	-0.62817	0.447836	-0.512581
-0.407998	-0.612972	0.383048	-0.557743	-0.382162	-0.580183	0.391913	-0.603112	-0.71252	-0.189839	0.598947	-0.312312	-0.681014	-0.0784784	0.669663	-0.285679	-0.061748	-0.650808	-0.00661925	-0.756699	-0.143194	-0.654243	-0.0399398	-0.74153	-0.66469	-0.194314	0.681882	-0.235512	-0.412603	-0.598343	0.463567	-0.506803	-0.184517	-0.736517	0.0218974	-0.650397	-0.376944	-0.628144	0.44792	-0.512558
-0.408155	-0.612824	0.383431	-0.557528	-0.382249	-0.580517	0.393143	-0.601934	-0.712943	-0.189971	0.599183	-0.310812	-0.681381	-0.0787984	0.66986	-0.28425	-0.061646	-0.650965	-0.00476733	-0.756585	-0.142978	-0.654854	-0.0379784	-0.741135	-0.664753	-0.194038	0.681809	-0.235775	-0.412698	-0.59813	0.463723	-0.506835	-0.185012	-0.736137	0.0217748	-0.650691	-0.377161	-0.627999	0.448416	-0.512143
-0.40868	-0.612307	0.383994	-0.557323	-0.382457	-0.580716	0.394212	-0.600909	-0.713322	-0.190539	0.599322	-0.309321	-0.681507	-0.07907	0.67	-0.283542	-0.0614913	-0.651081	-0.00396389	-0.756503	-0.142521	-0.655551	-0.0367743	-0.740668	-0.664795	-0.193242	0.682137	-0.235362	-0.4129	-0.597893	0.463847	-0.506837	-0.185258	-0.736197	0.022088	-0.650543	-0.377146	-0.627896	0.448448	-0.512252
-0.408937	-0.612149	0.384308	-0.557093	-0.382578	-0.580902	0.39473	-0.600313	-0.713575	-0.190681	0.59942	-0.30846	-0.681687	-0.0797737	0.670318	-0.282156	-0.0610119	-0.65128	-0.00257261	-0.756376	-0.142468	-0.655912	-0.0361037	-0.740391	-0.664747	-0.192986	0.682297	-0.235241	-0.413016	-0.597727	0.463954	-0.50684	-0.185906	-0.73607	0.0228397	-0.650475	-0.377177	-0.627849	0.448627	-0.512129
-0.409443	-0.611879	0.384872	-0.556627	-0.383021	-0.580991	0.396175	-0.598991	-0.714147	-0.191108	0.599472	-0.306765	-0.68179	-0.0801988	0.670425	-0.281531	-0.0608865	-0.65141	-0.00180365	-0.756277	-0.142306	-0.65659	-0.034845	-0.739882	-0.66469	-0.192728	0.682429	-0.23523	-0.413079	-0.597541	0.46402	-0.506947	-0.186072	-0.73591	0.0227216	-0.650613	-0.377237	-0.627765	0.44915	-0.511731
-0.409889	-0.61164	0.385166	-0.556358	-0.382995	-0.58132	0.396874	-0.598224	-0.714506	-0.191232	0.599473	-0.30585	-0.682119	-0.0809312	0.670587	-0.280137	-0.0606671	-0.651774	-0.000484937	-0.755983	-0.142319	-0.656946	-0.0340889	-0.739598	-0.664678	-0.192382	0.682563	-0.235158	-0.413114	-0.597433	0.464116	-0.506959	-0.186538	-0.735698	0.0230621	-0.650708	-0.376979	-0.627869	0.44909	-0.511845
-0.410455	-0.611236	0.385313	-0.556284	-0.383207	-0.581387	0.397477	-0.597623	-0.714673	-0.191589	0.599508	-0.305166	-0.682341	-0.0812269	0.670639	-0.279385	-0.0608436	-0.651932	0.000332681	-0.755832	-0.142451	-0.657237	-0.0333182	-0.739349	-0.664596	-0.192127	0.682712	-0.235168	-0.413039	-0.597394	0.464186	-0.507002	-0.186541	-0.735618	0.023178	-0.650793	-0.376658	-0.628009	0.449031	-0.511962
-0.411274	-0.610739	0.385934	-0.555793	-0.38394	-0.581252	0.398437	-0.596643	-0.715188	-0.191515	0.599629	-0.303765	-0.68271	-0.0811868	0.670835	-0.278022	-0.0612869	-0.65217	0.00153745	-0.755589	-0.142799	-0.65779	-0.0318305	-0.738856	-0.664763	-0.190892	0.683163	-0.234388	-0.413074	-0.597221	0.464516	-0.506874	-0.186828	-0.735332	0.0235656	-0.65102	-0.37603	-0.628291	0.449059	-0.512053
-0.411829	-0.610379	0.386249	-0.555559	-0.384411	-0.58117	0.399006	-0.59604	-0.715476	-0.191056	0.599807	-0.303022	-0.682854	-0.0806972	0.670993	-0.277428	-0.061846	-0.652241	0.0022796	-0.755481	-0.143334	-0.657899	-0.0309347	-0.738693	-0.664885	-0.190329	0.683344	-0.233974	-0.413178	-0.597079	0.464719	-0.506771	-0.187015	-0.735338	0.0240659	-0.650941	-0.37603	-0.628291	0.449059	-0.512053
-0.413065	-0.609506	0.386811	-0.555208	-0.385674	-0.580532	0.39999	-0.595187	-0.715878	-0.189838	0.600265	-0.301931	-0.682989	-0.0792929	0.671323	-0.276703	-0.0636203	-0.652247	0.00357925	-0.755323	-0.144939	-0.657818	-0.0292967	-0.738518	-0.664884	-0.189525	0.683805	-0.23328	-0.413234	-0.596911	0.464914	-0.506745	-0.187381	-0.735366	0.0252865	-0.650758	-0.374978	-0.628822	0.448816	-0.512385
-0.414203	-0.608766	0.387475	-0.554709	-0.3871	-0.579506	0.400948	-0.594615	-0.716285	-0.188215	0.600569	-0.301376	-0.682965	-0.0784996	0.671441	-0.276699	-0.0645296	-0.652141	0.00401891	-0.755336	-0.147339	-0.657302	-0.0280467	-0.738551	-0.665057	-0.188687	0.684097	-0.232611	-0.41338	-0.596607	0.465215	-0.506707	-0.187612	-0.735247	0.0256288	-0.650812	-0.374907	-0.628805	0.449342	-0.511997
-0.414922	-0.608277	0.387757	-0.554512	-0.38774	-0.578979	0.401458	-0.594367	-0.716512	-0.187425	0.600668	-0.301131	-0.682877	-0.0766025	0.671658	-0.276924	-0.0669088	-0.651885	0.00494152	-0.755344	-0.14881	-0.65698	-0.0276136	-0.73856	-0.665154	-0.188026	0.684397	-0.231985	-0.413541	-0.596443	0.465392	-0.506605	-0.188221	-0.735402	0.0271306	-0.650401	-0.374772	-0.628827	0.449389	-0.512028
-0.416485	-0.607274	0.388425	-0.553971	-0.389165	-0.577824	0.402266	-0.594014	-0.717065	-0.18572	0.600829	-0.300551	-0.682944	-0.0745393	0.671684	-0.277258	-0.0690826	-0.651566	0.00548683	-0.75542	-0.15186	-0.656339	-0.0271304	-0.738527	-0.665431	-0.186828	0.68481	-0.230939	-0.41368	-0.59621	0.465702	-0.506482	-0.188812	-0.735386	0.0286079	-0.650184	-0.374636	-0.628743	0.449781	-0.511885
-0.417099	-0.606915	0.388714	-0.5537	-0.389821	-0.577323	0.402662	-0.593802	-0.717383	-0.184921	0.600858	-0.300225	-0.683017	-0.0735929	0.671688	-0.277322	-0.0700955	-0.651459	0.00579983	-0.755417	-0.153382	-0.656034	-0.0268987	-0.738492	-0.665551	-0.186263	0.685018	-0.230431	-0.413672	-0.596157	0.465777	-0.506482	-0.189138	-0.735249	0.0290477	-0.650225	-0.374818	-0.628593	0.450225	-0.511546
-0.418504	-0.605947	0.389224	-0.553341	-0.390923	-0.576647	0.40343	-0.593213	-0.717979	-0.183726	0.600831	-0.299588	-0.68338	-0.0722424	0.671541	-0.27714	-0.0723062	-0.651301	0.00675274	-0.755336	-0.156199	-0.655521	-0.0262215	-0.738381	-0.665783	-0.185166	0.68544	-0.229388	-0.413802	-0.595943	0.466041	-0.506385	-0.189628	-0.73538	0.0303107	-0.649876	-0.374768	-0.628511	0.45045	-0.511485
-0.419536	-0.60526	0.389574	-0.553066	-0.391869	-0.576158	0.403946	-0.592713	-0.718604	-0.182992	0.600789	-0.29862	-0.68399	-0.0714512	0.671388	-0.276206	-0.0737131	-0.651344	0.00728764	-0.755159	-0.158156	-0.655312	-0.0259977	-0.738158	-0.666282	-0.183838	0.685772	-0.22801	-0.414027	-0.595723	0.466267	-0.506252	-0.189906	-0.735338	0.0311531	-0.649802	-0.374716	-0.62845	0.450805	-0.511286
-0.420208	-0.604807	0.389852	-0.552856	-0.392484	-0.575904	0.404249	-0.592345	-0.719212	-0.182701	0.600642	-0.297629	-0.684828	-0.0713682	0.671098	-0.274855	-0.0746764	-0.651585	0.00774902	-0.754851	-0.159334	-0.655367	-0.0257855	-0.737863	-0.666421	-0.183263	0.686064	-0.22719	-0.414083	-0.595615	0.466398	-0.506213	-0.189936	-0.735344	0.0317022	-0.64976	-0.374666	-0.628404	0.45101	-0.511199
-0.420673	-0.6045	0.389979	-0.552749	-0.39289	-0.575815	0.40448	-0.592005	-0.719754	-0.182572	0.600589	-0.296502	-0.685302	-0.0714224	0.670972	-0.273967	-0.0748237	-0.651738	0.00787199	-0.754703	-0.159677	-0.65577	-0.0258452	-0.737428	-0.66657	-0.182586	0.686362	-0.226394	-0.414004	-0.595628	0.466546	-0.506125	-0.1899	-0.735433	0.0320774	-0.649652	-0.374507	-0.62845	0.450896	-0.51136
-0.420793	-0.604398	0.389909	-0.552817	-0.393068	-0.575802	0.404574	-0.591836	-0.719992	-0.182668	0.600478	-0.296091	-0.686096	-0.0717134	0.670747	-0.272446	-0.0748267	-0.652085	0.00818053	-0.754399	-0.15959	-0.656026	-0.0258317	-0.73722	-0.666612	-0.182494	0.686388	-0.226264	-0.413934	-0.595664	0.466591	-0.506098	-0.189886	-0.735301	0.032175	-0.649801	-0.374431	-0.628458	0.451139	-0.51119
-0.420847	-0.604347	0.389885	-0.552849	-0.39325	-0.57588	0.405	-0.591346	-0.720843	-0.183755	0.599125	-0.29609	-0.686056	-0.0719257	0.670833	-0.272282	-0.074766	-0.652276	0.00827076	-0.75424	-0.159314	-0.656644	-0.0251927	-0.736752	-0.666522	-0.182688	0.686374	-0.226414	-0.413751	-0.595756	0.46668	-0.506059	-0.1898	-0.735254	0.0320342	-0.649885	-0.374349	-0.628495	0.451232	-0.511123
-0.420982	-0.604336	0.390039	-0.55265	-0.393448	-0.5758	0.405382	-0.591032	-0.72229	-0.183282	0.597842	-0.295447	-0.682137	-0.070744	0.674056	-0.27447	-0.0772839	-0.651878	0.0105815	-0.754301	-0.160475	-0.657224	-0.0240118	-0.736022	-0.666578	-0.1826	0.686381	-0.2263	-0.413592	-0.595877	0.466643	-0.50608	-0.189496	-0.735232	0.0318303	-0.650009	-0.373757	-0.628749	0.450983	-0.511463
-0.420982	-0.604336	0.390039	-0.55265	-0.393448	-0.5758	0.405382	-0.591032	-0.72229	-0.183282	0.597842	-0.295447	-0.682137	-0.070744	0.674056	-0.27447	-0.0772839	-0.651878	0.0105815	-0.754301	-0.160475	-0.657224	-0.0240118	-0.736022	-0.666578	-0.1826	0.686381	-0.2263	-0.413592	-0.595877	0.466643	-0.50608	-0.189496	-0.735232	0.0318303	-0.650009	-0.373757	-0.628749	0.450983	-0.511463
-0.420568	-0.604598	0.389911	-0.552768	-0.394217	-0.575456	0.406746	-0.589916	-0.724513	-0.183038	0.595084	-0.295724	-0.680011	-0.0666615	0.675463	-0.277295	-0.0790781	-0.650733	0.0121371	-0.75508	-0.163371	-0.656945	-0.0239648	-0.735635	-0.666265	-0.183363	0.686196	-0.227164	-0.413086	-0.596205	0.466435	-0.506297	-0.189164	-0.735079	0.0311223	-0.650313	-0.373349	-0.628914	0.450866	-0.511662
-0.419738	-0.605058	0.389539	-0.553159	-0.394739	-0.575307	0.408333	-0.588614	-0.72784	-0.178545	0.59289	-0.294706	-0.670579	-0.0482809	0.679867	-0.292871	-0.089371	-0.647354	0.0174388	-0.75673	-0.164537	-0.653438	-0.0271118	-0.738384	-0.666097	-0.18368	0.686045	-0.227859	-0.412779	-0.596381	0.466274	-0.506491	-0.188367	-0.734705	0.0291217	-0.651059	-0.372355	-0.629338	0.450172	-0.512476
-0.419664	-0.605127	0.389728	-0.553007	-0.397193	-0.573772	0.410757	-0.586773	-0.731228	-0.173785	0.58922	-0.29652	-0.66359	-0.0363101	0.680115	-0.309473	-0.0958196	-0.643089	0.0177177	-0.759566	-0.188102	-0.63532	-0.0338172	-0.748226	-0.666172	-0.183387	0.685985	-0.228056	-0.413145	-0.596108	0.466223	-0.50656	-0.188046	-0.734624	0.0283586	-0.651277	-0.372073	-0.629451	0.449614	-0.513031
-0.419984	-0.605015	0.390509	-0.552334	-0.397193	-0.573772	0.410757	-0.586773	-0.731228	-0.173785	0.58922	-0.29652	-0.655029	-0.0189033	0.679646	-0.329637	-0.102189	-0.636281	0.0147874	-0.764516	-0.188102	-0.63532	-0.0338172	-0.748226	-0.666454	-0.182433	0.686093	-0.227672	-0.413145	-0.596108	0.466223	-0.50656	-0.187891	-0.734376	0.0279805	-0.651618	-0.372207	-0.62932	0.449329	-0.513343
-0.420294	-0.604777	0.391235	-0.551845	-0.397902	-0.573309	0.411444	-0.586264	-0.736343	-0.160119	0.581738	-0.306172	-0.644563	0.0015917	0.678039	-0.35327	-0.110248	-0.627914	0.00860281	-0.770387	-0.203538	-0.62207	-0.0438022	-0.754773	-0.666832	-0.181336	0.686148	-0.227273	-0.41356	-0.595712	0.466133	-0.50677	-0.187988	-0.734069	0.0278999	-0.651939	-0.372711	-0.628971	0.449389	-0.513353
-0.420638	-0.604331	0.391802	-0.551669	-0.399043	-0.571993	0.411973	-0.586402	-0.738237	-0.151501	0.577276	-0.314334	-0.632146	0.0233644	0.673977	-0.381575	-0.119844	-0.618441	-0.00103512	-0.776638	-0.238894	-0.587717	-0.072506	-0.769585	-0.667118	-0.180367	0.686222	-0.226983	-0.414563	-0.594795	0.465586	-0.50753	-0.188781	-0.733854	0.0284432	-0.651929	-0.373392	-0.628533	0.449554	-0.51325
-0.421084	-0.603873	0.392326	-0.551458	-0.399043	-0.571993	0.411973	-0.586402	-0.739494	-0.141384	0.57277	-0.324181	-0.617897	0.0482297	0.667632	-0.412487	-0.130157	-0.608031	-0.0143458	-0.78304	-0.238894	-0.587717	-0.072506	-0.769585	-0.66734	-0.179441	0.686345	-0.22669	-0.414563	-0.594795	0.465586	-0.50753	-0.190147	-0.733815	0.0294837	-0.651529	-0.374084	-0.62805	0.449739	-0.513176
-0.421704	-0.603377	0.392838	-0.551163	-0.399577	-0.57112	0.411596	-0.587154	-0.739878	-0.129062	0.56895	-0.334992	-0.60158	0.0760198	0.659998	-0.443538	-0.141249	-0.596892	-0.0304347	-0.789204	-0.258244	-0.566823	-0.0904866	-0.777067	-0.667755	-0.178116	0.686512	-0.226008	-0.415059	-0.594328	0.46529	-0.507942	-0.191279	-0.733859	0.0303734	-0.651107	-0.374722	-0.627615	0.449875	-0.513124
-0.422911	-0.602529	0.393485	-0.550704	-0.400881	-0.568963	0.410541	-0.589093	-0.738421	-0.101329	0.562165	-0.358381	-0.563012	0.133257	0.639908	-0.505744	-0.165119	-0.574347	-0.0679018	-0.798906	-0.298444	-0.521274	-0.128571	-0.789097	-0.668319	-0.176433	0.686546	-0.225556	-0.415827	-0.59357	0.464801	-0.508649	-0.192201	-0.733681	0.0303811	-0.651036	-0.375556	-0.627027	0.449936	-0.513179
-0.423291	-0.602279	0.393432	-0.550723	-0.401513	-0.568067	0.410108	-0.589829	-0.737313	-0.0858979	0.55878	-0.369806	-0.541789	0.16205	0.626917	-0.535892	-0.178361	-0.56336	-0.0870116	-0.802023	-0.318531	-0.497217	-0.14785	-0.793381	-0.668478	-0.17599	0.686437	-0.225764	-0.415965	-0.593399	0.464603	-0.508916	-0.192436	-0.733596	0.0301518	-0.651073	-0.375864	-0.626784	0.449908	-0.513275
-0.423625	-0.602106	0.393248	-0.550787	-0.402198	-0.567117	0.409781	-0.590504	-0.733735	-0.0721525	0.556875	-0.382515	-0.518779	0.190941	0.612687	-0.564823	-0.192425	-0.552712	-0.104675	-0.804068	-0.338061	-0.4731	-0.167759	-0.796083	-0.66858	-0.175361	0.686497	-0.22577	-0.41598	-0.593315	0.46448	-0.509113	-0.192823	-0.733562	0.0301877	-0.650995	-0.37601	-0.626657	0.449763	-0.51345
-0.423983	-0.601851	0.392924	-0.551022	-0.402935	-0.566029	0.409601	-0.591169	-0.730256	-0.0576153	0.554822	-0.394435	-0.518779	0.190941	0.612687	-0.564823	-0.206544	-0.542594	-0.120681	-0.805212	-0.357368	-0.449363	-0.188038	-0.796871	-0.668594	-0.174966	0.686488	-0.22606	-0.415826	-0.59338	0.464353	-0.509279	-0.193206	-0.73356	0.0302323	-0.650882	-0.376201	-0.626539	0.449763	-0.513453
-0.424444	-0.601516	0.392755	-0.551153	-0.403628	-0.565026	0.409671	-0.591607	-0.727666	-0.0414569	0.551902	-0.4052	-0.470549	0.244221	0.58118	-0.61739	-0.220379	-0.532763	-0.135435	-0.805763	-0.377662	-0.425413	-0.206323	-0.796132	-0.668697	-0.174516	0.686406	-0.226352	-0.415675	-0.593433	0.464368	-0.509327	-0.193574	-0.733526	0.0301994	-0.650812	-0.376342	-0.62648	0.44984	-0.513356
-0.425196	-0.601066	0.392854	-0.550993	-0.405291	-0.562648	0.409689	-0.592724	-0.725128	-0.0250845	0.549006	-0.414912	-0.446318	0.26801	0.563296	-0.641614	-0.234393	-0.522845	-0.147827	-0.806127	-0.418438	-0.377993	-0.239842	-0.790257	-0.668961	-0.173687	0.686418	-0.226172	-0.415861	-0.593329	0.464699	-0.508995	-0.19378	-0.733593	0.0302432	-0.650673	-0.376477	-0.626431	0.449922	-0.513245
-0.426662	-0.600077	0.392943	-0.550874	-0.406312	-0.561269	0.409672	-0.593344	-0.719664	0.00546875	0.541447	-0.434614	-0.398078	0.31008	0.526386	-0.684327	-0.259063	-0.503925	-0.169832	-0.80629	-0.438599	-0.354739	-0.255065	-0.785323	-0.669809	-0.171731	0.686489	-0.224939	-0.416114	-0.593201	0.464914	-0.508741	-0.194305	-0.733697	0.0310032	-0.650364	-0.376722	-0.626446	0.450169	-0.512829
-0.427108	-0.599683	0.393062	-0.550873	-0.407231	-0.56002	0.409946	-0.593704	-0.716626	0.020633	0.53769	-0.443746	-0.374849	0.327809	0.507405	-0.703257	-0.270705	-0.494531	-0.178346	-0.806444	-0.458675	-0.332148	-0.269885	-0.778754	-0.670332	-0.170837	0.686442	-0.224204	-0.416515	-0.592984	0.465181	-0.50842	-0.194659	-0.733881	0.0316546	-0.650019	-0.376815	-0.626508	0.45033	-0.512543
-0.427602	-0.599257	0.393408	-0.550707	-0.408181	-0.558711	0.410345	-0.594009	-0.71407	0.034781	0.533929	-0.451458	-0.352481	0.343847	0.48825	-0.720512	-0.282092	-0.485713	-0.184692	-0.806471	-0.4784	-0.31022	-0.284157	-0.770813	-0.670841	-0.170034	0.686355	-0.223556	-0.416827	-0.592886	0.465347	-0.508128	-0.195161	-0.734009	0.0324741	-0.649684	-0.377006	-0.626522	0.450631	-0.512122
-0.42818	-0.598811	0.39403	-0.550297	-0.409281	-0.557149	0.410458	-0.594641	-0.711954	0.0494425	0.530306	-0.457659	-0.330593	0.358623	0.469792	-0.735794	-0.292698	-0.477499	-0.190296	-0.806294	-0.497508	-0.288195	-0.297198	-0.762301	-0.671253	-0.169295	0.686337	-0.222937	-0.417036	-0.592843	0.465527	-0.507841	-0.195513	-0.73414	0.0331708	-0.649395	-0.377202	-0.626548	0.450956	-0.511659
-0.428546	-0.598547	0.394698	-0.549822	-0.410381	-0.555597	0.410547	-0.595274	-0.709686	0.0641984	0.527021	-0.463112	-0.309696	0.371831	0.451358	-0.749738	-0.301788	-0.469988	-0.19615	-0.805953	-0.515514	-0.266789	-0.309876	-0.753024	-0.671752	-0.168345	0.686369	-0.222051	-0.417296	-0.59278	0.465779	-0.50747	-0.195803	-0.734309	0.0338895	-0.649078	-0.377314	-0.626646	0.451173	-0.511265
-0.428857	-0.598087	0.395608	-0.549425	-0.412243	-0.553038	0.411193	-0.595923	-0.705212	0.0905138	0.520206	-0.473149	-0.271152	0.395068	0.414316	-0.773783	-0.317609	-0.456073	-0.207639	-0.80499	-0.548646	-0.227362	-0.334552	-0.731689	-0.672609	-0.166669	0.68645	-0.220466	-0.417623	-0.592837	0.466198	-0.50675	-0.196168	-0.734672	0.0350749	-0.648494	-0.37746	-0.6269	0.451582	-0.510484
-0.428857	-0.598087	0.395608	-0.549425	-0.412243	-0.553038	0.411193	-0.595923	-0.705212	0.0905138	0.520206	-0.473149	-0.271152	0.395068	0.414316	-0.773783	-0.317609	-0.456073	-0.207639	-0.80499	-0.548646	-0.227362	-0.334552	-0.731689	-0.672609	-0.166669	0.68645	-0.220466	-0.417623	-0.592837	0.466198	-0.50675	-0.196168	-0.734672	0.0350749	-0.648494	-0.37746	-0.6269	0.451582	-0.510484
-0.429131	-0.597818	0.396243	-0.549046	-0.413158	-0.551788	0.411658	-0.596127	-0.705212	0.0905138	0.520206	-0.473149	-0.253954	0.405046	0.395437	-0.784267	-0.323939	-0.449255	-0.213838	-0.804678	-0.578105	-0.190075	-0.353477	-0.710437	-0.673229	-0.166073	0.686029	-0.220332	-0.417507	-0.593194	0.466479	-0.506168	-0.196413	-0.734855	0.0357033	-0.648179	-0.377571	-0.627015	0.451801	-0.510067
-0.42987	-0.597184	0.397509	-0.548243	-0.414781	-0.549623	0.412079	-0.59671	-0.70044	0.112125	0.513304	-0.483043	-0.219857	0.421737	0.36214	-0.801658	-0.337141	-0.437557	-0.223403	-0.803101	-0.591812	-0.172616	-0.362495	-0.698971	-0.674766	-0.164295	0.685213	-0.219502	-0.417476	-0.593367	0.466636	-0.505846	-0.196828	-0.735246	0.0369591	-0.647539	-0.377669	-0.627305	0.452104	-0.509368
-0.430038	-0.597184	0.39851	-0.547384	-0.415787	-0.5483	0.412947	-0.596626	-0.696436	0.134755	0.506998	-0.489665	-0.187989	0.433774	0.330495	-0.816868	-0.347416	-0.426965	-0.232469	-0.801849	-0.617913	-0.139098	-0.377657	-0.675434	-0.676231	-0.162904	0.6842	-0.219191	-0.417199	-0.593795	0.466923	-0.505308	-0.197179	-0.735494	0.037786	-0.647102	-0.377679	-0.627577	0.452481	-0.508691
-0.430195	-0.597181	0.399079	-0.546848	-0.416396	-0.547551	0.413221	-0.5967	-0.69297	0.155284	0.500175	-0.495484	-0.172694	0.437966	0.316325	-0.82359	-0.352394	-0.422048	-0.235894	-0.801279	-0.629877	-0.122491	-0.384947	-0.663375	-0.676818	-0.162164	0.683896	-0.218876	-0.417023	-0.594023	0.467032	-0.505084	-0.19721	-0.735633	0.0381596	-0.646912	-0.377621	-0.62772	0.452553	-0.508494
-0.430565	-0.596945	0.399545	-0.546475	-0.41712	-0.546646	0.413415	-0.59689	-0.69297	0.155284	0.500175	-0.495484	-0.157938	0.441497	0.303043	-0.829639	-0.35648	-0.417604	-0.239859	-0.800623	-0.641797	-0.106628	-0.391814	-0.650545	-0.677371	-0.161612	0.683578	-0.218568	-0.416913	-0.594177	0.467136	-0.504898	-0.197044	-0.735811	0.0385626	-0.646736	-0.377597	-0.627832	0.452616	-0.508318
-0.430824	-0.59682	0.400034	-0.546049	-0.417794	-0.545906	0.413288	-0.597183	-0.689271	0.174184	0.493248	-0.50127	-0.144432	0.444201	0.289757	-0.835384	-0.360202	-0.413619	-0.244191	-0.799716	-0.653015	-0.09193	-0.398629	-0.637351	-0.677804	-0.161163	0.683356	-0.218248	-0.416869	-0.594305	0.467247	-0.50468	-0.197039	-0.735895	0.0390489	-0.646613	-0.377603	-0.62791	0.45276	-0.508088
-0.430921	-0.596883	0.40046	-0.545591	-0.418337	-0.5454	0.41296	-0.597492	-0.689271	0.174184	0.493248	-0.50127	-0.131078	0.446275	0.277415	-0.840653	-0.364327	-0.40978	-0.248476	-0.798502	-0.663281	-0.0767363	-0.404291	-0.625075	-0.678208	-0.160797	0.68315	-0.217909	-0.416906	-0.594399	0.467421	-0.504378	-0.197333	-0.73586	0.0395818	-0.646532	-0.377575	-0.628003	0.452912	-0.507859
-0.431159	-0.596892	0.401772	-0.544427	-0.419656	-0.543849	0.412291	-0.598442	-0.679823	0.207773	0.478944	-0.515057	-0.0903782	0.447689	0.245919	-0.854945	-0.37176	-0.402313	-0.257324	-0.796067	-0.690765	-0.034853	-0.419521	-0.587904	-0.678841	-0.160438	0.682648	-0.217775	-0.416434	-0.594929	0.467761	-0.503828	-0.197376	-0.736186	0.0404237	-0.646096	-0.377323	-0.628384	0.453056	-0.507446
-0.431092	-0.596995	0.402273	-0.543998	-0.419995	-0.543253	0.412177	-0.598824	-0.676927	0.215418	0.4751	-0.519273	-0.0771417	0.447086	0.2361	-0.859313	-0.378646	-0.393365	-0.264717	-0.794869	-0.699201	-0.021085	-0.422987	-0.575982	-0.679005	-0.160278	0.682565	-0.217642	-0.416239	-0.595126	0.467881	-0.503644	-0.19725	-0.736347	0.0408828	-0.645922	-0.377282	-0.628493	0.453197	-0.507215
-0.430653	-0.597467	0.403111	-0.543205	-0.420734	-0.542014	0.411723	-0.59974	-0.671119	0.230809	0.467076	-0.527415	-0.0501648	0.442358	0.218828	-0.868284	-0.381825	-0.388331	-0.26842	-0.794581	-0.714041	0.00612812	-0.427532	-0.554369	-0.679042	-0.160687	0.682283	-0.218112	-0.415558	-0.595737	0.468021	-0.503354	-0.197192	-0.736416	0.0409943	-0.645853	-0.377117	-0.628744	0.453322	-0.506915
-0.43058	-0.59756	0.403498	-0.542874	-0.421176	-0.541152	0.411396	-0.600433	-0.668022	0.238009	0.463115	-0.531622	-0.0376895	0.439069	0.211463	-0.8724	-0.390059	-0.37835	-0.274541	-0.793305	-0.720738	0.0191172	-0.428383	-0.544664	-0.678943	-0.160902	0.682199	-0.218518	-0.415056	-0.596132	0.46803	-0.503293	-0.196711	-0.736715	0.0411632	-0.645648	-0.377028	-0.628858	0.453323	-0.506839
-0.430184	-0.597964	0.404081	-0.542309	-0.421835	-0.539517	0.411135	-0.601618	-0.661821	0.251993	0.455845	-0.539164	-0.0140777	0.432512	0.19814	-0.879474	-0.397148	-0.367351	-0.279276	-0.793304	-0.733223	0.0433954	-0.428516	-0.526189	-0.678674	-0.161588	0.682059	-0.219287	-0.414278	-0.596725	0.468237	-0.503039	-0.19669	-0.736807	0.0415184	-0.645527	-0.376934	-0.629046	0.453482	-0.506533
-0.430039	-0.598115	0.404465	-0.541971	-0.422092	-0.538636	0.411037	-0.602294	-0.659076	0.258637	0.452782	-0.541953	-0.00228501	0.428965	0.192599	-0.882547	-0.400977	-0.362912	-0.281556	-0.792615	-0.73872	0.053284	-0.429165	-0.516982	-0.678551	-0.161973	0.681915	-0.219833	-0.413871	-0.597054	0.468345	-0.502882	-0.196567	-0.736888	0.0415767	-0.645468	-0.376953	-0.629095	0.453571	-0.506379
-0.429619	-0.598401	0.405189	-0.541447	-0.422489	-0.536896	0.411055	-0.603556	-0.653915	0.27158	0.448826	-0.545156	0.0203489	0.422245	0.184918	-0.887187	-0.405559	-0.354888	-0.28405	-0.793027	-0.747867	0.0732494	-0.429587	-0.500785	-0.678094	-0.162778	0.681794	-0.221017	-0.412664	-0.59792	0.468294	-0.502891	-0.19634	-0.737106	0.0420031	-0.645261	-0.376999	-0.629216	0.453633	-0.506138
-0.429462	-0.598428	0.405705	-0.541156	-0.422697	-0.535954	0.411181	-0.604161	-0.651504	0.276445	0.447752	-0.546478	0.030149	0.419439	0.182529	-0.888732	-0.406824	-0.352025	-0.284378	-0.793537	-0.751179	0.0818225	-0.429403	-0.494619	-0.677557	-0.163509	0.681885	-0.221842	-0.411916	-0.59842	0.468216	-0.502984	-0.196332	-0.737087	0.0422409	-0.645269	-0.376949	-0.62934	0.453584	-0.506065
-0.429405	-0.598442	0.406314	-0.540729	-0.422894	-0.535058	0.411326	-0.604718	-0.651504	0.276445	0.447752	-0.546478	0.0372929	0.417778	0.180518	-0.889654	-0.407747	-0.349998	-0.284559	-0.793896	-0.75373	0.0876783	-0.428975	-0.490085	-0.676929	-0.163974	0.682146	-0.222614	-0.411121	-0.598923	0.468384	-0.502878	-0.196199	-0.736813	0.0421679	-0.645627	-0.376548	-0.629745	0.453292	-0.506122
-0.429426	-0.59839	0.407854	-0.539609	-0.422815	-0.533899	0.412497	-0.605	-0.647718	0.281922	0.447179	-0.548646	0.0417289	0.417086	0.179232	-0.890042	-0.408359	-0.349115	-0.284992	-0.793814	-0.756084	0.0885475	-0.428322	-0.486864	-0.675406	-0.162412	0.683684	-0.223665	-0.408017	-0.600909	0.469599	-0.501904	-0.195745	-0.736329	0.0412482	-0.646376	-0.376106	-0.630204	0.453157	-0.505999
-0.429568	-0.598282	0.408574	-0.539072	-0.422595	-0.533708	0.413571	-0.60459	-0.645641	0.281783	0.44824	-0.550297	0.043389	0.417719	0.179306	-0.88965	-0.41086	-0.348461	-0.283399	-0.793381	-0.756142	0.0861925	-0.426909	-0.488434	-0.675025	-0.15972	0.684658	-0.223772	-0.405238	-0.602604	0.469958	-0.501787	-0.194899	-0.734398	0.0369262	-0.649085	-0.373591	-0.632378	0.452663	-0.505593
-0.429622	-0.597857	0.409577	-0.538738	-0.421051	-0.534994	0.416229	-0.602703	-0.645737	0.279812	0.449414	-0.550233	0.0410277	0.418594	0.180757	-0.889057	-0.412365	-0.348826	-0.280631	-0.793424	-0.755074	0.0776824	-0.424334	-0.493731	-0.672917	-0.156677	0.686493	-0.226635	-0.400493	-0.604742	0.472282	-0.500841	-0.194983	-0.731149	0.0300795	-0.653068	-0.370346	-0.635	0.453521	-0.503923
-0.428604	-0.597208	0.410443	-0.539608	-0.419356	-0.536366	0.419085	-0.600683	-0.646215	0.278027	0.449662	-0.550373	0.0401114	0.418162	0.181605	-0.889129	-0.412247	-0.348675	-0.276556	-0.794981	-0.753804	0.0724054	-0.42028	-0.499902	-0.670646	-0.154898	0.687913	-0.230252	-0.392846	-0.608798	0.471437	-0.502776	-0.195501	-0.726864	0.0221347	-0.657995	-0.366547	-0.638145	0.455612	-0.500831
-0.427706	-0.597148	0.410863	-0.540068	-0.418475	-0.536993	0.420375	-0.599835	-0.646215	0.278027	0.449662	-0.550373	0.0395995	0.417911	0.181915	-0.889207	-0.41091	-0.348183	-0.275343	-0.796309	-0.753551	0.0711272	-0.417931	-0.502429	-0.669292	-0.155107	0.688505	-0.232273	-0.389451	-0.61033	0.470437	-0.504495	-0.196611	-0.724102	0.0180224	-0.66083	-0.364759	-0.639635	0.457416	-0.498587
-0.426376	-0.597181	0.411408	-0.540669	-0.417259	-0.537874	0.421602	-0.599032	-0.646311	0.275906	0.449778	-0.551233	0.0393689	0.4176	0.182357	-0.889273	-0.409505	-0.347718	-0.2741	-0.797664	-0.753353	0.0696095	-0.416212	-0.504363	-0.667481	-0.156015	0.689497	-0.233927	-0.387262	-0.610907	0.470225	-0.505678	-0.198792	-0.721229	0.0143054	-0.663405	-0.362428	-0.641535	0.458802	-0.496567
-0.424712	-0.597088	0.411759	-0.541812	-0.415995	-0.538504	0.422691	-0.598577	-0.646311	0.275906	0.449778	-0.551233	0.0396526	0.417182	0.183007	-0.889323	-0.408112	-0.347017	-0.27279	-0.79913	-0.753353	0.0696095	-0.416212	-0.504363	-0.667481	-0.156015	0.689497	-0.233927	-0.384399	-0.611914	0.468946	-0.507827	-0.20115	-0.718521	0.0103126	-0.665702	-0.359945	-0.643724	0.460125	-0.494311
-0.42253	-0.597023	0.412174	-0.543272	-0.414779	-0.538784	0.423454	-0.598629	-0.645687	0.273242	0.450112	-0.553016	0.0403058	0.416757	0.183707	-0.889349	-0.406859	-0.34611	-0.272129	-0.800387	-0.751928	0.0687162	-0.413432	-0.508877	-0.665995	-0.155989	0.690331	-0.235715	-0.382358	-0.612327	0.468045	-0.509698	-0.204305	-0.715572	0.00619393	-0.667965	-0.357041	-0.646461	0.461322	-0.491724
-0.419118	-0.597316	0.412774	-0.545134	-0.413329	-0.539078	0.424227	-0.59882	-0.644822	0.271863	0.450549	-0.554347	0.0413755	0.416361	0.184456	-0.88933	-0.405684	-0.345008	-0.271831	-0.801559	-0.75065	0.0688215	-0.411957	-0.511938	-0.665526	-0.155955	0.690531	-0.236475	-0.380029	-0.613035	0.466281	-0.5122	-0.208412	-0.711987	0.00140385	-0.67055	-0.353013	-0.650424	0.462243	-0.488531
-0.407327	-0.600354	0.411459	-0.551689	-0.409812	-0.539784	0.42655	-0.598952	-0.642462	0.270072	0.451508	-0.557175	0.0454605	0.415428	0.185879	-0.88927	-0.403554	-0.34223	-0.271612	-0.803896	-0.748282	0.0700947	-0.408975	-0.51759	-0.665115	-0.157122	0.690074	-0.238186	-0.376455	-0.613654	0.462747	-0.517277	-0.219094	-0.700832	-0.018371	-0.678598	-0.347639	-0.656202	0.463264	-0.483665
-0.391952	-0.605287	0.408828	-0.55934	-0.405839	-0.541581	0.429068	-0.598235	-0.640254	0.267082	0.452945	-0.559985	0.0492746	0.414462	0.188324	-0.889003	-0.403219	-0.340031	-0.268631	-0.805997	-0.745674	0.0712104	-0.406953	-0.52277	-0.662944	-0.168106	0.685992	-0.248315	-0.371399	-0.615971	0.456358	-0.523813	-0.225893	-0.68126	-0.0540086	-0.694219	-0.341591	-0.671784	0.472374	-0.457039
-0.384168	-0.606967	0.407555	-0.563831	-0.403249	-0.542182	0.431166	-0.597934	-0.638324	0.26503	0.454061	-0.562254	0.0525107	0.41349	0.190571	-0.888792	-0.405341	-0.338574	-0.264528	-0.806902	-0.744144	0.0694124	-0.404786	-0.526858	-0.663869	-0.170783	0.684311	-0.248657	-0.371783	-0.615113	0.453904	-0.526673	-0.227688	-0.662917	-0.0762706	-0.709142	-0.331676	-0.677633	0.47603	-0.451884
-0.380889	-0.606936	0.410553	-0.563913	-0.402337	-0.541468	0.433001	-0.59787	-0.637314	0.262654	0.455437	-0.563401	0.0544589	0.412924	0.192978	-0.888419	-0.407856	-0.338893	-0.262442	-0.806182	-0.74263	0.0651028	-0.402848	-0.531014	-0.665739	-0.170417	0.683737	-0.245465	-0.374627	-0.614329	0.452389	-0.526876	-0.232523	-0.647978	-0.0772507	-0.721173	-0.312419	-0.674496	0.474442	-0.471545
-0.38003	-0.606263	0.411802	-0.564306	-0.402697	-0.540459	0.434593	-0.597384	-0.637096	0.260815	0.456258	-0.563837	0.055236	0.412463	0.19465	-0.88822	-0.409356	-0.338907	-0.261375	-0.805763	-0.740685	0.0595002	-0.400491	-0.536146	-0.667013	-0.172614	0.68237	-0.244275	-0.378596	-0.614129	0.451138	-0.525344	-0.235119	-0.640694	-0.0726671	-0.72729	-0.306154	-0.667288	0.475596	-0.484566
-0.376026	-0.605089	0.4115	-0.568453	-0.402848	-0.540196	0.434656	-0.597475	-0.637263	0.260771	0.455893	-0.563965	0.0556711	0.411588	0.195408	-0.888432	-0.412163	-0.338711	-0.259564	-0.804999	-0.739293	0.0571398	-0.399453	-0.53909	-0.668055	-0.1741	0.681027	-0.24412	-0.38021	-0.6149	0.44991	-0.524328	-0.242147	-0.626481	-0.0543493	-0.738872	-0.301728	-0.64287	0.482681	-0.51254
-0.371166	-0.604902	0.410678	-0.572427	-0.403249	-0.539915	0.434635	-0.597474	-0.637746	0.261625	0.454573	-0.564088	0.0553944	0.410726	0.194441	-0.88906	-0.413922	-0.339061	-0.258912	-0.804158	-0.736502	0.0503496	-0.397456	-0.54503	-0.670594	-0.178037	0.676481	-0.246941	-0.382167	-0.618079	0.446631	-0.521965	-0.242724	-0.614226	-0.0366812	-0.749977	-0.295735	-0.614203	0.487196	-0.545835
-0.367102	-0.605445	0.41123	-0.574075	-0.403831	-0.539345	0.435164	-0.59721	-0.638156	0.262538	0.453599	-0.563984	0.0555163	0.410338	0.193171	-0.889509	-0.415056	-0.339722	-0.257524	-0.80374	-0.733895	0.0436384	-0.395929	-0.550212	-0.674166	-0.181011	0.671154	-0.249575	-0.385536	-0.621849	0.443298	-0.517834	-0.236674	-0.602445	-0.0272945	-0.761774	-0.286272	-0.58858	0.48343	-0.581306
-0.364692	-0.605894	0.411178	-0.575173	-0.403963	-0.539324	0.435335	-0.597014	-0.638156	0.262538	0.453599	-0.563984	0.0555215	0.410398	0.19317	-0.889481	-0.415161	-0.340385	-0.257008	-0.803571	-0.732836	0.0412235	-0.395266	-0.552283	-0.676291	-0.182778	0.667985	-0.251036	-0.388024	-0.623957	0.441377	-0.515074	-0.233154	-0.597793	-0.0249296	-0.766591	-0.285175	-0.575701	0.483405	-0.594612
-0.362683	-0.606094	0.410616	-0.576634	-0.403879	-0.539631	0.435491	-0.596681	-0.638232	0.262623	0.453765	-0.563725	0.0554461	0.410527	0.193439	-0.889368	-0.415414	-0.341146	-0.256354	-0.803327	-0.73204	0.0391889	-0.394761	-0.553846	-0.678586	-0.185794	0.663719	-0.253927	-0.390626	-0.62633	0.439222	-0.51206	-0.230083	-0.594582	-0.0229503	-0.77007	-0.283379	-0.56495	0.48195	-0.606838
-0.361302	-0.606085	0.409858	-0.578047	-0.403399	-0.540797	0.435429	-0.595994	-0.638456	0.262832	0.454145	-0.563067	0.0552062	0.410787	0.193406	-0.88927	-0.415811	-0.341836	-0.255785	-0.803009	-0.731592	0.0362765	-0.394077	-0.555122	-0.683612	-0.193632	0.653706	-0.260479	-0.394928	-0.632821	0.4324	-0.506556	-0.229131	-0.591437	-0.0189493	-0.772879	-0.279175	-0.557838	0.476822	-0.619289
-0.359608	-0.60605	0.407742	-0.580631	-0.403054	-0.541641	0.435075	-0.59572	-0.638456	0.262832	0.454145	-0.563067	0.055065	0.411282	0.194011	-0.888918	-0.417002	-0.342255	-0.254758	-0.802539	-0.731963	0.0359004	-0.393379	-0.555153	-0.686005	-0.198212	0.648548	-0.263618	-0.397732	-0.636135	0.428876	-0.503196	-0.229337	-0.589322	-0.00963495	-0.774604	-0.274691	-0.54681	0.472069	-0.634582
-0.36072	-0.605982	0.404125	-0.582537	-0.40314	-0.542781	0.43422	-0.595248	-0.638503	0.262829	0.454398	-0.562812	0.0554158	0.411297	0.193602	-0.888978	-0.418859	-0.34153	-0.253707	-0.802214	-0.733933	0.0366193	-0.392183	-0.553347	-0.692772	-0.205648	0.637087	-0.268135	-0.403995	-0.643545	0.421073	-0.495313	-0.233139	-0.597431	0.00514538	-0.767265	-0.278634	-0.538491	0.479965	-0.634054
-0.363367	-0.607576	0.400599	-0.581666	-0.40445	-0.542892	0.432454	-0.595543	-0.638474	0.264065	0.453733	-0.562802	0.0556673	0.411542	0.192203	-0.889153	-0.422504	-0.339936	-0.253133	-0.80116	-0.737223	0.039222	-0.390927	-0.549672	-0.701651	-0.211568	0.623747	-0.27178	-0.409322	-0.653164	0.411542	-0.486277	-0.228988	-0.608637	0.00778178	-0.759648	-0.297079	-0.536499	0.511654	-0.601767
-0.366417	-0.608604	0.400349	-0.578844	-0.405719	-0.542644	0.431519	-0.595585	-0.638592	0.265494	0.45306	-0.562539	0.0556022	0.41169	0.191661	-0.889205	-0.424821	-0.338981	-0.25314	-0.800337	-0.739349	0.0404641	-0.390408	-0.54709	-0.706455	-0.21404	0.616633	-0.273625	-0.411306	-0.659007	0.406312	-0.48109	-0.23027	-0.613225	0.00966867	-0.755538	-0.301174	-0.545044	0.520055	-0.584606
-0.36956	-0.610872	0.402064	-0.573241	-0.407227	-0.542178	0.430768	-0.595524	-0.638592	0.265494	0.45306	-0.562539	0.0552687	0.411862	0.191858	-0.889104	-0.427163	-0.338423	-0.253508	-0.799209	-0.74137	0.0410395	-0.390319	-0.544368	-0.711811	-0.21478	0.609418	-0.275325	-0.412929	-0.66564	0.401214	-0.474805	-0.233185	-0.61741	0.013103	-0.751172	-0.30192	-0.556953	0.517497	-0.575191
-0.374972	-0.612228	0.405481	-0.565825	-0.408382	-0.541777	0.42995	-0.595689	-0.639281	0.264673	0.454003	-0.561381	0.0546353	0.41214	0.193086	-0.888748	-0.429392	-0.338405	-0.254221	-0.797794	-0.74326	0.0410134	-0.390438	-0.541702	-0.71757	-0.212098	0.602756	-0.277115	-0.416755	-0.670704	0.398353	-0.466675	-0.232364	-0.623805	0.0128854	-0.746129	-0.302388	-0.569884	0.513375	-0.565897
-0.387643	-0.613595	0.410221	-0.552226	-0.410799	-0.542024	0.429381	-0.59421	-0.641057	0.260827	0.457695	-0.558149	0.0521075	0.412877	0.199459	-0.887149	-0.433026	-0.340411	-0.254983	-0.794728	-0.746768	0.0383161	-0.391255	-0.536459	-0.729414	-0.206014	0.587196	-0.284102	-0.428557	-0.677463	0.39148	-0.451803	-0.228234	-0.634604	0.00407503	-0.738356	-0.305568	-0.59221	0.508479	-0.545312
-0.39002	-0.616253	0.408663	-0.548736	-0.411381	-0.544306	0.429621	-0.591542	-0.642937	0.256299	0.461081	-0.55529	0.0500159	0.41304	0.205715	-0.885764	-0.434118	-0.343852	-0.254564	-0.792783	-0.748003	0.0346679	-0.392407	-0.534141	-0.735037	-0.20744	0.578295	-0.286816	-0.436471	-0.679892	0.384954	-0.446152	-0.229787	-0.638528	0.00395837	-0.734482	-0.308996	-0.601626	0.503577	-0.537566
-0.395942	-0.620976	0.407315	-0.540105	-0.412317	-0.550321	0.431061	-0.584233	-0.649343	0.240928	0.470482	-0.546767	0.0421164	0.412672	0.225272	-0.881578	-0.434029	-0.356282	-0.251656	-0.788258	-0.74866	0.0216262	-0.39712	-0.530411	-0.746716	-0.206372	0.561809	-0.290165	-0.459627	-0.678699	0.368788	-0.4383	-0.225846	-0.654389	0.000632985	-0.721643	-0.32176	-0.615163	0.492522	-0.52485
-0.405692	-0.622877	0.405448	-0.532025	-0.414332	-0.55461	0.429328	-0.580012	-0.655474	0.227526	0.475525	-0.540797	0.0336027	0.409803	0.241475	-0.878989	-0.433805	-0.367421	-0.246798	-0.784797	-0.748107	0.00714149	-0.399952	-0.529456	-0.758054	-0.193489	0.548623	-0.294837	-0.483904	-0.669765	0.355745	-0.436689	-0.216341	-0.673517	-0.00685956	-0.706771	-0.336185	-0.623733	0.481051	-0.516262
-0.410836	-0.622941	0.406201	-0.527407	-0.41483	-0.555834	0.429341	-0.578473	-0.657665	0.224684	0.47452	-0.540208	0.0311997	0.407633	0.24385	-0.879431	-0.434513	-0.369768	-0.245089	-0.783838	-0.747854	0.00164964	-0.40001	-0.529815	-0.762478	-0.183289	0.544247	-0.298041	-0.492144	-0.664351	0.35286	-0.438088	-0.209613	-0.682799	-0.0092493	-0.69983	-0.347583	-0.623085	0.480472	-0.509997
-0.41588	-0.625095	0.40725	-0.520045	-0.415975	-0.558725	0.42928	-0.574901	-0.65898	0.223231	0.472365	-0.541096	0.0311671	0.402141	0.243869	-0.881952	-0.434852	-0.370027	-0.242665	-0.784281	-0.746873	-0.00130323	-0.399324	-0.531714	-0.768009	-0.155244	0.54459	-0.299137	-0.503059	-0.652029	0.371672	-0.428544	-0.204258	-0.70016	-0.00641118	-0.684115	-0.36943	-0.619497	0.480154	-0.499196
-0.417482	-0.629472	0.404931	-0.515271	-0.417195	-0.563204	0.428776	-0.57	-0.662417	0.215627	0.467623	-0.544093	0.0305295	0.396235	0.24763	-0.883598	-0.431525	-0.373683	-0.243387	-0.784162	-0.74486	-0.00296727	-0.402544	-0.532102	-0.761454	-0.13506	0.560489	-0.296307	-0.479585	-0.65545	0.386607	-0.436942	-0.202419	-0.711074	-0.00786189	-0.673305	-0.384727	-0.618033	0.476218	-0.49319
-0.419685	-0.63277	0.400588	-0.512831	-0.419699	-0.565955	0.42736	-0.56649	-0.665727	0.211294	0.46443	-0.544488	0.0270052	0.391585	0.250097	-0.885089	-0.429898	-0.378903	-0.243355	-0.782559	-0.742316	-0.00537507	-0.407544	-0.531832	-0.746231	-0.12615	0.580978	-0.299483	-0.472961	-0.631071	0.431804	-0.437724	-0.191204	-0.720577	-0.0130133	-0.666364	-0.394944	-0.61674	0.46921	-0.493451
-0.421438	-0.634317	0.399373	-0.510424	-0.420462	-0.567107	0.426723	-0.565252	-0.665727	0.211294	0.46443	-0.544488	0.0248859	0.390276	0.24915	-0.885996	-0.429966	-0.381413	-0.243747	-0.781179	-0.741324	-0.00656121	-0.410046	-0.53128	-0.737456	-0.119811	0.592087	-0.302055	-0.437031	-0.626916	0.459725	-0.452363	-0.188755	-0.724823	-0.0121683	-0.662461	-0.399213	-0.615698	0.46541	-0.494913
-0.424927	-0.635113	0.399058	-0.506774	-0.422655	-0.568403	0.425777	-0.563023	-0.670278	0.212732	0.459523	-0.542505	0.0218645	0.389223	0.247082	-0.887118	-0.430355	-0.383259	-0.243899	-0.780013	-0.740998	-0.0080363	-0.413025	-0.529404	-0.717534	-0.108662	0.615983	-0.306434	-0.417076	-0.626634	0.471123	-0.459805	-0.190964	-0.731754	-0.00454339	-0.654254	-0.406026	-0.614616	0.457135	-0.498416
-0.424927	-0.635113	0.399058	-0.506774	-0.422655	-0.568403	0.425777	-0.563023	-0.670278	0.212732	0.459523	-0.542505	0.0218645	0.389223	0.247082	-0.887118	-0.43089	-0.384321	-0.244196	-0.779101	-0.740998	-0.0080363	-0.413025	-0.529404	-0.717534	-0.108662	0.615983	-0.306434	-0.417076	-0.626634	0.471123	-0.459805	-0.190964	-0.731754	-0.00454339	-0.654254	-0.406026	-0.614616	0.457135	-0.498416
-0.426545	-0.634994	0.399391	-0.505301	-0.42363	-0.568859	0.425685	-0.561898	-0.671234	0.213054	0.458741	-0.541857	0.0208683	0.388842	0.246573	-0.887451	-0.43089	-0.384321	-0.244196	-0.779101	-0.741384	-0.00831452	-0.413572	-0.528431	-0.706293	-0.106394	0.628087	-0.308769	-0.376709	-0.627533	0.487231	-0.476339	-0.19099	-0.733776	-0.00143012	-0.651992	-0.40631	-0.615945	0.451318	-0.501833
-0.426422	-0.634664	0.399742	-0.505541	-0.42498	-0.569427	0.425936	-0.56011	-0.67282	0.212353	0.457832	-0.540934	0.0189479	0.387992	0.247171	-0.887699	-0.431713	-0.385542	-0.244507	-0.777945	-0.742289	-0.00863575	-0.414457	-0.526458	-0.681521	-0.11402	0.649689	-0.316911	-0.361783	-0.623658	0.49725	-0.482604	-0.190922	-0.736399	0.000356263	-0.64905	-0.402645	-0.621402	0.438414	-0.50944
-0.426422	-0.634664	0.399742	-0.505541	-0.42498	-0.569427	0.425936	-0.56011	-0.67282	0.212353	0.457832	-0.540934	0.0189479	0.387992	0.247171	-0.887699	-0.432345	-0.385853	-0.244269	-0.777514	-0.742289	-0.00863575	-0.414457	-0.526458	-0.681521	-0.11402	0.649689	-0.316911	-0.361783	-0.623658	0.49725	-0.482604	-0.190922	-0.736399	0.000356263	-0.64905	-0.402645	-0.621402	0.438414	-0.50944
-0.42562	-0.63392	0.40037	-0.506652	-0.425659	-0.569358	0.426211	-0.559455	-0.673239	0.211778	0.457272	-0.541112	0.0186691	0.38726	0.247485	-0.887937	-0.433028	-0.385874	-0.244496	-0.777052	-0.742629	-0.00833227	-0.414691	-0.525798	-0.66929	-0.122956	0.657561	-0.323338	-0.338292	-0.616978	0.509878	-0.494895	-0.188645	-0.737128	-0.0019826	-0.648885	-0.402654	-0.623144	0.435249	-0.510018
-0.423679	-0.632915	0.401938	-0.508291	-0.425736	-0.568757	0.426817	-0.559546	-0.672936	0.211413	0.456263	-0.542481	0.0198691	0.385883	0.247174	-0.888597	-0.433142	-0.386369	-0.245561	-0.776406	-0.742881	-0.00785694	-0.415402	-0.524888	-0.648961	-0.133284	0.675635	-0.323423	-0.327532	-0.615172	0.509269	-0.504907	-0.18757	-0.738247	-0.00448737	-0.647912	-0.402209	-0.626952	0.431366	-0.509001
-0.419649	-0.629299	0.402797	-0.515394	-0.424216	-0.567358	0.427247	-0.561788	-0.670345	0.211583	0.456493	-0.545422	0.0228123	0.385822	0.246367	-0.888777	-0.432206	-0.386724	-0.24535	-0.776818	-0.742259	-0.00848423	-0.415756	-0.525476	-0.637483	-0.145255	0.687423	-0.316172	-0.328462	-0.60002	0.515565	-0.516024	-0.186996	-0.740207	-0.0058379	-0.645827	-0.40071	-0.631523	0.427609	-0.507701
-0.417706	-0.623268	0.408184	-0.520043	-0.421556	-0.564075	0.427778	-0.566671	-0.665029	0.214133	0.458328	-0.54938	0.0287435	0.388046	0.243829	-0.888337	-0.429884	-0.383958	-0.246372	-0.779151	-0.742008	-0.00782404	-0.412177	-0.528653	-0.635946	-0.147366	0.697468	-0.295626	-0.340286	-0.588132	0.511614	-0.525887	-0.184909	-0.741503	-0.00698419	-0.644929	-0.399502	-0.63611	0.427241	-0.503218
-0.415753	-0.619909	0.411654	-0.522879	-0.419658	-0.562433	0.428996	-0.568787	-0.66145	0.21582	0.459772	-0.551829	0.0329965	0.389646	0.242232	-0.887925	-0.428366	-0.381393	-0.246094	-0.781332	-0.742124	-0.00673898	-0.409195	-0.530816	-0.637445	-0.146423	0.701287	-0.283585	-0.357215	-0.579431	0.514502	-0.521483	-0.185049	-0.741771	-0.00978572	-0.644544	-0.397213	-0.639837	0.428205	-0.499471
-0.409982	-0.616286	0.41725	-0.527265	-0.414967	-0.559679	0.433193	-0.571756	-0.654071	0.218661	0.463555	-0.556323	0.0420632	0.393411	0.239778	-0.886547	-0.424232	-0.376538	-0.244387	-0.786462	-0.741836	-0.00515022	-0.403124	-0.535858	-0.644389	-0.129528	0.709768	-0.253407	-0.352657	-0.588385	0.490642	-0.537313	-0.193144	-0.740048	-0.0188565	-0.643948	-0.394062	-0.646831	0.438834	-0.483477
-0.407704	-0.614402	0.418554	-0.530189	-0.412592	-0.5586	0.435819	-0.572534	-0.65107	0.220032	0.465569	-0.557619	0.0451991	0.395767	0.238733	-0.885625	-0.422555	-0.374634	-0.242301	-0.788915	-0.741819	-0.00482502	-0.400165	-0.538097	-0.642376	-0.129927	0.712096	-0.251778	-0.361361	-0.583467	0.494315	-0.533514	-0.20463	-0.738171	-0.0230683	-0.642416	-0.392324	-0.651685	0.445044	-0.472572
-0.405998	-0.611622	0.420153	-0.533438	-0.410909	-0.556921	0.438842	-0.573071	-0.648582	0.222406	0.467066	-0.558325	0.0472239	0.398499	0.237055	-0.884745	-0.422555	-0.374634	-0.242301	-0.788915	-0.742298	-0.00500817	-0.397114	-0.539693	-0.638923	-0.137048	0.711674	-0.257906	-0.358297	-0.586309	0.488004	-0.538254	-0.219426	-0.734602	-0.0250921	-0.641547	-0.394535	-0.655638	0.45258	-0.457878
-0.402388	-0.611027	0.420878	-0.536276	-0.409723	-0.554582	0.441842	-0.573883	-0.646909	0.225775	0.46842	-0.557778	0.0483076	0.401639	0.234817	-0.883863	-0.423728	-0.370691	-0.236497	-0.791904	-0.743106	-0.00534855	-0.394146	-0.540752	-0.637944	-0.1417	0.710042	-0.262276	-0.354039	-0.59064	0.480663	-0.542921	-0.230098	-0.730446	-0.029712	-0.642356	-0.397292	-0.659427	0.459585	-0.442828
-0.395471	-0.611267	0.420993	-0.541036	-0.409098	-0.54909	0.446942	-0.575658	-0.645497	0.233358	0.471803	-0.553425	0.0481713	0.409177	0.230477	-0.881552	-0.425907	-0.369198	-0.233481	-0.792327	-0.745829	-0.00727813	-0.388757	-0.540883	-0.638723	-0.146581	0.707164	-0.265454	-0.354466	-0.593117	0.476291	-0.543795	-0.234048	-0.72646	-0.0394259	-0.644921	-0.390579	-0.67101	0.462441	-0.428185
-0.394623	-0.609595	0.422132	-0.542652	-0.410911	-0.542271	0.4518	-0.577036	-0.646077	0.24082	0.475195	-0.546608	0.0467636	0.41324	0.228826	-0.880162	-0.432331	-0.367187	-0.227837	-0.791426	-0.750152	-0.00987327	-0.383606	-0.538537	-0.639493	-0.147857	0.705969	-0.266072	-0.357535	-0.594186	0.475308	-0.541474	-0.240507	-0.714896	-0.0481269	-0.654801	-0.377234	-0.679152	0.455512	-0.434689
-0.392054	-0.601411	0.425073	-0.551282	-0.41393	-0.534731	0.455558	-0.578958	-0.64798	0.246976	0.476944	-0.540046	0.0399184	0.422921	0.224258	-0.877071	-0.443179	-0.363248	-0.221948	-0.788912	-0.754849	-0.0108545	-0.378901	-0.535274	-0.642961	-0.147022	0.705424	-0.259543	-0.363203	-0.594151	0.475908	-0.537197	-0.244251	-0.688499	-0.0439367	-0.681455	-0.34186	-0.682089	0.44668	-0.467293
-0.390292	-0.59899	0.425424	-0.554886	-0.415668	-0.531331	0.456808	-0.579856	-0.64917	0.250014	0.476654	-0.537468	0.0374934	0.424814	0.222195	-0.876788	-0.446551	-0.361559	-0.221069	-0.788032	-0.75725	-0.0107342	-0.37679	-0.533373	-0.644501	-0.146678	0.705209	-0.256483	-0.366195	-0.594272	0.475677	-0.535232	-0.242562	-0.678913	-0.0434518	-0.691631	-0.337062	-0.675046	0.452113	-0.475706
-0.387671	-0.597202	0.425948	-0.558238	-0.417234	-0.528308	0.45785	-0.580672	-0.650453	0.252901	0.47583	-0.535292	0.0351401	0.426202	0.219874	-0.876796	-0.446551	-0.361559	-0.221069	-0.788032	-0.759408	-0.0100326	-0.375272	-0.531385	-0.645938	-0.147463	0.704546	-0.254232	-0.369076	-0.594691	0.474706	-0.533648	-0.242562	-0.678913	-0.0434518	-0.691631	-0.332522	-0.666401	0.458808	-0.484596
-0.38508	-0.595809	0.427125	-0.560615	-0.418551	-0.525573	0.45874	-0.581503	-0.651665	0.255512	0.474807	-0.533484	0.0328455	0.427323	0.217393	-0.876959	-0.452128	-0.358888	-0.219488	-0.786515	-0.76125	-0.00879061	-0.374518	-0.529299	-0.647308	-0.149547	0.703041	-0.253695	-0.371808	-0.595304	0.47338	-0.532244	-0.239979	-0.66106	-0.0384267	-0.709883	-0.327163	-0.657479	0.464624	-0.494782
-0.381328	-0.593181	0.429843	-0.563879	-0.420697	-0.520768	0.46028	-0.583058	-0.653602	0.259869	0.473159	-0.530465	0.0283158	0.429537	0.213109	-0.877087	-0.45572	-0.356611	-0.219251	-0.785543	-0.764575	-0.00606634	-0.373844	-0.525005	-0.650863	-0.153381	0.698976	-0.253543	-0.376784	-0.59735	0.47085	-0.528685	-0.238433	-0.645217	-0.0282655	-0.72529	-0.310881	-0.642024	0.468722	-0.521016
-0.375839	-0.590837	0.431809	-0.568505	-0.422304	-0.515514	0.462226	-0.585023	-0.653991	0.265193	0.472669	-0.527781	0.025329	0.433189	0.208125	-0.876578	-0.458043	-0.354156	-0.218902	-0.785399	-0.767782	-0.00186772	-0.372569	-0.521248	-0.658377	-0.155301	0.693128	-0.248988	-0.385446	-0.600719	0.466419	-0.522515	-0.231452	-0.631505	-0.0241974	-0.739625	-0.291536	-0.614767	0.469441	-0.562755
-0.373797	-0.591113	0.431619	-0.569706	-0.42223	-0.514341	0.462757	-0.585688	-0.653702	0.266758	0.472887	-0.527154	0.0251721	0.434238	0.206965	-0.876338	-0.459682	-0.351953	-0.219113	-0.785374	-0.768384	-0.00108923	-0.371749	-0.520949	-0.661829	-0.155172	0.69055	-0.247074	-0.388285	-0.602276	0.464389	-0.520425	-0.220132	-0.622092	-0.0253438	-0.750933	-0.28662	-0.605898	0.469028	-0.575109
-0.370216	-0.592566	0.430907	-0.571074	-0.421562	-0.512559	0.463256	-0.587335	-0.652642	0.269235	0.473519	-0.52664	0.0255519	0.436443	0.205021	-0.875689	-0.461082	-0.348922	-0.218113	-0.786183	-0.769444	0.000392209	-0.368996	-0.521342	-0.66846	-0.157616	0.683613	-0.246966	-0.392454	-0.607074	0.458388	-0.517031	-0.214611	-0.616905	-0.0216808	-0.756902	-0.280443	-0.589916	0.468903	-0.594542
-0.369091	-0.593548	0.43005	-0.571427	-0.420754	-0.51133	0.463113	-0.589096	-0.651273	0.271424	0.47407	-0.526716	0.025878	0.437516	0.20409	-0.875361	-0.461541	-0.347334	-0.217717	-0.786726	-0.770616	0.00174478	-0.365882	-0.521803	-0.67402	-0.163771	0.675608	-0.249861	-0.397192	-0.612275	0.451906	-0.512971	-0.213271	-0.616793	-0.0179431	-0.75747	-0.277989	-0.58404	0.465363	-0.604199
-0.367607	-0.595727	0.426547	-0.57274	-0.420538	-0.510754	0.462493	-0.590235	-0.650549	0.272892	0.474211	-0.526726	0.02608	0.439647	0.201885	-0.874799	-0.462665	-0.344789	-0.217085	-0.78736	-0.771274	0.00239852	-0.364642	-0.521696	-0.677874	-0.166563	0.670487	-0.251378	-0.399261	-0.615695	0.447952	-0.510734	-0.209142	-0.617931	-0.0124137	-0.757804	-0.274623	-0.576506	0.454085	-0.621313
-0.367033	-0.597356	0.4246	-0.572859	-0.420635	-0.510017	0.461704	-0.591421	-0.649883	0.274704	0.474189	-0.526626	0.0262541	0.44079	0.200222	-0.874601	-0.463454	-0.343705	-0.216626	-0.787496	-0.772052	0.00320561	-0.363565	-0.521293	-0.682631	-0.16834	0.66479	-0.252452	-0.402543	-0.618583	0.444748	-0.507458	-0.206037	-0.621129	-0.0118813	-0.756046	-0.275624	-0.574217	0.450842	-0.625338
-0.366949	-0.599381	0.422332	-0.572474	-0.420873	-0.50932	0.461022	-0.592383	-0.649334	0.276793	0.473987	-0.526392	0.0265607	0.441939	0.1983	-0.874449	-0.464543	-0.342695	-0.216284	-0.787389	-0.77295	0.00400381	-0.362739	-0.52053	-0.687138	-0.169681	0.659658	-0.252786	-0.406674	-0.621116	0.442108	-0.50336	-0.20284	-0.625367	-0.0117048	-0.753416	-0.276908	-0.574036	0.447335	-0.627453
-0.369689	-0.603951	0.418339	-0.568828	-0.421617	-0.507359	0.459805	-0.594479	-0.648826	0.279185	0.473559	-0.526139	0.0264181	0.444626	0.193415	-0.874186	-0.468283	-0.340591	-0.215666	-0.786255	-0.775384	0.00578554	-0.361433	-0.517796	-0.691829	-0.171179	0.654087	-0.253458	-0.412686	-0.628992	0.43478	-0.495	-0.19507	-0.635124	-0.0131197	-0.747257	-0.285127	-0.580312	0.447023	-0.618151
-0.373819	-0.605539	0.418601	-0.564229	-0.422051	-0.506074	0.459368	-0.595603	-0.647899	0.284777	0.473352	-0.524468	0.0262316	0.446318	0.191407	-0.873771	-0.470749	-0.339433	-0.214877	-0.785499	-0.776949	0.00643067	-0.360695	-0.515953	-0.691829	-0.171179	0.654087	-0.253458	-0.415468	-0.633493	0.431342	-0.489915	-0.191391	-0.640435	-0.0137979	-0.743654	-0.289261	-0.587988	0.447271	-0.608726
-0.373819	-0.605539	0.418601	-0.564229	-0.421444	-0.505948	0.459732	-0.595859	-0.647573	0.285956	0.474733	-0.52298	0.0262316	0.446318	0.191407	-0.873771	-0.470749	-0.339433	-0.214877	-0.785499	-0.778751	0.00673472	-0.359766	-0.513877	-0.704278	-0.179514	0.634282	-0.263539	-0.419288	-0.637231	0.429397	-0.483479	-0.191391	-0.640435	-0.0137979	-0.743654	-0.289261	-0.587988	0.447271	-0.608726
-0.387336	-0.605753	0.424669	-0.550173	-0.419985	-0.507096	0.460648	-0.595205	-0.647358	0.284593	0.477705	-0.52128	0.0267641	0.449463	0.194044	-0.871558	-0.475353	-0.337629	-0.212734	-0.784086	-0.780921	0.00614859	-0.358255	-0.511642	-0.709545	-0.179819	0.627205	-0.266131	-0.425328	-0.639393	0.429379	-0.475296	-0.183789	-0.650727	-0.0132413	-0.736615	-0.292729	-0.603076	0.437133	-0.599603
-0.393932	-0.603474	0.425567	-0.547292	-0.418102	-0.509003	0.461805	-0.594005	-0.647194	0.280302	0.481502	-0.520314	0.0272396	0.449899	0.199712	-0.870037	-0.478883	-0.336226	-0.209311	-0.783462	-0.783026	0.00471151	-0.356596	-0.509596	-0.716269	-0.177759	0.619793	-0.266864	-0.431845	-0.64121	0.429634	-0.466663	-0.178705	-0.656903	-0.015581	-0.732325	-0.294281	-0.609979	0.431628	-0.595837
-0.399172	-0.600105	0.42019	-0.55134	-0.41614	-0.512423	0.461607	-0.592596	-0.645176	0.268071	0.488556	-0.522685	0.0301535	0.447382	0.213696	-0.867914	-0.488342	-0.333088	-0.203089	-0.780596	-0.785577	0.00182486	-0.353195	-0.508053	-0.7271	-0.174174	0.607191	-0.268902	-0.446786	-0.642669	0.428743	-0.451152	-0.169586	-0.66731	-0.0234884	-0.724835	-0.299009	-0.621177	0.421055	-0.589445
-0.398382	-0.600564	0.419495	-0.551941	-0.415991	-0.513323	0.460414	-0.592849	-0.643637	0.261256	0.490523	-0.526179	0.0331572	0.444131	0.220022	-0.867893	-0.491553	-0.332303	-0.202884	-0.778966	-0.785527	0.000873034	-0.352249	-0.50879	-0.730653	-0.174166	0.602732	-0.269308	-0.454092	-0.642715	0.425952	-0.44641	-0.163375	-0.672961	-0.0257487	-0.72095	-0.302435	-0.624568	0.417434	-0.586683
-0.398382	-0.600564	0.419495	-0.551941	-0.415987	-0.514202	0.459912	-0.59248	-0.642476	0.254501	0.49073	-0.530696	0.0331572	0.444131	0.220022	-0.867893	-0.491553	-0.332303	-0.202884	-0.778966	-0.784785	-0.000302033	-0.35228	-0.509913	-0.733576	-0.176236	0.599253	-0.267775	-0.4636	-0.640049	0.424055	-0.442256	-0.163375	-0.672961	-0.0257487	-0.72095	-0.302435	-0.624568	0.417434	-0.586683
-0.399144	-0.600251	0.420202	-0.551192	-0.415987	-0.514202	0.459912	-0.59248	-0.64207	0.248837	0.489543	-0.534953	0.0397407	0.434521	0.229008	-0.870154	-0.49294	-0.33506	-0.207656	-0.775644	-0.7836	-0.00187486	-0.353432	-0.510933	-0.736423	-0.177075	0.597448	-0.263403	-0.474775	-0.635057	0.423318	-0.438285	-0.158036	-0.68176	-0.0227238	-0.713941	-0.308772	-0.629712	0.412494	-0.581353
-0.400836	-0.598806	0.42201	-0.550153	-0.417543	-0.517004	0.457971	-0.590447	-0.642731	0.244767	0.487078	-0.538276	0.0417173	0.429212	0.231374	-0.872068	-0.492426	-0.337642	-0.209636	-0.774317	-0.782057	-0.00347086	-0.355599	-0.511786	-0.739694	-0.174001	0.597334	-0.256454	-0.485852	-0.629425	0.422661	-0.434891	-0.158468	-0.686022	-0.0208165	-0.709809	-0.312916	-0.630949	0.413149	-0.577316
-0.400836	-0.598806	0.42201	-0.550153	-0.419517	-0.518371	0.456864	-0.588704	-0.644275	0.242346	0.483427	-0.54081	0.0417173	0.429212	0.231374	-0.872068	-0.492426	-0.337642	-0.209636	-0.774317	-0.780317	-0.00509915	-0.358626	-0.512316	-0.743141	-0.167491	0.5984	-0.248204	-0.495995	-0.62332	0.42292	-0.431973	-0.158468	-0.686022	-0.0208165	-0.709809	-0.312916	-0.630949	0.413149	-0.577316
-0.40427	-0.596886	0.426059	-0.546595	-0.42234	-0.519536	0.456077	-0.586263	-0.646558	0.241531	0.478945	-0.542436	0.0405519	0.419904	0.23058	-0.876852	-0.491044	-0.343171	-0.213141	-0.771804	-0.778417	-0.00604955	-0.362234	-0.512657	-0.746678	-0.158461	0.600011	-0.239477	-0.505567	-0.616309	0.424634	-0.429246	-0.163152	-0.695995	-0.00789692	-0.699221	-0.322611	-0.629332	0.417352	-0.570684
-0.412604	-0.5923	0.432687	-0.540111	-0.43055	-0.520084	0.454032	-0.581373	-0.652276	0.243444	0.469359	-0.543114	0.0356713	0.413226	0.225169	-0.88163	-0.488362	-0.349929	-0.219665	-0.768635	-0.774235	-0.00763029	-0.371467	-0.512361	-0.750034	-0.149428	0.601575	-0.230711	-0.522241	-0.603228	0.428715	-0.423773	-0.168639	-0.703674	0.0135184	-0.690088	-0.327999	-0.626572	0.416279	-0.571434
-0.416639	-0.591709	0.439351	-0.532225	-0.439963	-0.518874	0.450846	-0.577876	-0.659206	0.247044	0.460712	-0.540519	0.02921	0.408489	0.219444	-0.88551	-0.486575	-0.357951	-0.228236	-0.76356	-0.769571	-0.00978112	-0.381903	-0.511678	-0.756647	-0.134481	0.60353	-0.212489	-0.528326	-0.600495	0.426765	-0.422077	-0.181841	-0.706717	0.0323084	-0.682965	-0.335291	-0.62284	0.42136	-0.567544
-0.416566	-0.592654	0.441461	-0.529478	-0.44738	-0.518897	0.447319	-0.574894	-0.666142	0.247806	0.454837	-0.536629	0.02279	0.404199	0.218111	-0.887993	-0.485685	-0.36529	-0.233462	-0.759057	-0.765205	-0.0125402	-0.390822	-0.511432	-0.756889	-0.137164	0.603194	-0.210861	-0.52973	-0.600452	0.424746	-0.422415	-0.185186	-0.707273	0.0334926	-0.681431	-0.335181	-0.623145	0.423384	-0.565765
-0.416344	-0.592544	0.441848	-0.529452	-0.451414	-0.520126	0.445236	-0.572241	-0.671145	0.246428	0.451065	-0.534209	0.0173146	0.400754	0.218593	-0.889558	-0.48376	-0.372104	-0.236354	-0.756077	-0.761382	-0.0165881	-0.397037	-0.512235	-0.756786	-0.137598	0.604385	-0.207512	-0.530884	-0.599331	0.424459	-0.422846	-0.183978	-0.706289	0.0293325	-0.68297	-0.332184	-0.624046	0.423619	-0.566363
-0.41681	-0.591962	0.441287	-0.530205	-0.453777	-0.520522	0.443495	-0.571362	-0.673289	0.245477	0.448109	-0.534436	0.0145349	0.398281	0.217899	-0.890888	-0.481603	-0.376512	-0.238757	-0.754515	-0.758536	-0.0205889	-0.399098	-0.514704	-0.756971	-0.136892	0.605308	-0.204592	-0.531238	-0.598133	0.425054	-0.423499	-0.185106	-0.705949	0.0323104	-0.682882	-0.330391	-0.62304	0.423762	-0.568409
-0.417088	-0.59168	0.442039	-0.529673	-0.45412	-0.521037	0.442728	-0.571216	-0.673247	0.245304	0.44711	-0.535404	0.0147509	0.397367	0.217172	-0.891469	-0.48068	-0.37789	-0.239138	-0.754294	-0.757356	-0.0222532	-0.399301	-0.516213	-0.756862	-0.136548	0.606008	-0.203148	-0.530539	-0.598381	0.424921	-0.424159	-0.186301	-0.705216	0.0341888	-0.683223	-0.32906	-0.622783	0.4235	-0.569656
-0.414941	-0.592652	0.441582	-0.530653	-0.454175	-0.521754	0.441639	-0.57136	-0.671804	0.24571	0.446336	-0.537671	0.0172639	0.396518	0.215641	-0.892174	-0.47928	-0.379183	-0.238778	-0.75465	-0.75557	-0.0252739	-0.398783	-0.519084	-0.756002	-0.137754	0.607282	-0.201727	-0.528096	-0.599603	0.424131	-0.426268	-0.186947	-0.703161	0.0341345	-0.685164	-0.326609	-0.622493	0.424015	-0.570999
-0.414941	-0.592652	0.441582	-0.530653	-0.454175	-0.521754	0.441639	-0.57136	-0.671804	0.24571	0.446336	-0.537671	0.0172639	0.396518	0.215641	-0.892174	-0.47928	-0.379183	-0.238778	-0.75465	-0.754941	-0.0260289	-0.398157	-0.520441	-0.756002	-0.137754	0.607282	-0.201727	-0.527693	-0.599242	0.424546	-0.426861	-0.186947	-0.703161	0.0341345	-0.685164	-0.326609	-0.622493	0.424015	-0.570999
-0.413607	-0.592928	0.441053	-0.531825	-0.453438	-0.521995	0.442297	-0.571216	-0.670064	0.246488	0.446754	-0.539137	0.0194871	0.397017	0.214524	-0.892176	-0.477922	-0.379042	-0.23743	-0.756006	-0.754547	-0.0265311	-0.397279	-0.521655	-0.755279	-0.139562	0.608107	-0.200704	-0.527089	-0.599157	0.424711	-0.427562	-0.184952	-0.702718	0.0338943	-0.686171	-0.324314	-0.621933	0.423554	-0.573256
-0.413646	-0.59277	0.441383	-0.531697	-0.453058	-0.521491	0.443124	-0.571338	-0.669426	0.247192	0.447388	-0.539082	0.0200245	0.397879	0.214142	-0.891871	-0.477644	-0.378435	-0.236502	-0.756776	-0.754412	-0.026763	-0.396004	-0.522807	-0.754993	-0.139818	0.608744	-0.199669	-0.526185	-0.599523	0.424615	-0.428256	-0.185286	-0.702487	0.0355177	-0.686236	-0.324519	-0.621003	0.424436	-0.573496
-0.413442	-0.592729	0.441769	-0.53158	-0.452623	-0.520837	0.44415	-0.571481	-0.669154	0.248128	0.448081	-0.538413	0.0198879	0.399104	0.213665	-0.891441	-0.477672	-0.377439	-0.235581	-0.757542	-0.754526	-0.0267833	-0.394514	-0.523767	-0.754826	-0.139985	0.609181	-0.198849	-0.524942	-0.600202	0.424471	-0.428974	-0.185683	-0.702357	0.0371167	-0.686177	-0.324602	-0.620292	0.425057	-0.573758
-0.412563	-0.593097	0.442275	-0.531432	-0.452299	-0.519967	0.445199	-0.571715	-0.669129	0.249146	0.448987	-0.537218	0.0192807	0.400652	0.213342	-0.890837	-0.478096	-0.37621	-0.234464	-0.758233	-0.754837	-0.0266585	-0.392975	-0.524483	-0.754739	-0.140074	0.609442	-0.198314	-0.523912	-0.600645	0.424559	-0.429524	-0.185292	-0.702509	0.0377838	-0.686091	-0.324687	-0.619725	0.425577	-0.573936
-0.411353	-0.59344	0.442629	-0.531693	-0.452091	-0.518875	0.44646	-0.571888	-0.669284	0.250182	0.450018	-0.535679	0.0183929	0.402368	0.213191	-0.890119	-0.478799	-0.375052	-0.233497	-0.758661	-0.755293	-0.026516	-0.391505	-0.524931	-0.754359	-0.140553	0.609898	-0.19802	-0.522726	-0.601319	0.424363	-0.43022	-0.1846	-0.702607	0.0380566	-0.686162	-0.324675	-0.619314	0.425911	-0.574139
-0.409865	-0.593258	0.443426	-0.53238	-0.45184	-0.516438	0.449214	-0.572136	-0.669594	0.252841	0.451978	-0.532383	0.0162783	0.406211	0.212321	-0.888621	-0.480785	-0.373219	-0.231632	-0.758881	-0.756561	-0.0263613	-0.389303	-0.524751	-0.753874	-0.141685	0.610463	-0.197319	-0.521958	-0.601673	0.424662	-0.430362	-0.183139	-0.702491	0.037953	-0.686677	-0.324486	-0.618879	0.426166	-0.574526
-0.409374	-0.593007	0.443813	-0.532716	-0.451899	-0.515064	0.450639	-0.572207	-0.669713	0.254434	0.452803	-0.53077	0.015235	0.40812	0.211547	-0.88795	-0.482003	-0.372355	-0.230553	-0.758861	-0.758472	-0.02615	-0.387391	-0.523416	-0.75378	-0.142247	0.610488	-0.197196	-0.521372	-0.602183	0.424724	-0.430299	-0.182741	-0.702563	0.038212	-0.686695	-0.324553	-0.618765	0.426504	-0.57436
-0.40895	-0.591968	0.445142	-0.533087	-0.452162	-0.512235	0.453379	-0.572374	-0.66976	0.258037	0.454225	-0.527749	0.0135306	0.411865	0.209446	-0.886745	-0.484956	-0.370836	-0.228213	-0.75843	-0.759623	-0.0261798	-0.38643	-0.522456	-0.754006	-0.142268	0.61045	-0.196431	-0.521413	-0.602233	0.424848	-0.430055	-0.182775	-0.702806	0.0398364	-0.686345	-0.32483	-0.618644	0.42705	-0.573928
-0.409115	-0.590988	0.445886	-0.533426	-0.452333	-0.510886	0.454687	-0.572408	-0.669818	0.259738	0.454812	-0.526334	0.0126662	0.413626	0.208348	-0.886197	-0.486403	-0.370173	-0.227057	-0.758175	-0.762344	-0.0264002	-0.38424	-0.520092	-0.754246	-0.141735	0.610516	-0.19569	-0.522437	-0.601662	0.425628	-0.428839	-0.182531	-0.703169	0.0404853	-0.686	-0.324965	-0.618666	0.427134	-0.573765
-0.4094	-0.588907	0.447217	-0.534394	-0.45298	-0.508211	0.457062	-0.572385	-0.670122	0.262978	0.455774	-0.523497	0.0104836	0.416796	0.206359	-0.885204	-0.489326	-0.368698	-0.224703	-0.757714	-0.763703	-0.0263325	-0.383187	-0.518875	-0.754466	-0.141208	0.610578	-0.195026	-0.52287	-0.601464	0.425864	-0.428354	-0.182386	-0.703796	0.0419107	-0.68531	-0.325597	-0.618719	0.42769	-0.572934
-0.409767	-0.587817	0.447987	-0.534668	-0.453361	-0.506918	0.458094	-0.572405	-0.670402	0.264348	0.456062	-0.522196	0.00941387	0.418188	0.205346	-0.884796	-0.490621	-0.368087	-0.223897	-0.757412	-0.765005	-0.0263677	-0.382264	-0.517635	-0.754962	-0.140166	0.610549	-0.193947	-0.523579	-0.601205	0.426002	-0.427716	-0.182598	-0.704241	0.04303	-0.684727	-0.326161	-0.618573	0.428133	-0.572441
-0.410739	-0.585624	0.449234	-0.535282	-0.453936	-0.504712	0.459856	-0.572486	-0.671149	0.267098	0.456361	-0.519569	0.00701021	0.42063	0.203294	-0.884134	-0.493088	-0.367025	-0.222469	-0.756746	-0.76719	-0.0261785	-0.380912	-0.515403	-0.755308	-0.139346	0.610623	-0.192957	-0.523767	-0.601148	0.426069	-0.427499	-0.183136	-0.704791	0.0449073	-0.683896	-0.326917	-0.618447	0.428721	-0.571706
-0.411156	-0.584865	0.449762	-0.535349	-0.454397	-0.503514	0.46067	-0.572522	-0.67154	0.268494	0.456344	-0.518359	0.00564859	0.421716	0.202073	-0.883906	-0.494119	-0.366586	-0.222126	-0.756387	-0.768008	-0.0259007	-0.380623	-0.514411	-0.755436	-0.138908	0.610615	-0.192794	-0.524517	-0.600565	0.426674	-0.426794	-0.183369	-0.704926	0.0452911	-0.683669	-0.327027	-0.618526	0.428886	-0.571433
-0.411803	-0.58387	0.450342	-0.53545	-0.454546	-0.502349	0.461986	-0.572366	-0.672263	0.270811	0.456095	-0.516431	0.00445814	0.422629	0.20078	-0.883772	-0.495698	-0.365789	-0.221289	-0.755985	-0.769183	-0.0251415	-0.38055	-0.512745	-0.755625	-0.138414	0.610511	-0.19274	-0.524856	-0.600253	0.426997	-0.426492	-0.183551	-0.705073	0.0455761	-0.68345	-0.326912	-0.61869	0.428819	-0.571372
-0.412113	-0.583418	0.450474	-0.535592	-0.454629	-0.502013	0.462209	-0.572414	-0.672495	0.27153	0.455914	-0.515912	0.00236188	0.424243	0.198237	-0.88358	-0.496197	-0.365409	-0.221069	-0.755906	-0.76955	-0.0247222	-0.380626	-0.512158	-0.755556	-0.137424	0.610793	-0.192824	-0.524964	-0.600077	0.42716	-0.426443	-0.183648	-0.705109	0.0456898	-0.68338	-0.325966	-0.619103	0.427814	-0.572217
-0.412584	-0.582899	0.450804	-0.535517	-0.454844	-0.50164	0.461985	-0.572752	-0.672516	0.272105	0.455681	-0.515786	0.00152667	0.424724	0.197299	-0.883561	-0.496316	-0.365192	-0.221394	-0.755837	-0.769808	-0.0243417	-0.380753	-0.511693	-0.755513	-0.137188	0.610818	-0.19308	-0.524935	-0.600063	0.427103	-0.426557	-0.18397	-0.704932	0.045788	-0.683469	-0.325388	-0.619241	0.427232	-0.572831
-0.413058	-0.582456	0.451221	-0.535283	-0.455001	-0.501141	0.461338	-0.573584	-0.672034	0.273048	0.455325	-0.516231	0.00130151	0.425	0.19666	-0.883571	-0.496163	-0.364974	-0.221728	-0.755946	-0.769795	-0.0234372	-0.381068	-0.51152	-0.7556	-0.136335	0.610961	-0.192891	-0.525419	-0.599515	0.427269	-0.426565	-0.184564	-0.704622	0.0461885	-0.683601	-0.3243	-0.619382	0.426089	-0.574146
-0.413058	-0.582456	0.451221	-0.535283	-0.455001	-0.501141	0.461338	-0.573584	-0.672034	0.273048	0.455325	-0.516231	0.0016441	0.425105	0.196194	-0.883624	-0.495863	-0.364774	-0.221949	-0.756174	-0.769795	-0.0234372	-0.381068	-0.51152	-0.7556	-0.136335	0.610961	-0.192891	-0.525419	-0.599515	0.427269	-0.426565	-0.184564	-0.704622	0.0461885	-0.683601	-0.3243	-0.619382	0.426089	-0.574146
-0.413643	-0.58198	0.451194	-0.535372	-0.454791	-0.501035	0.460979	-0.574132	-0.67113	0.273565	0.455182	-0.517259	0.00240575	0.425049	0.19571	-0.883756	-0.495383	-0.36454	-0.22231	-0.756495	-0.769256	-0.0226888	-0.381364	-0.512145	-0.75573	-0.135589	0.610996	-0.192802	-0.525962	-0.598814	0.427571	-0.426578	-0.185329	-0.704397	0.0466926	-0.683592	-0.322147	-0.620045	0.423834	-0.576307
-0.413741	-0.58193	0.451053	-0.535469	-0.454582	-0.501106	0.460486	-0.574631	-0.670734	0.273778	0.455157	-0.517681	0.00397022	0.424817	0.195208	-0.883973	-0.494179	-0.364186	-0.223241	-0.757178	-0.768876	-0.0222439	-0.381534	-0.512607	-0.755715	-0.135579	0.610931	-0.193073	-0.525949	-0.598737	0.427482	-0.426792	-0.185738	-0.703726	0.0458778	-0.684227	-0.321071	-0.620365	0.422739	-0.577367
-0.413741	-0.58193	0.451053	-0.535469	-0.454582	-0.501106	0.460486	-0.574631	-0.670734	0.273778	0.455157	-0.517681	0.00397022	0.424817	0.195208	-0.883973	-0.494179	-0.364186	-0.223241	-0.757178	-0.768876	-0.0222439	-0.381534	-0.512607	-0.755715	-0.135579	0.610931	-0.193073	-0.525949	-0.598737	0.427482	-0.426792	-0.185738	-0.703726	0.0458778	-0.684227	-0.321071	-0.620365	0.422739	-0.577367
-0.41381	-0.581882	0.450557	-0.535885	-0.454127	-0.501363	0.459656	-0.57543	-0.670059	0.273872	0.455229	-0.518441	0.0044721	0.42478	0.195143	-0.884003	-0.493517	-0.364071	-0.223836	-0.75749	-0.767952	-0.0213576	-0.382287	-0.513468	-0.755345	-0.135802	0.611147	-0.193677	-0.525613	-0.598797	0.427274	-0.42733	-0.185553	-0.703511	0.0451816	-0.684544	-0.319483	-0.62071	0.420932	-0.579194
-0.413829	-0.581845	0.450291	-0.536134	-0.453914	-0.501483	0.459322	-0.57576	-0.669854	0.273733	0.455154	-0.518845	0.00491993	0.424671	0.19476	-0.884137	-0.492375	-0.363871	-0.224736	-0.758062	-0.767558	-0.0208449	-0.382648	-0.51381	-0.755211	-0.135939	0.611107	-0.194229	-0.525292	-0.598972	0.427142	-0.42761	-0.185343	-0.703173	0.0439868	-0.685026	-0.319101	-0.620787	0.420413	-0.579699
