FULLBODY	1																																						
Frames:	173																																						
-0.419689	-0.602216	0.385113	-0.559362	-0.384828	-0.579916	0.398115	-0.597586	-0.713976	-0.181368	0.603239	-0.305689	-0.682705	-0.0683502	0.673197	-0.275767	-0.0725098	-0.650578	-0.0128615	-0.75586	-0.154521	-0.649211	-0.0384306	-0.743755	-0.679094	-0.178047	0.67678	-0.221584	-0.421535	-0.594412	0.468256	-0.499719	-0.182669	-0.735972	0.0281699	-0.651294	-0.359221	-0.641221	0.433321	-0.521565
-0.41802	-0.601768	0.379034	-0.565214	-0.383904	-0.578491	0.382436	-0.609679	-0.709308	-0.188562	0.598337	-0.321434	-0.677689	-0.0766012	0.670583	-0.29187	-0.0619093	-0.65289	-0.0296044	-0.754338	-0.144681	-0.648694	-0.0550115	-0.745142	-0.671828	-0.186271	0.680709	-0.224912	-0.42176	-0.594401	0.471061	-0.496897	-0.178914	-0.733586	0.0166163	-0.655412	-0.356132	-0.643578	0.432269	-0.521653
-0.41802	-0.601768	0.379034	-0.565214	-0.383904	-0.578491	0.382436	-0.609679	-0.709308	-0.188562	0.598337	-0.321434	-0.677572	-0.0774622	0.670563	-0.29196	-0.0616751	-0.652744	-0.0291259	-0.754502	-0.144681	-0.648694	-0.0550115	-0.745142	-0.671828	-0.186271	0.680709	-0.224912	-0.42176	-0.594401	0.471061	-0.496897	-0.178755	-0.733662	0.0165966	-0.655371	-0.355836	-0.643886	0.432196	-0.521535
-0.418433	-0.601359	0.379053	-0.565332	-0.382702	-0.579703	0.38385	-0.608394	-0.709026	-0.189301	0.598897	-0.320577	-0.67764	-0.0779685	0.670936	-0.290809	-0.0612671	-0.652638	-0.0284895	-0.754651	-0.143904	-0.648942	-0.0531278	-0.745213	-0.671828	-0.186271	0.680709	-0.224912	-0.421696	-0.594627	0.471116	-0.496629	-0.178695	-0.733871	0.0170421	-0.655142	-0.355147	-0.644507	0.431793	-0.52157
-0.417868	-0.601803	0.379427	-0.565025	-0.382	-0.580455	0.385457	-0.607101	-0.709188	-0.189409	0.599586	-0.318864	-0.677678	-0.0779493	0.671659	-0.289051	-0.0606679	-0.651965	-0.0255089	-0.755388	-0.143132	-0.648978	-0.0510547	-0.745476	-0.671974	-0.186534	0.68057	-0.224678	-0.42181	-0.594693	0.471321	-0.496259	-0.178572	-0.734075	0.0174748	-0.654935	-0.354797	-0.645	0.431695	-0.521281
-0.417774	-0.601924	0.379816	-0.564705	-0.381524	-0.581128	0.386674	-0.605981	-0.709378	-0.190443	0.600011	-0.31702	-0.677709	-0.0782247	0.672007	-0.288094	-0.0603558	-0.651882	-0.0248542	-0.755506	-0.142082	-0.649098	-0.0498458	-0.745654	-0.671974	-0.186534	0.68057	-0.224678	-0.422319	-0.5945	0.471457	-0.495928	-0.178321	-0.734262	0.0176581	-0.65479	-0.354563	-0.645249	0.431494	-0.521298
-0.417281	-0.602393	0.380635	-0.564019	-0.381286	-0.581554	0.387164	-0.605409	-0.709499	-0.191253	0.600005	-0.316272	-0.677983	-0.0796099	0.672417	-0.286105	-0.0596818	-0.651916	-0.023778	-0.755565	-0.141812	-0.649272	-0.0494704	-0.745579	-0.672476	-0.186302	0.680506	-0.223559	-0.422547	-0.594425	0.471482	-0.495801	-0.178093	-0.734462	0.0182911	-0.654609	-0.354463	-0.645511	0.431586	-0.520965
-0.417281	-0.602393	0.380635	-0.564019	-0.381286	-0.581554	0.387164	-0.605409	-0.709499	-0.191253	0.600005	-0.316272	-0.677983	-0.0796099	0.672417	-0.286105	-0.0596818	-0.651916	-0.023778	-0.755565	-0.141812	-0.649272	-0.0494704	-0.745579	-0.672476	-0.186302	0.680506	-0.223559	-0.422547	-0.594425	0.471482	-0.495801	-0.178093	-0.734462	0.0182911	-0.654609	-0.354463	-0.645511	0.431586	-0.520965
-0.417015	-0.602669	0.381013	-0.563665	-0.381078	-0.582257	0.388105	-0.60426	-0.709785	-0.192873	0.599725	-0.315175	-0.678281	-0.0805376	0.672399	-0.285181	-0.0595026	-0.652054	-0.0232959	-0.755475	-0.141762	-0.649851	-0.0490248	-0.745114	-0.672762	-0.186019	0.680426	-0.223177	-0.422606	-0.594556	0.471342	-0.495726	-0.178185	-0.734404	0.018507	-0.654644	-0.354649	-0.645541	0.431866	-0.520569
-0.416875	-0.60305	0.381845	-0.562796	-0.380975	-0.582765	0.388673	-0.60347	-0.710025	-0.193414	0.599551	-0.314633	-0.679288	-0.0820729	0.671926	-0.283455	-0.0593611	-0.652621	-0.0223605	-0.755024	-0.142041	-0.650186	-0.0488051	-0.744783	-0.672762	-0.186019	0.680426	-0.223177	-0.422781	-0.594483	0.471369	-0.495638	-0.178108	-0.734563	0.019188	-0.654467	-0.355045	-0.64545	0.432243	-0.5201
-0.417055	-0.603211	0.382297	-0.562184	-0.38109	-0.5835	0.389688	-0.602031	-0.710804	-0.193982	0.599039	-0.313498	-0.680266	-0.0826227	0.671354	-0.282305	-0.0594962	-0.653445	-0.0212365	-0.754334	-0.142783	-0.651196	-0.0484319	-0.743782	-0.672762	-0.186019	0.680426	-0.223177	-0.422778	-0.594611	0.4712	-0.495647	-0.177629	-0.734637	0.0194549	-0.654505	-0.355443	-0.645394	0.432686	-0.519529
-0.41708	-0.60336	0.382527	-0.561849	-0.381222	-0.583819	0.390182	-0.601318	-0.711233	-0.194099	0.598702	-0.313097	-0.680636	-0.0826482	0.671071	-0.282077	-0.0597355	-0.653894	-0.0205316	-0.753945	-0.143251	-0.651766	-0.0480989	-0.743213	-0.673216	-0.185815	0.680376	-0.222131	-0.42268	-0.594745	0.471136	-0.495632	-0.177702	-0.734619	0.0196789	-0.654499	-0.355825	-0.645285	0.433135	-0.519027
-0.417229	-0.603406	0.382709	-0.561565	-0.381742	-0.584311	0.391229	-0.599828	-0.71159	-0.194084	0.598432	-0.312809	-0.680981	-0.0825825	0.670775	-0.281968	-0.0600432	-0.654343	-0.0198011	-0.75355	-0.144276	-0.652815	-0.047013	-0.742163	-0.673216	-0.185815	0.680376	-0.222131	-0.4223	-0.59511	0.470981	-0.495666	-0.177798	-0.73473	0.020117	-0.654335	-0.355956	-0.645297	0.433315	-0.518773
-0.417901	-0.60323	0.383086	-0.560997	-0.38223	-0.584291	0.391634	-0.599272	-0.712118	-0.193717	0.598101	-0.31247	-0.68129	-0.0823768	0.6705	-0.281936	-0.0603979	-0.654783	-0.0190945	-0.753158	-0.144604	-0.653259	-0.0465779	-0.741736	-0.673216	-0.185815	0.680376	-0.222131	-0.42223	-0.595214	0.470965	-0.495614	-0.177772	-0.734867	0.0206208	-0.654173	-0.355846	-0.645484	0.433494	-0.518465
-0.417901	-0.60323	0.383086	-0.560997	-0.38223	-0.584291	0.391634	-0.599272	-0.712118	-0.193717	0.598101	-0.31247	-0.681518	-0.0819549	0.670321	-0.281931	-0.0607309	-0.655168	-0.0185388	-0.75281	-0.144604	-0.653259	-0.0465779	-0.741736	-0.673216	-0.185815	0.680376	-0.222131	-0.42223	-0.595214	0.470965	-0.495614	-0.177604	-0.734879	0.0208692	-0.654197	-0.355846	-0.645484	0.433494	-0.518465
-0.418133	-0.603224	0.383223	-0.560737	-0.38326	-0.584249	0.392202	-0.598283	-0.712469	-0.193198	0.598	-0.312184	-0.681627	-0.0812682	0.67027	-0.28199	-0.0610995	-0.655457	-0.018077	-0.75254	-0.145372	-0.653907	-0.0456356	-0.741074	-0.673421	-0.186036	0.68029	-0.221586	-0.422457	-0.595226	0.471053	-0.495324	-0.177303	-0.734807	0.0207939	-0.654362	-0.355987	-0.645517	0.433869	-0.518014
-0.418919	-0.60293	0.383839	-0.560045	-0.383847	-0.584157	0.392497	-0.597803	-0.713216	-0.192228	0.597809	-0.311442	-0.681461	-0.079668	0.67041	-0.282515	-0.0621112	-0.655891	-0.0171655	-0.7521	-0.145937	-0.654109	-0.045049	-0.74082	-0.673421	-0.186036	0.68029	-0.221586	-0.422589	-0.59519	0.47116	-0.495152	-0.177647	-0.734898	0.0219457	-0.65413	-0.35635	-0.645475	0.434588	-0.517214
-0.419515	-0.602644	0.384179	-0.559673	-0.385134	-0.583805	0.393227	-0.596838	-0.713502	-0.191985	0.597634	-0.311272	-0.681181	-0.0788199	0.670521	-0.283163	-0.0628044	-0.655975	-0.0167622	-0.751978	-0.147636	-0.654148	-0.0436046	-0.740536	-0.673421	-0.186036	0.68029	-0.221586	-0.42293	-0.595126	0.47129	-0.494815	-0.177839	-0.735098	0.0228066	-0.653823	-0.356366	-0.645552	0.434808	-0.516921
-0.420826	-0.601999	0.384945	-0.558857	-0.385811	-0.583708	0.393764	-0.596141	-0.714665	-0.191394	0.596614	-0.310925	-0.679271	-0.0762777	0.671515	-0.286077	-0.0662586	-0.655672	-0.0148125	-0.751987	-0.149328	-0.65403	-0.0425417	-0.740362	-0.673421	-0.186036	0.68029	-0.221586	-0.42312	-0.595081	0.471374	-0.494625	-0.178232	-0.735092	0.0238991	-0.653683	-0.356794	-0.645579	0.43573	-0.515815
-0.421384	-0.601684	0.385284	-0.558541	-0.386813	-0.584161	0.395731	-0.593741	-0.715872	-0.190598	0.595713	-0.310363	-0.676884	-0.073796	0.673162	-0.288505	-0.0696296	-0.654986	-0.0131291	-0.752312	-0.155364	-0.653278	-0.0401354	-0.739918	-0.674329	-0.185648	0.680134	-0.219622	-0.423269	-0.595138	0.471442	-0.494365	-0.178386	-0.735117	0.0243909	-0.653595	-0.356925	-0.64564	0.436047	-0.51538
-0.422428	-0.601208	0.385709	-0.557972	-0.387609	-0.584202	0.397053	-0.592298	-0.718081	-0.189079	0.593185	-0.311032	-0.670604	-0.0639223	0.676762	-0.296981	-0.078787	-0.651391	-0.00913223	-0.754585	-0.159985	-0.651348	-0.0392992	-0.740679	-0.674329	-0.185648	0.680134	-0.219622	-0.423343	-0.595118	0.471416	-0.494351	-0.178583	-0.735154	0.0249414	-0.653479	-0.357031	-0.645863	0.436388	-0.514739
-0.42302	-0.600847	0.385831	-0.557827	-0.38855	-0.584245	0.398385	-0.590741	-0.719841	-0.187085	0.591263	-0.311827	-0.670604	-0.0639223	0.676762	-0.296981	-0.078787	-0.651391	-0.00913223	-0.754585	-0.166405	-0.647784	-0.0391638	-0.742396	-0.674329	-0.185648	0.680134	-0.219622	-0.423487	-0.595047	0.471306	-0.494418	-0.178583	-0.735154	0.0249414	-0.653479	-0.357031	-0.645863	0.436388	-0.514739
-0.423528	-0.600831	0.386085	-0.557283	-0.390375	-0.584289	0.401167	-0.587604	-0.723706	-0.1806	0.585682	-0.31719	-0.654663	-0.0348655	0.678837	-0.330726	-0.104926	-0.637288	-0.00610824	-0.763425	-0.18492	-0.633125	-0.0423115	-0.750444	-0.675608	-0.184292	0.679408	-0.219079	-0.423124	-0.595314	0.470406	-0.495263	-0.178972	-0.734176	0.0236051	-0.654521	-0.357766	-0.64595	0.43739	-0.513266
-0.424013	-0.600694	0.386443	-0.556814	-0.391367	-0.583844	0.402631	-0.586384	-0.725761	-0.175136	0.582348	-0.321666	-0.647731	-0.0191953	0.677861	-0.347247	-0.114993	-0.630884	-0.0100027	-0.767243	-0.19552	-0.622918	-0.0494372	-0.755844	-0.675758	-0.184003	0.679249	-0.219352	-0.423097	-0.59529	0.469939	-0.495758	-0.179368	-0.733897	0.0232723	-0.654737	-0.358023	-0.645899	0.437624	-0.512952
-0.426202	-0.599485	0.388069	-0.555313	-0.393561	-0.582241	0.405838	-0.584296	-0.729858	-0.158149	0.575067	-0.334056	-0.630635	0.0183061	0.672816	-0.386372	-0.134479	-0.614853	-0.028158	-0.776581	-0.224096	-0.596445	-0.0672534	-0.767796	-0.67643	-0.18173	0.679454	-0.218538	-0.423647	-0.594799	0.469273	-0.496509	-0.180814	-0.733765	0.0241278	-0.654456	-0.358702	-0.645571	0.437601	-0.512908
-0.427456	-0.598664	0.388835	-0.554699	-0.394698	-0.581187	0.406997	-0.583771	-0.731771	-0.146647	0.571099	-0.341835	-0.620742	0.039578	0.667923	-0.408647	-0.145519	-0.605915	-0.0403001	-0.781068	-0.256354	-0.564402	-0.0930526	-0.779149	-0.677203	-0.179802	0.679505	-0.21758	-0.425106	-0.5937	0.469305	-0.496547	-0.181817	-0.733858	0.0251161	-0.654036	-0.359436	-0.645088	0.437862	-0.51278
-0.429571	-0.597132	0.390009	-0.553891	-0.396916	-0.579106	0.408872	-0.583025	-0.733912	-0.120869	0.562338	-0.361303	-0.596056	0.0863976	0.653169	-0.458937	-0.170832	-0.586204	-0.0684947	-0.78898	-0.274389	-0.545913	-0.106038	-0.784503	-0.678197	-0.176438	0.679793	-0.216331	-0.425694	-0.593283	0.469287	-0.496558	-0.184555	-0.734019	0.0272586	-0.653003	-0.360875	-0.644225	0.438381	-0.512411
-0.43052	-0.596345	0.390255	-0.553829	-0.397934	-0.577985	0.409737	-0.582836	-0.734842	-0.105217	0.557926	-0.371018	-0.581333	0.110357	0.643121	-0.486075	-0.185996	-0.575837	-0.0815971	-0.791934	-0.311831	-0.505846	-0.134081	-0.793034	-0.678488	-0.175283	0.679816	-0.216286	-0.426501	-0.59263	0.469184	-0.496742	-0.185608	-0.733983	0.0277807	-0.652723	-0.361303	-0.643995	0.438447	-0.512343
-0.431462	-0.595556	0.390471	-0.553793	-0.39919	-0.576383	0.410731	-0.582864	-0.73514	-0.0885904	0.553272	-0.381589	-0.565455	0.134131	0.630853	-0.514096	-0.201608	-0.565464	-0.0946119	-0.794137	-0.311831	-0.505846	-0.134081	-0.793034	-0.678623	-0.174465	0.679809	-0.216547	-0.426501	-0.59263	0.469184	-0.496742	-0.186208	-0.733978	0.0278147	-0.652556	-0.36165	-0.643839	0.438472	-0.512273
-0.433592	-0.593842	0.391177	-0.553471	-0.401865	-0.5729	0.41236	-0.583309	-0.733791	-0.0558424	0.542623	-0.404961	-0.528918	0.183515	0.602566	-0.568754	-0.232779	-0.543936	-0.122073	-0.796897	-0.350823	-0.464227	-0.161586	-0.797061	-0.679204	-0.172106	0.679959	-0.216143	-0.427521	-0.591912	0.469334	-0.49658	-0.187255	-0.733911	0.0277277	-0.652336	-0.361908	-0.643822	0.438181	-0.51236
-0.434326	-0.593145	0.391314	-0.553546	-0.403244	-0.571215	0.412702	-0.583768	-0.731396	-0.0406873	0.537037	-0.418324	-0.508747	0.207207	0.586859	-0.594843	-0.247724	-0.533189	-0.13556	-0.797475	-0.371266	-0.44228	-0.174698	-0.797515	-0.679469	-0.171203	0.679992	-0.21592	-0.428023	-0.591537	0.469461	-0.496475	-0.187777	-0.733802	0.0277654	-0.652307	-0.361847	-0.64391	0.437906	-0.512528
-0.435861	-0.591884	0.392137	-0.553107	-0.406825	-0.566793	0.413427	-0.585079	-0.725957	-0.0082037	0.528749	-0.439708	-0.466822	0.251372	0.550321	-0.645008	-0.275449	-0.512396	-0.159057	-0.797671	-0.411739	-0.399107	-0.201585	-0.794071	-0.679866	-0.169743	0.680082	-0.215539	-0.42891	-0.590923	0.469634	-0.496276	-0.188516	-0.733957	0.0282082	-0.6519	-0.362173	-0.643791	0.437857	-0.512489
-0.436585	-0.591247	0.392563	-0.552915	-0.408546	-0.564496	0.413829	-0.585816	-0.725957	-0.0082037	0.528749	-0.439708	-0.444111	0.272395	0.53153	-0.667864	-0.289467	-0.502365	-0.167825	-0.797291	-0.431848	-0.377162	-0.21439	-0.790755	-0.679866	-0.169743	0.680082	-0.215539	-0.429232	-0.590731	0.469677	-0.496186	-0.189031	-0.73404	0.0287906	-0.651632	-0.362173	-0.643791	0.437857	-0.512489
-0.437771	-0.590193	0.393136	-0.552696	-0.411457	-0.560674	0.413988	-0.587334	-0.719293	0.0431088	0.516253	-0.462862	-0.395049	0.312298	0.493539	-0.709102	-0.315476	-0.483059	-0.183159	-0.795978	-0.471195	-0.334282	-0.239565	-0.780282	-0.680631	-0.167469	0.680306	-0.214192	-0.429785	-0.590405	0.469857	-0.495925	-0.190095	-0.734271	0.0303804	-0.65099	-0.362977	-0.643367	0.438376	-0.512008
-0.438551	-0.589436	0.393611	-0.552547	-0.414373	-0.556994	0.414247	-0.588602	-0.712906	0.07226	0.5095	-0.476396	-0.342904	0.346948	0.452231	-0.74668	-0.327827	-0.473612	-0.189373	-0.79521	-0.508367	-0.292779	-0.264075	-0.765577	-0.68108	-0.16644	0.680435	-0.213159	-0.430282	-0.59011	0.47013	-0.495586	-0.19032	-0.734513	0.0310817	-0.650618	-0.363119	-0.643301	0.438515	-0.511872
-0.438551	-0.589436	0.393611	-0.552547	-0.414373	-0.556994	0.414247	-0.588602	-0.712906	0.07226	0.5095	-0.476396	-0.342904	0.346948	0.452231	-0.74668	-0.338599	-0.465183	-0.195386	-0.794216	-0.508367	-0.292779	-0.264075	-0.765577	-0.68108	-0.16644	0.680435	-0.213159	-0.430282	-0.59011	0.47013	-0.495586	-0.190499	-0.734635	0.0316679	-0.650399	-0.363119	-0.643301	0.438515	-0.511872
-0.438722	-0.589345	0.394031	-0.552209	-0.415769	-0.555024	0.4145	-0.5893	-0.712906	0.07226	0.5095	-0.476396	-0.316274	0.362376	0.431499	-0.763193	-0.348119	-0.4575	-0.20136	-0.793071	-0.526265	-0.272549	-0.276021	-0.756687	-0.681241	-0.166155	0.680468	-0.212757	-0.430388	-0.590085	0.470181	-0.495475	-0.190732	-0.734716	0.0323125	-0.650207	-0.363502	-0.643124	0.439064	-0.511352
-0.438812	-0.589342	0.394538	-0.551779	-0.417126	-0.553027	0.414816	-0.589995	-0.705457	0.0976695	0.503104	-0.489568	-0.290068	0.376138	0.410449	-0.778404	-0.357017	-0.450524	-0.207399	-0.791551	-0.542833	-0.253201	-0.288252	-0.747082	-0.681367	-0.165981	0.680498	-0.212396	-0.430448	-0.590078	0.470208	-0.495406	-0.190823	-0.73488	0.0329453	-0.649964	-0.363571	-0.643109	0.439249	-0.511163
-0.439051	-0.589192	0.395108	-0.551341	-0.418445	-0.55108	0.415195	-0.590616	-0.705457	0.0976695	0.503104	-0.489568	-0.264017	0.388293	0.389638	-0.792279	-0.366013	-0.444053	-0.212455	-0.789756	-0.558537	-0.23412	-0.300259	-0.736932	-0.681557	-0.165683	0.680553	-0.21184	-0.43061	-0.590033	0.470311	-0.495221	-0.191008	-0.735034	0.0336491	-0.649698	-0.363581	-0.643152	0.439442	-0.510936
-0.439254	-0.589098	0.395656	-0.550886	-0.41978	-0.549037	0.415619	-0.591273	-0.697933	0.119871	0.497514	-0.501	-0.238506	0.398728	0.369278	-0.804838	-0.374554	-0.43785	-0.216565	-0.788096	-0.573311	-0.215134	-0.312128	-0.726366	-0.681695	-0.16549	0.680592	-0.21142	-0.430673	-0.590069	0.470362	-0.495075	-0.191324	-0.735163	0.0343781	-0.649422	-0.363691	-0.643146	0.439752	-0.510598
-0.439416	-0.589006	0.396218	-0.550451	-0.420986	-0.547346	0.41595	-0.59175	-0.697933	0.119871	0.497514	-0.501	-0.213612	0.407078	0.349568	-0.81637	-0.381659	-0.431986	-0.22131	-0.786604	-0.587138	-0.196972	-0.323443	-0.71544	-0.681828	-0.165369	0.68057	-0.211159	-0.430666	-0.590159	0.470374	-0.494962	-0.191698	-0.735281	0.0351207	-0.649138	-0.363798	-0.643162	0.440034	-0.510259
-0.439639	-0.588895	0.396793	-0.549978	-0.421831	-0.546161	0.416377	-0.591943	-0.690663	0.139701	0.491037	-0.512201	-0.189358	0.413857	0.330424	-0.826853	-0.388132	-0.426523	-0.22605	-0.785069	-0.600611	-0.179877	-0.334218	-0.70371	-0.681954	-0.165078	0.680658	-0.210695	-0.430786	-0.590144	0.470537	-0.49472	-0.191847	-0.735464	0.0356824	-0.648856	-0.363819	-0.643224	0.440256	-0.509974
-0.440007	-0.588426	0.397097	-0.549966	-0.423923	-0.543301	0.416662	-0.59288	-0.684275	0.159435	0.483868	-0.521747	-0.14278	0.422509	0.294425	-0.84523	-0.400062	-0.416668	-0.234316	-0.781943	-0.625978	-0.147472	-0.353338	-0.679379	-0.682254	-0.1649	0.680583	-0.210106	-0.430967	-0.590185	0.470794	-0.494269	-0.191845	-0.735696	0.0363231	-0.648558	-0.363961	-0.643272	0.440794	-0.509346
-0.439935	-0.588684	0.39753	-0.549433	-0.424924	-0.542019	0.416512	-0.593441	-0.684275	0.159435	0.483868	-0.521747	-0.120855	0.424945	0.278255	-0.852871	-0.405625	-0.412068	-0.238012	-0.780397	-0.638133	-0.131289	-0.36152	-0.666973	-0.682444	-0.16476	0.680513	-0.209826	-0.431053	-0.590218	0.470889	-0.494064	-0.191952	-0.735844	0.0367213	-0.648336	-0.364189	-0.643193	0.441151	-0.508975
-0.43984	-0.58907	0.398663	-0.548275	-0.426723	-0.540261	0.416561	-0.59372	-0.678627	0.1776	0.475411	-0.530951	-0.0815339	0.426542	0.251818	-0.864871	-0.415375	-0.403313	-0.243957	-0.778002	-0.661068	-0.10272	-0.377043	-0.640529	-0.682723	-0.164316	0.680511	-0.20927	-0.431202	-0.590311	0.471072	-0.493648	-0.192583	-0.736413	0.03819	-0.647417	-0.364651	-0.643021	0.441676	-0.508405
-0.439816	-0.589281	0.399164	-0.547703	-0.427767	-0.53925	0.416492	-0.593936	-0.671587	0.194757	0.467673	-0.540668	-0.064613	0.425634	0.241445	-0.869692	-0.419826	-0.399385	-0.246507	-0.776835	-0.671462	-0.0886402	-0.384181	-0.627444	-0.682857	-0.164057	0.680508	-0.209047	-0.431372	-0.590272	0.47126	-0.493368	-0.192906	-0.736575	0.038772	-0.647103	-0.364933	-0.642931	0.442001	-0.508035
-0.439929	-0.589424	0.39979	-0.547	-0.428689	-0.53831	0.4163	-0.594259	-0.671587	0.194757	0.467673	-0.540668	-0.0487554	0.424565	0.232525	-0.87367	-0.423883	-0.396422	-0.249534	-0.775181	-0.680752	-0.0746795	-0.391059	-0.614876	-0.683126	-0.163657	0.68046	-0.208639	-0.431556	-0.590252	0.471377	-0.493118	-0.193123	-0.736699	0.0392008	-0.64687	-0.365197	-0.642849	0.442265	-0.507718
-0.440083	-0.589695	0.401034	-0.545672	-0.430236	-0.536754	0.416337	-0.594521	-0.664704	0.210984	0.461256	-0.548541	-0.0215755	0.422244	0.218005	-0.879612	-0.430546	-0.39193	-0.253571	-0.772479	-0.697064	-0.0516161	-0.405204	-0.589277	-0.683419	-0.163302	0.680415	-0.208101	-0.431908	-0.590213	0.471506	-0.492734	-0.193233	-0.737282	0.0404112	-0.646099	-0.365588	-0.642755	0.442324	-0.507505
-0.440438	-0.589598	0.401919	-0.544839	-0.431157	-0.535907	0.416458	-0.594534	-0.658103	0.225722	0.45619	-0.554833	-0.00953151	0.420984	0.212192	-0.881848	-0.432286	-0.390057	-0.256251	-0.77157	-0.70437	-0.0406183	-0.410979	-0.57733	-0.683561	-0.163244	0.680323	-0.207982	-0.431991	-0.590278	0.471481	-0.492606	-0.193211	-0.737489	0.0410388	-0.645829	-0.36579	-0.64273	0.442264	-0.507443
-0.440761	-0.589599	0.40293	-0.543829	-0.432085	-0.535126	0.416355	-0.594635	-0.658103	0.225722	0.45619	-0.554833	0.00179204	0.419659	0.206386	-0.883905	-0.433749	-0.388143	-0.258747	-0.770881	-0.710487	-0.0304284	-0.415966	-0.566793	-0.68374	-0.163131	0.680197	-0.207894	-0.432039	-0.590366	0.471425	-0.492513	-0.193195	-0.737515	0.0414679	-0.645776	-0.365784	-0.64285	0.44205	-0.507482
-0.440831	-0.589757	0.40354	-0.543149	-0.433031	-0.534317	0.415981	-0.594936	-0.652252	0.239585	0.451578	-0.559681	0.0117801	0.418672	0.200171	-0.885724	-0.435461	-0.386436	-0.260878	-0.770054	-0.714963	-0.021487	-0.420231	-0.558366	-0.683979	-0.162852	0.680132	-0.207539	-0.432255	-0.590317	0.471476	-0.492333	-0.193004	-0.737588	0.0415816	-0.645743	-0.36581	-0.64294	0.441883	-0.507494
-0.440799	-0.590114	0.404317	-0.542207	-0.434428	-0.533244	0.415087	-0.595504	-0.647006	0.253615	0.447801	-0.562616	0.0302061	0.416117	0.188861	-0.888969	-0.439	-0.382769	-0.263538	-0.76897	-0.719668	-0.00719988	-0.42569	-0.548465	-0.684193	-0.162961	0.679984	-0.207234	-0.432301	-0.590528	0.471282	-0.492226	-0.192713	-0.737968	0.041885	-0.645377	-0.365933	-0.643091	0.441766	-0.507316
-0.440824	-0.590229	0.404491	-0.541933	-0.435161	-0.532529	0.414385	-0.596098	-0.644517	0.260443	0.446042	-0.56375	0.0392262	0.415013	0.183232	-0.89031	-0.440804	-0.380794	-0.264168	-0.768702	-0.719735	-0.00149707	-0.426539	-0.547762	-0.684222	-0.163195	0.679833	-0.207446	-0.432239	-0.590674	0.471231	-0.492154	-0.192721	-0.738041	0.0419029	-0.645289	-0.366	-0.643187	0.441783	-0.507131
-0.440767	-0.590476	0.404602	-0.541628	-0.435833	-0.531857	0.413533	-0.596799	-0.642121	0.266879	0.444504	-0.564688	0.0475924	0.414089	0.17822	-0.891349	-0.442475	-0.37928	-0.266365	-0.767732	-0.718307	0.000964808	-0.427142	-0.549166	-0.684281	-0.163259	0.679751	-0.207473	-0.432146	-0.590879	0.471151	-0.492066	-0.192725	-0.738115	0.04183	-0.645207	-0.366142	-0.643225	0.441889	-0.506889
-0.440437	-0.590712	0.404344	-0.54183	-0.438096	-0.52875	0.411534	-0.599279	-0.63693	0.274578	0.441976	-0.568844	0.0604156	0.413257	0.169625	-0.892634	-0.448987	-0.378671	-0.272677	-0.762015	-0.710984	-0.00510661	-0.425813	-0.559606	-0.684388	-0.163905	0.679401	-0.207758	-0.431953	-0.591337	0.471153	-0.491683	-0.192176	-0.738742	0.0417077	-0.644662	-0.366169	-0.643457	0.441781	-0.506669
-0.440459	-0.590633	0.404164	-0.542033	-0.438845	-0.527822	0.411488	-0.599581	-0.636152	0.274651	0.441637	-0.569943	0.0597216	0.413868	0.168708	-0.892572	-0.449518	-0.377939	-0.272596	-0.762094	-0.709826	-0.00647368	-0.425003	-0.561675	-0.684493	-0.163848	0.679297	-0.207793	-0.431867	-0.591495	0.471119	-0.4916	-0.192278	-0.738878	0.0417893	-0.64447	-0.366396	-0.643435	0.442043	-0.506304
-0.440784	-0.590482	0.40438	-0.541772	-0.439417	-0.527752	0.411481	-0.599228	-0.636279	0.274345	0.441082	-0.570378	0.0577761	0.41435	0.167639	-0.892678	-0.448215	-0.376609	-0.272099	-0.763696	-0.711417	-0.007786	-0.424054	-0.56036	-0.684779	-0.163464	0.679189	-0.207507	-0.432239	-0.591412	0.471301	-0.491199	-0.193177	-0.7393	0.0428805	-0.643645	-0.366814	-0.643427	0.442511	-0.505601
-0.440894	-0.590686	0.404827	-0.541126	-0.439265	-0.528543	0.411007	-0.598967	-0.637143	0.274648	0.440769	-0.569509	0.0589994	0.413107	0.168111	-0.893085	-0.446643	-0.376975	-0.271579	-0.76462	-0.713102	-0.00711061	-0.424493	-0.557889	-0.685217	-0.163117	0.678928	-0.207188	-0.432732	-0.59134	0.47127	-0.490882	-0.193821	-0.73948	0.0433719	-0.643212	-0.367227	-0.643534	0.442919	-0.504808
-0.440415	-0.5912	0.404995	-0.54083	-0.43891	-0.529417	0.410982	-0.598473	-0.637172	0.273919	0.441125	-0.569551	0.0583472	0.413137	0.168611	-0.893019	-0.445993	-0.377951	-0.271967	-0.764381	-0.714074	-0.00831523	-0.424037	-0.556976	-0.685523	-0.163304	0.678506	-0.207411	-0.433038	-0.591517	0.471033	-0.490626	-0.193931	-0.739751	0.0432427	-0.642876	-0.367581	-0.643726	0.442994	-0.504238
-0.440041	-0.591475	0.404882	-0.540918	-0.438775	-0.529661	0.410906	-0.598408	-0.637172	0.273919	0.441125	-0.569551	0.0580796	0.413082	0.16919	-0.892953	-0.446462	-0.37811	-0.271475	-0.764203	-0.71396	-0.00876496	-0.423512	-0.557514	-0.685677	-0.163523	0.678199	-0.207735	-0.433059	-0.591701	0.470809	-0.4906	-0.193791	-0.739847	0.0428396	-0.642835	-0.367784	-0.643858	0.442996	-0.503921
-0.439095	-0.592221	0.404735	-0.54098	-0.438374	-0.530096	0.410614	-0.598517	-0.637136	0.272619	0.441654	-0.569806	0.0578404	0.412201	0.170789	-0.893071	-0.44691	-0.378778	-0.272012	-0.763419	-0.713166	-0.00985608	-0.422868	-0.558998	-0.686825	-0.162924	0.677165	-0.207783	-0.433451	-0.591829	0.470828	-0.490082	-0.193671	-0.740097	0.0419054	-0.642645	-0.368591	-0.644057	0.443381	-0.502737
-0.438433	-0.592711	0.404514	-0.541145	-0.437988	-0.530565	0.410731	-0.598304	-0.637553	0.270898	0.441801	-0.570046	0.0576263	0.411798	0.171523	-0.89313	-0.446956	-0.379137	-0.2719	-0.763254	-0.712665	-0.0104568	-0.422749	-0.559717	-0.687949	-0.162339	0.67612	-0.20793	-0.434071	-0.591555	0.471694	-0.489029	-0.193813	-0.740329	0.0416034	-0.642354	-0.369347	-0.644064	0.443787	-0.501814
-0.436986	-0.593603	0.403385	-0.54218	-0.436526	-0.53338	0.411272	-0.596495	-0.638508	0.269282	0.442517	-0.569186	0.057298	0.410913	0.173898	-0.893099	-0.446361	-0.380031	-0.272407	-0.762976	-0.712428	-0.0124539	-0.422526	-0.560146	-0.691895	-0.158179	0.673258	-0.207326	-0.43824	-0.589149	0.479096	-0.480954	-0.194249	-0.740861	0.0408094	-0.64166	-0.371152	-0.644169	0.444701	-0.499533
-0.436192	-0.594286	0.402877	-0.542449	-0.436016	-0.534723	0.411702	-0.595368	-0.640008	0.266792	0.44321	-0.568134	0.0555748	0.409977	0.176795	-0.89307	-0.445724	-0.380652	-0.273152	-0.762773	-0.71278	-0.0128674	-0.421738	-0.560282	-0.695872	-0.151465	0.670718	-0.207265	-0.438442	-0.589259	0.48144	-0.478286	-0.194782	-0.741396	0.0390926	-0.640987	-0.37475	-0.64363	0.446786	-0.495667
-0.436353	-0.594682	0.402708	-0.54201	-0.435179	-0.537577	0.412527	-0.592834	-0.642412	0.263348	0.443789	-0.566574	0.0544362	0.409203	0.178744	-0.893107	-0.445877	-0.380565	-0.273169	-0.762721	-0.714325	-0.013874	-0.419335	-0.560094	-0.697189	-0.148739	0.66941	-0.20903	-0.437083	-0.590565	0.485414	-0.473883	-0.194897	-0.74185	0.0383388	-0.640472	-0.376731	-0.643213	0.447594	-0.493974
-0.438277	-0.595643	0.40239	-0.539634	-0.434975	-0.538922	0.412833	-0.591548	-0.642412	0.263348	0.443789	-0.566574	0.0515847	0.407497	0.182577	-0.893281	-0.44724	-0.380303	-0.272446	-0.762312	-0.715347	-0.0146484	-0.417925	-0.559825	-0.698636	-0.144393	0.667177	-0.214322	-0.436285	-0.591135	0.487633	-0.471624	-0.194224	-0.742158	0.0367064	-0.640415	-0.381611	-0.641785	0.449513	-0.49033
-0.439555	-0.596701	0.402366	-0.537439	-0.435423	-0.541199	0.412881	-0.589101	-0.645463	0.260061	0.443664	-0.564719	0.0499443	0.406489	0.184376	-0.893464	-0.448441	-0.380475	-0.272028	-0.761669	-0.71774	-0.0170952	-0.416144	-0.558016	-0.699675	-0.142249	0.665461	-0.217672	-0.434352	-0.591872	0.494202	-0.465608	-0.193099	-0.741471	0.0351053	-0.641639	-0.384828	-0.640403	0.450895	-0.48835
-0.44141	-0.597825	0.402996	-0.534187	-0.435423	-0.541199	0.412881	-0.589101	-0.645463	0.260061	0.443664	-0.564719	0.0483067	0.40561	0.185957	-0.893626	-0.449982	-0.380839	-0.271761	-0.760674	-0.71774	-0.0170952	-0.416144	-0.558016	-0.701066	-0.137503	0.66426	-0.219902	-0.434352	-0.591872	0.494202	-0.465608	-0.190962	-0.740633	0.0326384	-0.643375	-0.387343	-0.639267	0.451448	-0.487338
-0.443931	-0.598919	0.40415	-0.529985	-0.436032	-0.542646	0.412825	-0.587356	-0.649241	0.257844	0.443211	-0.561753	0.0463072	0.40454	0.186973	-0.894004	-0.4522	-0.380829	-0.270996	-0.759635	-0.719231	-0.0179415	-0.415491	-0.556554	-0.702597	-0.131356	0.662636	-0.223645	-0.432126	-0.592372	0.499374	-0.461506	-0.18856	-0.740108	0.0308833	-0.644772	-0.39024	-0.637696	0.452212	-0.486375
-0.446914	-0.599829	0.40572	-0.525228	-0.437144	-0.543869	0.41296	-0.5853	-0.651373	0.256929	0.442539	-0.560232	0.0440399	0.40343	0.187977	-0.89441	-0.454807	-0.380713	-0.270391	-0.758351	-0.720713	-0.018412	-0.415138	-0.554882	-0.703758	-0.1245	0.660454	-0.23027	-0.428497	-0.592799	0.50617	-0.456916	-0.185215	-0.739392	0.029219	-0.646639	-0.393463	-0.635671	0.453346	-0.485373
-0.450224	-0.600671	0.407381	-0.520128	-0.438126	-0.545667	0.413083	-0.5828	-0.653558	0.255996	0.441654	-0.558811	0.0416394	0.402121	0.188793	-0.894942	-0.45724	-0.380669	-0.270403	-0.756905	-0.722057	-0.0187708	-0.415096	-0.553152	-0.705104	-0.117239	0.656868	-0.240016	-0.424812	-0.591789	0.51531	-0.451416	-0.184266	-0.738068	0.0301169	-0.648379	-0.39769	-0.632725	0.455511	-0.483746
-0.457307	-0.601158	0.412956	-0.508868	-0.441275	-0.550121	0.413185	-0.576126	-0.65772	0.252249	0.439884	-0.557025	0.0378696	0.398382	0.191596	-0.896186	-0.46082	-0.381033	-0.271637	-0.754103	-0.724525	-0.0193827	-0.415695	-0.549441	-0.714815	-0.0927322	0.64263	-0.259742	-0.421914	-0.583186	0.552086	-0.420814	-0.188152	-0.735335	0.0384701	-0.649925	-0.404927	-0.627163	0.459122	-0.481569
-0.463309	-0.601031	0.418251	-0.499173	-0.441679	-0.551348	0.41371	-0.574264	-0.660622	0.246816	0.438117	-0.557417	0.0352767	0.39405	0.195566	-0.897348	-0.461805	-0.3813	-0.272401	-0.75309	-0.724724	-0.0195377	-0.415855	-0.549052	-0.731847	-0.0494607	0.628171	-0.259527	-0.41641	-0.58953	0.550815	-0.419119	-0.195554	-0.732757	0.0484927	-0.649981	-0.409913	-0.622178	0.462773	-0.480319
-0.46403	-0.602056	0.418758	-0.496837	-0.44182	-0.552831	0.414381	-0.572243	-0.661619	0.24448	0.437516	-0.557735	0.0344552	0.392098	0.197495	-0.897813	-0.461398	-0.381658	-0.272159	-0.753246	-0.723923	-0.0206401	-0.4175	-0.548819	-0.738278	-0.0389069	0.621568	-0.259006	-0.43143	-0.592462	0.539953	-0.413894	-0.195633	-0.731838	0.0489908	-0.650954	-0.410361	-0.620627	0.463668	-0.481079
-0.462882	-0.606809	0.417377	-0.493275	-0.440539	-0.553899	0.414449	-0.572148	-0.663464	0.242781	0.437102	-0.55661	0.0329761	0.390406	0.199686	-0.898121	-0.459683	-0.382916	-0.270901	-0.754109	-0.722755	-0.0216649	-0.418061	-0.549892	-0.752531	-0.0608646	0.594799	-0.276056	-0.467327	-0.589343	0.511354	-0.415689	-0.19017	-0.728469	0.0444638	-0.656651	-0.406853	-0.61748	0.464922	-0.486864
-0.461892	-0.608681	0.416441	-0.492686	-0.437803	-0.554738	0.415009	-0.573029	-0.662965	0.243979	0.438665	-0.555449	0.0327949	0.39253	0.199579	-0.897225	-0.458426	-0.382024	-0.269107	-0.755966	-0.720568	-0.0216528	-0.416755	-0.55374	-0.759908	-0.0858992	0.580082	-0.280474	-0.526368	-0.580685	0.452834	-0.425069	-0.191909	-0.725176	0.0464095	-0.659649	-0.403517	-0.615079	0.466995	-0.49068
-0.459042	-0.609309	0.41679	-0.494276	-0.434379	-0.555122	0.415432	-0.574953	-0.660834	0.24436	0.441591	-0.555504	0.0342686	0.395513	0.200061	-0.895751	-0.45568	-0.380076	-0.268639	-0.758769	-0.719845	-0.0212739	-0.415715	-0.555474	-0.767459	-0.106846	0.566163	-0.281159	-0.542263	-0.577877	0.434068	-0.428479	-0.191579	-0.721779	0.0479759	-0.663348	-0.398578	-0.612683	0.469592	-0.495216
-0.4559	-0.608996	0.418573	-0.49606	-0.430671	-0.555001	0.415931	-0.577492	-0.658217	0.243814	0.444705	-0.556366	0.0372867	0.397519	0.201567	-0.894405	-0.45176	-0.37789	-0.268192	-0.762355	-0.717902	-0.0203044	-0.414423	-0.558979	-0.774288	-0.117608	0.558276	-0.273815	-0.562991	-0.578368	0.398234	-0.435822	-0.19116	-0.717949	0.0513566	-0.66736	-0.393352	-0.608522	0.474257	-0.500055
-0.452857	-0.608207	0.420568	-0.498124	-0.42761	-0.554478	0.416059	-0.580172	-0.655364	0.243718	0.447456	-0.557569	0.0399773	0.399427	0.20283	-0.893152	-0.449808	-0.376655	-0.268001	-0.764185	-0.715383	-0.0189664	-0.413678	-0.562794	-0.77009	-0.126154	0.563006	-0.27216	-0.563477	-0.586507	0.374377	-0.445359	-0.194054	-0.710974	0.0574972	-0.673464	-0.384402	-0.605054	0.478395	-0.50723
-0.450378	-0.607905	0.421912	-0.499601	-0.426365	-0.553918	0.415832	-0.581783	-0.655364	0.243718	0.447456	-0.557569	0.0417938	0.399927	0.203085	-0.892787	-0.445437	-0.374316	-0.268994	-0.767539	-0.713755	-0.0179195	-0.413549	-0.564987	-0.765685	-0.129911	0.567037	-0.274444	-0.554402	-0.594323	0.3709	-0.44928	-0.194034	-0.706954	0.0590255	-0.677556	-0.378948	-0.603	0.480885	-0.51141
-0.446958	-0.60784	0.422927	-0.501888	-0.42501	-0.553526	0.415452	-0.583417	-0.652273	0.243553	0.449231	-0.559833	0.0440781	0.400083	0.203102	-0.892603	-0.442877	-0.373459	-0.270447	-0.768926	-0.711684	-0.0167779	-0.413623	-0.567574	-0.762263	-0.134267	0.569039	-0.27771	-0.546916	-0.596999	0.37796	-0.449023	-0.193826	-0.702997	0.0609943	-0.681547	-0.374481	-0.59971	0.484876	-0.514788
-0.443107	-0.608198	0.423794	-0.504133	-0.423453	-0.553363	0.415357	-0.584769	-0.650633	0.243241	0.449888	-0.561349	0.0461879	0.400233	0.203167	-0.892414	-0.442877	-0.373459	-0.270447	-0.768926	-0.709172	-0.0155678	-0.414141	-0.570369	-0.758411	-0.139123	0.571047	-0.281713	-0.534393	-0.602567	0.38602	-0.449805	-0.193752	-0.699062	0.0636104	-0.685366	-0.369178	-0.596339	0.489132	-0.518495
-0.438936	-0.608539	0.423662	-0.50747	-0.421475	-0.553571	0.415976	-0.585561	-0.649229	0.242996	0.450417	-0.562654	0.0476384	0.400426	0.203239	-0.892235	-0.437084	-0.373264	-0.273201	-0.771357	-0.706597	-0.0148034	-0.415162	-0.572837	-0.753899	-0.142253	0.574653	-0.28491	-0.513675	-0.605532	0.409902	-0.44883	-0.194512	-0.694091	0.0659024	-0.689971	-0.362261	-0.593603	0.492987	-0.522845
-0.423268	-0.60945	0.423091	-0.520009	-0.418043	-0.550128	0.417573	-0.590113	-0.646615	0.243445	0.451441	-0.564645	0.0496608	0.401434	0.202548	-0.891829	-0.432542	-0.372835	-0.275015	-0.773478	-0.699375	-0.0117779	-0.418557	-0.579264	-0.743691	-0.133532	0.586717	-0.291299	-0.49636	-0.602604	0.437576	-0.44612	-0.193457	-0.683263	0.0643757	-0.701129	-0.346447	-0.58876	0.499974	-0.532318
-0.416753	-0.611188	0.423879	-0.522583	-0.417164	-0.548345	0.418983	-0.591392	-0.646615	0.243445	0.451441	-0.564645	0.0516873	0.403587	0.201459	-0.890988	-0.427995	-0.371238	-0.277347	-0.775939	-0.697666	-0.0101533	-0.418716	-0.581237	-0.741641	-0.126353	0.589693	-0.293711	-0.489154	-0.599945	0.450985	-0.444305	-0.193792	-0.669278	0.0638863	-0.714444	-0.332023	-0.581918	0.506276	-0.54297
-0.408041	-0.611501	0.42659	-0.526869	-0.411987	-0.548823	0.427158	-0.588724	-0.641677	0.242162	0.458042	-0.565514	0.0531756	0.406424	0.204494	-0.888918	-0.423192	-0.370198	-0.274271	-0.780152	-0.694063	-0.00867484	-0.418655	-0.585602	-0.73503	-0.115261	0.596151	-0.301745	-0.478162	-0.601881	0.459719	-0.444701	-0.196846	-0.65557	0.0671483	-0.725927	-0.316143	-0.573303	0.506503	-0.561098
-0.399367	-0.611609	0.428673	-0.531676	-0.406403	-0.548803	0.436354	-0.585873	-0.640497	0.235489	0.466813	-0.562489	0.0530651	0.409636	0.2151	-0.884937	-0.420484	-0.370896	-0.271998	-0.782078	-0.690925	-0.012373	-0.417254	-0.590227	-0.717966	-0.122927	0.608687	-0.314506	-0.432436	-0.617629	0.464452	-0.464562	-0.197699	-0.64824	0.0640539	-0.732528	-0.300846	-0.564998	0.503572	-0.580245
-0.389416	-0.612805	0.426854	-0.539092	-0.404015	-0.549461	0.437253	-0.586237	-0.639896	0.230701	0.471509	-0.561238	0.0534871	0.410484	0.221845	-0.882851	-0.416157	-0.370301	-0.267071	-0.786361	-0.689176	-0.0136053	-0.414886	-0.593903	-0.710803	-0.129964	0.614781	-0.31609	-0.423112	-0.618207	0.465415	-0.471366	-0.205436	-0.628754	0.0416206	-0.748821	-0.293152	-0.5621	0.500228	-0.589811
-0.389416	-0.612805	0.426854	-0.539092	-0.404015	-0.549461	0.437253	-0.586237	-0.639896	0.230701	0.471509	-0.561238	0.0534871	0.410484	0.221845	-0.882851	-0.416157	-0.370301	-0.267071	-0.786361	-0.689176	-0.0136053	-0.414886	-0.593903	-0.710803	-0.129964	0.614781	-0.31609	-0.423112	-0.618207	0.465415	-0.471366	-0.205436	-0.628754	0.0416206	-0.748821	-0.293152	-0.5621	0.500228	-0.589811
-0.373159	-0.610161	0.417736	-0.560314	-0.396637	-0.552463	0.435774	-0.589546	-0.638091	0.224609	0.474937	-0.562872	0.0557307	0.409625	0.229224	-0.881225	-0.41393	-0.369343	-0.266082	-0.78832	-0.685947	-0.0135533	-0.409294	-0.601474	-0.700202	-0.142769	0.624148	-0.315869	-0.412869	-0.613737	0.469741	-0.481881	-0.206014	-0.618347	0.0210915	-0.758129	-0.280331	-0.555839	0.490039	-0.610179
-0.367496	-0.609243	0.418424	-0.564527	-0.393255	-0.552088	0.435882	-0.592079	-0.636946	0.224661	0.474678	-0.564365	0.0572809	0.40914	0.228939	-0.881425	-0.410254	-0.364884	-0.263959	-0.793018	-0.68522	-0.0119112	-0.406446	-0.604263	-0.695855	-0.145022	0.629644	-0.313533	-0.406225	-0.612988	0.469098	-0.489054	-0.203849	-0.604798	0.000373822	-0.769848	-0.275442	-0.550606	0.48326	-0.622434
-0.359078	-0.60772	0.425163	-0.566547	-0.38811	-0.548233	0.43828	-0.597261	-0.635251	0.225066	0.474721	-0.566075	0.0613416	0.409936	0.226993	-0.881285	-0.405839	-0.357397	-0.260141	-0.79993	-0.685244	-0.00601027	-0.399824	-0.608724	-0.691311	-0.147232	0.634822	-0.312111	-0.40071	-0.606933	0.473136	-0.497199	-0.206434	-0.597597	0.00431609	-0.774754	-0.27219	-0.53546	0.477815	-0.641005
-0.347548	-0.605861	0.424323	-0.576274	-0.383895	-0.542772	0.439469	-0.604061	-0.628911	0.231596	0.4776	-0.568096	0.0659837	0.414181	0.223642	-0.87982	-0.401434	-0.350357	-0.259368	-0.805499	-0.68601	0.000840178	-0.393537	-0.611978	-0.67937	-0.158881	0.646349	-0.308945	-0.394021	-0.60452	0.472424	-0.506082	-0.204433	-0.588711	-0.00367033	-0.782057	-0.265453	-0.526472	0.46734	-0.658753
-0.337866	-0.605145	0.424351	-0.582729	-0.378989	-0.539004	0.442121	-0.608581	-0.624712	0.236611	0.482545	-0.56648	0.0690829	0.421011	0.22142	-0.876898	-0.400179	-0.347154	-0.257763	-0.808022	-0.686522	0.0051738	-0.388008	-0.614907	-0.672284	-0.168233	0.651268	-0.309163	-0.389025	-0.60265	0.471562	-0.512934	-0.203097	-0.585709	-0.0103337	-0.784595	-0.261423	-0.520873	0.46191	-0.668572
-0.336961	-0.603568	0.425916	-0.583746	-0.377028	-0.536801	0.444003	-0.610374	-0.622534	0.238768	0.48548	-0.565465	0.0694984	0.425033	0.220798	-0.87508	-0.399115	-0.341879	-0.253668	-0.812083	-0.686604	0.00597006	-0.385521	-0.616371	-0.66976	-0.16935	0.655111	-0.305895	-0.388426	-0.600645	0.472826	-0.514574	-0.204056	-0.581148	-0.0145188	-0.787666	-0.260662	-0.518847	0.460237	-0.671591
-0.335997	-0.602358	0.428056	-0.583985	-0.376068	-0.53374	0.445825	-0.612319	-0.620485	0.240941	0.488162	-0.564486	0.0697072	0.428781	0.220144	-0.873398	-0.399115	-0.341879	-0.253668	-0.812083	-0.686834	0.00606174	-0.383313	-0.61749	-0.667945	-0.169084	0.65861	-0.302478	-0.386691	-0.599524	0.473552	-0.516517	-0.204056	-0.581148	-0.0145188	-0.787666	-0.26112	-0.51721	0.46021	-0.672694
-0.334493	-0.601124	0.430172	-0.584565	-0.375966	-0.530236	0.447414	-0.614264	-0.618789	0.243113	0.49059	-0.56331	0.0701852	0.43218	0.219567	-0.871828	-0.397982	-0.338383	-0.253268	-0.814225	-0.687346	0.00652909	-0.380731	-0.618512	-0.66691	-0.167877	0.661198	-0.299776	-0.385914	-0.597932	0.475844	-0.516837	-0.207318	-0.579299	-0.0133074	-0.788197	-0.261668	-0.516592	0.460208	-0.672956
-0.333159	-0.597766	0.433464	-0.586336	-0.377205	-0.524062	0.450688	-0.616406	-0.61708	0.246926	0.493472	-0.561003	0.0707448	0.434837	0.218825	-0.870648	-0.397816	-0.336858	-0.25213	-0.815291	-0.688624	0.00716267	-0.377125	-0.619292	-0.665115	-0.16365	0.666374	-0.294595	-0.383486	-0.595887	0.480194	-0.516983	-0.208621	-0.578732	-0.0129921	-0.788275	-0.261822	-0.516822	0.459045	-0.673515
-0.333302	-0.596121	0.435146	-0.586684	-0.378672	-0.521197	0.451622	-0.61725	-0.61708	0.246926	0.493472	-0.561003	0.0705151	0.438247	0.216304	-0.869586	-0.398507	-0.334975	-0.251532	-0.815914	-0.68927	0.00718669	-0.376428	-0.618996	-0.663896	-0.163546	0.667709	-0.294379	-0.380772	-0.596342	0.480816	-0.517885	-0.208974	-0.578401	-0.0156117	-0.788377	-0.261817	-0.51704	0.458363	-0.673813
-0.333775	-0.593391	0.436155	-0.588429	-0.382008	-0.516309	0.452396	-0.618735	-0.618246	0.252799	0.492944	-0.557558	0.0685705	0.439736	0.213507	-0.869681	-0.399135	-0.335206	-0.252848	-0.815105	-0.690514	0.00633672	-0.37594	-0.617916	-0.661371	-0.164344	0.669399	-0.295778	-0.375688	-0.597285	0.483049	-0.518432	-0.208747	-0.577439	-0.0203486	-0.789034	-0.261052	-0.518567	0.455992	-0.674545
-0.334452	-0.592205	0.436179	-0.589223	-0.383544	-0.514401	0.452735	-0.619125	-0.619114	0.254437	0.491856	-0.556809	0.0673994	0.439918	0.211835	-0.870089	-0.399858	-0.33576	-0.252816	-0.814532	-0.691259	0.00521317	-0.376223	-0.61692	-0.660598	-0.164093	0.670446	-0.295271	-0.373409	-0.598005	0.483586	-0.518749	-0.209078	-0.577088	-0.0219231	-0.789161	-0.26025	-0.519287	0.455122	-0.674889
-0.335458	-0.591423	0.436327	-0.589326	-0.384829	-0.513023	0.452733	-0.619473	-0.619933	0.25607	0.490745	-0.55613	0.0664829	0.439927	0.21033	-0.87052	-0.400755	-0.336301	-0.252523	-0.813959	-0.691937	0.00452649	-0.376251	-0.616148	-0.659874	-0.163901	0.671454	-0.294708	-0.371839	-0.598553	0.484258	-0.518618	-0.208891	-0.576284	-0.0239784	-0.789738	-0.258859	-0.520022	0.453468	-0.67597
-0.337709	-0.589546	0.43658	-0.589734	-0.387525	-0.510183	0.451926	-0.620726	-0.620206	0.258871	0.488778	-0.556262	0.0662574	0.439733	0.207314	-0.871359	-0.401663	-0.336967	-0.252789	-0.813153	-0.693566	0.00309658	-0.375684	-0.614669	-0.657857	-0.164897	0.673146	-0.294801	-0.368242	-0.600431	0.484312	-0.518963	-0.208731	-0.575572	-0.0262379	-0.790228	-0.257969	-0.520807	0.454138	-0.675256
-0.338101	-0.589037	0.436647	-0.589968	-0.389054	-0.50854	0.451276	-0.62159	-0.619867	0.26033	0.487917	-0.556714	0.0667655	0.439692	0.205702	-0.871722	-0.401916	-0.337087	-0.253444	-0.812774	-0.694504	0.00242417	-0.374954	-0.614059	-0.657136	-0.165693	0.673413	-0.295352	-0.367155	-0.601157	0.484685	-0.518543	-0.208865	-0.575543	-0.0265955	-0.790201	-0.257549	-0.521449	0.454639	-0.674583
-0.340151	-0.587501	0.436664	-0.590309	-0.391128	-0.506447	0.45079	-0.622349	-0.618984	0.262061	0.486589	-0.558045	0.0687179	0.439017	0.203591	-0.872406	-0.402939	-0.337048	-0.253604	-0.812234	-0.695893	0.00158602	-0.374177	-0.612961	-0.656803	-0.166686	0.673655	-0.294981	-0.366407	-0.602215	0.484883	-0.51766	-0.20872	-0.575806	-0.0252885	-0.790091	-0.256468	-0.522691	0.456185	-0.672988
-0.342025	-0.586627	0.437333	-0.5896	-0.391854	-0.505764	0.450906	-0.622364	-0.618543	0.262363	0.486255	-0.558682	0.0696449	0.43877	0.203112	-0.872569	-0.403719	-0.337337	-0.253792	-0.811668	-0.696303	0.000946986	-0.374491	-0.612306	-0.656926	-0.166511	0.67391	-0.294224	-0.366005	-0.60307	0.484426	-0.517377	-0.208515	-0.575698	-0.0244175	-0.790251	-0.255592	-0.523667	0.456489	-0.672357
-0.345447	-0.584635	0.438238	-0.588911	-0.393766	-0.504062	0.451047	-0.622436	-0.617516	0.262789	0.486279	-0.559597	0.070942	0.438656	0.202966	-0.872556	-0.40629	-0.337907	-0.254822	-0.809823	-0.697128	0.000597382	-0.375789	-0.610569	-0.656796	-0.167132	0.674153	-0.293606	-0.366196	-0.604635	0.483802	-0.515997	-0.208254	-0.576741	-0.0228388	-0.789606	-0.256388	-0.525088	0.460558	-0.668157
-0.347088	-0.583394	0.438154	-0.589239	-0.39475	-0.50329	0.451158	-0.622356	-0.617177	0.262833	0.486285	-0.559945	0.0715199	0.438541	0.203056	-0.872545	-0.407696	-0.338235	-0.255187	-0.808864	-0.697731	0.000765389	-0.376598	-0.609381	-0.656763	-0.168132	0.673852	-0.293799	-0.366459	-0.605563	0.483298	-0.515194	-0.207619	-0.577497	-0.0221131	-0.789241	-0.255872	-0.526342	0.461182	-0.666937
-0.350048	-0.581652	0.438704	-0.5888	-0.39707	-0.501227	0.450961	-0.622688	-0.616818	0.262957	0.48614	-0.560408	0.0726045	0.438203	0.203072	-0.872622	-0.410818	-0.338834	-0.256121	-0.806736	-0.699715	0.000496758	-0.378154	-0.606134	-0.6582	-0.168801	0.672602	-0.293062	-0.36818	-0.606754	0.483343	-0.512517	-0.20535	-0.579034	-0.0210316	-0.788739	-0.2543	-0.529732	0.461596	-0.664564
-0.351647	-0.580751	0.43902	-0.588502	-0.399823	-0.499267	0.450887	-0.622556	-0.616587	0.263848	0.485658	-0.560661	0.0729469	0.438145	0.20279	-0.872688	-0.412368	-0.338916	-0.256127	-0.805908	-0.702706	0.00117462	-0.378579	-0.602396	-0.660132	-0.168986	0.671525	-0.291073	-0.370308	-0.607606	0.483365	-0.509947	-0.204063	-0.579438	-0.021616	-0.78876	-0.25372	-0.531577	0.461678	-0.663254
-0.354922	-0.579244	0.438758	-0.588216	-0.401096	-0.498688	0.450673	-0.622356	-0.616745	0.264264	0.485089	-0.560784	0.0732552	0.437802	0.201682	-0.873091	-0.41524	-0.338868	-0.256301	-0.804397	-0.704232	0.00135351	-0.379035	-0.600323	-0.660987	-0.169377	0.670866	-0.290425	-0.37119	-0.60824	0.483043	-0.508854	-0.20265	-0.581258	-0.0190434	-0.787851	-0.253525	-0.534339	0.463685	-0.659699
-0.356784	-0.578572	0.438929	-0.587623	-0.40256	-0.497947	0.450143	-0.622387	-0.617037	0.264642	0.484315	-0.560954	0.0730762	0.437443	0.201044	-0.873433	-0.416772	-0.339072	-0.256741	-0.803378	-0.705424	0.00163258	-0.379819	-0.598425	-0.66215	-0.169569	0.670184	-0.289235	-0.372362	-0.608592	0.482843	-0.507764	-0.20212	-0.581903	-0.0169736	-0.787558	-0.252896	-0.535853	0.463807	-0.658626
-0.359791	-0.57804	0.439336	-0.586007	-0.405436	-0.496921	0.448564	-0.62248	-0.617884	0.265194	0.482697	-0.561154	0.0725234	0.436377	0.200085	-0.874232	-0.419329	-0.340098	-0.258221	-0.801136	-0.707176	0.00192173	-0.381735	-0.595128	-0.66424	-0.169948	0.669205	-0.286474	-0.375519	-0.608644	0.482765	-0.505446	-0.199905	-0.583238	-0.0161814	-0.787153	-0.251921	-0.538995	0.463866	-0.656391
-0.363105	-0.577382	0.439185	-0.584723	-0.407284	-0.497395	0.447206	-0.621872	-0.618992	0.265392	0.48074	-0.561519	0.071691	0.434804	0.199192	-0.875288	-0.421514	-0.341677	-0.25959	-0.798872	-0.708035	0.00152001	-0.384134	-0.592558	-0.665518	-0.170789	0.668901	-0.283706	-0.378319	-0.608853	0.481812	-0.504014	-0.198108	-0.585062	-0.015404	-0.786269	-0.251757	-0.541375	0.464754	-0.653862
-0.366453	-0.576944	0.440632	-0.581972	-0.408321	-0.497782	0.445169	-0.622344	-0.619497	0.265495	0.4797	-0.561805	0.0707959	0.433213	0.198455	-0.876316	-0.422256	-0.343438	-0.260762	-0.797342	-0.708237	0.000275397	-0.386106	-0.591035	-0.667332	-0.169581	0.668193	-0.281831	-0.380011	-0.609374	0.48104	-0.502848	-0.196539	-0.588073	-0.0165503	-0.784391	-0.25311	-0.543623	0.466841	-0.649976
-0.368178	-0.57678	0.441852	-0.580118	-0.408433	-0.498047	0.444615	-0.622454	-0.620133	0.265626	0.478105	-0.5624	0.0707188	0.432576	0.198084	-0.876721	-0.422214	-0.343786	-0.261077	-0.797111	-0.708251	-0.000229553	-0.386392	-0.590832	-0.668168	-0.167502	0.668598	-0.280128	-0.380751	-0.609513	0.481127	-0.502035	-0.195927	-0.589322	-0.0171607	-0.783592	-0.253431	-0.544657	0.467407	-0.648577
-0.372449	-0.576384	0.444368	-0.575847	-0.407942	-0.498848	0.443492	-0.622936	-0.619615	0.265788	0.477338	-0.563543	0.0710753	0.432005	0.197333	-0.877143	-0.42175	-0.342943	-0.261558	-0.797562	-0.707979	-0.000233571	-0.385717	-0.591597	-0.668902	-0.163888	0.668992	-0.279571	-0.379333	-0.611159	0.481369	-0.500875	-0.195365	-0.589957	-0.0175414	-0.783247	-0.253168	-0.545405	0.469569	-0.646486
-0.372449	-0.576384	0.444368	-0.575847	-0.407733	-0.498866	0.442883	-0.623491	-0.619173	0.266055	0.476936	-0.564244	0.0710753	0.432005	0.197333	-0.877143	-0.42175	-0.342943	-0.261558	-0.797562	-0.707682	0.000525884	-0.385011	-0.592413	-0.668902	-0.163888	0.668992	-0.279571	-0.37714	-0.612584	0.481997	-0.500185	-0.195365	-0.589957	-0.0175414	-0.783247	-0.253168	-0.545405	0.469569	-0.646486
-0.374261	-0.576593	0.445695	-0.573433	-0.406774	-0.499524	0.4416	-0.6245	-0.618731	0.266287	0.476529	-0.564964	0.073137	0.430927	0.19565	-0.87788	-0.418352	-0.33871	-0.263989	-0.800354	-0.706488	0.00312666	-0.383752	-0.594642	-0.669581	-0.159525	0.667961	-0.282914	-0.369924	-0.61687	0.482493	-0.499828	-0.198459	-0.587076	-0.0172973	-0.784638	-0.25255	-0.544499	0.474955	-0.64355
-0.372453	-0.578111	0.44543	-0.573287	-0.405537	-0.500786	0.441345	-0.624474	-0.617409	0.265175	0.476461	-0.566986	0.0746935	0.430161	0.196097	-0.878025	-0.415915	-0.337406	-0.264459	-0.802018	-0.705197	0.00454086	-0.383534	-0.596304	-0.668505	-0.158098	0.666793	-0.288952	-0.366184	-0.618743	0.48278	-0.49999	-0.199064	-0.585223	-0.0193898	-0.785819	-0.251504	-0.544257	0.475061	-0.644087
-0.371015	-0.579014	0.445296	-0.573413	-0.402225	-0.503929	0.440417	-0.624742	-0.616499	0.26329	0.476951	-0.56844	0.0764763	0.429122	0.197619	-0.878039	-0.412896	-0.336629	-0.265121	-0.803685	-0.700752	0.00630456	-0.384063	-0.601167	-0.666778	-0.158533	0.667156	-0.291851	-0.357313	-0.62284	0.480809	-0.50321	-0.199538	-0.582964	-0.0220177	-0.787308	-0.250165	-0.543479	0.474781	-0.645469
-0.362593	-0.580824	0.441438	-0.579916	-0.39758	-0.509203	0.43824	-0.62497	-0.612601	0.25331	0.4798	-0.574758	0.0832501	0.424592	0.206653	-0.877545	-0.399828	-0.338488	-0.270349	-0.807759	-0.693769	0.00686237	-0.386506	-0.60766	-0.657644	-0.164291	0.671957	-0.298307	-0.348164	-0.625609	0.476549	-0.510192	-0.203278	-0.57326	-0.0286426	-0.79324	-0.246806	-0.536127	0.473396	-0.653874
-0.357732	-0.581522	0.438436	-0.584495	-0.394807	-0.512528	0.437161	-0.624767	-0.611469	0.249606	0.480725	-0.576807	0.0854757	0.422774	0.210289	-0.877345	-0.394913	-0.340743	-0.271868	-0.808719	-0.687005	0.00524089	-0.390081	-0.613052	-0.654235	-0.1664	0.674168	-0.299641	-0.340239	-0.626104	0.472811	-0.518345	-0.206027	-0.570079	-0.0308731	-0.794739	-0.245946	-0.53275	0.472207	-0.657806
-0.347432	-0.584343	0.43183	-0.592754	-0.390289	-0.519167	0.434734	-0.623816	-0.60974	0.241979	0.482333	-0.580533	0.0893871	0.418918	0.217385	-0.877076	-0.390701	-0.342875	-0.272306	-0.809716	-0.684425	0.00432052	-0.390915	-0.61541	-0.647803	-0.170374	0.679714	-0.298854	-0.338845	-0.62459	0.472003	-0.521809	-0.211994	-0.56468	-0.0403348	-0.796598	-0.244067	-0.531439	0.469829	-0.66126
-0.342533	-0.586086	0.427202	-0.59722	-0.387071	-0.525107	0.43183	-0.622865	-0.608279	0.236599	0.481902	-0.584627	0.0919044	0.415476	0.220751	-0.877612	-0.383877	-0.346483	-0.271212	-0.811808	-0.681541	0.00285532	-0.391298	-0.618369	-0.643878	-0.171612	0.685783	-0.292697	-0.337927	-0.620794	0.469652	-0.529006	-0.217134	-0.56482	-0.055901	-0.79417	-0.24391	-0.549068	0.474691	-0.643195
-0.341695	-0.586186	0.427476	-0.597406	-0.386101	-0.526932	0.431407	-0.622219	-0.607798	0.23487	0.481989	-0.58575	0.0927057	0.414415	0.221865	-0.877748	-0.382589	-0.347658	-0.270263	-0.81223	-0.681183	0.0017193	-0.39147	-0.618658	-0.643482	-0.170314	0.688467	-0.287988	-0.340156	-0.617678	0.47028	-0.530664	-0.219745	-0.568011	-0.0585821	-0.790976	-0.25172	-0.561626	0.481917	-0.623674
-0.340912	-0.586261	0.429294	-0.596477	-0.38542	-0.528192	0.43199	-0.621167	-0.607483	0.232766	0.482789	-0.586258	0.0934821	0.413617	0.22384	-0.877541	-0.381612	-0.349019	-0.26843	-0.812714	-0.681173	0.000396169	-0.391499	-0.618653	-0.643666	-0.168295	0.69124	-0.282061	-0.342124	-0.61523	0.46952	-0.532912	-0.218459	-0.575885	-0.0624816	-0.78532	-0.258789	-0.575563	0.480734	-0.608811
-0.341695	-0.586012	0.430995	-0.595045	-0.384069	-0.529752	0.43435	-0.619027	-0.60736	0.228365	0.48448	-0.586721	0.0942508	0.412297	0.228379	-0.87691	-0.380803	-0.350323	-0.266596	-0.813136	-0.682181	-0.00249973	-0.390612	-0.618098	-0.642758	-0.168809	0.695535	-0.273123	-0.348218	-0.609767	0.468139	-0.536446	-0.220995	-0.602387	-0.0547142	-0.765047	-0.270952	-0.605384	0.462604	-0.588296
-0.342743	-0.585936	0.431038	-0.594485	-0.384112	-0.529521	0.434746	-0.61892	-0.607497	0.227652	0.485001	-0.586426	0.0938809	0.412225	0.229401	-0.876717	-0.381226	-0.351824	-0.264106	-0.813102	-0.683134	-0.00378616	-0.389979	-0.617438	-0.642584	-0.169941	0.696728	-0.26977	-0.354499	-0.604634	0.46713	-0.539016	-0.221216	-0.613644	-0.0538804	-0.756043	-0.283409	-0.618941	0.454721	-0.5743
-0.342841	-0.588384	0.429249	-0.593304	-0.384565	-0.528982	0.434448	-0.619308	-0.608021	0.227327	0.485644	-0.585477	0.0927819	0.412485	0.230366	-0.876458	-0.384264	-0.351753	-0.261382	-0.812583	-0.685611	-0.00522636	-0.388192	-0.615807	-0.643476	-0.173534	0.696802	-0.265124	-0.35722	-0.602412	0.466953	-0.53986	-0.213601	-0.642185	-0.0628038	-0.733504	-0.308251	-0.639714	0.44588	-0.54492
-0.344562	-0.59007	0.428	-0.591533	-0.384729	-0.529019	0.434805	-0.618924	-0.608467	0.227574	0.485629	-0.584929	0.092217	0.412685	0.230401	-0.876414	-0.386513	-0.351373	-0.260239	-0.812047	-0.687052	-0.00547026	-0.387361	-0.61472	-0.643809	-0.176016	0.695944	-0.264935	-0.365948	-0.595465	0.472264	-0.537094	-0.207876	-0.65617	-0.0663123	-0.722379	-0.310702	-0.652198	0.43431	-0.538031
-0.347175	-0.592199	0.426853	-0.588699	-0.385444	-0.528581	0.435102	-0.618644	-0.608886	0.228375	0.485578	-0.584224	0.0913286	0.413222	0.229925	-0.87638	-0.389157	-0.350826	-0.259388	-0.811293	-0.68874	-0.00534337	-0.386613	-0.613301	-0.645067	-0.176386	0.695373	-0.263122	-0.365948	-0.595465	0.472264	-0.537094	-0.202011	-0.669906	-0.0698852	-0.711009	-0.316731	-0.660312	0.427214	-0.530243
-0.349724	-0.594232	0.425525	-0.586097	-0.386611	-0.527814	0.434757	-0.618814	-0.609189	0.229245	0.485831	-0.583356	0.0905609	0.413907	0.229725	-0.876189	-0.391633	-0.350253	-0.259058	-0.810454	-0.690595	-0.00517963	-0.386063	-0.611561	-0.647337	-0.173833	0.695384	-0.259188	-0.368168	-0.593656	0.474044	-0.53601	-0.192996	-0.681527	-0.0751873	-0.701869	-0.32901	-0.661736	0.42779	-0.520437
-0.35313	-0.595757	0.424734	-0.583072	-0.388047	-0.526975	0.434163	-0.619047	-0.609521	0.229741	0.48608	-0.582606	0.0900203	0.414431	0.229812	-0.875974	-0.393852	-0.350042	-0.259072	-0.809465	-0.692571	-0.00523707	-0.385998	-0.609364	-0.648703	-0.170839	0.69618	-0.255601	-0.368863	-0.593006	0.474946	-0.535453	-0.191397	-0.6929	-0.0695756	-0.691676	-0.341738	-0.659412	0.429515	-0.51372
-0.361494	-0.598453	0.421217	-0.577713	-0.391996	-0.524961	0.433541	-0.618707	-0.610589	0.231287	0.4858	-0.581108	0.0889125	0.415015	0.22909	-0.875999	-0.396352	-0.350149	-0.258812	-0.80828	-0.697007	-0.00579287	-0.386454	-0.603988	-0.648578	-0.168894	0.697826	-0.252704	-0.369419	-0.592007	0.477756	-0.533673	-0.192819	-0.702273	-0.0592824	-0.682729	-0.35419	-0.652141	0.425347	-0.518017
-0.365292	-0.599751	0.418954	-0.575619	-0.394978	-0.523654	0.432257	-0.618816	-0.61131	0.232365	0.485571	-0.58011	0.0883139	0.415202	0.228728	-0.876066	-0.40251	-0.351095	-0.258728	-0.804847	-0.699582	-0.00692085	-0.3865	-0.600961	-0.64822	-0.168708	0.698351	-0.2523	-0.367773	-0.593267	0.477454	-0.53368	-0.189913	-0.715502	-0.0402915	-0.671094	-0.360552	-0.643252	0.429094	-0.521639
-0.370093	-0.599887	0.419606	-0.571924	-0.397875	-0.523121	0.43075	-0.618461	-0.612082	0.232411	0.485986	-0.578929	0.0883181	0.414921	0.229648	-0.875958	-0.404593	-0.352402	-0.258551	-0.803286	-0.701789	-0.00871779	-0.38662	-0.598282	-0.647032	-0.169766	0.698431	-0.254407	-0.365145	-0.595243	0.476577	-0.534069	-0.19218	-0.718077	-0.0287631	-0.668285	-0.362243	-0.637582	0.428756	-0.527672
-0.375373	-0.598357	0.420888	-0.569137	-0.400499	-0.523273	0.430029	-0.61714	-0.612982	0.230864	0.486551	-0.57812	0.0887881	0.413831	0.231837	-0.87585	-0.404593	-0.352402	-0.258551	-0.803286	-0.70344	-0.0114811	-0.38674	-0.596215	-0.646325	-0.169145	0.699019	-0.255003	-0.365103	-0.595464	0.477956	-0.532616	-0.191949	-0.717445	-0.0238758	-0.669222	-0.360942	-0.636	0.425918	-0.532747
-0.379195	-0.59621	0.420504	-0.569141	-0.403308	-0.523509	0.429448	-0.615512	-0.613755	0.228568	0.486595	-0.578175	0.0893062	0.411976	0.234351	-0.876002	-0.406958	-0.356785	-0.258418	-0.800194	-0.704879	-0.0147363	-0.386335	-0.594704	-0.646534	-0.16723	0.699897	-0.25332	-0.365524	-0.595623	0.478536	-0.531628	-0.188221	-0.718366	-0.0215935	-0.669371	-0.359024	-0.635437	0.423094	-0.536949
-0.38359	-0.592322	0.418003	-0.57209	-0.409494	-0.522993	0.425669	-0.614491	-0.614989	0.22639	0.482448	-0.581188	0.0897499	0.406278	0.234869	-0.878476	-0.408325	-0.358443	-0.259603	-0.79837	-0.707576	-0.0200893	-0.384512	-0.592523	-0.647895	-0.164046	0.701221	-0.248213	-0.370405	-0.594264	0.480254	-0.52821	-0.176791	-0.725219	-0.0206742	-0.665113	-0.355086	-0.636269	0.415526	-0.544439
-0.390688	-0.58914	0.419146	-0.569731	-0.415678	-0.520866	0.424607	-0.612878	-0.617246	0.228739	0.474805	-0.584162	0.0890369	0.400691	0.229543	-0.882513	-0.413891	-0.364222	-0.26128	-0.792319	-0.710472	-0.0254869	-0.385147	-0.588423	-0.649483	-0.162635	0.700893	-0.245908	-0.375534	-0.592687	0.482304	-0.52448	-0.180269	-0.72874	-0.0138634	-0.660491	-0.353587	-0.637653	0.412068	-0.54642
-0.400883	-0.585483	0.42234	-0.564031	-0.422075	-0.517481	0.425913	-0.610462	-0.620279	0.232154	0.469669	-0.583754	0.0870497	0.397638	0.225154	-0.885219	-0.41941	-0.368553	-0.259564	-0.787966	-0.714192	-0.0305224	-0.386748	-0.5826	-0.651844	-0.159634	0.700078	-0.243942	-0.379013	-0.591718	0.484166	-0.521347	-0.183399	-0.730202	-0.00724469	-0.658116	-0.358075	-0.636958	0.416505	-0.540916
-0.407813	-0.58132	0.42182	-0.563758	-0.427668	-0.514983	0.427394	-0.607641	-0.623412	0.235178	0.467327	-0.58108	0.0852616	0.397365	0.22385	-0.885846	-0.422645	-0.370196	-0.258662	-0.785761	-0.718421	-0.0343481	-0.38791	-0.576383	-0.654383	-0.1571	0.699403	-0.240704	-0.384081	-0.590107	0.486441	-0.51733	-0.184232	-0.730643	-0.00497873	-0.657415	-0.359807	-0.63716	0.418191	-0.538221
-0.407813	-0.58132	0.42182	-0.563758	-0.427668	-0.514983	0.427394	-0.607641	-0.623412	0.235178	0.467327	-0.58108	0.0831936	0.397581	0.222592	-0.886263	-0.422645	-0.370196	-0.258662	-0.785761	-0.718421	-0.0343481	-0.38791	-0.576383	-0.654383	-0.1571	0.699403	-0.240704	-0.384081	-0.590107	0.486441	-0.51733	-0.184232	-0.730643	-0.00497873	-0.657415	-0.36013	-0.638075	0.418337	-0.536806
-0.410744	-0.579323	0.421367	-0.564025	-0.430133	-0.513458	0.427612	-0.607038	-0.624848	0.236939	0.466378	-0.579582	0.0810318	0.397997	0.221179	-0.88663	-0.429214	-0.372945	-0.25745	-0.781285	-0.720418	-0.0356722	-0.388464	-0.57343	-0.655278	-0.156664	0.698879	-0.240075	-0.386691	-0.58933	0.487691	-0.515089	-0.187598	-0.73269	0.000113717	-0.654196	-0.359824	-0.639265	0.41773	-0.536068
-0.417455	-0.575599	0.423236	-0.561505	-0.434531	-0.509609	0.428713	-0.606371	-0.627378	0.240678	0.464502	-0.576809	0.0773676	0.399029	0.21794	-0.887295	-0.435239	-0.375182	-0.256699	-0.777117	-0.723982	-0.0374965	-0.389696	-0.567962	-0.658396	-0.153107	0.697639	-0.23743	-0.390899	-0.588187	0.489696	-0.511304	-0.188054	-0.734314	0.0040364	-0.652229	-0.359592	-0.641513	0.416632	-0.534391
-0.422295	-0.572964	0.425274	-0.559036	-0.437651	-0.506905	0.430362	-0.605226	-0.629391	0.243425	0.46358	-0.5742	0.0743837	0.400309	0.215798	-0.887497	-0.440012	-0.376726	-0.25546	-0.774084	-0.727045	-0.0389107	-0.390611	-0.563307	-0.661028	-0.151312	0.695965	-0.236177	-0.394255	-0.587684	0.490846	-0.508194	-0.188593	-0.734746	0.00692096	-0.651562	-0.358829	-0.644225	0.415226	-0.532732
-0.423885	-0.571869	0.425651	-0.558667	-0.439011	-0.505897	0.43099	-0.604636	-0.629391	0.243425	0.46358	-0.5742	0.0728102	0.400947	0.214962	-0.887542	-0.442016	-0.377063	-0.254805	-0.772994	-0.727045	-0.0389107	-0.390611	-0.563307	-0.66189	-0.151213	0.695082	-0.236426	-0.394255	-0.587684	0.490846	-0.508194	-0.189197	-0.735134	0.00830693	-0.650932	-0.358686	-0.645306	0.414671	-0.531951
-0.426682	-0.570378	0.426996	-0.557033	-0.440815	-0.504811	0.431827	-0.603634	-0.631795	0.245815	0.462496	-0.571408	0.0702708	0.401823	0.213642	-0.88767	-0.444422	-0.377828	-0.254587	-0.771311	-0.72955	-0.0401075	-0.391032	-0.55968	-0.663886	-0.15033	0.693465	-0.23614	-0.397728	-0.587737	0.491879	-0.504414	-0.188892	-0.736762	0.0107239	-0.649144	-0.35632	-0.648416	0.411107	-0.532526
-0.428723	-0.569384	0.42743	-0.55615	-0.441638	-0.505002	0.432665	-0.60227	-0.632978	0.246976	0.461876	-0.570099	0.0686884	0.402056	0.21272	-0.887909	-0.44484	-0.378344	-0.254681	-0.770786	-0.729465	-0.041405	-0.391432	-0.559418	-0.666003	-0.149422	0.691862	-0.235456	-0.40016	-0.587346	0.492521	-0.502315	-0.188	-0.737537	0.0112292	-0.648513	-0.355278	-0.649761	0.409664	-0.532695
-0.429989	-0.568981	0.427148	-0.555802	-0.441582	-0.506226	0.433159	-0.600928	-0.633844	0.247687	0.461093	-0.569462	0.068137	0.402008	0.212307	-0.888073	-0.444882	-0.379162	-0.254402	-0.770452	-0.728743	-0.0427084	-0.391441	-0.560254	-0.667242	-0.150073	0.690465	-0.235634	-0.402245	-0.587103	0.492692	-0.500763	-0.186971	-0.738906	0.0121863	-0.647234	-0.35442	-0.651611	0.407875	-0.532379
-0.430206	-0.569269	0.427191	-0.555305	-0.441583	-0.506761	0.43304	-0.600561	-0.634036	0.247857	0.46068	-0.569508	0.0674957	0.401665	0.211599	-0.888445	-0.444129	-0.379514	-0.254122	-0.770805	-0.728351	-0.0432879	-0.391331	-0.560795	-0.667893	-0.150506	0.689699	-0.23576	-0.403339	-0.586835	0.492767	-0.500123	-0.186844	-0.739827	0.0134062	-0.646193	-0.352946	-0.653396	0.405591	-0.532915
-0.430529	-0.569949	0.427526	-0.554098	-0.441292	-0.508122	0.432805	-0.599794	-0.633654	0.247582	0.460231	-0.570414	0.0677372	0.401378	0.211369	-0.888611	-0.443536	-0.379787	-0.254111	-0.771015	-0.727201	-0.0443258	-0.391916	-0.561797	-0.669158	-0.150232	0.689043	-0.234259	-0.405275	-0.586288	0.492724	-0.499241	-0.185965	-0.740192	0.0133059	-0.646031	-0.35241	-0.65403	0.404665	-0.533195
-0.430692	-0.57011	0.42744	-0.553872	-0.441129	-0.508806	0.432519	-0.599541	-0.633341	0.247131	0.460317	-0.570888	0.0690154	0.400733	0.211646	-0.888738	-0.441866	-0.381019	-0.254415	-0.771267	-0.726501	-0.0447117	-0.392595	-0.562198	-0.669437	-0.150012	0.689179	-0.233199	-0.405973	-0.586176	0.492613	-0.498915	-0.184026	-0.740922	0.013466	-0.645746	-0.351415	-0.65484	0.402687	-0.534355
-0.430596	-0.57106	0.426518	-0.553679	-0.440733	-0.510261	0.431625	-0.599239	-0.632485	0.24587	0.46047	-0.572257	0.0699021	0.400271	0.212203	-0.888744	-0.440956	-0.381703	-0.254848	-0.771306	-0.72508	-0.045272	-0.394021	-0.56299	-0.669794	-0.151467	0.688423	-0.233467	-0.406948	-0.585984	0.492579	-0.498379	-0.183241	-0.741188	0.0137108	-0.645658	-0.35064	-0.6553	0.401535	-0.535166
-0.430596	-0.57106	0.426518	-0.553679	-0.440733	-0.510261	0.431625	-0.599239	-0.632485	0.24587	0.46047	-0.572257	0.0707873	0.399758	0.212632	-0.888803	-0.440146	-0.382315	-0.255078	-0.77139	-0.72508	-0.045272	-0.394021	-0.56299	-0.669794	-0.151467	0.688423	-0.233467	-0.406948	-0.585984	0.492579	-0.498379	-0.182676	-0.741141	0.0135208	-0.645876	-0.350061	-0.655617	0.400819	-0.535693
-0.430487	-0.571515	0.42599	-0.5537	-0.440444	-0.511002	0.431031	-0.599249	-0.63208	0.245387	0.460511	-0.572878	0.0715824	0.399326	0.213042	-0.888835	-0.439371	-0.382884	-0.255352	-0.771458	-0.724379	-0.0453889	-0.394668	-0.563429	-0.669859	-0.152075	0.68827	-0.233339	-0.40716	-0.586045	0.492383	-0.498328	-0.182227	-0.741067	0.0132109	-0.646095	-0.349467	-0.655946	0.400162	-0.536169
-0.430421	-0.57236	0.424925	-0.553698	-0.43987	-0.512433	0.429706	-0.5994	-0.631325	0.244291	0.460499	-0.574187	0.0731192	0.398343	0.213839	-0.88896	-0.437848	-0.383796	-0.256346	-0.771541	-0.722926	-0.0454989	-0.39601	-0.564344	-0.670041	-0.152499	0.68852	-0.231798	-0.40776	-0.585937	0.492152	-0.498192	-0.180917	-0.741361	0.0123941	-0.646142	-0.348242	-0.656616	0.399193	-0.536868
-0.430468	-0.572678	0.424415	-0.553723	-0.439613	-0.513027	0.428889	-0.599665	-0.63092	0.243997	0.460304	-0.574914	0.0739015	0.397902	0.213825	-0.889096	-0.437053	-0.383964	-0.256932	-0.771714	-0.72231	-0.0452483	-0.396513	-0.5648	-0.670228	-0.152503	0.688632	-0.23092	-0.408238	-0.585664	0.492293	-0.497984	-0.180933	-0.741245	0.0122593	-0.646272	-0.347561	-0.657026	0.39911	-0.536871
-0.430709	-0.572785	0.424097	-0.553669	-0.439435	-0.513435	0.428204	-0.599936	-0.630528	0.244018	0.460076	-0.575517	0.0745405	0.397616	0.213587	-0.889228	-0.436348	-0.383913	-0.257548	-0.771933	-0.721848	-0.0449284	-0.396774	-0.565232	-0.670554	-0.152072	0.688856	-0.229586	-0.408663	-0.585429	0.492385	-0.49782	-0.181063	-0.740981	0.0120035	-0.646544	-0.347292	-0.657245	0.399575	-0.536431
-0.431309	-0.572747	0.423663	-0.553572	-0.439424	-0.513669	0.42711	-0.600523	-0.629766	0.244634	0.459757	-0.576344	0.0756616	0.397575	0.212625	-0.889382	-0.435121	-0.383446	-0.25844	-0.772559	-0.721013	-0.0438886	-0.397338	-0.565983	-0.671402	-0.150643	0.689439	-0.226274	-0.409912	-0.584639	0.492909	-0.497202	-0.182178	-0.740735	0.0129215	-0.646495	-0.347032	-0.657472	0.400571	-0.535577
-0.431901	-0.57244	0.423556	-0.55351	-0.439646	-0.513427	0.426602	-0.600928	-0.629482	0.245221	0.459591	-0.576537	0.0759803	0.397721	0.211954	-0.889449	-0.434662	-0.3832	-0.2592	-0.772685	-0.72066	-0.0432878	-0.397686	-0.566234	-0.671809	-0.149539	0.689958	-0.224209	-0.410527	-0.584252	0.493207	-0.496855	-0.183005	-0.740579	0.0139894	-0.646418	-0.346872	-0.65761	0.40102	-0.535175
-0.432488	-0.572145	0.423302	-0.553552	-0.440227	-0.512826	0.425681	-0.601669	-0.629268	0.246737	0.458882	-0.576688	0.0761623	0.398137	0.210101	-0.889687	-0.434613	-0.382457	-0.260465	-0.772656	-0.720328	-0.0416898	-0.398441	-0.566245	-0.672002	-0.148035	0.691218	-0.220719	-0.410881	-0.584118	0.493278	-0.496648	-0.183243	-0.740315	0.0145137	-0.646641	-0.346285	-0.658054	0.401816	-0.534412
-0.432732	-0.572012	0.42321	-0.553568	-0.441232	-0.511604	0.425851	-0.601853	-0.629466	0.248181	0.458278	-0.576333	0.0761011	0.398311	0.20921	-0.889825	-0.434883	-0.382302	-0.2608	-0.772467	-0.720434	-0.0404036	-0.399629	-0.565367	-0.671868	-0.14771	0.691935	-0.219092	-0.410871	-0.58421	0.493525	-0.496303	-0.183206	-0.740286	0.0146214	-0.646683	-0.346469	-0.658095	0.402523	-0.533709
-0.433351	-0.571635	0.423345	-0.55337	-0.441481	-0.511348	0.426082	-0.601724	-0.629648	0.248736	0.458229	-0.575934	0.0755955	0.398802	0.208143	-0.889898	-0.435852	-0.382138	-0.261078	-0.771908	-0.720767	-0.0398594	-0.400011	-0.56471	-0.671876	-0.147102	0.692418	-0.217947	-0.410905	-0.584246	0.493755	-0.496004	-0.1839	-0.740474	0.0159404	-0.64624	-0.346394	-0.658332	0.403385	-0.532814
-0.433351	-0.571635	0.423345	-0.55337	-0.441481	-0.511348	0.426082	-0.601724	-0.629648	0.248736	0.458229	-0.575934	0.0755955	0.398802	0.208143	-0.889898	-0.435852	-0.382138	-0.261078	-0.771908	-0.720767	-0.0398594	-0.400011	-0.56471	-0.671876	-0.147102	0.692418	-0.217947	-0.410905	-0.584246	0.493755	-0.496004	-0.1839	-0.740474	0.0159404	-0.64624	-0.346394	-0.658332	0.403385	-0.532814
-0.433654	-0.5713	0.423276	-0.553532	-0.44217	-0.510562	0.426423	-0.601644	-0.630096	0.249405	0.458108	-0.57525	0.0751398	0.399111	0.207832	-0.889871	-0.436572	-0.382021	-0.260919	-0.771613	-0.721815	-0.0392741	-0.400293	-0.563211	-0.672096	-0.146148	0.692969	-0.216154	-0.410935	-0.584333	0.494162	-0.495471	-0.18362	-0.740748	0.0160924	-0.646001	-0.346261	-0.658508	0.403676	-0.532462
-0.433812	-0.571084	0.423304	-0.553611	-0.44217	-0.510562	0.426423	-0.601644	-0.630096	0.249405	0.458108	-0.57525	0.0745324	0.399526	0.20751	-0.889811	-0.437233	-0.381975	-0.260692	-0.771338	-0.721815	-0.0392741	-0.400293	-0.563211	-0.672096	-0.146148	0.692969	-0.216154	-0.410935	-0.584333	0.494162	-0.495471	-0.183736	-0.740849	0.0165967	-0.645839	-0.346486	-0.658498	0.404278	-0.531871
-0.434288	-0.570487	0.423676	-0.553567	-0.442826	-0.509587	0.427017	-0.601567	-0.630489	0.250267	0.458162	-0.574402	0.073544	0.400323	0.206946	-0.889666	-0.438512	-0.382117	-0.259859	-0.770823	-0.723014	-0.0395359	-0.400054	-0.561822	-0.672331	-0.145501	0.693313	-0.214752	-0.411071	-0.584337	0.494534	-0.494982	-0.184359	-0.74132	0.0182547	-0.645076	-0.346915	-0.65845	0.405238	-0.53092
-0.43463	-0.570157	0.42388	-0.553483	-0.44315	-0.509168	0.427341	-0.601453	-0.630678	0.250749	0.458145	-0.573998	0.0731981	0.400683	0.206566	-0.889621	-0.439156	-0.382129	-0.25944	-0.770591	-0.723644	-0.0398966	-0.399646	-0.561276	-0.672594	-0.14506	0.693395	-0.213959	-0.411291	-0.584241	0.494756	-0.49469	-0.184394	-0.74155	0.0189284	-0.644783	-0.346984	-0.658524	0.405591	-0.530513
-0.435056	-0.569703	0.424337	-0.553265	-0.444399	-0.507813	0.428012	-0.6012	-0.631097	0.251515	0.457926	-0.573376	0.0722516	0.401303	0.205797	-0.889597	-0.440276	-0.382323	-0.258463	-0.770183	-0.724669	-0.0408801	-0.399012	-0.560332	-0.673109	-0.144262	0.693529	-0.212439	-0.411558	-0.584188	0.495014	-0.494273	-0.18431	-0.741783	0.0198344	-0.644511	-0.34715	-0.658617	0.406265	-0.529773
-0.435577	-0.569275	0.424869	-0.552888	-0.444785	-0.507494	0.428104	-0.601117	-0.631648	0.252463	0.457468	-0.572718	0.0712985	0.401608	0.204988	-0.889723	-0.441107	-0.382811	-0.258115	-0.769582	-0.72532	-0.0417266	-0.398798	-0.55958	-0.673116	-0.144751	0.693381	-0.212567	-0.411468	-0.584291	0.495245	-0.493995	-0.184333	-0.742205	0.0208649	-0.643986	-0.347471	-0.658575	0.407043	-0.529017
-0.436059	-0.568939	0.424952	-0.55279	-0.445383	-0.507112	0.428195	-0.600933	-0.632163	0.253248	0.456773	-0.572358	0.0707238	0.401561	0.204029	-0.890011	-0.441848	-0.383198	-0.257669	-0.769114	-0.725827	-0.0423084	-0.398789	-0.558885	-0.673621	-0.144226	0.69333	-0.21149	-0.411659	-0.584217	0.495559	-0.493608	-0.184519	-0.742302	0.0216484	-0.643795	-0.347656	-0.658612	0.407725	-0.528324
-0.436349	-0.568722	0.425059	-0.552702	-0.445711	-0.506828	0.428257	-0.600885	-0.632366	0.253558	0.456493	-0.57222	0.070451	0.401592	0.20366	-0.890103	-0.442062	-0.383264	-0.257655	-0.768963	-0.726117	-0.0423799	-0.398685	-0.558577	-0.673676	-0.144245	0.693318	-0.211339	-0.411555	-0.584298	0.495598	-0.493559	-0.1846	-0.742425	0.0221534	-0.643612	-0.347591	-0.65868	0.407862	-0.528175
