FULLBODY	1																																						
Frames:	148																																						
-0.431596	-0.591008	0.403092	-0.549501	-0.39612	-0.570039	0.412465	-0.589929	-0.721205	-0.184224	0.598867	-0.295438	-0.681732	-0.0728702	0.675328	-0.271776	-0.0951536	-0.650746	0.0333123	-0.752572	-0.187231	-0.657561	-0.0200824	-0.729489	-0.66962	-0.185317	0.687889	-0.20994	-0.414732	-0.591292	0.487261	-0.490865	-0.201073	-0.741795	0.0623528	-0.636728	-0.391079	-0.621384	0.468054	-0.491797
-0.429225	-0.592602	0.402884	-0.549794	-0.394457	-0.569867	0.408995	-0.593615	-0.719463	-0.187354	0.598891	-0.297659	-0.680668	-0.0757541	0.675284	-0.273759	-0.0891953	-0.651654	0.031999	-0.752574	-0.181326	-0.657075	-0.0227782	-0.731337	-0.6704	-0.184325	0.687757	-0.208756	-0.415043	-0.591536	0.486368	-0.491192	-0.200584	-0.742144	0.0599034	-0.63671	-0.390676	-0.62176	0.466889	-0.492749
-0.429256	-0.592562	0.402479	-0.550109	-0.393879	-0.570928	0.409794	-0.592426	-0.719217	-0.188068	0.598989	-0.297605	-0.680251	-0.0762849	0.675601	-0.273866	-0.0882796	-0.651667	0.0330673	-0.752624	-0.18031	-0.657387	-0.0217456	-0.73134	-0.670413	-0.184334	0.687673	-0.208982	-0.415039	-0.59159	0.486367	-0.491132	-0.200756	-0.742127	0.0593923	-0.636724	-0.390584	-0.621887	0.466893	-0.492658
-0.429451	-0.592483	0.402513	-0.550017	-0.393439	-0.571637	0.410215	-0.591743	-0.719044	-0.188791	0.599145	-0.297254	-0.679949	-0.0768287	0.675895	-0.27374	-0.0872453	-0.651662	0.0337227	-0.75272	-0.178902	-0.657517	-0.0210084	-0.73159	-0.670472	-0.184176	0.687671	-0.208937	-0.415215	-0.591471	0.486374	-0.49112	-0.200707	-0.742126	0.0592109	-0.636758	-0.390544	-0.621942	0.466796	-0.492711
-0.429154	-0.592803	0.402682	-0.54978	-0.393254	-0.572034	0.410442	-0.591325	-0.718838	-0.189618	0.599373	-0.296766	-0.679617	-0.0774539	0.676418	-0.273094	-0.0857429	-0.651723	0.0341677	-0.75282	-0.177164	-0.657911	-0.0210116	-0.731659	-0.670628	-0.183956	0.687624	-0.208787	-0.415328	-0.591413	0.486167	-0.491299	-0.200938	-0.74198	0.059225	-0.636853	-0.390814	-0.621784	0.466912	-0.492587
-0.429061	-0.592962	0.402911	-0.549513	-0.393048	-0.57242	0.410776	-0.590857	-0.718736	-0.190505	0.5995	-0.296186	-0.679626	-0.0783148	0.676615	-0.272338	-0.0845079	-0.651893	0.0347298	-0.752787	-0.175829	-0.658183	-0.0207777	-0.731743	-0.670721	-0.183802	0.68763	-0.208605	-0.415625	-0.591238	0.486129	-0.491297	-0.200996	-0.742071	0.0595729	-0.636696	-0.390888	-0.621713	0.466786	-0.492737
-0.429004	-0.593065	0.402985	-0.549393	-0.393021	-0.572668	0.411269	-0.590292	-0.718875	-0.191023	0.599598	-0.295315	-0.679832	-0.0786941	0.676765	-0.27134	-0.0829516	-0.652106	0.0348329	-0.752771	-0.174352	-0.658631	-0.0211984	-0.731681	-0.670895	-0.183638	0.687606	-0.208267	-0.415877	-0.591127	0.486092	-0.491253	-0.200859	-0.741938	0.0591916	-0.63693	-0.391045	-0.62162	0.466972	-0.492554
-0.429076	-0.593041	0.403145	-0.549245	-0.392915	-0.572858	0.411361	-0.590113	-0.718905	-0.191388	0.59956	-0.295083	-0.679984	-0.0790128	0.676708	-0.271007	-0.0829516	-0.652106	0.0348329	-0.752771	-0.173783	-0.658924	-0.0211927	-0.731553	-0.670833	-0.183752	0.687613	-0.208341	-0.415791	-0.591186	0.486017	-0.491329	-0.200999	-0.742058	0.0596294	-0.636705	-0.391065	-0.621592	0.466917	-0.492625
-0.429076	-0.593041	0.403145	-0.549245	-0.392915	-0.572858	0.411361	-0.590113	-0.718905	-0.191388	0.59956	-0.295083	-0.679984	-0.0790128	0.676708	-0.271007	-0.0822631	-0.652239	0.0350124	-0.752723	-0.173783	-0.658924	-0.0211927	-0.731553	-0.670833	-0.183752	0.687613	-0.208341	-0.415791	-0.591186	0.486017	-0.491329	-0.200999	-0.742058	0.0596294	-0.636705	-0.391065	-0.621592	0.466917	-0.492625
-0.429331	-0.592919	0.403162	-0.549165	-0.392858	-0.573176	0.412511	-0.589039	-0.719257	-0.191775	0.599636	-0.293817	-0.680343	-0.079325	0.676621	-0.270231	-0.0811563	-0.652429	0.0359337	-0.752634	-0.172308	-0.659982	-0.0208267	-0.730958	-0.670932	-0.183574	0.68762	-0.208155	-0.41587	-0.591106	0.486185	-0.491193	-0.20114	-0.742067	0.0599628	-0.636619	-0.391	-0.621656	0.467108	-0.492416
-0.429455	-0.592846	0.403181	-0.549133	-0.392686	-0.57346	0.412788	-0.588683	-0.719461	-0.191831	0.599662	-0.293228	-0.680613	-0.0792265	0.676772	-0.269199	-0.0795242	-0.652666	0.0363784	-0.752582	-0.17153	-0.660446	-0.0207895	-0.730723	-0.670886	-0.183666	0.687618	-0.208233	-0.415795	-0.59116	0.486183	-0.491194	-0.201157	-0.741979	0.0596835	-0.636742	-0.390989	-0.621707	0.467166	-0.492305
-0.429881	-0.592493	0.403077	-0.549258	-0.392779	-0.573563	0.412948	-0.588408	-0.71943	-0.192659	0.599639	-0.292807	-0.680876	-0.0799979	0.676687	-0.26852	-0.0785871	-0.653118	0.0371051	-0.752253	-0.170346	-0.661082	-0.0202015	-0.730442	-0.67103	-0.183355	0.687678	-0.207844	-0.415784	-0.591169	0.486291	-0.491086	-0.201229	-0.742035	0.0600249	-0.636623	-0.390862	-0.621828	0.467199	-0.492221
-0.429918	-0.592477	0.402977	-0.549319	-0.392898	-0.573604	0.412925	-0.588304	-0.719452	-0.192862	0.599655	-0.292586	-0.68094	-0.0803074	0.676755	-0.268094	-0.0780188	-0.653353	0.037135	-0.752106	-0.169651	-0.661436	-0.0201452	-0.730284	-0.67112	-0.183314	0.687639	-0.207718	-0.415791	-0.59118	0.486306	-0.49105	-0.201301	-0.741926	0.0599054	-0.636738	-0.390867	-0.621854	0.467372	-0.49202
-0.43006	-0.592342	0.402927	-0.54939	-0.393009	-0.573724	0.412857	-0.588161	-0.719469	-0.192977	0.599669	-0.29244	-0.680985	-0.0805239	0.67686	-0.267648	-0.0775956	-0.653572	0.0370792	-0.751962	-0.168962	-0.661717	-0.0202026	-0.730188	-0.671097	-0.183471	0.687625	-0.207702	-0.415815	-0.591201	0.486298	-0.491013	-0.201279	-0.741918	0.0598877	-0.636756	-0.390826	-0.621891	0.467408	-0.491972
-0.43043	-0.591927	0.402744	-0.549682	-0.393374	-0.573619	0.412479	-0.588285	-0.719486	-0.19313	0.599656	-0.292323	-0.681056	-0.0808192	0.676844	-0.267418	-0.0771553	-0.653901	0.0368069	-0.751736	-0.168204	-0.661965	-0.0202012	-0.730138	-0.67114	-0.18368	0.687605	-0.20744	-0.415871	-0.591261	0.486263	-0.490928	-0.200886	-0.742175	0.0602497	-0.636546	-0.390606	-0.622039	0.467148	-0.492207
-0.430413	-0.591913	0.40265	-0.549778	-0.393883	-0.573311	0.411949	-0.588615	-0.719689	-0.192677	0.599481	-0.292481	-0.681079	-0.080676	0.676816	-0.267474	-0.077027	-0.654012	0.036525	-0.751666	-0.168026	-0.661924	-0.0207687	-0.7302	-0.671126	-0.184047	0.687543	-0.207368	-0.415695	-0.591472	0.486185	-0.4909	-0.200797	-0.742158	0.060291	-0.63659	-0.390594	-0.622101	0.467215	-0.492074
-0.430413	-0.591913	0.40265	-0.549778	-0.393883	-0.573311	0.411949	-0.588615	-0.719689	-0.192677	0.599481	-0.292481	-0.681069	-0.0802798	0.676796	-0.26767	-0.07708	-0.654054	0.0362084	-0.751639	-0.168026	-0.661924	-0.0207687	-0.7302	-0.671126	-0.184047	0.687543	-0.207368	-0.415695	-0.591472	0.486185	-0.4909	-0.200617	-0.742163	0.0602024	-0.636649	-0.390594	-0.622101	0.467215	-0.492074
-0.430534	-0.591797	0.402565	-0.549871	-0.394103	-0.573242	0.411793	-0.588645	-0.719821	-0.192355	0.599306	-0.29273	-0.681117	-0.0798083	0.676619	-0.268135	-0.0774191	-0.654088	0.0359524	-0.751587	-0.168357	-0.661705	-0.0210089	-0.730315	-0.671126	-0.184047	0.687543	-0.207368	-0.415646	-0.591568	0.486181	-0.49083	-0.200452	-0.742246	0.0601628	-0.636608	-0.390477	-0.622206	0.467233	-0.492017
-0.431072	-0.591373	0.402459	-0.549983	-0.394587	-0.572958	0.411572	-0.588752	-0.719935	-0.191777	0.598885	-0.293687	-0.681223	-0.0789304	0.676068	-0.269513	-0.0781216	-0.654114	0.035072	-0.751533	-0.169361	-0.661084	-0.0218595	-0.730621	-0.671165	-0.184191	0.687543	-0.207113	-0.415682	-0.591628	0.486353	-0.490556	-0.200453	-0.742344	0.0604179	-0.636469	-0.390334	-0.622351	0.467391	-0.491796
-0.431577	-0.590912	0.402431	-0.550103	-0.395289	-0.57242	0.411352	-0.588958	-0.71988	-0.191743	0.597975	-0.295692	-0.680054	-0.0773072	0.67672	-0.271293	-0.0796911	-0.653929	0.03413	-0.751572	-0.171207	-0.660268	-0.0222774	-0.730916	-0.671349	-0.184012	0.687557	-0.206628	-0.415715	-0.591695	0.486439	-0.490362	-0.200379	-0.742444	0.0607131	-0.636348	-0.390275	-0.622477	0.467571	-0.491514
-0.432131	-0.590502	0.402588	-0.549994	-0.396026	-0.571769	0.411347	-0.589099	-0.720846	-0.190042	0.597202	-0.295996	-0.677672	-0.072552	0.677944	-0.275479	-0.082524	-0.652942	0.0334075	-0.752158	-0.174285	-0.658803	-0.0215889	-0.73153	-0.671402	-0.184104	0.687528	-0.20647	-0.415771	-0.591795	0.486449	-0.490185	-0.20062	-0.742461	0.0612655	-0.636199	-0.390271	-0.622611	0.467795	-0.491133
-0.432759	-0.589937	0.402792	-0.549957	-0.397152	-0.57093	0.411793	-0.588843	-0.721832	-0.188118	0.595946	-0.297352	-0.673366	-0.0630218	0.680134	-0.282885	-0.088174	-0.651544	0.0360577	-0.752606	-0.178093	-0.657456	-0.0209455	-0.731844	-0.671513	-0.183848	0.687601	-0.206095	-0.415918	-0.591765	0.486579	-0.489966	-0.200534	-0.742579	0.0615006	-0.636067	-0.390154	-0.622805	0.467856	-0.490922
-0.43333	-0.589434	0.403248	-0.549712	-0.398783	-0.57002	0.41283	-0.587895	-0.723438	-0.1842	0.594659	-0.298477	-0.667349	-0.0454151	0.683257	-0.292818	-0.092367	-0.649554	0.0367785	-0.753787	-0.181805	-0.654448	-0.027745	-0.733399	-0.671604	-0.183592	0.687609	-0.206001	-0.4161	-0.591704	0.486663	-0.489802	-0.200985	-0.742414	0.0614889	-0.636117	-0.389956	-0.623061	0.468035	-0.490584
-0.433737	-0.589114	0.403522	-0.549534	-0.39942	-0.569712	0.413562	-0.587246	-0.724123	-0.182142	0.593882	-0.299625	-0.667349	-0.0454151	0.683257	-0.292818	-0.092367	-0.649554	0.0367785	-0.753787	-0.186013	-0.652029	-0.0300269	-0.734408	-0.671656	-0.183307	0.687665	-0.205897	-0.416183	-0.591676	0.486637	-0.489791	-0.200985	-0.742414	0.0614889	-0.636117	-0.389956	-0.623061	0.468035	-0.490584
-0.433737	-0.589114	0.403522	-0.549534	-0.399875	-0.569566	0.414334	-0.586533	-0.724884	-0.18052	0.59241	-0.301674	-0.663285	-0.035046	0.684366	-0.300779	-0.096296	-0.647279	0.0369558	-0.755243	-0.190815	-0.64815	-0.0334525	-0.736459	-0.671656	-0.183307	0.687665	-0.205897	-0.416331	-0.591568	0.486633	-0.489799	-0.200994	-0.742419	0.0613212	-0.636125	-0.389806	-0.623199	0.468027	-0.490536
-0.43484	-0.588359	0.404137	-0.549018	-0.400303	-0.5693	0.415054	-0.58599	-0.725885	-0.177724	0.591081	-0.303526	-0.652008	-0.00925704	0.685511	-0.323844	-0.108201	-0.640819	0.0364862	-0.759152	-0.197447	-0.642545	-0.0389142	-0.739348	-0.671771	-0.182616	0.687741	-0.205882	-0.41645	-0.591479	0.486537	-0.489903	-0.201206	-0.742118	0.0607079	-0.636468	-0.389192	-0.623741	0.467587	-0.490754
-0.435234	-0.588086	0.404403	-0.548803	-0.400907	-0.568681	0.415776	-0.585667	-0.727164	-0.173529	0.589721	-0.305531	-0.644702	0.00737238	0.685689	-0.337839	-0.113599	-0.636399	0.0330822	-0.762232	-0.206782	-0.635432	-0.0458599	-0.742539	-0.671926	-0.182187	0.68772	-0.205829	-0.416548	-0.591389	0.486378	-0.490085	-0.201119	-0.741784	0.0597195	-0.636978	-0.389155	-0.623871	0.467758	-0.490455
-0.435645	-0.587802	0.404741	-0.548531	-0.401574	-0.568097	0.416463	-0.585288	-0.729027	-0.167104	0.588263	-0.307479	-0.636124	0.0256439	0.684976	-0.354256	-0.119557	-0.630574	0.0278793	-0.766358	-0.218268	-0.626615	-0.0540933	-0.746181	-0.672062	-0.181722	0.6877	-0.205862	-0.416512	-0.591427	0.486076	-0.490369	-0.201341	-0.741452	0.0590334	-0.637358	-0.389333	-0.623867	0.468044	-0.490046
-0.436295	-0.587314	0.40507	-0.548296	-0.402231	-0.567568	0.4175	-0.584612	-0.730793	-0.160095	0.586562	-0.310251	-0.636124	0.0256439	0.684976	-0.354256	-0.126407	-0.623798	0.0213777	-0.771	-0.231953	-0.615871	-0.0635192	-0.750244	-0.672117	-0.181252	0.687711	-0.20606	-0.416507	-0.591375	0.485855	-0.490655	-0.201817	-0.741196	0.058832	-0.637525	-0.389315	-0.623979	0.467974	-0.489984
-0.437928	-0.585995	0.405475	-0.548105	-0.402985	-0.566976	0.419744	-0.583058	-0.734066	-0.144599	0.582772	-0.317199	-0.600629	0.0881778	0.674194	-0.420634	-0.144548	-0.608319	0.00660983	-0.780391	-0.263376	-0.588926	-0.0861451	-0.759196	-0.672254	-0.180477	0.687792	-0.206023	-0.416802	-0.591033	0.485699	-0.490971	-0.202915	-0.741001	0.0588779	-0.637399	-0.389675	-0.623883	0.468189	-0.489615
-0.438631	-0.585357	0.405573	-0.548152	-0.404046	-0.565937	0.420541	-0.582758	-0.737628	-0.124218	0.577643	-0.326808	-0.584818	0.111781	0.66785	-0.446619	-0.152115	-0.600437	-0.00681676	-0.785042	-0.298098	-0.556199	-0.115252	-0.767136	-0.672836	-0.178427	0.687856	-0.205692	-0.417171	-0.59068	0.485623	-0.491158	-0.203619	-0.740833	0.0589234	-0.637364	-0.390049	-0.62368	0.46847	-0.489307
-0.440165	-0.583937	0.405715	-0.548333	-0.404755	-0.565269	0.420673	-0.58282	-0.737881	-0.114708	0.574605	-0.334968	-0.547274	0.161843	0.65101	-0.500484	-0.169528	-0.583284	-0.0373217	-0.793503	-0.316608	-0.537818	-0.130597	-0.77036	-0.673288	-0.176578	0.68798	-0.205397	-0.417287	-0.590554	0.485483	-0.491349	-0.204907	-0.740765	0.0595093	-0.636977	-0.391097	-0.623071	0.469015	-0.488723
-0.441312	-0.582726	0.405379	-0.548946	-0.406303	-0.563891	0.420458	-0.583231	-0.737205	-0.0916044	0.569628	-0.351654	-0.547274	0.161843	0.65101	-0.500484	-0.192653	-0.565316	-0.0663278	-0.799314	-0.356365	-0.496374	-0.161675	-0.774906	-0.673364	-0.175795	0.687993	-0.205772	-0.417494	-0.590332	0.485234	-0.491685	-0.204907	-0.740765	0.0595093	-0.636977	-0.391846	-0.622617	0.469346	-0.488385
-0.442462	-0.581624	0.405301	-0.549247	-0.407909	-0.56241	0.420139	-0.583771	-0.736899	-0.0625205	0.5622	-0.370138	-0.481677	0.231269	0.610434	-0.584698	-0.204635	-0.556727	-0.0809963	-0.801012	-0.397925	-0.452102	-0.19616	-0.773809	-0.673708	-0.174481	0.688002	-0.205736	-0.417769	-0.590111	0.485265	-0.491687	-0.206347	-0.740772	0.0599041	-0.636466	-0.392228	-0.622403	0.469555	-0.488148
-0.442994	-0.581184	0.4054	-0.54921	-0.408668	-0.561887	0.420142	-0.583741	-0.735532	-0.0467804	0.558168	-0.381119	-0.481677	0.231269	0.610434	-0.584698	-0.226786	-0.539318	-0.109836	-0.803517	-0.419077	-0.428716	-0.214213	-0.771161	-0.673883	-0.1738	0.688044	-0.205597	-0.417927	-0.589983	0.485346	-0.491626	-0.206347	-0.740772	0.0599041	-0.636466	-0.392773	-0.622129	0.469746	-0.487877
-0.443988	-0.580227	0.405107	-0.549636	-0.41077	-0.560157	0.420531	-0.583649	-0.731182	-0.0141435	0.548749	-0.405028	-0.382564	0.310248	0.534093	-0.687121	-0.249866	-0.522606	-0.134963	-0.803887	-0.460996	-0.380679	-0.249925	-0.761645	-0.67407	-0.173066	0.687972	-0.205845	-0.418045	-0.589899	0.485395	-0.491578	-0.207839	-0.740903	0.060568	-0.635765	-0.393199	-0.621927	0.470088	-0.487461
-0.444671	-0.57982	0.405467	-0.549248	-0.412396	-0.558493	0.420394	-0.584196	-0.728384	-0.000705975	0.543178	-0.417629	-0.357641	0.326722	0.511176	-0.709961	-0.262097	-0.513361	-0.146205	-0.803984	-0.501664	-0.331275	-0.28158	-0.747866	-0.674314	-0.17221	0.688066	-0.205446	-0.418508	-0.589584	0.485702	-0.491259	-0.208227	-0.740921	0.0609779	-0.635578	-0.393561	-0.621723	0.470403	-0.487126
-0.445969	-0.579046	0.405967	-0.548642	-0.413303	-0.557642	0.420128	-0.584559	-0.722785	0.03045	0.531794	-0.440283	-0.30718	0.355081	0.465731	-0.750102	-0.28594	-0.495862	-0.165674	-0.803063	-0.520915	-0.306994	-0.296893	-0.739092	-0.674821	-0.170818	0.688204	-0.204481	-0.418858	-0.589346	0.485881	-0.491069	-0.209197	-0.741093	0.062462	-0.634914	-0.39395	-0.621538	0.470669	-0.48679
-0.446509	-0.578753	0.406248	-0.548304	-0.414347	-0.556676	0.42017	-0.58471	-0.71965	0.0452053	0.525939	-0.451053	-0.283571	0.366777	0.442078	-0.767873	-0.297395	-0.487194	-0.174752	-0.802285	-0.539732	-0.28261	-0.310698	-0.729581	-0.675023	-0.17038	0.688234	-0.204079	-0.419067	-0.589197	0.485995	-0.490957	-0.209362	-0.741087	0.0628526	-0.634829	-0.394115	-0.621446	0.470904	-0.486547
-0.447153	-0.578536	0.406934	-0.547499	-0.416379	-0.554499	0.420381	-0.585183	-0.713613	0.0787354	0.515181	-0.468131	-0.260333	0.37742	0.419284	-0.78357	-0.308882	-0.478014	-0.183265	-0.801566	-0.574125	-0.235363	-0.335673	-0.708738	-0.675317	-0.169698	0.688298	-0.203461	-0.419191	-0.589137	0.486079	-0.49084	-0.209515	-0.741064	0.0631833	-0.634772	-0.394326	-0.621315	0.471238	-0.486219
-0.447508	-0.578609	0.407626	-0.546617	-0.418306	-0.552335	0.420389	-0.585849	-0.70667	0.10845	0.504471	-0.484114	-0.194911	0.40092	0.35576	-0.821406	-0.33752	-0.452469	-0.2064	-0.79922	-0.605701	-0.191085	-0.357403	-0.684745	-0.675513	-0.169461	0.688338	-0.20287	-0.419312	-0.589088	0.486279	-0.490597	-0.209588	-0.741267	0.0644887	-0.634379	-0.39419	-0.621442	0.471229	-0.486176
-0.447362	-0.578854	0.407862	-0.5463	-0.420493	-0.549555	0.420706	-0.58667	-0.702883	0.12233	0.499809	-0.491102	-0.174831	0.406988	0.33714	-0.830742	-0.345675	-0.444608	-0.212806	-0.798465	-0.634235	-0.148452	-0.374865	-0.659684	-0.675561	-0.169565	0.688311	-0.202714	-0.41903	-0.589347	0.486271	-0.490535	-0.209311	-0.741271	0.0644423	-0.634471	-0.394142	-0.621504	0.471307	-0.486061
-0.447518	-0.579268	0.409076	-0.544824	-0.421607	-0.548006	0.420737	-0.587296	-0.695609	0.14617	0.490908	-0.503758	-0.137785	0.415474	0.305143	-0.845745	-0.361774	-0.429955	-0.223824	-0.796342	-0.64678	-0.129339	-0.383123	-0.646656	-0.675696	-0.169715	0.688267	-0.202288	-0.418971	-0.589419	0.486324	-0.490446	-0.208517	-0.741325	0.0643852	-0.634675	-0.393702	-0.621854	0.471112	-0.486159
-0.447487	-0.579825	0.410513	-0.543174	-0.423731	-0.54503	0.420582	-0.588647	-0.68743	0.169357	0.484091	-0.514212	-0.103399	0.420566	0.280002	-0.856757	-0.375157	-0.417263	-0.233376	-0.794156	-0.670718	-0.0935078	-0.396904	-0.619565	-0.675963	-0.169718	0.68825	-0.20145	-0.419126	-0.58946	0.486519	-0.490071	-0.207983	-0.741369	0.0646624	-0.634771	-0.39365	-0.621996	0.471429	-0.485711
-0.447649	-0.579813	0.411346	-0.542423	-0.425748	-0.541958	0.421309	-0.589508	-0.679309	0.191178	0.477748	-0.523208	-0.0709883	0.422097	0.259482	-0.865716	-0.386558	-0.406778	-0.242226	-0.791474	-0.691278	-0.0623846	-0.408565	-0.59272	-0.676211	-0.169788	0.68824	-0.200592	-0.419273	-0.589521	0.486761	-0.489631	-0.207895	-0.741582	0.0657293	-0.634441	-0.393878	-0.621991	0.472058	-0.48492
-0.447715	-0.579793	0.41172	-0.542106	-0.426646	-0.540563	0.421757	-0.589818	-0.675094	0.200774	0.474713	-0.527813	-0.0559513	0.421509	0.250485	-0.869746	-0.392899	-0.402276	-0.245325	-0.789696	-0.700458	-0.0487628	-0.414645	-0.578836	-0.676448	-0.169659	0.688204	-0.200021	-0.419427	-0.589508	0.486931	-0.489345	-0.207861	-0.741747	0.0664259	-0.634186	-0.394176	-0.621914	0.472547	-0.484302
-0.447627	-0.579918	0.412187	-0.541689	-0.427671	-0.539112	0.42241	-0.589937	-0.671288	0.209989	0.471675	-0.531789	-0.0418912	0.421004	0.241536	-0.873305	-0.392899	-0.402276	-0.245325	-0.789696	-0.70907	-0.0337739	-0.420272	-0.565199	-0.676676	-0.169484	0.688201	-0.19941	-0.419711	-0.58937	0.487218	-0.488983	-0.20798	-0.741839	0.0670867	-0.633971	-0.394447	-0.621862	0.473066	-0.48364
-0.447767	-0.579887	0.412946	-0.541028	-0.42864	-0.537783	0.422682	-0.590251	-0.667829	0.219883	0.469086	-0.534429	-0.0285829	0.419616	0.234496	-0.876423	-0.397974	-0.397842	-0.248004	-0.788563	-0.717413	-0.0194292	-0.425027	-0.551627	-0.676955	-0.169283	0.688167	-0.198749	-0.420073	-0.589311	0.487442	-0.48852	-0.20798	-0.741839	0.0670867	-0.633971	-0.394819	-0.621747	0.473653	-0.482909
-0.447679	-0.5799	0.414116	-0.540193	-0.43075	-0.535076	0.42283	-0.591069	-0.662354	0.237668	0.463961	-0.53809	-0.00151089	0.415229	0.222703	-0.882035	-0.406421	-0.390649	-0.255252	-0.785533	-0.731239	0.005561	-0.434875	-0.525492	-0.677501	-0.168841	0.688161	-0.197279	-0.420303	-0.589262	0.487608	-0.488215	-0.20829	-0.742293	0.0695447	-0.633072	-0.395513	-0.621553	0.474423	-0.481833
-0.447408	-0.580112	0.41467	-0.539763	-0.431585	-0.533957	0.422842	-0.591464	-0.659568	0.245596	0.462152	-0.539507	0.011421	0.412723	0.217684	-0.884388	-0.413233	-0.384596	-0.260644	-0.783192	-0.736441	0.0172169	-0.438878	-0.514532	-0.677735	-0.16876	0.688118	-0.196695	-0.420325	-0.589386	0.487732	-0.487922	-0.20847	-0.74245	0.0706412	-0.632707	-0.395924	-0.621383	0.474852	-0.481293
-0.446778	-0.580649	0.415481	-0.539084	-0.432979	-0.53213	0.423444	-0.59166	-0.65364	0.257048	0.459871	-0.543323	0.0328901	0.407596	0.211127	-0.887811	-0.416177	-0.382163	-0.262003	-0.78237	-0.742213	0.0382999	-0.443808	-0.500687	-0.67805	-0.168577	0.688083	-0.195887	-0.420084	-0.589596	0.487814	-0.487794	-0.209023	-0.742741	0.0724645	-0.631976	-0.396917	-0.620912	0.47584	-0.480106
-0.446592	-0.580798	0.415812	-0.538822	-0.433509	-0.5313	0.423652	-0.59187	-0.651355	0.259441	0.459171	-0.545518	0.0403128	0.405303	0.210204	-0.888774	-0.421846	-0.379223	-0.263159	-0.780374	-0.742388	0.0439073	-0.445569	-0.498397	-0.67821	-0.168403	0.688026	-0.195684	-0.41974	-0.589875	0.487913	-0.487654	-0.209191	-0.742992	0.0731885	-0.631542	-0.397289	-0.620751	0.476193	-0.479656
-0.446303	-0.581078	0.415874	-0.538712	-0.434009	-0.529703	0.423818	-0.592814	-0.647478	0.257846	0.459023	-0.550985	0.0456155	0.402915	0.210279	-0.889585	-0.426708	-0.37976	-0.267797	-0.775878	-0.74069	0.0403382	-0.448265	-0.498809	-0.678443	-0.16814	0.687891	-0.195576	-0.418956	-0.590414	0.488229	-0.487361	-0.2094	-0.743188	0.0734439	-0.631212	-0.397403	-0.620739	0.476618	-0.479154
-0.446113	-0.581255	0.415613	-0.538881	-0.433147	-0.529844	0.423451	-0.593581	-0.644922	0.255251	0.459721	-0.554598	0.0467985	0.402096	0.211469	-0.889612	-0.42942	-0.379261	-0.268012	-0.774551	-0.738308	0.0362404	-0.446682	-0.504047	-0.678461	-0.168118	0.687786	-0.195902	-0.418053	-0.590981	0.488437	-0.48724	-0.209015	-0.743356	0.0726765	-0.631231	-0.396676	-0.621144	0.476057	-0.479791
-0.4457	-0.581778	0.415567	-0.538692	-0.432596	-0.530327	0.423036	-0.593847	-0.644922	0.255251	0.459721	-0.554598	0.0486529	0.401798	0.211561	-0.889625	-0.428674	-0.378326	-0.267386	-0.775637	-0.738152	0.0353863	-0.445188	-0.505656	-0.678437	-0.168149	0.687742	-0.196113	-0.417696	-0.591175	0.488536	-0.487212	-0.208503	-0.743348	0.0718485	-0.631504	-0.396246	-0.621363	0.47569	-0.480225
-0.44398	-0.583663	0.41532	-0.538264	-0.431059	-0.532167	0.421185	-0.594634	-0.642736	0.253995	0.4609	-0.55673	0.0528617	0.401574	0.212013	-0.889378	-0.424845	-0.376655	-0.266886	-0.778723	-0.738507	0.0356784	-0.44195	-0.507951	-0.6783	-0.169048	0.687453	-0.196824	-0.41712	-0.591487	0.488421	-0.487441	-0.207688	-0.742976	0.069728	-0.632448	-0.395461	-0.621634	0.474901	-0.481301
-0.442343	-0.585459	0.415159	-0.537786	-0.428891	-0.534566	0.419311	-0.595374	-0.639513	0.251518	0.46266	-0.560096	0.0557687	0.400807	0.213915	-0.889092	-0.420849	-0.376018	-0.266806	-0.781224	-0.738069	0.0356663	-0.439442	-0.510757	-0.677976	-0.170295	0.687166	-0.197864	-0.416446	-0.591859	0.488107	-0.48788	-0.205999	-0.742741	0.0670602	-0.633564	-0.394097	-0.622205	0.47326	-0.483294
-0.440005	-0.587636	0.414214	-0.538058	-0.426399	-0.537304	0.41674	-0.596503	-0.637481	0.248742	0.463407	-0.563027	0.0588613	0.399512	0.215918	-0.888991	-0.419136	-0.375669	-0.267318	-0.782137	-0.736519	0.034965	-0.438179	-0.514117	-0.677911	-0.170817	0.686979	-0.198287	-0.41573	-0.592221	0.487739	-0.48842	-0.20525	-0.742507	0.0653184	-0.634263	-0.393011	-0.622639	0.47211	-0.484743
-0.438619	-0.588827	0.413694	-0.538287	-0.425132	-0.538658	0.415481	-0.597064	-0.6363	0.247532	0.463491	-0.564824	0.0610031	0.398645	0.216555	-0.889081	-0.416076	-0.375105	-0.268035	-0.783794	-0.735612	0.0354202	-0.437696	-0.515794	-0.677374	-0.172865	0.686531	-0.199892	-0.415046	-0.592651	0.487245	-0.488972	-0.203518	-0.742041	0.0615128	-0.635745	-0.392327	-0.622945	0.471261	-0.485728
-0.436428	-0.590811	0.413069	-0.538374	-0.423224	-0.540221	0.413445	-0.59842	-0.633866	0.245673	0.463584	-0.568285	0.0653856	0.396918	0.217794	-0.889239	-0.414687	-0.374659	-0.268731	-0.784506	-0.733827	0.0365651	-0.437268	-0.518611	-0.676651	-0.175013	0.686198	-0.201611	-0.413984	-0.593293	0.486483	-0.489853	-0.202327	-0.741938	0.0598491	-0.636404	-0.391052	-0.623517	0.46949	-0.487734
-0.434449	-0.592586	0.412376	-0.538555	-0.421697	-0.541288	0.411512	-0.599865	-0.631306	0.244749	0.464216	-0.571011	0.0689172	0.39649	0.218229	-0.889057	-0.412083	-0.37221	-0.270074	-0.78658	-0.732763	0.0389575	-0.436288	-0.520762	-0.67638	-0.176277	0.685864	-0.202552	-0.413469	-0.593576	0.486084	-0.49034	-0.200176	-0.741299	0.0556875	-0.638204	-0.390967	-0.623394	0.469246	-0.488193
-0.43308	-0.593289	0.41099	-0.539941	-0.420358	-0.541947	0.410478	-0.600916	-0.62914	0.243251	0.465071	-0.573342	0.0720088	0.396114	0.219174	-0.888747	-0.410756	-0.370367	-0.270252	-0.788081	-0.732213	0.041402	-0.435296	-0.522175	-0.67677	-0.176312	0.68546	-0.202586	-0.413501	-0.593475	0.486304	-0.490217	-0.199577	-0.741431	0.0543799	-0.638351	-0.390651	-0.623549	0.468896	-0.488585
-0.430023	-0.59461	0.409285	-0.542222	-0.418995	-0.542634	0.409733	-0.601756	-0.62705	0.241423	0.466819	-0.574981	0.0733833	0.396106	0.219926	-0.888452	-0.409824	-0.369738	-0.27093	-0.788628	-0.731637	0.0424383	-0.434863	-0.523259	-0.677925	-0.175426	0.684853	-0.201544	-0.414153	-0.59315	0.486839	-0.489529	-0.200069	-0.741487	0.0535741	-0.6382	-0.390558	-0.623816	0.469012	-0.488207
-0.427097	-0.596129	0.407858	-0.54394	-0.417856	-0.543578	0.409273	-0.602009	-0.625983	0.239781	0.467794	-0.576037	0.0768404	0.395718	0.222498	-0.887692	-0.40792	-0.368974	-0.271361	-0.789825	-0.731164	0.0428549	-0.4346	-0.524104	-0.678391	-0.175752	0.684258	-0.20171	-0.41454	-0.593039	0.487052	-0.489124	-0.199683	-0.741547	0.0483971	-0.638665	-0.390387	-0.624912	0.469407	-0.486559
-0.42015	-0.600104	0.404387	-0.547558	-0.414983	-0.54585	0.407027	-0.603461	-0.623725	0.235614	0.469781	-0.578584	0.078473	0.395255	0.224612	-0.887223	-0.40685	-0.369068	-0.271527	-0.790275	-0.729137	0.0434186	-0.434723	-0.526772	-0.679264	-0.177167	0.682696	-0.202826	-0.415113	-0.593076	0.487262	-0.488382	-0.198659	-0.74141	0.0447877	-0.639406	-0.38896	-0.627626	0.467214	-0.486319
-0.412733	-0.605201	0.400711	-0.550285	-0.410652	-0.549485	0.403186	-0.6057	-0.620603	0.230108	0.471813	-0.58249	0.083104	0.393447	0.228964	-0.886493	-0.400756	-0.37024	-0.273346	-0.792211	-0.725947	0.0437722	-0.434967	-0.530932	-0.679905	-0.180002	0.680669	-0.204986	-0.414751	-0.594075	0.486185	-0.48855	-0.194128	-0.740775	0.0304255	-0.642371	-0.387178	-0.631425	0.463369	-0.486502
-0.406794	-0.609634	0.396555	-0.552819	-0.404487	-0.555341	0.399096	-0.607214	-0.615781	0.222765	0.474604	-0.588167	0.0931206	0.389214	0.237944	-0.884999	-0.393944	-0.369987	-0.274715	-0.795267	-0.721439	0.0447886	-0.434654	-0.53721	-0.679963	-0.18467	0.678228	-0.208698	-0.414549	-0.595229	0.484905	-0.488588	-0.189864	-0.740744	0.0200932	-0.644086	-0.385241	-0.635831	0.457611	-0.487751
-0.403324	-0.612391	0.394236	-0.553971	-0.396996	-0.562272	0.393313	-0.609548	-0.609563	0.212783	0.477925	-0.595604	0.0981445	0.386815	0.242008	-0.884406	-0.389236	-0.369656	-0.275802	-0.79736	-0.715058	0.0473205	-0.434441	-0.545632	-0.680272	-0.188918	0.675421	-0.212947	-0.414342	-0.596733	0.483759	-0.488065	-0.187331	-0.740811	0.0142301	-0.644906	-0.38457	-0.638294	0.454155	-0.488293
-0.394815	-0.619032	0.388607	-0.556691	-0.392655	-0.566256	0.389931	-0.610844	-0.606228	0.207069	0.479696	-0.599584	0.108611	0.381511	0.251385	-0.882869	-0.376998	-0.368384	-0.278881	-0.80274	-0.711139	0.0490841	-0.434339	-0.550656	-0.680556	-0.190724	0.673946	-0.215093	-0.414382	-0.597494	0.483303	-0.487552	-0.1832	-0.740817	0.00126607	-0.64624	-0.380685	-0.645995	0.442987	-0.491459
-0.386225	-0.626156	0.381787	-0.559462	-0.38304	-0.575139	0.382345	-0.61344	-0.598641	0.194661	0.483437	-0.608297	0.120581	0.375778	0.261673	-0.880783	-0.36984	-0.367632	-0.280813	-0.805735	-0.701352	0.0529698	-0.434433	-0.562643	-0.681396	-0.194406	0.67042	-0.220097	-0.41476	-0.599147	0.482631	-0.485864	-0.180185	-0.740366	-0.00657349	-0.647571	-0.372017	-0.658133	0.42451	-0.498253
-0.386225	-0.626156	0.381787	-0.559462	-0.38304	-0.575139	0.382345	-0.61344	-0.598641	0.194661	0.483437	-0.608297	0.120581	0.375778	0.261673	-0.880783	-0.361997	-0.366875	-0.282906	-0.808903	-0.701352	0.0529698	-0.434433	-0.562643	-0.681396	-0.194406	0.67042	-0.220097	-0.41476	-0.599147	0.482631	-0.485864	-0.175951	-0.739917	-0.0155486	-0.649093	-0.372017	-0.658133	0.42451	-0.498253
-0.37777	-0.633888	0.374441	-0.561489	-0.367805	-0.589097	0.368746	-0.617828	-0.585903	0.174844	0.4882	-0.622742	0.133169	0.369003	0.272383	-0.878584	-0.3446	-0.364998	-0.288339	-0.815407	-0.682598	0.060418	-0.435449	-0.583776	-0.682647	-0.200096	0.664461	-0.229012	-0.415416	-0.602146	0.481224	-0.482983	-0.164729	-0.740502	-0.0378557	-0.650452	-0.357938	-0.675692	0.39496	-0.509242
-0.369261	-0.642215	0.364795	-0.564031	-0.362176	-0.594543	0.363664	-0.618947	-0.581438	0.16791	0.489357	-0.627905	0.146994	0.361196	0.282961	-0.876278	-0.326353	-0.362872	-0.294075	-0.821789	-0.6758	0.0629497	-0.435862	-0.591064	-0.682794	-0.203003	0.662248	-0.232399	-0.415407	-0.603496	0.480256	-0.482271	-0.153011	-0.742155	-0.0585004	-0.649901	-0.342545	-0.692451	0.36223	-0.521501
-0.365059	-0.646527	0.359176	-0.565445	-0.35075	-0.605214	0.352102	-0.621864	-0.571897	0.153951	0.491214	-0.638703	0.154238	0.356781	0.288358	-0.875081	-0.317009	-0.361752	-0.297161	-0.824825	-0.661655	0.0685844	-0.436904	-0.605494	-0.682029	-0.211598	0.656951	-0.241823	-0.41467	-0.60689	0.477815	-0.481066	-0.146278	-0.742858	-0.068246	-0.649698	-0.338249	-0.697445	0.351472	-0.525001
-0.356807	-0.655362	0.347177	-0.568029	-0.344955	-0.610419	0.34578	-0.623563	-0.566772	0.147107	0.492113	-0.644169	0.169305	0.347594	0.298619	-0.872549	-0.297559	-0.359205	-0.303947	-0.83069	-0.654443	0.0717729	-0.437301	-0.612635	-0.681147	-0.216504	0.65422	-0.247308	-0.414079	-0.608778	0.476525	-0.48047	-0.132303	-0.745266	-0.0840367	-0.648084	-0.340988	-0.697938	0.347338	-0.525324
-0.348535	-0.66397	0.335573	-0.570138	-0.332838	-0.621095	0.333423	-0.62633	-0.556139	0.132545	0.494016	-0.65505	0.184356	0.338475	0.309154	-0.869409	-0.277061	-0.356744	-0.310969	-0.836224	-0.639703	0.0781928	-0.438218	-0.626603	-0.679606	-0.226337	0.64829	-0.258122	-0.411834	-0.613532	0.473121	-0.479716	-0.125231	-0.748088	-0.0893122	-0.645527	-0.347348	-0.69544	0.344708	-0.526203
-0.345477	-0.667885	0.330523	-0.570376	-0.326904	-0.626117	0.327349	-0.627657	-0.550918	0.124999	0.495227	-0.660011	0.191353	0.334103	0.31485	-0.867542	-0.266539	-0.355594	-0.314588	-0.838775	-0.631989	0.0814959	-0.438849	-0.633529	-0.679014	-0.230338	0.645559	-0.262941	-0.411555	-0.615137	0.4722	-0.478806	-0.1197	-0.74851	-0.0951609	-0.645251	-0.34874	-0.695414	0.341799	-0.527212
-0.338999	-0.676869	0.320196	-0.569564	-0.315452	-0.635622	0.315615	-0.62997	-0.541153	0.109287	0.497249	-0.669292	0.204362	0.324953	0.326667	-0.863673	-0.245606	-0.353019	-0.321534	-0.843606	-0.616547	0.0874756	-0.439702	-0.64721	-0.679727	-0.233917	0.640838	-0.269407	-0.411773	-0.616759	0.472582	-0.476149	-0.113998	-0.746403	-0.108319	-0.646649	-0.35458	-0.694067	0.340491	-0.525938
-0.332549	-0.686338	0.310216	-0.567554	-0.304352	-0.64534	0.303573	-0.631466	-0.531434	0.0938308	0.498396	-0.67851	0.217487	0.315021	0.33784	-0.85984	-0.226374	-0.34938	-0.327194	-0.848311	-0.600796	0.0935909	-0.439622	-0.661073	-0.681636	-0.23381	0.635802	-0.276517	-0.400188	-0.625433	0.465535	-0.481623	-0.112171	-0.744696	-0.119264	-0.647009	-0.36	-0.692523	0.339368	-0.525016
-0.325962	-0.695541	0.299959	-0.565682	-0.293799	-0.654549	0.292643	-0.632146	-0.521183	0.078825	0.498957	-0.687893	0.230949	0.30509	0.347766	-0.855945	-0.207453	-0.345273	-0.331942	-0.852974	-0.592833	0.0966726	-0.439124	-0.668112	-0.68012	-0.235887	0.631093	-0.288991	-0.37455	-0.646733	0.459612	-0.479797	-0.112228	-0.744318	-0.128884	-0.645589	-0.367044	-0.689467	0.339973	-0.523767
-0.325962	-0.695541	0.299959	-0.565682	-0.293799	-0.654549	0.292643	-0.632146	-0.521183	0.078825	0.498957	-0.687893	0.230949	0.30509	0.347766	-0.855945	-0.207453	-0.345273	-0.331942	-0.852974	-0.592833	0.0966726	-0.439124	-0.668112	-0.68012	-0.235887	0.631093	-0.288991	-0.37455	-0.646733	0.459612	-0.479797	-0.112228	-0.744318	-0.128884	-0.645589	-0.367044	-0.689467	0.339973	-0.523767
-0.321517	-0.700511	0.294238	-0.565098	-0.282678	-0.664129	0.280567	-0.632699	-0.510851	0.0636048	0.499298	-0.696912	0.237627	0.300097	0.352847	-0.8538	-0.19823	-0.343235	-0.33433	-0.855054	-0.568831	0.106039	-0.437702	-0.688189	-0.677667	-0.238833	0.629744	-0.295209	-0.331861	-0.682246	0.452724	-0.468455	-0.111487	-0.743933	-0.133786	-0.645163	-0.369111	-0.688287	0.339088	-0.52444
-0.309074	-0.710806	0.280076	-0.56638	-0.276498	-0.669026	0.273896	-0.633194	-0.505779	0.0558743	0.499307	-0.701255	0.250855	0.289505	0.363352	-0.849255	-0.179432	-0.340069	-0.339293	-0.858509	-0.560456	0.108948	-0.437821	-0.694502	-0.668928	-0.254391	0.627788	-0.30611	-0.306644	-0.703095	0.446341	-0.460876	-0.103995	-0.742855	-0.146656	-0.64486	-0.371983	-0.685561	0.336157	-0.527857
-0.296437	-0.71947	0.265622	-0.569151	-0.264007	-0.677561	0.260661	-0.635033	-0.494968	0.0416044	0.499159	-0.710011	0.264052	0.279082	0.372818	-0.844628	-0.159997	-0.337653	-0.344989	-0.861031	-0.543144	0.114547	-0.438582	-0.706767	-0.656816	-0.285277	0.621013	-0.318672	-0.254892	-0.745595	0.429108	-0.44157	-0.0940422	-0.741582	-0.158433	-0.645066	-0.371821	-0.683239	0.33051	-0.534507
-0.290259	-0.723579	0.259013	-0.570172	-0.257706	-0.681352	0.253926	-0.636293	-0.489095	0.035016	0.499159	-0.714423	0.27134	0.274075	0.377039	-0.84208	-0.149819	-0.336344	-0.347975	-0.862172	-0.534587	0.117175	-0.438816	-0.71269	-0.651833	-0.302139	0.616153	-0.322771	-0.230097	-0.765449	0.419032	-0.430762	-0.0902191	-0.740879	-0.163053	-0.64527	-0.369834	-0.682642	0.326206	-0.539271
-0.283665	-0.727578	0.252526	-0.57131	-0.251286	-0.684874	0.24682	-0.637874	-0.482873	0.0285434	0.49914	-0.718942	0.279269	0.26909	0.381099	-0.839263	-0.139732	-0.33458	-0.351006	-0.863323	-0.526071	0.11997	-0.438648	-0.71864	-0.647835	-0.318983	0.61112	-0.324179	-0.207343	-0.783191	0.409437	-0.419503	-0.0860114	-0.740048	-0.168288	-0.645454	-0.365846	-0.683044	0.319795	-0.545288
-0.276727	-0.731938	0.246677	-0.571699	-0.244813	-0.688027	0.239638	-0.639733	-0.476291	0.0224591	0.499137	-0.723536	0.287298	0.264317	0.384716	-0.836415	-0.139732	-0.33458	-0.351006	-0.863323	-0.517491	0.123179	-0.43823	-0.724558	-0.644549	-0.336369	0.605147	-0.324359	-0.189106	-0.798174	0.401649	-0.407229	-0.0860114	-0.740048	-0.168288	-0.645454	-0.361199	-0.683522	0.313048	-0.551665
-0.262467	-0.740932	0.236756	-0.571032	-0.231698	-0.693797	0.226548	-0.643146	-0.462552	0.0103884	0.499106	-0.732688	0.303103	0.255352	0.391552	-0.830428	-0.110999	-0.326837	-0.35886	-0.867223	-0.492178	0.133656	-0.434399	-0.742425	-0.640281	-0.370368	0.590663	-0.322466	-0.156539	-0.830907	0.383282	-0.37173	-0.0795811	-0.73628	-0.182646	-0.646683	-0.348943	-0.685952	0.297927	-0.564755
-0.250558	-0.748551	0.227667	-0.57014	-0.21875	-0.698499	0.215543	-0.646365	-0.449152	-0.0018157	0.499639	-0.740688	0.317559	0.247301	0.398757	-0.824009	-0.0943004	-0.319693	-0.362701	-0.87026	-0.484076	0.137297	-0.43241	-0.748226	-0.636214	-0.40387	0.574438	-0.319597	-0.148819	-0.839415	0.375986	-0.36314	-0.0725415	-0.731921	-0.197714	-0.648026	-0.340959	-0.68575	0.286905	-0.575482
-0.241047	-0.75487	0.219352	-0.569169	-0.2072	-0.702208	0.206882	-0.648978	-0.437111	-0.0131026	0.501277	-0.746649	0.330057	0.240971	0.406272	-0.817275	-0.0802735	-0.311184	-0.364642	-0.873932	-0.469027	0.144405	-0.426857	-0.759575	-0.632712	-0.432854	0.559605	-0.31489	-0.137202	-0.853109	0.359185	-0.352656	-0.0738079	-0.728076	-0.205298	-0.649854	-0.338069	-0.681957	0.279736	-0.585142
-0.232205	-0.759895	0.212152	-0.568886	-0.19679	-0.705254	0.199908	-0.651097	-0.426602	-0.0237829	0.503557	-0.750916	0.341417	0.235254	0.4141	-0.810316	-0.0690541	-0.302599	-0.365781	-0.877422	-0.454966	0.150977	-0.420992	-0.77005	-0.629903	-0.456192	0.546129	-0.311215	-0.130493	-0.862106	0.343112	-0.349311	-0.0794445	-0.724733	-0.209155	-0.651693	-0.337155	-0.6759	0.27351	-0.595548
-0.227851	-0.762254	0.209111	-0.568617	-0.192196	-0.706307	0.196892	-0.652246	-0.421859	-0.0284758	0.504579	-0.752744	0.346372	0.232679	0.417586	-0.807161	-0.0643407	-0.298493	-0.366184	-0.879017	-0.448498	0.154405	-0.417615	-0.774988	-0.629176	-0.464509	0.540887	-0.309531	-0.129132	-0.864545	0.336655	-0.350071	-0.081921	-0.723161	-0.211173	-0.652482	-0.336225	-0.672803	0.269845	-0.601226
-0.220994	-0.7659	0.205159	-0.567863	-0.183879	-0.708138	0.191683	-0.654207	-0.413079	-0.0366838	0.506052	-0.756262	0.355502	0.227942	0.423588	-0.801395	-0.0556572	-0.290197	-0.367283	-0.881925	-0.437793	0.160467	-0.411863	-0.782915	-0.629797	-0.472829	0.535197	-0.305539	-0.127916	-0.86685	0.325816	-0.355038	-0.0862453	-0.71818	-0.216151	-0.655788	-0.335478	-0.666024	0.263842	-0.611763
-0.218399	-0.766586	0.20402	-0.568352	-0.180605	-0.708753	0.190124	-0.654907	-0.409034	-0.0403804	0.506414	-0.758027	0.359574	0.225619	0.425948	-0.798981	-0.0520942	-0.286893	-0.367719	-0.883041	-0.43332	0.163421	-0.409712	-0.785916	-0.629227	-0.475713	0.533318	-0.30552	-0.127412	-0.867122	0.320768	-0.359128	-0.08981	-0.715056	-0.2177	-0.658206	-0.335739	-0.662327	0.261872	-0.616462
-0.21158	-0.766846	0.20134	-0.571527	-0.175041	-0.709678	0.1873	-0.656229	-0.401154	-0.0467774	0.506909	-0.761532	0.367238	0.221724	0.429729	-0.794549	-0.0462814	-0.281317	-0.369762	-0.884305	-0.425495	0.169422	-0.406734	-0.790454	-0.625893	-0.480159	0.531641	-0.308323	-0.123545	-0.867277	0.309448	-0.369877	-0.098864	-0.707752	-0.221197	-0.663615	-0.335969	-0.655549	0.258672	-0.624876
-0.207259	-0.766634	0.199461	-0.574048	-0.172278	-0.709979	0.185429	-0.657165	-0.397321	-0.0492826	0.507094	-0.763259	0.371374	0.219944	0.43112	-0.792365	-0.0441037	-0.279134	-0.371303	-0.884462	-0.422168	0.1721	-0.406129	-0.791969	-0.621767	-0.483231	0.531765	-0.31164	-0.115728	-0.868059	0.300987	-0.377474	-0.101421	-0.703314	-0.225366	-0.666539	-0.336245	-0.651997	0.257295	-0.628998
-0.196935	-0.76508	0.194316	-0.581472	-0.16668	-0.710181	0.181485	-0.659488	-0.389475	-0.0525809	0.50771	-0.766665	0.379628	0.217203	0.432566	-0.788411	-0.0405845	-0.275928	-0.374663	-0.88422	-0.416379	0.176707	-0.405505	-0.794336	-0.607441	-0.493668	0.532677	-0.321809	-0.10281	-0.866375	0.285459	-0.396659	-0.103475	-0.694056	-0.237865	-0.671564	-0.337611	-0.644478	0.255979	-0.636507
-0.183499	-0.76339	0.186414	-0.590604	-0.159056	-0.709637	0.176312	-0.663349	-0.380801	-0.0542413	0.508943	-0.770081	0.388875	0.215556	0.433379	-0.783897	-0.0388687	-0.274241	-0.376317	-0.884119	-0.412449	0.179073	-0.404404	-0.796415	-0.588136	-0.506893	0.532223	-0.337482	-0.0867103	-0.865821	0.275693	-0.408447	-0.106209	-0.683889	-0.252737	-0.676121	-0.336514	-0.637406	0.250119	-0.646461
-0.176866	-0.761327	0.181393	-0.596822	-0.15396	-0.709622	0.174044	-0.665163	-0.375962	-0.0545298	0.510179	-0.771619	0.393702	0.215911	0.433437	-0.781354	-0.034487	-0.270742	-0.37753	-0.884862	-0.410845	0.180012	-0.402856	-0.797815	-0.578986	-0.515244	0.530062	-0.343995	-0.0782857	-0.865656	0.26702	-0.416188	-0.108374	-0.680645	-0.260193	-0.676223	-0.338811	-0.632045	0.24983	-0.650624
-0.172612	-0.756876	0.175907	-0.60531	-0.144895	-0.705972	0.171893	-0.671612	-0.367162	-0.05373	0.515175	-0.772593	0.401976	0.219146	0.434152	-0.775824	-0.0317796	-0.268467	-0.377701	-0.885583	-0.410043	0.181407	-0.398202	-0.800244	-0.565703	-0.52652	0.529043	-0.350528	-0.0663186	-0.863021	0.250212	-0.433809	-0.121301	-0.671029	-0.267168	-0.680902	-0.325532	-0.632178	0.229103	-0.664749
-0.171318	-0.754978	0.173698	-0.608676	-0.141718	-0.704606	0.172472	-0.673572	-0.363514	-0.0545005	0.518531	-0.772018	0.40482	0.221209	0.435946	-0.772748	-0.0262799	-0.262553	-0.376459	-0.888062	-0.410353	0.18294	-0.394692	-0.801474	-0.559787	-0.529941	0.52945	-0.354238	-0.0677017	-0.857718	0.253982	-0.441847	-0.126113	-0.663802	-0.27187	-0.685236	-0.319282	-0.632003	0.219058	-0.671301
-0.16727	-0.747729	0.167374	-0.620409	-0.134628	-0.704987	0.170769	-0.675061	-0.35658	-0.0580064	0.525253	-0.770451	0.409614	0.224593	0.44124	-0.766213	-0.0236754	-0.259466	-0.375326	-0.889521	-0.409889	0.186024	-0.388633	-0.803959	-0.548904	-0.535072	0.531692	-0.360147	-0.0734901	-0.854447	0.260104	-0.443696	-0.131567	-0.655283	-0.279542	-0.689312	-0.299113	-0.632447	0.190564	-0.688641
-0.16511	-0.742805	0.163647	-0.627852	-0.131029	-0.704153	0.170187	-0.676784	-0.353149	-0.0589116	0.528046	-0.770054	0.412447	0.226087	0.44296	-0.763255	-0.0180886	-0.253715	-0.375788	-0.891114	-0.409006	0.187057	-0.386289	-0.805298	-0.546355	-0.53588	0.532814	-0.361161	-0.0785153	-0.850392	0.26411	-0.448235	-0.134368	-0.652161	-0.282708	-0.69044	-0.294356	-0.629424	0.182927	-0.695498
-0.167247	-0.734441	0.16237	-0.637385	-0.126935	-0.697474	0.171829	-0.684027	-0.347335	-0.0577247	0.533136	-0.76928	0.418111	0.229826	0.444253	-0.758289	-0.0155983	-0.25062	-0.37738	-0.891364	-0.408054	0.188888	-0.382027	-0.807384	-0.537934	-0.537731	0.535435	-0.367126	-0.0761263	-0.849421	0.262963	-0.451154	-0.139179	-0.648411	-0.284582	-0.692247	-0.294376	-0.622031	0.180656	-0.702697
-0.170167	-0.73029	0.163121	-0.64118	-0.125902	-0.695154	0.17356	-0.686138	-0.345402	-0.057588	0.535604	-0.768446	0.419811	0.231184	0.445427	-0.756246	-0.0113348	-0.245446	-0.379184	-0.892103	-0.407711	0.189841	-0.380376	-0.808113	-0.53466	-0.536474	0.538446	-0.369336	-0.0743401	-0.847924	0.263023	-0.454222	-0.156378	-0.640513	-0.282693	-0.696687	-0.290667	-0.620556	0.175212	-0.706912
-0.173533	-0.724426	0.163572	-0.64679	-0.125243	-0.693774	0.175335	-0.687204	-0.344204	-0.0584362	0.537614	-0.767515	0.420739	0.232005	0.447056	-0.754515	-0.0096263	-0.243948	-0.379776	-0.892282	-0.40751	0.190624	-0.379391	-0.808492	-0.533581	-0.53307	0.542601	-0.369746	-0.0772275	-0.845383	0.266947	-0.456182	-0.162885	-0.638289	-0.281088	-0.697886	-0.286867	-0.618852	0.169298	-0.711384
-0.177185	-0.71781	0.164638	-0.652878	-0.125298	-0.691935	0.177105	-0.688593	-0.343694	-0.0594203	0.539017	-0.766684	0.420739	0.232005	0.447056	-0.754515	-0.0096263	-0.243948	-0.379776	-0.892282	-0.40751	0.190624	-0.379391	-0.808492	-0.534224	-0.528558	0.546943	-0.368896	-0.0823299	-0.842281	0.272567	-0.457703	-0.162885	-0.638289	-0.281088	-0.697886	-0.285198	-0.616093	0.166465	-0.715109
-0.18007	-0.711854	0.165715	-0.658314	-0.126464	-0.689383	0.178942	-0.690462	-0.34381	-0.0594715	0.539947	-0.765973	0.420593	0.232687	0.449427	-0.752976	-0.00772038	-0.24046	-0.384115	-0.891389	-0.408243	0.191669	-0.378345	-0.808366	-0.535517	-0.523708	0.550895	-0.368057	-0.0866307	-0.839232	0.277703	-0.45942	-0.17097	-0.634571	-0.278731	-0.700284	-0.285021	-0.614543	0.165612	-0.716709
-0.18007	-0.711854	0.165715	-0.658314	-0.126464	-0.689383	0.178942	-0.690462	-0.34381	-0.0594715	0.539947	-0.765973	0.420593	0.232687	0.449427	-0.752976	-0.00772038	-0.24046	-0.384115	-0.891389	-0.408243	0.191669	-0.378345	-0.808366	-0.535517	-0.523708	0.550895	-0.368057	-0.0866307	-0.839232	0.277703	-0.45942	-0.17097	-0.634571	-0.278731	-0.700284	-0.285021	-0.614543	0.165612	-0.716709
-0.179704	-0.708892	0.166334	-0.661446	-0.132391	-0.681565	0.182423	-0.696178	-0.345672	-0.0560544	0.540536	-0.764977	0.419942	0.233158	0.449145	-0.753362	-0.00712978	-0.238951	-0.386844	-0.89062	-0.410115	0.192365	-0.379553	-0.806685	-0.534216	-0.517434	0.556751	-0.370004	-0.0827187	-0.836463	0.27749	-0.465282	-0.176371	-0.631818	-0.277834	-0.701789	-0.285134	-0.613986	0.165047	-0.717273
-0.182893	-0.706106	0.167764	-0.663189	-0.136048	-0.67846	0.184268	-0.698018	-0.347747	-0.0525908	0.539722	-0.764857	0.417339	0.234446	0.445089	-0.756809	-0.00842145	-0.238927	-0.392298	-0.888226	-0.411628	0.192178	-0.381337	-0.805116	-0.534209	-0.513971	0.559124	-0.371261	-0.0809076	-0.835795	0.276925	-0.467133	-0.184219	-0.624759	-0.276253	-0.7067	-0.27036	-0.621585	0.145256	-0.72072
-0.186692	-0.702404	0.168322	-0.665915	-0.145105	-0.670987	0.186261	-0.702872	-0.350566	-0.0475864	0.538749	-0.764583	0.412989	0.237821	0.436578	-0.763073	-0.0160673	-0.240916	-0.395907	-0.885979	-0.413641	0.191742	-0.383499	-0.803159	-0.535171	-0.510125	0.561075	-0.372234	-0.0791901	-0.83505	0.277505	-0.468413	-0.176086	-0.61997	-0.28002	-0.711492	-0.257234	-0.625201	0.129047	-0.725467
-0.193705	-0.696911	0.168444	-0.669642	-0.15043	-0.665693	0.186163	-0.706801	-0.356799	-0.0338925	0.535698	-0.764574	0.410437	0.240401	0.430508	-0.76708	-0.0212041	-0.241905	-0.397973	-0.884675	-0.419318	0.190948	-0.388491	-0.797988	-0.534823	-0.505122	0.563588	-0.375745	-0.0786631	-0.835008	0.278506	-0.467983	-0.169603	-0.623988	-0.281965	-0.708781	-0.25297	-0.623113	0.125214	-0.729423
-0.202235	-0.692704	0.170188	-0.671043	-0.160996	-0.655247	0.185467	-0.714376	-0.361805	-0.0170861	0.531711	-0.765564	0.408048	0.243348	0.423585	-0.771268	-0.0212041	-0.241905	-0.397973	-0.884675	-0.427655	0.190644	-0.391632	-0.79208	-0.537261	-0.499178	0.56626	-0.376192	-0.0811801	-0.834412	0.283252	-0.465762	-0.163377	-0.628248	-0.281515	-0.706655	-0.243069	-0.622253	0.113803	-0.735369
-0.207098	-0.690213	0.17155	-0.671779	-0.16562	-0.650604	0.184559	-0.71779	-0.363342	-0.00904078	0.529911	-0.766221	0.40502	0.249512	0.409112	-0.778672	-0.0316325	-0.24242	-0.402475	-0.882182	-0.432297	0.190734	-0.392757	-0.788975	-0.538144	-0.497635	0.566943	-0.375947	-0.0821114	-0.834196	0.284869	-0.464999	-0.151842	-0.631482	-0.280092	-0.70691	-0.229035	-0.62	0.0964968	-0.744198
-0.214002	-0.685934	0.173127	-0.673591	-0.172118	-0.643208	0.180999	-0.723808	-0.364016	0.00410512	0.526966	-0.767973	0.40484	0.251968	0.402846	-0.781237	-0.041747	-0.241923	-0.405527	-0.880499	-0.440969	0.191557	-0.393946	-0.783363	-0.540739	-0.494509	0.567763	-0.375109	-0.0861114	-0.833529	0.289222	-0.46278	-0.147356	-0.632513	-0.280307	-0.706853	-0.226933	-0.618269	0.0942386	-0.746568
-0.219385	-0.684054	0.174694	-0.673367	-0.175419	-0.637731	0.178079	-0.728571	-0.363086	0.00937915	0.525861	-0.769123	0.408457	0.257543	0.387958	-0.785062	-0.0497646	-0.240996	-0.408729	-0.878854	-0.448993	0.193839	-0.394116	-0.778142	-0.546236	-0.490486	0.56719	-0.37329	-0.0976721	-0.832307	0.297451	-0.457436	-0.138763	-0.638989	-0.280268	-0.702772	-0.228439	-0.616045	0.0977758	-0.747492
-0.221823	-0.683763	0.174859	-0.67282	-0.176212	-0.634122	0.17563	-0.732115	-0.363086	0.00937915	0.525861	-0.769123	0.412864	0.260006	0.383222	-0.784271	-0.0557557	-0.239515	-0.410263	-0.878185	-0.455303	0.196973	-0.393441	-0.774019	-0.549488	-0.488533	0.566007	-0.372874	-0.101465	-0.833275	0.298625	-0.454072	-0.139233	-0.639296	-0.277643	-0.703441	-0.23098	-0.616607	0.101186	-0.745792
-0.222026	-0.683829	0.174479	-0.672785	-0.175748	-0.633116	0.174377	-0.733395	-0.354683	0.018512	0.525388	-0.773192	0.415067	0.260143	0.383033	-0.783154	-0.0557557	-0.239515	-0.410263	-0.878185	-0.457259	0.198618	-0.393078	-0.772628	-0.547754	-0.4905	0.565203	-0.374061	-0.0986675	-0.83431	0.296515	-0.45417	-0.138232	-0.639703	-0.278327	-0.702998	-0.230477	-0.617416	0.100297	-0.745398
-0.221143	-0.683912	0.173419	-0.673265	-0.174744	-0.633086	0.173361	-0.733902	-0.352473	0.0170987	0.525816	-0.773943	0.415067	0.260143	0.383033	-0.783154	-0.0557557	-0.239515	-0.410263	-0.878185	-0.458446	0.200403	-0.392551	-0.771732	-0.5464	-0.491869	0.564963	-0.374604	-0.0967514	-0.834941	0.295438	-0.454124	-0.138232	-0.639703	-0.278327	-0.702998	-0.230477	-0.617416	0.100297	-0.745398
-0.219949	-0.683917	0.172276	-0.673944	-0.173379	-0.633516	0.172121	-0.734147	-0.350121	0.0148945	0.526116	-0.774852	0.419927	0.257896	0.385557	-0.780062	-0.0614697	-0.235335	-0.412312	-0.877973	-0.459085	0.201939	-0.392043	-0.771209	-0.545349	-0.493073	0.564704	-0.374943	-0.0946189	-0.835485	0.294237	-0.454354	-0.133041	-0.640968	-0.281533	-0.701569	-0.224843	-0.619428	0.0917314	-0.746552
-0.218355	-0.683972	0.170818	-0.674777	-0.169778	-0.634988	0.1689	-0.734465	-0.345014	0.0103733	0.525794	-0.77743	0.422907	0.256007	0.387116	-0.7783	-0.061075	-0.233902	-0.412744	-0.878181	-0.458422	0.205567	-0.390595	-0.77138	-0.543223	-0.495633	0.56333	-0.376719	-0.0897905	-0.836887	0.290751	-0.454996	-0.130388	-0.641476	-0.283115	-0.700966	-0.223215	-0.620123	0.0888531	-0.746811
-0.214996	-0.684634	0.167463	-0.676025	-0.165611	-0.636081	0.165081	-0.735338	-0.339553	0.00803162	0.524704	-0.780593	0.431673	0.251024	0.388158	-0.774583	-0.0553707	-0.229794	-0.41495	-0.878604	-0.456024	0.208581	-0.38927	-0.772661	-0.54179	-0.497812	0.561805	-0.378181	-0.0873845	-0.838169	0.28778	-0.454995	-0.126724	-0.642092	-0.287327	-0.699358	-0.223475	-0.621313	0.0874901	-0.745906
-0.214381	-0.684919	0.166525	-0.676163	-0.163789	-0.63654	0.163531	-0.735695	-0.336973	0.0072205	0.524605	-0.781784	0.434073	0.250146	0.388129	-0.77354	-0.0529401	-0.228441	-0.415289	-0.878947	-0.45445	0.209726	-0.388327	-0.773752	-0.540656	-0.499328	0.561104	-0.378847	-0.0853462	-0.838844	0.285721	-0.455435	-0.125864	-0.642173	-0.287857	-0.699222	-0.222147	-0.62194	0.0852359	-0.74604
-0.213544	-0.685041	0.165033	-0.67667	-0.159439	-0.638294	0.158712	-0.736186	-0.331305	0.0034429	0.524741	-0.784138	0.438311	0.248804	0.389032	-0.771125	-0.0479619	-0.22606	-0.416193	-0.87942	-0.448298	0.210901	-0.386464	-0.777943	-0.537564	-0.503018	0.559479	-0.380763	-0.0814434	-0.839821	0.282767	-0.45619	-0.124293	-0.642056	-0.289689	-0.698853	-0.221028	-0.622579	0.0830512	-0.746086
-0.212588	-0.685127	0.16341	-0.677277	-0.158263	-0.638404	0.156761	-0.736763	-0.329951	0.00227279	0.524478	-0.784889	0.441185	0.246906	0.390219	-0.769495	-0.042823	-0.224543	-0.418067	-0.879185	-0.445966	0.211014	-0.386309	-0.779328	-0.537127	-0.503653	0.559225	-0.380916	-0.080434	-0.840087	0.281803	-0.456478	-0.121112	-0.642368	-0.292356	-0.698013	-0.218443	-0.623769	0.0791268	-0.74628
-0.212262	-0.685455	0.16294	-0.677161	-0.157124	-0.638424	0.15391	-0.73759	-0.327933	0.000603559	0.523411	-0.786448	0.442025	0.246121	0.390355	-0.769195	-0.0404686	-0.22421	-0.4186	-0.879128	-0.441709	0.210889	-0.386413	-0.781731	-0.535793	-0.504962	0.55874	-0.38177	-0.0788113	-0.840611	0.28057	-0.456555	-0.120635	-0.642348	-0.292675	-0.697981	-0.217795	-0.624218	0.0782817	-0.746183
-0.211848	-0.685532	0.162324	-0.67736	-0.156866	-0.638224	0.152423	-0.738126	-0.327016	0.000448016	0.522651	-0.787335	0.443629	0.244301	0.389885	-0.76909	-0.0362923	-0.223794	-0.420452	-0.878532	-0.439782	0.210715	-0.386782	-0.782682	-0.535324	-0.505562	0.558438	-0.382076	-0.0785632	-0.840765	0.280359	-0.456444	-0.119597	-0.642342	-0.29345	-0.69784	-0.217637	-0.625006	0.0781433	-0.745584
-0.211095	-0.68578	0.161581	-0.677522	-0.156532	-0.638229	0.150917	-0.738502	-0.326097	0.00111059	0.521826	-0.788262	0.445027	0.243745	0.388613	-0.769103	-0.0351008	-0.223757	-0.421265	-0.878201	-0.43798	0.210743	-0.387074	-0.783539	-0.535523	-0.505871	0.558027	-0.381989	-0.0794764	-0.840766	0.280723	-0.456061	-0.119631	-0.642621	-0.293596	-0.697516	-0.219025	-0.625081	0.0797487	-0.744944
-0.210375	-0.686164	0.160824	-0.677538	-0.156146	-0.638171	0.149653	-0.738891	-0.325084	0.00247626	0.521209	-0.789085	0.4465	0.243767	0.386846	-0.769133	-0.0342169	-0.223693	-0.421807	-0.877992	-0.436474	0.210951	-0.387453	-0.784137	-0.536338	-0.505949	0.55737	-0.381701	-0.0818693	-0.84065	0.281583	-0.455319	-0.119485	-0.64316	-0.29387	-0.696928	-0.220064	-0.625233	0.0808485	-0.744392
-0.2101	-0.686533	0.160533	-0.677318	-0.155969	-0.637887	0.14892	-0.739322	-0.324076	0.00400353	0.520812	-0.789756	0.447641	0.244334	0.385073	-0.769179	-0.0336966	-0.223822	-0.422305	-0.87774	-0.435377	0.211002	-0.388029	-0.784448	-0.537162	-0.505928	0.556903	-0.381252	-0.0830574	-0.84086	0.281174	-0.454969	-0.119227	-0.643694	-0.293753	-0.696529	-0.220338	-0.625569	0.0808872	-0.744024
-0.210042	-0.686974	0.160603	-0.676872	-0.155947	-0.637933	0.149035	-0.739263	-0.323349	0.00528358	0.520975	-0.789938	0.448394	0.245162	0.383901	-0.769064	-0.0332986	-0.224185	-0.422501	-0.877568	-0.434709	0.211007	-0.38852	-0.784574	-0.536565	-0.506989	0.556239	-0.38165	-0.0810396	-0.841496	0.278862	-0.455579	-0.11938	-0.643871	-0.293368	-0.696501	-0.220265	-0.625874	0.0804974	-0.743831
-0.209539	-0.68714	0.160426	-0.676902	-0.155796	-0.638346	0.149237	-0.738898	-0.322978	0.00568128	0.521466	-0.789764	0.448883	0.245905	0.383641	-0.76867	-0.0331371	-0.224619	-0.42237	-0.877526	-0.434381	0.21096	-0.388774	-0.784643	-0.5355	-0.508372	0.555679	-0.382124	-0.0804419	-0.841741	0.278082	-0.455709	-0.119336	-0.643936	-0.293561	-0.696367	-0.219733	-0.626218	0.0795076	-0.743806
-0.208881	-0.687246	0.160199	-0.677051	-0.155787	-0.63895	0.149279	-0.738369	-0.322875	0.00531261	0.521942	-0.789493	0.448961	0.246203	0.384223	-0.768239	-0.0332683	-0.224843	-0.422187	-0.877552	-0.434344	0.210632	-0.388771	-0.784753	-0.535253	-0.508896	0.555666	-0.381792	-0.0808309	-0.841631	0.278156	-0.455799	-0.118337	-0.644141	-0.294178	-0.696088	-0.218648	-0.626582	0.0778586	-0.743993
-0.20814	-0.68759	0.160053	-0.676965	-0.155792	-0.639429	0.149192	-0.737971	-0.322922	0.00477382	0.522308	-0.789236	0.448661	0.246285	0.385052	-0.767972	-0.0334983	-0.224826	-0.422008	-0.877633	-0.434355	0.21046	-0.388668	-0.784844	-0.535377	-0.509335	0.555629	-0.381085	-0.0813049	-0.841365	0.278158	-0.456204	-0.117624	-0.644401	-0.294233	-0.695945	-0.2181	-0.626855	0.0768922	-0.744025
-0.20814	-0.68759	0.160053	-0.676965	-0.155707	-0.639945	0.149256	-0.737529	-0.323056	0.004255	0.522359	-0.78915	0.448382	0.246109	0.385622	-0.767906	-0.0333936	-0.22483	-0.421827	-0.877723	-0.434594	0.210479	-0.38844	-0.784819	-0.53559	-0.509872	0.555464	-0.380307	-0.0817125	-0.841074	0.277906	-0.456822	-0.117767	-0.64476	-0.293767	-0.695785	-0.217764	-0.627052	0.0762884	-0.744019
-0.207382	-0.688158	0.160034	-0.676624	-0.155547	-0.640606	0.149438	-0.736951	-0.323312	0.00370954	0.522131	-0.789199	0.448238	0.245779	0.38601	-0.767901	-0.0330913	-0.22488	-0.421624	-0.87782	-0.434819	0.210625	-0.388351	-0.784699	-0.53561	-0.510519	0.555288	-0.379667	-0.0817769	-0.840888	0.277241	-0.457556	-0.117655	-0.644784	-0.293688	-0.695815	-0.217706	-0.627198	0.0762575	-0.743917
-0.207573	-0.688377	0.160219	-0.6763	-0.155537	-0.641533	0.14917	-0.736202	-0.32367	0.0030719	0.521809	-0.789268	0.448018	0.245224	0.386337	-0.768042	-0.0327919	-0.22506	-0.42135	-0.877916	-0.43523	0.210857	-0.388423	-0.784373	-0.535661	-0.511109	0.55518	-0.378959	-0.0829258	-0.8403	0.276589	-0.458822	-0.11817	-0.644626	-0.293107	-0.696119	-0.217592	-0.627368	0.0762526	-0.743807
-0.207322	-0.689128	0.1596	-0.675758	-0.155672	-0.641757	0.148782	-0.736056	-0.324317	0.00228917	0.521236	-0.789383	0.447161	0.244518	0.386877	-0.768495	-0.0325561	-0.22541	-0.421135	-0.877938	-0.435061	0.210888	-0.388608	-0.784367	-0.536573	-0.511761	0.555036	-0.376994	-0.0842333	-0.839822	0.276798	-0.459333	-0.119421	-0.644897	-0.291948	-0.696141	-0.217693	-0.627426	0.0768521	-0.743667
-0.207587	-0.689503	0.159449	-0.675329	-0.155876	-0.64201	0.148459	-0.735857	-0.324588	0.00211491	0.521031	-0.789408	0.446974	0.244326	0.3869	-0.768653	-0.0323607	-0.22566	-0.421545	-0.877685	-0.434341	0.210667	-0.389563	-0.784352	-0.537145	-0.511978	0.555018	-0.37591	-0.0853648	-0.839109	0.276436	-0.460643	-0.119568	-0.645103	-0.29138	-0.696163	-0.217433	-0.627447	0.0766766	-0.743743
-0.207954	-0.689912	0.159412	-0.674807	-0.156013	-0.642286	0.148117	-0.735656	-0.324745	0.00196711	0.520788	-0.789504	0.447046	0.244164	0.38687	-0.768677	-0.0323607	-0.22566	-0.421545	-0.877685	-0.434341	0.210667	-0.389563	-0.784352	-0.53738	-0.512389	0.554853	-0.375257	-0.0853648	-0.839109	0.276436	-0.460643	-0.120089	-0.645167	-0.29066	-0.696315	-0.21757	-0.627422	0.0770918	-0.743682
-0.20802	-0.690345	0.159174	-0.6744	-0.156283	-0.642404	0.147688	-0.735582	-0.324671	0.00205451	0.520626	-0.789641	0.447223	0.244035	0.386625	-0.768739	-0.0321302	-0.226358	-0.421746	-0.877417	-0.433994	0.210546	-0.390014	-0.784352	-0.537861	-0.51245	0.554711	-0.374694	-0.0865394	-0.838777	0.276775	-0.460825	-0.120325	-0.645223	-0.290444	-0.696313	-0.217896	-0.627348	0.0777702	-0.743578
-0.207813	-0.691166	0.158701	-0.673734	-0.156524	-0.64233	0.147327	-0.735668	-0.324209	0.00269756	0.52045	-0.789945	0.447781	0.244304	0.385766	-0.76876	-0.0319677	-0.22682	-0.42204	-0.877162	-0.433361	0.210451	-0.390755	-0.784359	-0.539354	-0.512131	0.554321	-0.373561	-0.0894961	-0.838312	0.27763	-0.460592	-0.120769	-0.645729	-0.289582	-0.696126	-0.218607	-0.627198	0.0788875	-0.743378
-0.207692	-0.69176	0.158445	-0.673222	-0.156528	-0.642228	0.147643	-0.735692	-0.32403	0.00367729	0.521058	-0.789613	0.448227	0.245342	0.385204	-0.768452	-0.0322977	-0.227267	-0.421435	-0.877325	-0.433255	0.210052	-0.39098	-0.784412	-0.539356	-0.512719	0.553881	-0.373404	-0.0898641	-0.838411	0.277345	-0.460512	-0.120752	-0.646097	-0.289164	-0.695961	-0.219398	-0.627151	0.0799479	-0.743071
-0.207442	-0.692073	0.158474	-0.67297	-0.156496	-0.642209	0.148083	-0.735628	-0.324165	0.00373911	0.521545	-0.789237	0.447861	0.245964	0.385398	-0.768369	-0.0325625	-0.227364	-0.421006	-0.877496	-0.43342	0.209818	-0.390844	-0.784452	-0.539152	-0.512863	0.553811	-0.373604	-0.0899937	-0.83849	0.27763	-0.460171	-0.120817	-0.646221	-0.289068	-0.695875	-0.219949	-0.627195	0.0806278	-0.742798
-0.207157	-0.692153	0.158589	-0.672948	-0.156427	-0.642137	0.148758	-0.735569	-0.324353	0.00370162	0.522111	-0.788785	0.44726	0.246553	0.385856	-0.7683	-0.0326789	-0.227442	-0.42048	-0.877724	-0.433605	0.209538	-0.390575	-0.784558	-0.539292	-0.512731	0.553747	-0.373677	-0.0903278	-0.838566	0.27797	-0.459762	-0.120805	-0.646415	-0.288891	-0.69577	-0.220344	-0.627301	0.0810395	-0.742546
-0.206604	-0.692179	0.158526	-0.673107	-0.156183	-0.642239	0.149662	-0.735349	-0.324721	0.00361904	0.522882	-0.788123	0.446649	0.247347	0.386434	-0.768109	-0.0326789	-0.227442	-0.42048	-0.877724	-0.433926	0.209188	-0.390179	-0.784671	-0.539499	-0.512683	0.553594	-0.373672	-0.0905952	-0.838663	0.278105	-0.459451	-0.120644	-0.64654	-0.288997	-0.695638	-0.220973	-0.627395	0.0816795	-0.742209
-0.206604	-0.692179	0.158526	-0.673107	-0.156183	-0.642239	0.149662	-0.735349	-0.324721	0.00361904	0.522882	-0.788123	0.446649	0.247347	0.386434	-0.768109	-0.0326789	-0.227442	-0.42048	-0.877724	-0.43425	0.208692	-0.389597	-0.784913	-0.539499	-0.512683	0.553594	-0.373672	-0.0911593	-0.838773	0.278239	-0.459057	-0.120644	-0.64654	-0.288997	-0.695638	-0.220973	-0.627395	0.0816795	-0.742209
-0.205366	-0.69227	0.158442	-0.673411	-0.155377	-0.6425	0.151915	-0.734829	-0.325451	0.00372532	0.525128	-0.786326	0.44518	0.249691	0.387788	-0.767522	-0.0328145	-0.227533	-0.418934	-0.878434	-0.434645	0.208036	-0.388874	-0.785227	-0.539926	-0.512633	0.553091	-0.373867	-0.0916135	-0.838928	0.278206	-0.458703	-0.120649	-0.646724	-0.288993	-0.695468	-0.22194	-0.627662	0.082368	-0.741619
