FULLBODY	1																																						
Frames:	169																																						
-0.436289	-0.591307	0.392622	-0.553042	-0.388142	-0.574401	0.410107	-0.59264	-0.726944	-0.175161	0.598101	-0.28835	-0.691182	-0.0558906	0.668548	-0.268676	-0.0810593	-0.648267	-0.0168506	-0.756899	-0.160761	-0.647468	-0.0351103	-0.744116	-0.680016	-0.164286	0.683313	-0.208976	-0.430229	-0.581933	0.497537	-0.478241	-0.194668	-0.741261	0.0328473	-0.641528	-0.36009	-0.650719	0.435886	-0.506857
-0.431619	-0.594415	0.392526	-0.553443	-0.381311	-0.581254	0.405638	-0.593467	-0.721356	-0.186242	0.597258	-0.297055	-0.685039	-0.0678569	0.669914	-0.278087	-0.0636279	-0.647815	-0.0144187	-0.758999	-0.150304	-0.64938	-0.0360895	-0.744588	-0.675359	-0.167392	0.68605	-0.212618	-0.440404	-0.573806	0.494448	-0.481987	-0.194725	-0.74008	0.0251298	-0.64322	-0.363983	-0.648154	0.428891	-0.513289
-0.431194	-0.594959	0.39277	-0.553016	-0.381001	-0.58189	0.405751	-0.592965	-0.721447	-0.187531	0.596924	-0.296694	-0.685563	-0.0685433	0.669655	-0.277247	-0.0624246	-0.647899	-0.013595	-0.759042	-0.146367	-0.650358	-0.0349092	-0.744576	-0.675337	-0.167182	0.686215	-0.212318	-0.440477	-0.573724	0.494523	-0.481941	-0.194517	-0.739978	0.024748	-0.643416	-0.36412	-0.648109	0.42906	-0.513107
-0.430888	-0.595226	0.392839	-0.552918	-0.380914	-0.582183	0.405883	-0.592643	-0.721592	-0.187608	0.596963	-0.296215	-0.685823	-0.0686318	0.669653	-0.276589	-0.0593256	-0.648543	-0.0131209	-0.75875	-0.14369	-0.650908	-0.0348235	-0.74462	-0.675242	-0.167382	0.686209	-0.212483	-0.440377	-0.573815	0.494374	-0.482077	-0.194406	-0.739971	0.0246355	-0.643461	-0.364254	-0.648016	0.429186	-0.513025
-0.430618	-0.595493	0.393	-0.552726	-0.380953	-0.582387	0.406055	-0.5923	-0.721729	-0.188167	0.596939	-0.295575	-0.686175	-0.0690027	0.669678	-0.275561	-0.05698	-0.649338	-0.0131346	-0.758248	-0.138791	-0.651782	-0.03504	-0.744775	-0.675106	-0.167858	0.686092	-0.212915	-0.440217	-0.57395	0.494177	-0.482265	-0.194357	-0.739772	0.0249239	-0.643694	-0.364434	-0.647815	0.429389	-0.51298
-0.430682	-0.595509	0.393216	-0.552506	-0.380996	-0.582501	0.406155	-0.592091	-0.721805	-0.188334	0.596947	-0.295266	-0.686257	-0.0691139	0.669723	-0.27522	-0.0562044	-0.649597	-0.01333	-0.758081	-0.137019	-0.652049	-0.0351792	-0.744863	-0.675037	-0.167929	0.686131	-0.212951	-0.440265	-0.573907	0.494191	-0.482258	-0.194208	-0.739775	0.0248319	-0.643739	-0.36446	-0.647737	0.429466	-0.512995
-0.431062	-0.595336	0.393633	-0.5521	-0.381212	-0.582495	0.406564	-0.591678	-0.721891	-0.188767	0.596792	-0.295093	-0.686	-0.0687964	0.669954	-0.275377	-0.0557526	-0.649733	-0.0135054	-0.757995	-0.135114	-0.652333	-0.0352829	-0.744957	-0.675088	-0.167838	0.686123	-0.212889	-0.440399	-0.573805	0.494192	-0.482255	-0.194126	-0.739836	0.0249612	-0.643688	-0.364495	-0.64759	0.429493	-0.513134
-0.431376	-0.595206	0.393802	-0.551874	-0.38147	-0.582274	0.406931	-0.591478	-0.72209	-0.188713	0.596665	-0.294898	-0.685382	-0.067762	0.670407	-0.276071	-0.055668	-0.64982	-0.0134765	-0.757927	-0.135	-0.652387	-0.0352259	-0.744933	-0.67507	-0.16775	0.686178	-0.212836	-0.440497	-0.573707	0.494251	-0.482222	-0.194229	-0.739724	0.025483	-0.643766	-0.364258	-0.647665	0.429351	-0.513326
-0.432656	-0.59464	0.394735	-0.550814	-0.383621	-0.580483	0.408854	-0.590518	-0.723819	-0.185857	0.59602	-0.293773	-0.679387	-0.0564063	0.674957	-0.282284	-0.0597773	-0.648788	-0.0115606	-0.75853	-0.139297	-0.652089	-0.0324859	-0.744527	-0.67539	-0.166377	0.68652	-0.211797	-0.440775	-0.573435	0.494438	-0.4821	-0.194694	-0.739458	0.0258731	-0.643915	-0.36431	-0.647504	0.430034	-0.512921
-0.433226	-0.594262	0.395039	-0.550556	-0.384707	-0.579699	0.409771	-0.589947	-0.724454	-0.183749	0.596082	-0.293409	-0.676343	-0.047436	0.677507	-0.28512	-0.0629425	-0.6477	-0.0102306	-0.759223	-0.142049	-0.651365	-0.0314377	-0.744686	-0.675488	-0.165769	0.686699	-0.211379	-0.440701	-0.573503	0.494316	-0.482213	-0.195291	-0.739421	0.0265909	-0.643748	-0.364456	-0.647381	0.430314	-0.512738
-0.434889	-0.593054	0.395796	-0.550003	-0.386899	-0.578062	0.412124	-0.588479	-0.725882	-0.177791	0.595909	-0.293901	-0.667558	-0.0244954	0.68125	-0.299441	-0.0722793	-0.643457	-0.0083023	-0.762017	-0.150682	-0.647366	-0.0296473	-0.746548	-0.675751	-0.164187	0.687084	-0.210518	-0.441265	-0.573044	0.494846	-0.481697	-0.196319	-0.739314	0.0275791	-0.643516	-0.364857	-0.647086	0.431035	-0.512219
-0.436006	-0.591981	0.396045	-0.550097	-0.389392	-0.576381	0.413864	-0.587261	-0.7283	-0.167015	0.593619	-0.298833	-0.655703	0.00428856	0.681965	-0.323974	-0.0889895	-0.634258	-0.00552122	-0.767963	-0.167533	-0.635898	-0.0274996	-0.752868	-0.676434	-0.161897	0.687384	-0.209117	-0.442052	-0.572487	0.495299	-0.481173	-0.197544	-0.739223	0.0280622	-0.643225	-0.365186	-0.646844	0.431457	-0.511934
-0.437332	-0.590744	0.395915	-0.550467	-0.391705	-0.574719	0.415741	-0.586025	-0.730759	-0.154799	0.588784	-0.308807	-0.63984	0.0366471	0.678086	-0.359806	-0.109218	-0.619527	-0.0107466	-0.777266	-0.18985	-0.614826	-0.0334714	-0.764739	-0.676621	-0.160471	0.68762	-0.208833	-0.442423	-0.572182	0.495421	-0.48107	-0.197716	-0.739207	0.0275434	-0.643212	-0.365385	-0.646641	0.431153	-0.512306
-0.437494	-0.590579	0.395645	-0.550709	-0.391859	-0.574407	0.416209	-0.585896	-0.732247	-0.147096	0.585627	-0.314988	-0.630231	0.0544339	0.673939	-0.381645	-0.118604	-0.610001	-0.0194907	-0.783232	-0.203123	-0.600558	-0.0422411	-0.772196	-0.676612	-0.160262	0.68753	-0.209322	-0.442431	-0.572159	0.495349	-0.481163	-0.198023	-0.739068	0.026978	-0.643302	-0.365535	-0.646515	0.430994	-0.51249
-0.437887	-0.590116	0.394503	-0.551711	-0.39196	-0.573314	0.415444	-0.587439	-0.735991	-0.128537	0.57797	-0.328247	-0.606489	0.0949612	0.661975	-0.430049	-0.136115	-0.588549	-0.0477209	-0.795491	-0.233601	-0.565907	-0.0702601	-0.787555	-0.676552	-0.160137	0.687216	-0.210637	-0.442257	-0.572233	0.495024	-0.48157	-0.197909	-0.738839	0.0251536	-0.643674	-0.36563	-0.646372	0.430188	-0.51328
-0.43798	-0.589955	0.393814	-0.552301	-0.392323	-0.57233	0.414693	-0.588685	-0.737599	-0.118253	0.573346	-0.336509	-0.592288	0.116457	0.653417	-0.456814	-0.145837	-0.576987	-0.0644368	-0.80104	-0.251396	-0.545118	-0.0872992	-0.795001	-0.676524	-0.160179	0.687062	-0.211196	-0.442262	-0.572221	0.494808	-0.481801	-0.197495	-0.738872	0.0241793	-0.6438	-0.365585	-0.64637	0.429522	-0.513872
-0.438067	-0.589634	0.392565	-0.553463	-0.392911	-0.570431	0.413023	-0.591305	-0.739712	-0.0953388	0.563498	-0.355255	-0.558329	0.162522	0.630772	-0.513792	-0.169139	-0.552214	-0.0971179	-0.810568	-0.291002	-0.499214	-0.125007	-0.806521	-0.676498	-0.16024	0.686826	-0.212	-0.442572	-0.572067	0.494466	-0.48205	-0.197204	-0.738767	0.0226118	-0.644068	-0.365927	-0.646125	0.428716	-0.51461
-0.438237	-0.589196	0.391821	-0.554321	-0.393205	-0.569518	0.412204	-0.59256	-0.738927	-0.0814442	0.560505	-0.36495	-0.558329	0.162522	0.630772	-0.513792	-0.169139	-0.552214	-0.0971179	-0.810568	-0.312631	-0.474702	-0.143439	-0.810151	-0.676348	-0.160671	0.686634	-0.212773	-0.442568	-0.572136	0.494175	-0.482271	-0.197204	-0.738767	0.0226118	-0.644068	-0.365912	-0.646128	0.428236	-0.515015
-0.438377	-0.588862	0.391107	-0.55507	-0.393681	-0.568293	0.41165	-0.593804	-0.737594	-0.0677961	0.55746	-0.374963	-0.517006	0.210909	0.603423	-0.569301	-0.194395	-0.527739	-0.128204	-0.816863	-0.334992	-0.449357	-0.160751	-0.812415	-0.676238	-0.161048	0.686454	-0.213418	-0.442744	-0.572042	0.494027	-0.482371	-0.197036	-0.738695	0.0214043	-0.644243	-0.365795	-0.646228	0.427702	-0.515417
-0.439197	-0.588095	0.390784	-0.555462	-0.395016	-0.564832	0.41077	-0.596821	-0.735897	-0.0357705	0.550421	-0.3927	-0.494415	0.234537	0.587267	-0.596375	-0.207278	-0.516163	-0.14183	-0.818838	-0.378733	-0.398677	-0.196849	-0.811707	-0.676197	-0.161043	0.686368	-0.213826	-0.443044	-0.571958	0.493718	-0.482513	-0.196714	-0.738539	0.0205187	-0.644548	-0.36503	-0.646818	0.426687	-0.51606
-0.439768	-0.587671	0.390844	-0.555417	-0.395788	-0.56296	0.410981	-0.597932	-0.734231	-0.0192138	0.546922	-0.401762	-0.446335	0.280358	0.551914	-0.646201	-0.231667	-0.495001	-0.166588	-0.820703	-0.400731	-0.374149	-0.214339	-0.808385	-0.676322	-0.160842	0.686246	-0.213975	-0.443282	-0.571804	0.493739	-0.482455	-0.196265	-0.738236	0.0189717	-0.64508	-0.364781	-0.64703	0.426495	-0.516128
-0.44185	-0.586127	0.391678	-0.554808	-0.397751	-0.559141	0.41212	-0.599427	-0.728519	0.0124652	0.541152	-0.419832	-0.396056	0.322134	0.512225	-0.690648	-0.257282	-0.475165	-0.181666	-0.821597	-0.445832	-0.325291	-0.246895	-0.796531	-0.676799	-0.159453	0.686418	-0.21295	-0.444198	-0.571232	0.493996	-0.482026	-0.196837	-0.738231	0.019671	-0.644891	-0.364551	-0.647337	0.426389	-0.515995
-0.443491	-0.58473	0.392552	-0.554355	-0.400228	-0.555822	0.414101	-0.5995	-0.722194	0.0428471	0.5354	-0.435829	-0.344299	0.357479	0.470097	-0.729846	-0.281156	-0.457833	-0.189287	-0.821895	-0.491422	-0.278708	-0.277934	-0.776904	-0.677462	-0.157752	0.686705	-0.211178	-0.445333	-0.57059	0.494387	-0.481339	-0.198242	-0.73843	0.0219319	-0.644158	-0.365438	-0.647001	0.427435	-0.514921
-0.44435	-0.583945	0.393182	-0.554048	-0.401897	-0.55406	0.415269	-0.599206	-0.718937	0.0572962	0.532394	-0.443174	-0.318103	0.372456	0.449306	-0.747135	-0.291523	-0.450677	-0.193012	-0.821371	-0.514024	-0.256014	-0.292757	-0.764545	-0.677678	-0.157168	0.686823	-0.210535	-0.445747	-0.570373	0.494502	-0.481095	-0.198808	-0.738648	0.0232145	-0.643689	-0.365809	-0.646885	0.427766	-0.514529
-0.445276	-0.583109	0.394059	-0.553562	-0.403602	-0.552309	0.416356	-0.598922	-0.718937	0.0572962	0.532394	-0.443174	-0.292416	0.385651	0.427622	-0.763482	-0.301438	-0.443905	-0.196741	-0.820595	-0.535733	-0.233946	-0.307792	-0.750682	-0.678155	-0.15624	0.686866	-0.209549	-0.44613	-0.5702	0.494559	-0.480886	-0.1992	-0.738988	0.0246135	-0.643125	-0.366274	-0.646685	0.428201	-0.514086
-0.446054	-0.582423	0.394942	-0.553028	-0.405204	-0.550922	0.417299	-0.598462	-0.711972	0.0840404	0.525891	-0.457682	-0.266537	0.397112	0.406168	-0.778645	-0.310052	-0.437806	-0.201642	-0.819472	-0.556201	-0.213719	-0.322846	-0.735347	-0.678656	-0.155256	0.686955	-0.208361	-0.446708	-0.569927	0.494705	-0.480523	-0.199761	-0.739283	0.0261706	-0.64255	-0.36676	-0.646505	0.428647	-0.513594
-0.446903	-0.581549	0.396293	-0.552295	-0.409081	-0.547838	0.419077	-0.597411	-0.70849	0.0979078	0.521838	-0.46491	-0.216076	0.413647	0.363523	-0.806262	-0.325451	-0.428921	-0.211555	-0.815692	-0.575776	-0.194203	-0.336672	-0.719318	-0.679469	-0.153841	0.687097	-0.206282	-0.447734	-0.569434	0.494966	-0.479883	-0.201104	-0.739618	0.0288797	-0.641629	-0.367853	-0.64612	0.429791	-0.512341
-0.447443	-0.581001	0.397019	-0.551913	-0.412342	-0.545275	0.420957	-0.596191	-0.700912	0.122714	0.512523	-0.480607	-0.191594	0.419617	0.342822	-0.818344	-0.333399	-0.424794	-0.215675	-0.81356	-0.611847	-0.157014	-0.361646	-0.685713	-0.679682	-0.153729	0.687048	-0.205827	-0.448019	-0.569363	0.494947	-0.479722	-0.201399	-0.739819	0.0299665	-0.641255	-0.368232	-0.646004	0.430186	-0.511882
-0.448494	-0.580038	0.398519	-0.550992	-0.414068	-0.54393	0.421747	-0.595665	-0.693535	0.149025	0.50273	-0.494028	-0.144238	0.427678	0.305739	-0.838338	-0.347821	-0.417993	-0.224206	-0.808724	-0.64412	-0.122611	-0.383873	-0.650168	-0.680254	-0.15267	0.687208	-0.204184	-0.448535	-0.569275	0.494906	-0.479386	-0.201932	-0.740299	0.0322156	-0.640424	-0.368716	-0.645929	0.430687	-0.511207
-0.449371	-0.57935	0.399878	-0.550016	-0.417009	-0.541968	0.422901	-0.594583	-0.684401	0.17732	0.494124	-0.505959	-0.0997934	0.431455	0.275637	-0.853178	-0.361775	-0.411653	-0.230579	-0.804048	-0.67225	-0.0883525	-0.401624	-0.615607	-0.6809	-0.151787	0.687238	-0.202584	-0.449172	-0.569042	0.49516	-0.478804	-0.202498	-0.740505	0.0341635	-0.639906	-0.369258	-0.645785	0.431314	-0.51047
-0.450087	-0.578823	0.400998	-0.549169	-0.419676	-0.540074	0.423796	-0.593792	-0.673854	0.203935	0.486389	-0.517452	-0.0801176	0.432777	0.26181	-0.858919	-0.372499	-0.406522	-0.238737	-0.799368	-0.694924	-0.0570768	-0.416458	-0.583425	-0.681409	-0.151183	0.687254	-0.201265	-0.449385	-0.569087	0.495251	-0.478455	-0.202775	-0.740782	0.0358968	-0.639403	-0.369386	-0.645774	0.431475	-0.510255
-0.450115	-0.579038	0.401527	-0.548532	-0.421777	-0.538874	0.423139	-0.593862	-0.664802	0.227094	0.4808	-0.524688	-0.0291745	0.433104	0.231873	-0.87052	-0.38107	-0.400964	-0.246319	-0.795827	-0.709898	-0.0299161	-0.425963	-0.560094	-0.681623	-0.1513	0.687244	-0.200484	-0.449261	-0.569335	0.495224	-0.478304	-0.202707	-0.740799	0.0364453	-0.639374	-0.369534	-0.645896	0.432158	-0.509414
-0.450064	-0.579158	0.401571	-0.548416	-0.422322	-0.538652	0.421633	-0.594747	-0.657457	0.24492	0.476609	-0.529725	-0.0291745	0.433104	0.231873	-0.87052	-0.38107	-0.400964	-0.246319	-0.795827	-0.716675	-0.00853676	-0.431264	-0.54801	-0.681605	-0.151885	0.687138	-0.200467	-0.448776	-0.569808	0.495081	-0.478345	-0.202707	-0.740799	0.0364453	-0.639374	-0.369534	-0.645896	0.432158	-0.509414
-0.449187	-0.580135	0.401452	-0.548189	-0.422303	-0.538542	0.420918	-0.595366	-0.653827	0.252048	0.47512	-0.532206	0.0157331	0.425577	0.218335	-0.878047	-0.391193	-0.393628	-0.252268	-0.792708	-0.716746	-0.00223325	-0.433383	-0.546306	-0.681643	-0.15297	0.686949	-0.200162	-0.448268	-0.57026	0.494856	-0.478516	-0.201175	-0.741106	0.0361829	-0.639517	-0.369568	-0.646012	0.432644	-0.508829
-0.448448	-0.58088	0.40118	-0.548204	-0.421884	-0.538015	0.420008	-0.59678	-0.646018	0.262013	0.47304	-0.538742	0.0289475	0.421604	0.216892	-0.879983	-0.393936	-0.392873	-0.255462	-0.790699	-0.713439	-0.00181721	-0.435829	-0.548685	-0.681311	-0.154343	0.686768	-0.200858	-0.446619	-0.571654	0.494103	-0.479173	-0.200668	-0.741148	0.0356957	-0.639654	-0.369735	-0.645989	0.432983	-0.508449
-0.445814	-0.583774	0.400954	-0.547442	-0.42082	-0.538078	0.418961	-0.598209	-0.639272	0.265595	0.472192	-0.545734	0.0572039	0.411302	0.216575	-0.883546	-0.397519	-0.390581	-0.26252	-0.787723	-0.708596	-0.00255649	-0.435676	-0.555042	-0.680724	-0.158048	0.68597	-0.202685	-0.444893	-0.573043	0.493461	-0.479779	-0.198094	-0.741374	0.0328148	-0.640349	-0.369892	-0.646136	0.433389	-0.507801
-0.443575	-0.585962	0.400165	-0.547502	-0.420151	-0.538608	0.418121	-0.59879	-0.634627	0.262804	0.471615	-0.552958	0.0627718	0.40793	0.218014	-0.884377	-0.397144	-0.388408	-0.262053	-0.789142	-0.706883	-0.00116997	-0.434654	-0.558024	-0.680328	-0.160621	0.685246	-0.204433	-0.442662	-0.574871	0.492438	-0.480707	-0.195688	-0.741333	0.0296328	-0.64129	-0.37035	-0.646076	0.433984	-0.507035
-0.442594	-0.586898	0.399949	-0.547451	-0.41866	-0.540802	0.416673	-0.598866	-0.633467	0.261032	0.471582	-0.55515	0.0636826	0.407022	0.218976	-0.884493	-0.395692	-0.387992	-0.263098	-0.789728	-0.706506	0.0014828	-0.435532	-0.557816	-0.680277	-0.161493	0.684936	-0.204955	-0.441064	-0.576227	0.491671	-0.481336	-0.195172	-0.741315	0.0285952	-0.641516	-0.370464	-0.646112	0.434147	-0.506767
-0.439442	-0.589158	0.398536	-0.548592	-0.417647	-0.542296	0.415507	-0.599033	-0.631836	0.257229	0.471941	-0.55847	0.0663914	0.405314	0.221438	-0.884465	-0.393132	-0.387435	-0.263946	-0.790996	-0.706185	0.00316137	-0.435745	-0.55805	-0.680509	-0.163282	0.684011	-0.205852	-0.440934	-0.576422	0.491746	-0.481145	-0.194147	-0.741552	0.0264867	-0.641644	-0.370967	-0.646159	0.434585	-0.505962
-0.43443	-0.5928	0.397147	-0.549666	-0.415287	-0.545016	0.412952	-0.599971	-0.629525	0.253801	0.472957	-0.561779	0.0704843	0.403672	0.223966	-0.884263	-0.390021	-0.386306	-0.264926	-0.792758	-0.705489	0.00570092	-0.434727	-0.559702	-0.680996	-0.164146	0.683272	-0.206008	-0.440774	-0.576861	0.491704	-0.480809	-0.19263	-0.741355	0.0227635	-0.64247	-0.371563	-0.646426	0.435266	-0.504597
-0.428903	-0.596784	0.395478	-0.550897	-0.412136	-0.548016	0.409964	-0.601458	-0.626345	0.249313	0.47447	-0.56605	0.0754745	0.401863	0.227307	-0.883822	-0.385979	-0.384459	-0.26562	-0.795398	-0.703862	0.00793251	-0.433061	-0.563004	-0.680858	-0.166889	0.682256	-0.207625	-0.440178	-0.57784	0.490948	-0.480952	-0.191308	-0.740994	0.0175579	-0.643445	-0.371667	-0.647332	0.43545	-0.503197
-0.42351	-0.600857	0.393329	-0.552179	-0.408056	-0.551697	0.406412	-0.603282	-0.622578	0.243106	0.476322	-0.571327	0.0813084	0.399074	0.23174	-0.883417	-0.380921	-0.382394	-0.267186	-0.798302	-0.700552	0.0107617	-0.43146	-0.56829	-0.680603	-0.170633	0.680898	-0.209862	-0.439536	-0.579046	0.489821	-0.481238	-0.189091	-0.739983	0.010791	-0.645409	-0.371866	-0.648461	0.435506	-0.501546
-0.420474	-0.603211	0.392037	-0.552852	-0.405454	-0.554072	0.404396	-0.604214	-0.620529	0.239396	0.477305	-0.574293	0.0849371	0.39736	0.234601	-0.883093	-0.377753	-0.381222	-0.268431	-0.799948	-0.698371	0.0123101	-0.43099	-0.571292	-0.680545	-0.172345	0.680191	-0.210941	-0.4395	-0.579475	0.48944	-0.481141	-0.187631	-0.739295	0.00649232	-0.64668	-0.371381	-0.649481	0.434874	-0.501134
-0.420474	-0.603211	0.392037	-0.552852	-0.405454	-0.554072	0.404396	-0.604214	-0.620529	0.239396	0.477305	-0.574293	0.0849371	0.39736	0.234601	-0.883093	-0.377753	-0.381222	-0.268431	-0.799948	-0.698371	0.0123101	-0.43099	-0.571292	-0.680545	-0.172345	0.680191	-0.210941	-0.43931	-0.5801	0.488795	-0.481218	-0.187631	-0.739295	0.00649232	-0.64668	-0.371381	-0.649481	0.434874	-0.501134
-0.413712	-0.608905	0.389835	-0.553269	-0.399512	-0.559524	0.399777	-0.606219	-0.616106	0.231205	0.479449	-0.580591	0.0925977	0.393398	0.240858	-0.882412	-0.370365	-0.378501	-0.271212	-0.803748	-0.692911	0.0166166	-0.430375	-0.578252	-0.680132	-0.176319	0.678717	-0.213718	-0.439282	-0.580597	0.488214	-0.481234	-0.183986	-0.738461	-0.00308183	-0.648702	-0.369727	-0.652461	0.431558	-0.501353
-0.410584	-0.611667	0.388508	-0.553485	-0.396179	-0.562511	0.397196	-0.607338	-0.613749	0.226826	0.480509	-0.583929	0.096589	0.391034	0.244436	-0.882051	-0.36596	-0.376994	-0.273013	-0.805862	-0.689725	0.018795	-0.430138	-0.582158	-0.680117	-0.178344	0.677744	-0.215168	-0.439233	-0.581177	0.48749	-0.481312	-0.182228	-0.738271	-0.00754076	-0.649378	-0.36812	-0.654567	0.428278	-0.502601
-0.407272	-0.61435	0.386574	-0.554315	-0.392603	-0.565688	0.394318	-0.608583	-0.611218	0.22211	0.481533	-0.587542	0.101374	0.388441	0.248241	-0.881597	-0.361254	-0.375458	-0.274782	-0.808098	-0.686441	0.0210502	-0.42959	-0.586352	-0.679964	-0.180679	0.676768	-0.21677	-0.438816	-0.582137	0.486358	-0.481677	-0.179917	-0.738338	-0.0122885	-0.649874	-0.366437	-0.656695	0.424501	-0.504257
-0.403756	-0.617263	0.384193	-0.555305	-0.388991	-0.568892	0.391436	-0.609775	-0.608406	0.217268	0.482717	-0.591288	0.106492	0.385859	0.252025	-0.881054	-0.356147	-0.373929	-0.276497	-0.810485	-0.682876	0.0234796	-0.429439	-0.590517	-0.67976	-0.183352	0.675603	-0.218788	-0.438754	-0.582811	0.485591	-0.481693	-0.177339	-0.738592	-0.0169458	-0.650189	-0.364464	-0.658862	0.420231	-0.506431
-0.39539	-0.624329	0.378578	-0.557278	-0.380994	-0.576028	0.384813	-0.612335	-0.602099	0.20776	0.485812	-0.598581	0.117091	0.380662	0.26019	-0.879595	-0.344231	-0.371276	-0.280661	-0.815407	-0.67458	0.0289546	-0.429483	-0.599706	-0.67941	-0.189223	0.672831	-0.223373	-0.438464	-0.584314	0.483783	-0.481955	-0.171905	-0.739228	-0.0257705	-0.650636	-0.361248	-0.661947	0.412894	-0.510729
-0.384993	-0.632677	0.371353	-0.559997	-0.372011	-0.58355	0.376784	-0.615719	-0.594928	0.196652	0.488359	-0.607367	0.128922	0.374346	0.268752	-0.878075	-0.33142	-0.368597	-0.284753	-0.820495	-0.665365	0.0333301	-0.428605	-0.610309	-0.679387	-0.195015	0.669753	-0.227671	-0.438607	-0.585646	0.48231	-0.481684	-0.166656	-0.739708	-0.034046	-0.651075	-0.362261	-0.662356	0.410452	-0.51145
-0.384993	-0.632677	0.371353	-0.559997	-0.372011	-0.58355	0.376784	-0.615719	-0.594928	0.196652	0.488359	-0.607367	0.128922	0.374346	0.268752	-0.878075	-0.33142	-0.368597	-0.284753	-0.820495	-0.665365	0.0333301	-0.428605	-0.610309	-0.679387	-0.195015	0.669753	-0.227671	-0.438478	-0.586553	0.481287	-0.481721	-0.166656	-0.739708	-0.034046	-0.651075	-0.362261	-0.662356	0.410452	-0.51145
-0.374572	-0.641161	0.364051	-0.562206	-0.361992	-0.591651	0.367767	-0.619402	-0.5868	0.185245	0.491383	-0.616355	0.141282	0.368183	0.278013	-0.875893	-0.324404	-0.367284	-0.2869	-0.823136	-0.655643	0.0375016	-0.427595	-0.621199	-0.679023	-0.201378	0.666663	-0.232242	-0.438196	-0.587623	0.480062	-0.481897	-0.162756	-0.741244	-0.0415565	-0.649878	-0.36419	-0.662568	0.408249	-0.511568
-0.369686	-0.645084	0.360224	-0.563416	-0.356645	-0.596061	0.363079	-0.62104	-0.582292	0.178844	0.492655	-0.621484	0.147968	0.364646	0.282798	-0.874737	-0.309962	-0.36396	-0.291101	-0.828684	-0.650562	0.039673	-0.426902	-0.626857	-0.678577	-0.205582	0.664677	-0.235527	-0.437178	-0.590206	0.477408	-0.482302	-0.161407	-0.741935	-0.0446135	-0.649223	-0.366119	-0.662153	0.408121	-0.51083
-0.358474	-0.653575	0.35057	-0.566953	-0.345641	-0.604972	0.353294	-0.62428	-0.572499	0.166093	0.495401	-0.631851	0.162538	0.357122	0.292293	-0.87213	-0.302737	-0.362228	-0.292938	-0.831462	-0.640344	0.0442832	-0.425229	-0.638106	-0.677575	-0.215428	0.659193	-0.24484	-0.436886	-0.591399	0.476578	-0.481925	-0.158895	-0.74289	-0.0483883	-0.64848	-0.371564	-0.660435	0.408313	-0.508966
-0.35223	-0.658157	0.345168	-0.568878	-0.339692	-0.609658	0.348062	-0.625922	-0.567368	0.159715	0.496842	-0.636972	0.170161	0.353191	0.297309	-0.87058	-0.288136	-0.359023	-0.296834	-0.836642	-0.635047	0.0467763	-0.42461	-0.64361	-0.677341	-0.220053	0.656095	-0.249651	-0.436146	-0.594098	0.475622	-0.480216	-0.153477	-0.745122	-0.0554431	-0.646656	-0.373768	-0.659921	0.407502	-0.50867
-0.339337	-0.667463	0.334296	-0.572355	-0.327612	-0.618763	0.337097	-0.629419	-0.556735	0.146724	0.499636	-0.647212	0.185653	0.345114	0.307277	-0.867185	-0.273609	-0.356012	-0.301596	-0.841091	-0.624268	0.0519273	-0.423826	-0.65419	-0.675731	-0.230791	0.649259	-0.26189	-0.435171	-0.596037	0.475092	-0.479222	-0.143897	-0.74674	-0.0675122	-0.645845	-0.378869	-0.658865	0.406601	-0.506983
-0.326493	-0.677475	0.323512	-0.574255	-0.315305	-0.627788	0.326032	-0.632589	-0.551294	0.140198	0.501028	-0.652219	0.201765	0.336902	0.3176	-0.863086	-0.259062	-0.352905	-0.306087	-0.845373	-0.618965	0.0545866	-0.423213	-0.659389	-0.674501	-0.236652	0.645578	-0.268837	-0.433546	-0.59992	0.474793	-0.476136	-0.133092	-0.746732	-0.0832168	-0.646338	-0.382217	-0.659454	0.403932	-0.505836
-0.321064	-0.682553	0.31831	-0.574212	-0.309349	-0.632217	0.320288	-0.63405	-0.540099	0.127042	0.503565	-0.662251	0.209706	0.332649	0.32257	-0.860997	-0.259062	-0.352905	-0.306087	-0.845373	-0.6083	0.0611053	-0.422609	-0.669058	-0.673739	-0.243699	0.639705	-0.278323	-0.43307	-0.601506	0.475083	-0.474275	-0.133092	-0.746732	-0.0832168	-0.646338	-0.385382	-0.658794	0.404146	-0.50412
-0.310784	-0.69315	0.308361	-0.5726	-0.298154	-0.641005	0.308744	-0.636313	-0.528451	0.113739	0.505477	-0.67253	0.225415	0.323809	0.332198	-0.856726	-0.237546	-0.346845	-0.312397	-0.851867	-0.597127	0.0685938	-0.421539	-0.678998	-0.672813	-0.251099	0.63293	-0.289259	-0.431119	-0.605165	0.475211	-0.47126	-0.117608	-0.746277	-0.106988	-0.646368	-0.391372	-0.657093	0.404273	-0.501618
-0.303154	-0.704112	0.299181	-0.568168	-0.287224	-0.649927	0.296879	-0.637934	-0.515875	0.0987559	0.507491	-0.683061	0.241755	0.314054	0.342952	-0.85165	-0.221404	-0.342444	-0.317774	-0.855998	-0.58407	0.0776396	-0.420996	-0.689635	-0.674778	-0.251745	0.627678	-0.2955	-0.424452	-0.610974	0.472734	-0.472308	-0.114647	-0.745504	-0.114364	-0.646529	-0.39742	-0.654027	0.404724	-0.500504
-0.294966	-0.715035	0.288374	-0.564412	-0.275862	-0.65821	0.284328	-0.64017	-0.502015	0.0820822	0.509408	-0.69408	0.250325	0.308916	0.34879	-0.848678	-0.212432	-0.340203	-0.320985	-0.857965	-0.567609	0.0867776	-0.421309	-0.701989	-0.678902	-0.246051	0.624358	-0.297874	-0.407942	-0.625337	0.464184	-0.476519	-0.114456	-0.745319	-0.116941	-0.646316	-0.399292	-0.652816	0.40402	-0.501163
-0.290231	-0.720398	0.282401	-0.563065	-0.269926	-0.661906	0.277614	-0.641834	-0.494529	0.0739038	0.5104	-0.699622	0.268149	0.298449	0.359933	-0.842302	-0.20308	-0.337633	-0.324514	-0.859914	-0.558383	0.0912902	-0.42077	-0.709103	-0.679211	-0.24757	0.620782	-0.303333	-0.394317	-0.638533	0.461249	-0.473328	-0.112581	-0.744818	-0.122427	-0.646207	-0.40367	-0.649241	0.404173	-0.502176
-0.281214	-0.729112	0.268828	-0.563069	-0.256301	-0.669738	0.262974	-0.64545	-0.478776	0.0566979	0.511798	-0.711071	0.277716	0.29275	0.365615	-0.838747	-0.182594	-0.330697	-0.331978	-0.864343	-0.537716	0.100977	-0.418807	-0.724753	-0.676389	-0.257865	0.612441	-0.317678	-0.351247	-0.679314	0.454302	-0.456911	-0.110849	-0.744161	-0.125573	-0.64666	-0.404802	-0.647816	0.403621	-0.503547
-0.281214	-0.729112	0.268828	-0.563069	-0.256301	-0.669738	0.262974	-0.64545	-0.478776	0.0566979	0.511798	-0.711071	0.287331	0.286781	0.371207	-0.835107	-0.171456	-0.326838	-0.336143	-0.86648	-0.537716	0.100977	-0.418807	-0.724753	-0.676389	-0.257865	0.612441	-0.317678	-0.323274	-0.704942	0.446158	-0.446648	-0.107951	-0.743143	-0.129693	-0.647506	-0.405059	-0.64666	0.402622	-0.505622
-0.269819	-0.736781	0.251634	-0.566596	-0.241159	-0.677039	0.246699	-0.650077	-0.462938	0.0400905	0.51207	-0.722403	0.306324	0.274233	0.38162	-0.827845	-0.147989	-0.318548	-0.344242	-0.870703	-0.516205	0.111434	-0.416509	-0.740024	-0.67453	-0.265495	0.608882	-0.322155	-0.29441	-0.73047	0.43649	-0.434986	-0.0988541	-0.741046	-0.140064	-0.6492	-0.40346	-0.644746	0.399447	-0.511825
-0.264046	-0.740488	0.243402	-0.568078	-0.233224	-0.679857	0.238068	-0.653242	-0.454926	0.0323232	0.51198	-0.727924	0.306324	0.274233	0.38162	-0.827845	-0.147989	-0.318548	-0.344242	-0.870703	-0.505957	0.116934	-0.415184	-0.746965	-0.670889	-0.289421	0.597563	-0.330245	-0.269362	-0.753563	0.427598	-0.420412	-0.0988541	-0.741046	-0.140064	-0.6492	-0.40346	-0.644746	0.399447	-0.511825
-0.264046	-0.740488	0.243402	-0.568078	-0.233224	-0.679857	0.238068	-0.653242	-0.454926	0.0323232	0.51198	-0.727924	0.315681	0.268045	0.386239	-0.824207	-0.136049	-0.313757	-0.348488	-0.872699	-0.505957	0.116934	-0.415184	-0.746965	-0.670889	-0.289421	0.597563	-0.330245	-0.269362	-0.753563	0.427598	-0.420412	-0.0938192	-0.73986	-0.144672	-0.650288	-0.401645	-0.643964	0.397109	-0.516039
-0.24845	-0.750654	0.223	-0.570141	-0.208651	-0.686267	0.212501	-0.663586	-0.429782	0.0111106	0.511909	-0.743716	0.334058	0.256827	0.394383	-0.816644	-0.112279	-0.303203	-0.356538	-0.876551	-0.47694	0.13543	-0.409194	-0.765994	-0.664191	-0.336726	0.575938	-0.337284	-0.210463	-0.810766	0.394751	-0.377539	-0.0878402	-0.736676	-0.15	-0.653523	-0.397424	-0.642349	0.392569	-0.52472
-0.242912	-0.753511	0.217399	-0.570922	-0.200927	-0.687911	0.205102	-0.666589	-0.421216	0.00433135	0.512218	-0.748459	0.351139	0.247791	0.401456	-0.808786	-0.0896815	-0.292192	-0.363724	-0.879935	-0.467652	0.141592	-0.407001	-0.771754	-0.660177	-0.355383	0.568206	-0.339134	-0.193364	-0.826739	0.379048	-0.368016	-0.0871663	-0.732778	-0.156037	-0.656575	-0.392814	-0.641106	0.389595	-0.531879
-0.242912	-0.753511	0.217399	-0.570922	-0.200927	-0.687911	0.205102	-0.666589	-0.421216	0.00433135	0.512218	-0.748459	0.351139	0.247791	0.401456	-0.808786	-0.0896815	-0.292192	-0.363724	-0.879935	-0.467652	0.141592	-0.407001	-0.771754	-0.660177	-0.355383	0.568206	-0.339134	-0.193364	-0.826739	0.379048	-0.368016	-0.0871663	-0.732778	-0.156037	-0.656575	-0.392814	-0.641106	0.389595	-0.531879
-0.231606	-0.759178	0.207213	-0.5719	-0.186801	-0.69104	0.191972	-0.671353	-0.405354	-0.0079576	0.513078	-0.756556	0.35922	0.24392	0.404795	-0.804739	-0.0793978	-0.286646	-0.366973	-0.881397	-0.449784	0.153796	-0.40245	-0.782352	-0.650332	-0.394009	0.5513	-0.343357	-0.162823	-0.853273	0.344023	-0.356457	-0.0867813	-0.730389	-0.16091	-0.65811	-0.38966	-0.641019	0.387773	-0.535622
-0.225936	-0.761901	0.202657	-0.57218	-0.180383	-0.692228	0.186223	-0.673501	-0.398276	-0.0136408	0.513535	-0.759916	0.373797	0.236967	0.410936	-0.797028	-0.0614575	-0.276157	-0.37277	-0.883744	-0.441409	0.159694	-0.40018	-0.787091	-0.645886	-0.411535	0.543174	-0.344139	-0.150327	-0.863577	0.325655	-0.354381	-0.0848769	-0.723957	-0.173973	-0.662129	-0.383917	-0.640023	0.384361	-0.543365
-0.214713	-0.766813	0.194108	-0.572903	-0.168535	-0.694894	0.176718	-0.676379	-0.385957	-0.0245993	0.514394	-0.765396	0.380143	0.233542	0.414064	-0.793411	-0.0536288	-0.271306	-0.375291	-0.884689	-0.42591	0.169782	-0.396347	-0.795414	-0.639579	-0.441024	0.527499	-0.343774	-0.132418	-0.877291	0.28904	-0.359558	-0.0840809	-0.720584	-0.18102	-0.664019	-0.381104	-0.63911	0.382354	-0.547817
-0.209073	-0.769074	0.189614	-0.573463	-0.162852	-0.696453	0.17269	-0.677208	-0.380688	-0.0301496	0.514992	-0.767431	0.39028	0.22715	0.420843	-0.78675	-0.0394395	-0.263545	-0.379015	-0.886192	-0.418829	0.174012	-0.395071	-0.798887	-0.638376	-0.450196	0.522236	-0.342153	-0.127066	-0.881133	0.273868	-0.363945	-0.0838239	-0.712863	-0.194976	-0.668419	-0.375704	-0.636309	0.379055	-0.557023
-0.197996	-0.77287	0.181411	-0.574943	-0.151946	-0.699688	0.165869	-0.678113	-0.371162	-0.0408198	0.516563	-0.770542	0.398272	0.221476	0.428164	-0.780387	-0.0267157	-0.257858	-0.381979	-0.887067	-0.405936	0.181209	-0.392574	-0.805149	-0.631831	-0.467426	0.512839	-0.345398	-0.122236	-0.883783	0.252291	-0.374613	-0.0883882	-0.70322	-0.209489	-0.673634	-0.371398	-0.631899	0.378592	-0.565187
-0.187598	-0.774978	0.174277	-0.577792	-0.141835	-0.703196	0.16079	-0.677897	-0.361837	-0.0500706	0.518188	-0.773335	0.406642	0.216859	0.434308	-0.773945	-0.0150737	-0.252737	-0.383353	-0.888221	-0.394853	0.186768	-0.389749	-0.810743	-0.622534	-0.481225	0.506789	-0.352192	-0.116394	-0.880965	0.233353	-0.394841	-0.096061	-0.692424	-0.222441	-0.679589	-0.366302	-0.626664	0.377861	-0.574749
-0.17371	-0.775895	0.164399	-0.583768	-0.131845	-0.707097	0.155769	-0.677027	-0.352447	-0.0574602	0.52052	-0.775589	0.415196	0.213815	0.439569	-0.767251	-0.00464001	-0.248235	-0.383912	-0.889365	-0.384629	0.190929	-0.386049	-0.816439	-0.605283	-0.501982	0.501335	-0.360985	-0.100479	-0.879536	0.219273	-0.410171	-0.103432	-0.679232	-0.238599	-0.686307	-0.359828	-0.621362	0.376454	-0.585419
-0.165273	-0.774884	0.158496	-0.589168	-0.12191	-0.709826	0.149799	-0.677381	-0.3439	-0.0628276	0.522767	-0.777496	0.419457	0.212515	0.441872	-0.763965	0.000277295	-0.245846	-0.384243	-0.889897	-0.375465	0.194134	-0.382043	-0.821816	-0.5822	-0.529942	0.496242	-0.365991	-0.0845374	-0.875265	0.205578	-0.429537	-0.107662	-0.672928	-0.24699	-0.688893	-0.356349	-0.618478	0.375554	-0.591151
-0.153168	-0.771855	0.1505	-0.598438	-0.117287	-0.710167	0.14721	-0.678407	-0.339985	-0.0648141	0.523842	-0.778331	0.427709	0.210577	0.445177	-0.757984	0.010022	-0.241016	-0.38542	-0.890653	-0.371623	0.19568	-0.380025	-0.824128	-0.572598	-0.541192	0.494204	-0.367431	-0.0808462	-0.871929	0.20328	-0.438041	-0.12186	-0.6618	-0.254233	-0.694648	-0.350718	-0.611067	0.374764	-0.602616
-0.149275	-0.769521	0.148735	-0.602854	-0.110438	-0.709821	0.144695	-0.680456	-0.332431	-0.0667982	0.526516	-0.779621	0.431158	0.210525	0.446454	-0.755289	0.0150712	-0.238279	-0.385857	-0.891129	-0.365111	0.198651	-0.375316	-0.828474	-0.563534	-0.549554	0.495387	-0.367439	-0.0872343	-0.864164	0.210047	-0.448877	-0.12186	-0.6618	-0.254233	-0.694648	-0.347675	-0.607197	0.373648	-0.608951
-0.146192	-0.763247	0.147847	-0.611738	-0.108198	-0.708244	0.144488	-0.6825	-0.329081	-0.0665453	0.528038	-0.780034	0.436737	0.211758	0.447466	-0.751128	0.0236587	-0.232011	-0.388258	-0.891553	-0.365111	0.198651	-0.375316	-0.828474	-0.559044	-0.55216	0.497011	-0.368197	-0.0865655	-0.861483	0.211801	-0.453314	-0.137628	-0.648536	-0.257414	-0.702992	-0.338688	-0.600461	0.367127	-0.624464
-0.144759	-0.758604	0.146817	-0.61807	-0.105987	-0.703447	0.145547	-0.687565	-0.324229	-0.0631357	0.531509	-0.779992	0.439159	0.213396	0.446958	-0.749554	0.0257159	-0.229182	-0.389942	-0.891493	-0.356409	0.200781	-0.371676	-0.833377	-0.551813	-0.555339	0.500561	-0.369513	-0.0914912	-0.85603	0.21995	-0.458762	-0.140548	-0.64488	-0.2583	-0.705448	-0.333623	-0.597658	0.362853	-0.632328
-0.148422	-0.74363	0.148224	-0.634835	-0.106873	-0.694814	0.147259	-0.695792	-0.321339	-0.0544069	0.535099	-0.779391	0.444606	0.222442	0.44092	-0.747285	0.0254499	-0.217666	-0.394427	-0.892413	-0.354476	0.204388	-0.36745	-0.835196	-0.549083	-0.548602	0.50881	-0.372367	-0.0962749	-0.853445	0.230935	-0.4572	-0.146474	-0.632947	-0.259126	-0.714687	-0.316249	-0.592481	0.348324	-0.653929
-0.152036	-0.73841	0.151979	-0.63917	-0.108617	-0.689375	0.149368	-0.700467	-0.319802	-0.0483651	0.536487	-0.779467	0.446047	0.226708	0.436632	-0.747662	0.0234825	-0.212371	-0.39529	-0.893361	-0.35554	0.206917	-0.364633	-0.835356	-0.55048	-0.54129	0.513836	-0.374099	-0.106163	-0.851555	0.242584	-0.452478	-0.150593	-0.628048	-0.257805	-0.71862	-0.313068	-0.590184	0.346944	-0.658256
-0.154682	-0.733495	0.154782	-0.643507	-0.11036	-0.683633	0.150737	-0.70551	-0.317621	-0.0421332	0.537905	-0.779744	0.447716	0.23116	0.432184	-0.747885	0.0212227	-0.20637	-0.395731	-0.894627	-0.35554	0.206917	-0.364633	-0.835356	-0.553435	-0.532075	0.519701	-0.374854	-0.113343	-0.849479	0.25214	-0.449405	-0.156065	-0.622486	-0.258216	-0.722135	-0.313084	-0.587118	0.350267	-0.65923
-0.157813	-0.719098	0.155905	-0.658549	-0.112515	-0.670744	0.154811	-0.716572	-0.311078	-0.027569	0.542578	-0.779794	0.45315	0.24262	0.422355	-0.746597	0.0156219	-0.194728	-0.400994	-0.895009	-0.360626	0.21947	-0.356705	-0.833393	-0.552868	-0.511198	0.536008	-0.381718	-0.118532	-0.843451	0.269906	-0.449101	-0.176514	-0.607818	-0.259651	-0.72937	-0.318831	-0.571793	0.370589	-0.658835
-0.160067	-0.711986	0.15436	-0.666054	-0.112381	-0.667779	0.15732	-0.718813	-0.311078	-0.027569	0.542578	-0.779794	0.455305	0.24626	0.421555	-0.744543	0.0140321	-0.19333	-0.402717	-0.894565	-0.361562	0.221274	-0.357193	-0.8323	-0.547574	-0.507862	0.541141	-0.38653	-0.110251	-0.841984	0.26929	-0.454302	-0.181788	-0.603335	-0.258496	-0.732202	-0.318228	-0.56589	0.372243	-0.663275
-0.152661	-0.698705	0.140109	-0.684745	-0.107458	-0.660401	0.158248	-0.726142	-0.300805	-0.0245433	0.552829	-0.77672	0.461369	0.251876	0.423637	-0.737719	0.0145048	-0.192469	-0.408432	-0.892148	-0.364199	0.22235	-0.358495	-0.830302	-0.532268	-0.50584	0.548492	-0.399967	-0.092554	-0.83914	0.263755	-0.466596	-0.18467	-0.590606	-0.261575	-0.740716	-0.312438	-0.554336	0.358428	-0.683098
-0.152661	-0.698705	0.140109	-0.684745	-0.107458	-0.660401	0.158248	-0.726142	-0.300805	-0.0245433	0.552829	-0.77672	0.461369	0.251876	0.423637	-0.737719	0.0145048	-0.192469	-0.408432	-0.892148	-0.364199	0.22235	-0.358495	-0.830302	-0.532268	-0.50584	0.548492	-0.399967	-0.092554	-0.83914	0.263755	-0.466596	-0.18467	-0.590606	-0.261575	-0.740716	-0.312438	-0.554336	0.358428	-0.683098
-0.147252	-0.693857	0.135891	-0.691674	-0.103759	-0.659119	0.156887	-0.728136	-0.297639	-0.0257546	0.556388	-0.775358	0.464829	0.253155	0.426013	-0.73373	0.015749	-0.193444	-0.409802	-0.891288	-0.36612	0.221612	-0.358113	-0.829819	-0.522561	-0.505535	0.550695	-0.409998	-0.0741591	-0.836368	0.254884	-0.479607	-0.182275	-0.582078	-0.272742	-0.744024	-0.305186	-0.550043	0.340688	-0.698746
-0.132538	-0.682051	0.12009	-0.709097	-0.0893783	-0.661336	0.151868	-0.729097	-0.289097	-0.0371333	0.560548	-0.775132	0.473183	0.248372	0.436254	-0.723942	0.0193401	-0.200017	-0.404988	-0.891966	-0.366702	0.218223	-0.357978	-0.830518	-0.498045	-0.507021	0.555947	-0.431048	-0.059777	-0.831283	0.242925	-0.496369	-0.169509	-0.561567	-0.31999	-0.743987	-0.292476	-0.54982	0.295821	-0.724324
-0.121957	-0.687498	0.116766	-0.706285	-0.0855562	-0.657865	0.14768	-0.733542	-0.285066	-0.0358849	0.561852	-0.77574	0.477573	0.248219	0.436097	-0.721201	0.0245551	-0.19875	-0.405448	-0.891912	-0.369099	0.216454	-0.354907	-0.831237	-0.489386	-0.507268	0.55966	-0.435845	-0.0525476	-0.824005	0.233654	-0.513479	-0.172315	-0.56292	-0.330771	-0.737577	-0.283222	-0.586888	0.271235	-0.708364
-0.120801	-0.689245	0.116869	-0.704762	-0.0854485	-0.658163	0.147144	-0.733395	-0.283696	-0.0359342	0.561454	-0.776527	0.479829	0.247444	0.435466	-0.720351	0.0277033	-0.198959	-0.405101	-0.891931	-0.371794	0.215611	-0.354073	-0.830611	-0.487977	-0.506197	0.561493	-0.436313	-0.0541065	-0.814615	0.228524	-0.530332	-0.167342	-0.566746	-0.333037	-0.734766	-0.27457	-0.608667	0.250117	-0.701126
-0.1202	-0.691658	0.117485	-0.702394	-0.0877168	-0.661848	0.147065	-0.729819	-0.283287	-0.0367651	0.560289	-0.777479	0.480677	0.243807	0.43553	-0.720986	0.0303341	-0.200598	-0.401801	-0.892971	-0.373158	0.215462	-0.354386	-0.829904	-0.487652	-0.504297	0.564632	-0.434822	-0.055473	-0.809706	0.225974	-0.538734	-0.139948	-0.572615	-0.351628	-0.727244	-0.253857	-0.656041	0.212914	-0.678111
-0.117981	-0.697072	0.120582	-0.696873	-0.0917314	-0.666123	0.144953	-0.725847	-0.287333	-0.0393967	0.553409	-0.780786	0.477288	0.239126	0.43498	-0.725126	0.030336	-0.202456	-0.399087	-0.893768	-0.375341	0.215912	-0.354579	-0.828718	-0.488386	-0.503837	0.567108	-0.431297	-0.0615548	-0.798876	0.22307	-0.555201	-0.114362	-0.578695	-0.366602	-0.71947	-0.249036	-0.697502	0.206147	-0.639512
-0.119072	-0.698446	0.123539	-0.69479	-0.0935892	-0.66924	0.143659	-0.722995	-0.289254	-0.0403927	0.549991	-0.782439	0.475792	0.236116	0.434142	-0.727593	0.0303075	-0.204028	-0.39887	-0.893508	-0.375557	0.216159	-0.355887	-0.827995	-0.489259	-0.504345	0.567789	-0.42881	-0.0658695	-0.793029	0.222225	-0.563366	-0.107809	-0.584314	-0.363338	-0.717593	-0.242912	-0.717991	0.204105	-0.619535
-0.123534	-0.702638	0.131382	-0.688315	-0.0968254	-0.674427	0.141016	-0.718253	-0.29262	-0.0431254	0.543311	-0.785702	0.473484	0.229547	0.433177	-0.731764	0.031669	-0.209067	-0.401123	-0.891285	-0.374376	0.216344	-0.361169	-0.826193	-0.494013	-0.504068	0.569388	-0.421502	-0.0748954	-0.781264	0.220979	-0.578953	-0.0965199	-0.598751	-0.350645	-0.713603	-0.229707	-0.755477	0.201302	-0.579626
-0.126414	-0.708668	0.136888	-0.680493	-0.0997378	-0.678381	0.139064	-0.714502	-0.296037	-0.0468561	0.538924	-0.787228	0.470936	0.223696	0.434569	-0.73439	0.034881	-0.21723	-0.40441	-0.88772	-0.372304	0.213276	-0.369459	-0.824259	-0.497241	-0.502742	0.569822	-0.418694	-0.0795224	-0.772259	0.218423	-0.591256	-0.0749069	-0.611701	-0.34573	-0.707588	-0.216503	-0.781711	0.198519	-0.550132
-0.129698	-0.715302	0.13987	-0.672278	-0.101773	-0.682686	0.138524	-0.710206	-0.299447	-0.0527467	0.536555	-0.787183	0.467881	0.218624	0.438581	-0.735485	0.0382517	-0.227031	-0.405428	-0.884659	-0.370364	0.207697	-0.377329	-0.822992	-0.501751	-0.497261	0.571926	-0.416987	-0.0863316	-0.766502	0.219917	-0.597208	-0.0511854	-0.627581	-0.336273	-0.700316	-0.212915	-0.790111	0.195613	-0.540488
-0.130063	-0.719474	0.140193	-0.667672	-0.102522	-0.684876	0.138173	-0.708055	-0.300861	-0.0560424	0.535819	-0.786918	0.466312	0.216364	0.441291	-0.735528	0.0394938	-0.231337	-0.405053	-0.88366	-0.369605	0.203973	-0.380347	-0.822875	-0.502351	-0.495676	0.572574	-0.417263	-0.0893962	-0.763487	0.219027	-0.600935	-0.0404643	-0.63587	-0.330333	-0.696357	-0.213442	-0.787995	0.192795	-0.544368
-0.127147	-0.725266	0.136148	-0.662787	-0.102712	-0.689656	0.136462	-0.703707	-0.302554	-0.0628486	0.534757	-0.786477	0.464334	0.211936	0.446516	-0.734916	0.0404019	-0.235508	-0.403989	-0.883004	-0.367451	0.196822	-0.385	-0.823417	-0.501483	-0.495969	0.570281	-0.421081	-0.0918372	-0.762521	0.21895	-0.601821	-0.0205628	-0.648645	-0.318428	-0.69097	-0.21233	-0.775722	0.181935	-0.565748
-0.127147	-0.725266	0.136148	-0.662787	-0.102712	-0.689656	0.136462	-0.703707	-0.302554	-0.0628486	0.534757	-0.786477	0.464334	0.211936	0.446516	-0.734916	0.0412338	-0.239343	-0.403064	-0.882357	-0.367451	0.196822	-0.385	-0.823417	-0.501483	-0.495969	0.570281	-0.421081	-0.0918372	-0.762521	0.21895	-0.601821	-0.0205628	-0.648645	-0.318428	-0.69097	-0.21233	-0.775722	0.181935	-0.565748
-0.124758	-0.728055	0.13261	-0.660898	-0.101932	-0.692314	0.135117	-0.701466	-0.30284	-0.0661249	0.534266	-0.786432	0.464089	0.209587	0.448972	-0.734247	0.041914	-0.242851	-0.40242	-0.881661	-0.366015	0.193472	-0.387015	-0.823906	-0.499753	-0.49751	0.568102	-0.424254	-0.0915142	-0.762282	0.214169	-0.60389	-0.0134098	-0.656054	-0.313199	-0.686527	-0.214105	-0.765407	0.176801	-0.580562
-0.121257	-0.734613	0.126938	-0.655383	-0.100164	-0.697208	0.132879	-0.697288	-0.302285	-0.0728064	0.533192	-0.786784	0.464172	0.205142	0.453504	-0.732663	0.0424995	-0.245875	-0.401607	-0.881165	-0.363172	0.187626	-0.390296	-0.824967	-0.496318	-0.498944	0.56556	-0.42996	-0.0921092	-0.762692	0.212744	-0.603785	-0.00886339	-0.664119	-0.30889	-0.680775	-0.208751	-0.755763	0.166225	-0.598009
-0.121257	-0.734613	0.126938	-0.655383	-0.100164	-0.697208	0.132879	-0.697288	-0.302285	-0.0728064	0.533192	-0.786784	0.464172	0.205142	0.453504	-0.732663	0.0432848	-0.248883	-0.400661	-0.880712	-0.363172	0.187626	-0.390296	-0.824967	-0.496318	-0.498944	0.56556	-0.42996	-0.0921092	-0.762692	0.212744	-0.603785	-0.00886339	-0.664119	-0.30889	-0.680775	-0.208751	-0.755763	0.166225	-0.598009
-0.123204	-0.739445	0.126088	-0.649726	-0.0981826	-0.70397	0.131566	-0.690997	-0.30061	-0.0818133	0.531182	-0.7879	0.463902	0.199533	0.459015	-0.730949	0.0448059	-0.253642	-0.398189	-0.8804	-0.360171	0.18442	-0.39249	-0.825965	-0.492808	-0.496689	0.565702	-0.436372	-0.0944276	-0.764218	0.212924	-0.60143	-0.00865743	-0.66411	-0.309875	-0.680339	-0.209039	-0.748741	0.160563	-0.608201
-0.128183	-0.7442	0.126294	-0.643262	-0.0991378	-0.7067	0.131439	-0.688092	-0.29982	-0.0860416	0.529667	-0.788769	0.462426	0.197259	0.460944	-0.731288	0.0456424	-0.254142	-0.396669	-0.880899	-0.359867	0.183644	-0.392559	-0.826237	-0.498848	-0.485612	0.569991	-0.436397	-0.0963084	-0.766316	0.214177	-0.598008	0.0171869	-0.666134	-0.325703	-0.670737	-0.206464	-0.743946	0.151426	-0.617241
-0.131941	-0.747627	0.127188	-0.638333	-0.100963	-0.706648	0.13221	-0.687733	-0.300605	-0.0870716	0.52911	-0.788732	0.461148	0.197029	0.461316	-0.731922	0.0454592	-0.254486	-0.395349	-0.881402	-0.360158	0.183305	-0.392174	-0.826368	-0.502285	-0.479551	0.571643	-0.436995	-0.0942647	-0.76717	0.212886	-0.597699	0.0203382	-0.668058	-0.326035	-0.66857	-0.207397	-0.741406	0.148894	-0.620591
-0.137608	-0.75094	0.128957	-0.632869	-0.103556	-0.70685	0.133533	-0.686883	-0.302315	-0.088111	0.528654	-0.788268	0.459557	0.196501	0.462118	-0.732559	0.0446658	-0.25481	-0.39381	-0.882038	-0.360252	0.182772	-0.391817	-0.826615	-0.50426	-0.473986	0.572941	-0.439087	-0.0903301	-0.769342	0.210683	-0.596293	0.0151461	-0.670749	-0.320008	-0.668925	-0.209319	-0.738386	0.147581	-0.623852
-0.15151	-0.756876	0.134017	-0.621469	-0.114141	-0.709002	0.138022	-0.682083	-0.310567	-0.0922455	0.525678	-0.786576	0.451987	0.192403	0.465464	-0.736228	0.041074	-0.255372	-0.390588	-0.883481	-0.358267	0.180657	-0.390953	-0.82835	-0.517011	-0.455735	0.575241	-0.440571	-0.0879025	-0.781079	0.212536	-0.580532	0.0123473	-0.676235	-0.308985	-0.668642	-0.219969	-0.72872	0.149948	-0.630949
-0.156159	-0.757941	0.133618	-0.619101	-0.120262	-0.710693	0.138471	-0.679175	-0.317109	-0.0935479	0.521319	-0.786713	0.446763	0.187683	0.465747	-0.740444	0.0355935	-0.255499	-0.387955	-0.884842	-0.356825	0.180719	-0.390874	-0.828996	-0.530954	-0.453873	0.569322	-0.433544	-0.103962	-0.793164	0.227387	-0.555318	0.0112708	-0.679115	-0.30458	-0.667762	-0.219594	-0.724323	0.145787	-0.637088
-0.163143	-0.758932	0.13435	-0.615919	-0.125432	-0.710512	0.138145	-0.678495	-0.323659	-0.0930402	0.516332	-0.787394	0.442195	0.182703	0.464439	-0.745238	0.0313404	-0.256215	-0.39007	-0.883865	-0.352132	0.181504	-0.396968	-0.827935	-0.548832	-0.455531	0.559348	-0.42238	-0.107961	-0.810865	0.231572	-0.526513	0.0112708	-0.679115	-0.30458	-0.667762	-0.212496	-0.722816	0.138652	-0.642774
-0.166295	-0.75989	0.13436	-0.61389	-0.127841	-0.709969	0.137769	-0.67869	-0.326308	-0.0920626	0.514126	-0.78786	0.440394	0.18112	0.463134	-0.7475	0.0283591	-0.25734	-0.393219	-0.882242	-0.351133	0.182492	-0.399025	-0.827153	-0.555545	-0.460512	0.552261	-0.417499	-0.109311	-0.819673	0.233354	-0.511599	0.0146989	-0.682255	-0.301494	-0.665893	-0.210696	-0.721814	0.137013	-0.64484
-0.171831	-0.762387	0.134727	-0.609171	-0.131852	-0.708557	0.136163	-0.679722	-0.329522	-0.0897446	0.511239	-0.788667	0.438332	0.179686	0.460551	-0.750647	0.0269174	-0.257299	-0.396322	-0.880909	-0.349865	0.185037	-0.401888	-0.825737	-0.568914	-0.470334	0.538615	-0.406222	-0.119604	-0.83352	0.242766	-0.481668	0.0165558	-0.683807	-0.298364	-0.665667	-0.21297	-0.717906	0.139844	-0.647841
-0.171831	-0.762387	0.134727	-0.609171	-0.133541	-0.707971	0.135514	-0.680132	-0.330366	-0.0893918	0.510075	-0.789108	0.438332	0.179686	0.460551	-0.750647	0.0269174	-0.257299	-0.396322	-0.880909	-0.349144	0.186252	-0.402762	-0.825343	-0.576851	-0.473637	0.532034	-0.399812	-0.125445	-0.838742	0.246896	-0.468848	0.0165558	-0.683807	-0.298364	-0.665667	-0.21297	-0.717906	0.139844	-0.647841
-0.178888	-0.767419	0.134602	-0.600791	-0.135499	-0.707609	0.134298	-0.680362	-0.331204	-0.089724	0.50825	-0.789896	0.436718	0.177357	0.459179	-0.752978	0.0268425	-0.256519	-0.398951	-0.879952	-0.347679	0.188093	-0.403421	-0.825222	-0.59037	-0.48007	0.520479	-0.387426	-0.137375	-0.845252	0.251082	-0.451259	0.0123606	-0.685303	-0.293333	-0.666455	-0.220947	-0.710786	0.149704	-0.65081
-0.180621	-0.76873	0.134537	-0.598606	-0.135925	-0.707405	0.133821	-0.680584	-0.331305	-0.0902981	0.507612	-0.790199	0.43636	0.176514	0.459293	-0.753314	0.0268425	-0.256519	-0.398951	-0.879952	-0.346774	0.188889	-0.403454	-0.825405	-0.595284	-0.484014	0.514484	-0.38298	-0.150577	-0.845881	0.257817	-0.441974	0.00489922	-0.683219	-0.289247	-0.670465	-0.226592	-0.704165	0.158116	-0.654069
-0.181809	-0.770085	0.134592	-0.59649	-0.136019	-0.707325	0.133524	-0.680706	-0.331178	-0.0912188	0.507128	-0.790456	0.43636	0.176514	0.459293	-0.753314	0.0268425	-0.256519	-0.398951	-0.879952	-0.345638	0.189635	-0.403116	-0.825876	-0.602163	-0.484427	0.51003	-0.377624	-0.165023	-0.845757	0.264787	-0.432841	0.00489922	-0.683219	-0.289247	-0.670465	-0.226592	-0.704165	0.158116	-0.654069
-0.183095	-0.771212	0.134853	-0.594578	-0.135712	-0.707419	0.133329	-0.680709	-0.330996	-0.0920855	0.507034	-0.790493	0.435879	0.175242	0.460188	-0.753344	0.0284078	-0.254839	-0.399074	-0.880335	-0.344384	0.19026	-0.402649	-0.826483	-0.609068	-0.483041	0.507353	-0.371888	-0.172678	-0.846728	0.266805	-0.426672	-0.00265295	-0.679632	-0.286453	-0.675305	-0.232609	-0.697294	0.166607	-0.657204
-0.184597	-0.772343	0.135844	-0.592416	-0.134725	-0.707543	0.133889	-0.680666	-0.330093	-0.0933681	0.507762	-0.790252	0.435752	0.175093	0.460778	-0.753091	0.0284078	-0.254839	-0.399074	-0.880335	-0.343152	0.190655	-0.402139	-0.827153	-0.615333	-0.486555	0.500316	-0.366489	-0.178432	-0.847374	0.266714	-0.423064	-0.0056101	-0.677324	-0.286392	-0.677628	-0.233396	-0.694268	0.168692	-0.659591
-0.185013	-0.772546	0.137045	-0.591744	-0.134183	-0.707534	0.134681	-0.680626	-0.32936	-0.0939208	0.508258	-0.790174	0.436333	0.175515	0.4617	-0.752091	0.031121	-0.251982	-0.397996	-0.881553	-0.340553	0.19212	-0.40035	-0.828754	-0.618067	-0.486619	0.498684	-0.364019	-0.197105	-0.844121	0.270874	-0.418613	-0.0132341	-0.671875	-0.285154	-0.683444	-0.234198	-0.687631	0.17175	-0.665444
-0.185013	-0.772546	0.137045	-0.591744	-0.134183	-0.707534	0.134681	-0.680626	-0.32936	-0.0939208	0.508258	-0.790174	0.436333	0.175515	0.4617	-0.752091	0.031121	-0.251982	-0.397996	-0.881553	-0.340553	0.19212	-0.40035	-0.828754	-0.618067	-0.486619	0.498684	-0.364019	-0.197105	-0.844121	0.270874	-0.418613	-0.0132341	-0.671875	-0.285154	-0.683444	-0.234198	-0.687631	0.17175	-0.665444
-0.183598	-0.772703	0.13926	-0.591463	-0.132455	-0.707843	0.136266	-0.680327	-0.327771	-0.0949808	0.509802	-0.789713	0.437324	0.176297	0.462941	-0.750568	0.0330457	-0.249191	-0.396823	-0.882804	-0.338124	0.193694	-0.398	-0.830512	-0.617973	-0.490099	0.496771	-0.36212	-0.19479	-0.843611	0.260824	-0.427023	-0.020649	-0.66544	-0.28428	-0.689889	-0.234523	-0.679603	0.174822	-0.672737
-0.17474	-0.772814	0.137216	-0.594471	-0.129348	-0.708143	0.137704	-0.680324	-0.326099	-0.0953845	0.511626	-0.789177	0.438779	0.177265	0.464056	-0.748801	0.034175	-0.24678	-0.395626	-0.883975	-0.33543	0.194756	-0.395744	-0.832432	-0.604055	-0.507564	0.493883	-0.365481	-0.17479	-0.845217	0.243278	-0.442575	-0.0277948	-0.65751	-0.285701	-0.696623	-0.232302	-0.671074	0.175868	-0.681737
-0.169609	-0.772241	0.135485	-0.597093	-0.127418	-0.708743	0.138645	-0.679871	-0.325419	-0.0952573	0.51263	-0.788821	0.439495	0.177927	0.46463	-0.747867	0.0343198	-0.245963	-0.394714	-0.884605	-0.334212	0.195238	-0.394803	-0.833256	-0.596678	-0.516341	0.492763	-0.366813	-0.166976	-0.845105	0.23769	-0.448798	-0.0302706	-0.653285	-0.28768	-0.699673	-0.229616	-0.666598	0.174663	-0.687325
-0.163583	-0.770317	0.1344	-0.601489	-0.124129	-0.708089	0.140348	-0.680812	-0.32382	-0.0932673	0.515484	-0.787857	0.441279	0.180761	0.464742	-0.746065	0.033633	-0.243083	-0.393109	-0.88614	-0.33343	0.195946	-0.391975	-0.834737	-0.587132	-0.525893	0.493827	-0.367217	-0.158592	-0.842556	0.23393	-0.458502	-0.0339443	-0.644842	-0.291144	-0.705877	-0.224473	-0.6566	0.172571	-0.699076
-0.161177	-0.769093	0.134538	-0.603669	-0.122843	-0.70698	0.141147	-0.682031	-0.322443	-0.09171	0.517131	-0.787525	0.442662	0.182894	0.464146	-0.745097	0.0330648	-0.241058	-0.392271	-0.887086	-0.333711	0.196127	-0.389798	-0.835601	-0.582374	-0.530035	0.494825	-0.367494	-0.154575	-0.841135	0.232797	-0.463038	-0.0369431	-0.640907	-0.291596	-0.709116	-0.22246	-0.651461	0.17255	-0.704511
-0.15813	-0.76745	0.134241	-0.606625	-0.121697	-0.705943	0.14206	-0.68312	-0.320736	-0.0899958	0.518729	-0.787369	0.442662	0.182894	0.464146	-0.745097	0.0330648	-0.241058	-0.392271	-0.887086	-0.334007	0.1964	-0.387539	-0.836469	-0.577408	-0.534229	0.495671	-0.368116	-0.150552	-0.83964	0.231825	-0.467542	-0.0369431	-0.640907	-0.291596	-0.709116	-0.22246	-0.651461	0.17255	-0.704511
-0.155026	-0.765519	0.133917	-0.609929	-0.120602	-0.705059	0.142957	-0.68404	-0.318932	-0.0881465	0.520302	-0.787273	0.446084	0.187394	0.462301	-0.743082	0.0321085	-0.239117	-0.39131	-0.88807	-0.334316	0.196664	-0.385276	-0.837328	-0.573671	-0.536804	0.497112	-0.36827	-0.150313	-0.837417	0.233633	-0.470696	-0.0475752	-0.633938	-0.289958	-0.71539	-0.220096	-0.646693	0.172136	-0.709729
-0.152722	-0.763588	0.134097	-0.612885	-0.119512	-0.704225	0.143577	-0.68496	-0.317356	-0.0861943	0.52187	-0.787088	0.447733	0.189647	0.461343	-0.742113	0.0300331	-0.235709	-0.389036	-0.890051	-0.33494	0.19663	-0.382997	-0.838132	-0.57186	-0.536717	0.499543	-0.367924	-0.151601	-0.834825	0.236782	-0.473305	-0.0532192	-0.630356	-0.288948	-0.71856	-0.216688	-0.637157	0.173087	-0.719109
-0.147561	-0.759914	0.132697	-0.618989	-0.117241	-0.702517	0.144784	-0.68685	-0.314677	-0.0819766	0.525189	-0.786406	0.450449	0.194331	0.459452	-0.740429	0.0282618	-0.233563	-0.387693	-0.891259	-0.335477	0.195726	-0.379446	-0.839742	-0.569352	-0.536008	0.504017	-0.366743	-0.159054	-0.828309	0.244992	-0.478105	-0.0622264	-0.62316	-0.289227	-0.72398	-0.212381	-0.628613	0.172773	-0.727935
-0.141951	-0.75585	0.129487	-0.625918	-0.114915	-0.700342	0.14676	-0.689041	-0.312906	-0.0767493	0.529073	-0.785035	0.452177	0.20005	0.457446	-0.739094	0.0270006	-0.232979	-0.386142	-0.892124	-0.33603	0.193555	-0.377539	-0.840883	-0.563089	-0.537303	0.509082	-0.367522	-0.159654	-0.82299	0.249601	-0.484661	-0.0678285	-0.617576	-0.294933	-0.725957	-0.20676	-0.621343	0.170378	-0.736312
-0.140601	-0.753832	0.129133	-0.628723	-0.113338	-0.699481	0.150751	-0.689314	-0.312052	-0.0738578	0.531449	-0.784047	0.45323	0.203466	0.456311	-0.738217	0.0265638	-0.232542	-0.384473	-0.892972	-0.337608	0.19184	-0.373796	-0.842315	-0.560566	-0.535737	0.512627	-0.368735	-0.161652	-0.817813	0.257832	-0.48844	-0.0696063	-0.614433	-0.298493	-0.727	-0.20435	-0.618017	0.169089	-0.740071
-0.135758	-0.74449	0.12698	-0.641234	-0.110935	-0.699878	0.154469	-0.688479	-0.309811	-0.0676154	0.538969	-0.780357	0.456507	0.21272	0.455629	-0.733999	0.0259404	-0.231055	-0.381035	-0.894848	-0.338972	0.190912	-0.370401	-0.843477	-0.550205	-0.535899	0.520778	-0.372663	-0.15585	-0.815461	0.259629	-0.493282	-0.0771997	-0.607643	-0.30489	-0.729282	-0.20064	-0.610258	0.168278	-0.74767
-0.135171	-0.740873	0.127459	-0.645438	-0.109768	-0.698689	0.156512	-0.689412	-0.309575	-0.0658585	0.540965	-0.779219	0.457048	0.21479	0.455775	-0.732968	0.0264485	-0.230118	-0.379103	-0.895894	-0.339656	0.190202	-0.369189	-0.843893	-0.54778	-0.534212	0.523418	-0.374952	-0.15549	-0.814519	0.262905	-0.493216	-0.0796666	-0.605731	-0.306449	-0.729953	-0.199665	-0.608665	0.168079	-0.749274
-0.135119	-0.737872	0.128082	-0.648755	-0.109066	-0.696552	0.159027	-0.691108	-0.309272	-0.063536	0.542785	-0.778266	0.457485	0.217216	0.45524	-0.732312	0.0265519	-0.229188	-0.378469	-0.896398	-0.340733	0.18939	-0.367802	-0.844247	-0.547014	-0.531588	0.526131	-0.376001	-0.156424	-0.813374	0.26666	-0.492794	-0.0798778	-0.603638	-0.308102	-0.730967	-0.198772	-0.607229	0.167796	-0.750738
-0.136272	-0.731325	0.129488	-0.655611	-0.108487	-0.691797	0.163643	-0.694887	-0.308629	-0.0576707	0.546463	-0.776402	0.458389	0.222848	0.452925	-0.731489	0.0263083	-0.226572	-0.377155	-0.897623	-0.343239	0.188669	-0.364478	-0.844836	-0.543181	-0.5301	0.529359	-0.379114	-0.151564	-0.813962	0.267538	-0.492866	-0.0791439	-0.602392	-0.309575	-0.731453	-0.195629	-0.605737	0.164462	-0.753501
-0.138215	-0.727692	0.131494	-0.65884	-0.109295	-0.688718	0.165972	-0.697263	-0.308075	-0.0541137	0.548005	-0.775791	0.459087	0.225882	0.450993	-0.731315	0.0262118	-0.225152	-0.376893	-0.898093	-0.344747	0.188906	-0.36322	-0.84471	-0.543167	-0.527199	0.531262	-0.380515	-0.151265	-0.814366	0.269722	-0.491097	-0.0788618	-0.602004	-0.309382	-0.731885	-0.193871	-0.605859	0.162747	-0.754229
-0.142243	-0.722423	0.135401	-0.662977	-0.111692	-0.683269	0.16977	-0.701318	-0.307673	-0.0459226	0.550431	-0.774761	0.459881	0.232406	0.445595	-0.732081	0.0253287	-0.221759	-0.378301	-0.898371	-0.348491	0.190281	-0.36148	-0.843611	-0.544194	-0.522544	0.534219	-0.381328	-0.150932	-0.814671	0.272537	-0.489136	-0.0780814	-0.601507	-0.3074	-0.733211	-0.190041	-0.6063	0.158558	-0.755741
-0.143941	-0.720255	0.137017	-0.664636	-0.112984	-0.680867	0.170603	-0.703242	-0.307677	-0.0428415	0.550668	-0.774767	0.459823	0.234414	0.443371	-0.732827	0.024197	-0.220652	-0.379333	-0.898239	-0.350133	0.191524	-0.361691	-0.842558	-0.544886	-0.520714	0.535476	-0.381079	-0.151242	-0.814592	0.273785	-0.488475	-0.0779298	-0.60233	-0.306339	-0.732995	-0.188903	-0.606423	0.157316	-0.756187
-0.14869	-0.716838	0.141123	-0.666422	-0.11571	-0.676999	0.171359	-0.706343	-0.308051	-0.0372796	0.549828	-0.775502	0.459578	0.23679	0.43862	-0.735072	0.0215251	-0.219516	-0.382601	-0.897199	-0.352728	0.194785	-0.363621	-0.839894	-0.547643	-0.515365	0.538372	-0.380318	-0.153097	-0.814141	0.277125	-0.486762	-0.0780764	-0.603994	-0.304158	-0.732519	-0.188339	-0.606749	0.157291	-0.756071
-0.153731	-0.714764	0.144387	-0.666807	-0.119325	-0.673363	0.171777	-0.70911	-0.308006	-0.0345169	0.549039	-0.776207	0.459811	0.238546	0.433252	-0.737538	0.0179646	-0.217996	-0.385474	-0.896418	-0.354129	0.196651	-0.364481	-0.838496	-0.549993	-0.511965	0.539987	-0.379227	-0.153635	-0.81403	0.278026	-0.486265	-0.0786206	-0.605708	-0.300437	-0.732581	-0.187584	-0.607267	0.157016	-0.755901
-0.153731	-0.714764	0.144387	-0.666807	-0.121134	-0.671813	0.171495	-0.71034	-0.308006	-0.0345169	0.549039	-0.776207	0.459811	0.238546	0.433252	-0.737538	0.0179646	-0.217996	-0.385474	-0.896418	-0.357159	0.200081	-0.365864	-0.835792	-0.549993	-0.511965	0.539987	-0.379227	-0.15408	-0.814203	0.278831	-0.485373	-0.0786206	-0.605708	-0.300437	-0.732581	-0.187584	-0.607267	0.157016	-0.755901
-0.156163	-0.714018	0.145694	-0.666757	-0.121134	-0.671813	0.171495	-0.71034	-0.307735	-0.0294285	0.547207	-0.777816	0.460192	0.239236	0.430643	-0.738604	0.0159586	-0.217161	-0.386819	-0.896079	-0.357159	0.200081	-0.365864	-0.835792	-0.550874	-0.510748	0.540584	-0.378739	-0.15408	-0.814203	0.278831	-0.485373	-0.0785608	-0.606238	-0.29885	-0.732798	-0.186451	-0.607744	0.156082	-0.755991
-0.158313	-0.71356	0.146772	-0.666504	-0.122872	-0.670262	0.171186	-0.711581	-0.307787	-0.0272611	0.546402	-0.77844	0.460496	0.239631	0.428448	-0.739563	0.0139505	-0.216541	-0.387986	-0.895758	-0.358419	0.201589	-0.366569	-0.83458	-0.55186	-0.509565	0.541145	-0.378095	-0.154874	-0.814112	0.279752	-0.484742	-0.0777032	-0.606646	-0.298277	-0.732785	-0.186033	-0.608199	0.15597	-0.755751
-0.159913	-0.713372	0.14736	-0.666193	-0.124481	-0.668846	0.170951	-0.712689	-0.307961	-0.0255849	0.545572	-0.77901	0.460733	0.23974	0.426669	-0.740407	0.0120201	-0.216011	-0.388835	-0.895546	-0.35964	0.202831	-0.367059	-0.833538	-0.552969	-0.508549	0.541518	-0.377309	-0.155218	-0.814072	0.280257	-0.484407	-0.0772594	-0.607195	-0.297812	-0.732567	-0.185431	-0.608752	0.155724	-0.755504
-0.159913	-0.713372	0.14736	-0.666193	-0.125857	-0.667755	0.170597	-0.713554	-0.307961	-0.0255849	0.545572	-0.77901	0.460733	0.23974	0.426669	-0.740407	0.0120201	-0.216011	-0.388835	-0.895546	-0.360853	0.203651	-0.367397	-0.832665	-0.552969	-0.508549	0.541518	-0.377309	-0.155614	-0.814089	0.280582	-0.484063	-0.0772594	-0.607195	-0.297812	-0.732567	-0.185431	-0.608752	0.155724	-0.755504
-0.159913	-0.713372	0.14736	-0.666193	-0.127096	-0.666663	0.170136	-0.714466	-0.307961	-0.0255849	0.545572	-0.77901	0.460733	0.23974	0.426669	-0.740407	0.00879968	-0.215078	-0.390362	-0.895143	-0.362096	0.204299	-0.367645	-0.831856	-0.552969	-0.508549	0.541518	-0.377309	-0.156198	-0.814157	0.281008	-0.483513	-0.0769445	-0.608738	-0.295395	-0.732297	-0.184668	-0.609238	0.155133	-0.755421
-0.166407	-0.712587	0.15075	-0.664682	-0.128149	-0.665504	0.169483	-0.715512	-0.307961	-0.0255849	0.545572	-0.77901	0.460779	0.239728	0.423402	-0.742256	0.00766681	-0.214822	-0.391029	-0.894924	-0.363921	0.205675	-0.368725	-0.830242	-0.552969	-0.508549	0.541518	-0.377309	-0.156454	-0.814587	0.281112	-0.482645	-0.0768798	-0.609181	-0.293924	-0.732528	-0.185196	-0.609617	0.156527	-0.754698
-0.168406	-0.712391	0.151762	-0.664158	-0.129186	-0.664405	0.16876	-0.716518	-0.308819	-0.0215951	0.543434	-0.780285	0.460728	0.23991	0.422638	-0.742664	0.00677597	-0.214707	-0.391723	-0.894655	-0.363921	0.205675	-0.368725	-0.830242	-0.555743	-0.507334	0.541292	-0.375186	-0.156454	-0.814587	0.281112	-0.482645	-0.0771118	-0.609793	-0.292874	-0.732415	-0.186214	-0.60977	0.158166	-0.753982
-0.169482	-0.712333	0.151804	-0.663938	-0.130089	-0.66335	0.16804	-0.7175	-0.308742	-0.0209536	0.543294	-0.78043	0.46082	0.240185	0.422	-0.742881	0.0060201	-0.214656	-0.392544	-0.894313	-0.364376	0.206322	-0.369296	-0.829628	-0.556432	-0.507497	0.540938	-0.374454	-0.157389	-0.814551	0.28149	-0.482181	-0.0770658	-0.610395	-0.292499	-0.732068	-0.186981	-0.61004	0.159442	-0.753305
-0.170634	-0.712412	0.151958	-0.663522	-0.130762	-0.662297	0.167068	-0.718576	-0.30854	-0.0203883	0.543264	-0.780546	0.461196	0.240471	0.421375	-0.74291	0.0054267	-0.214777	-0.393598	-0.893824	-0.364582	0.206776	-0.370162	-0.829038	-0.556982	-0.507777	0.540625	-0.373709	-0.157856	-0.814654	0.281435	-0.481886	-0.0771722	-0.610953	-0.2919	-0.731831	-0.188003	-0.610124	0.160919	-0.752667
-0.173193	-0.713113	0.152707	-0.661933	-0.132403	-0.660311	0.165921	-0.720368	-0.308652	-0.0197088	0.542986	-0.780712	0.46153	0.240729	0.42051	-0.743109	0.00495652	-0.214793	-0.394821	-0.893284	-0.364535	0.207357	-0.371877	-0.828145	-0.557437	-0.508367	0.540062	-0.373041	-0.15752	-0.815117	0.280768	-0.481602	-0.0766769	-0.611992	-0.290769	-0.731464	-0.188562	-0.610374	0.162173	-0.752055
-0.173711	-0.713662	0.152488	-0.661255	-0.132976	-0.65976	0.165248	-0.720921	-0.308815	-0.0195129	0.542778	-0.780797	0.461318	0.24078	0.420256	-0.743368	0.00442459	-0.215102	-0.396267	-0.892572	-0.364494	0.207789	-0.372468	-0.82779	-0.557319	-0.508998	0.539624	-0.372992	-0.157224	-0.815314	0.280367	-0.481599	-0.0762186	-0.612334	-0.290695	-0.731255	-0.187975	-0.610729	0.16163	-0.752031
-0.174076	-0.714136	0.152176	-0.660719	-0.133499	-0.659372	0.164509	-0.721349	-0.309046	-0.0193875	0.542472	-0.780922	0.461133	0.240786	0.41992	-0.74367	0.00423489	-0.215006	-0.396788	-0.892364	-0.364434	0.208168	-0.372881	-0.827535	-0.557463	-0.509471	0.539362	-0.372509	-0.156973	-0.815425	0.279915	-0.481757	-0.0759262	-0.612698	-0.29062	-0.731011	-0.187823	-0.610976	0.161677	-0.751859
-0.17429	-0.714548	0.151732	-0.660319	-0.13374	-0.659585	0.16363	-0.721309	-0.309322	-0.0193857	0.541988	-0.781148	0.461009	0.240609	0.419543	-0.744017	0.00423489	-0.215006	-0.396788	-0.892364	-0.364374	0.208655	-0.373064	-0.827356	-0.557597	-0.509983	0.539067	-0.372036	-0.156976	-0.815454	0.279572	-0.481905	-0.0759262	-0.612698	-0.29062	-0.731011	-0.188055	-0.611087	0.162159	-0.751607
-0.174341	-0.714986	0.151426	-0.659902	-0.133737	-0.659878	0.162705	-0.721251	-0.309532	-0.0194097	0.541524	-0.781386	0.460984	0.240241	0.419279	-0.744301	0.00459703	-0.214717	-0.397514	-0.892109	-0.364228	0.209031	-0.373216	-0.827257	-0.557806	-0.510327	0.538748	-0.371712	-0.157347	-0.815427	0.279368	-0.481948	-0.0751352	-0.613406	-0.290211	-0.730661	-0.188386	-0.611156	0.1628	-0.751329
-0.174341	-0.714986	0.151426	-0.659902	-0.133737	-0.659878	0.162705	-0.721251	-0.309532	-0.0194097	0.541524	-0.781386	0.460984	0.240241	0.419279	-0.744301	0.00459703	-0.214717	-0.397514	-0.892109	-0.364228	0.209031	-0.373216	-0.827257	-0.557806	-0.510327	0.538748	-0.371712	-0.157347	-0.815427	0.279368	-0.481948	-0.0751352	-0.613406	-0.290211	-0.730661	-0.188386	-0.611156	0.1628	-0.751329
-0.174216	-0.715994	0.150887	-0.658965	-0.133337	-0.661093	0.161765	-0.720423	-0.309697	-0.0200978	0.540806	-0.781801	0.461081	0.239178	0.419403	-0.744513	0.00512512	-0.214753	-0.39755	-0.892081	-0.363284	0.209199	-0.373191	-0.827641	-0.558976	-0.510428	0.538155	-0.370674	-0.158524	-0.81521	0.278917	-0.482191	-0.0751023	-0.613965	-0.290039	-0.730263	-0.189025	-0.611436	0.163941	-0.750692
-0.174291	-0.716515	0.150967	-0.65836	-0.133062	-0.66147	0.161611	-0.720162	-0.309552	-0.0207512	0.540698	-0.781916	0.46108	0.238686	0.419898	-0.744392	0.00649088	-0.21483	-0.397238	-0.892193	-0.362078	0.208306	-0.373027	-0.828468	-0.559507	-0.510572	0.537922	-0.370011	-0.160159	-0.814723	0.278559	-0.48268	-0.076052	-0.614853	-0.288616	-0.729981	-0.189589	-0.611448	0.164731	-0.750367
-0.174321	-0.71749	0.151386	-0.657193	-0.132448	-0.662414	0.161196	-0.719501	-0.309337	-0.0221184	0.540933	-0.781801	0.461181	0.23817	0.420991	-0.743877	0.00775619	-0.214849	-0.397124	-0.892229	-0.36145	0.208118	-0.373076	-0.828767	-0.56087	-0.510713	0.537484	-0.368386	-0.160984	-0.814436	0.27843	-0.482964	-0.0763033	-0.616064	-0.287308	-0.72945	-0.189969	-0.61175	0.165209	-0.74992
-0.173886	-0.718663	0.151502	-0.655999	-0.131758	-0.663582	0.161164	-0.718558	-0.309336	-0.0235145	0.541135	-0.781621	0.461302	0.237573	0.422055	-0.74339	0.00889868	-0.215106	-0.396778	-0.89231	-0.360402	0.208168	-0.372971	-0.829258	-0.561717	-0.511192	0.53704	-0.367075	-0.161992	-0.814078	0.277914	-0.483527	-0.0768686	-0.616906	-0.286243	-0.729098	-0.19013	-0.61226	0.165405	-0.749419
-0.173813	-0.719283	0.151568	-0.655323	-0.131684	-0.664145	0.161467	-0.717983	-0.309654	-0.0242387	0.541242	-0.781398	0.461056	0.237144	0.422795	-0.743259	0.00929311	-0.215292	-0.396549	-0.892363	-0.36001	0.20815	-0.37306	-0.829393	-0.561945	-0.511432	0.536851	-0.366669	-0.16211	-0.814047	0.2776	-0.483721	-0.0769549	-0.617304	-0.285706	-0.728962	-0.190152	-0.612451	0.165468	-0.749244
-0.17349	-0.720926	0.151607	-0.653592	-0.131656	-0.665186	0.162184	-0.716862	-0.311069	-0.0261568	0.541502	-0.780595	0.459849	0.23626	0.424736	-0.743182	0.00997785	-0.215967	-0.396318	-0.892295	-0.358873	0.207339	-0.373805	-0.829753	-0.563113	-0.511969	0.535886	-0.365537	-0.163226	-0.814052	0.276925	-0.483724	-0.0763562	-0.618257	-0.285301	-0.728376	-0.190146	-0.613068	0.165546	-0.748723
-0.173463	-0.721384	0.151696	-0.653073	-0.131729	-0.665425	0.162454	-0.716566	-0.311514	-0.026482	0.541627	-0.780319	0.459426	0.23623	0.425158	-0.743212	0.0104368	-0.216836	-0.395963	-0.892237	-0.358617	0.20682	-0.373962	-0.829923	-0.563384	-0.512108	0.535665	-0.36525	-0.163363	-0.814189	0.276673	-0.483592	-0.0762675	-0.618969	-0.284648	-0.728036	-0.190317	-0.613362	0.165892	-0.748362
-0.173565	-0.722185	0.15215	-0.652054	-0.132143	-0.665903	0.162793	-0.715968	-0.312053	-0.0267851	0.541755	-0.780004	0.458916	0.23642	0.425398	-0.743329	0.0105598	-0.217199	-0.395686	-0.89227	-0.358391	0.206023	-0.374312	-0.830061	-0.564017	-0.511943	0.535419	-0.364864	-0.164187	-0.814216	0.277251	-0.482935	-0.0762826	-0.619273	-0.284125	-0.72798	-0.190922	-0.613712	0.166898	-0.747697
-0.17331	-0.722484	0.152005	-0.651825	-0.132194	-0.666168	0.162728	-0.715727	-0.312292	-0.0268581	0.541648	-0.77998	0.458782	0.236284	0.425407	-0.74345	0.0106488	-0.21796	-0.395663	-0.892093	-0.358327	0.205701	-0.374578	-0.830048	-0.564346	-0.512017	0.535157	-0.364635	-0.164771	-0.814166	0.277401	-0.482735	-0.0755759	-0.619993	-0.283665	-0.72762	-0.191161	-0.61387	0.167368	-0.747402
-0.17243	-0.723273	0.151151	-0.651381	-0.132049	-0.666568	0.162368	-0.715463	-0.312777	-0.0271953	0.541349	-0.779982	0.458317	0.235985	0.425549	-0.743751	0.0106357	-0.219285	-0.395442	-0.891867	-0.358215	0.204977	-0.375462	-0.829876	-0.564889	-0.512519	0.534377	-0.364233	-0.165512	-0.814238	0.276827	-0.48269	-0.0754511	-0.620433	-0.283639	-0.727268	-0.191813	-0.614313	0.168692	-0.746573
-0.172229	-0.723625	0.150976	-0.651084	-0.13202	-0.666695	0.162356	-0.715353	-0.313089	-0.0272576	0.541424	-0.779802	0.458015	0.236088	0.425689	-0.743823	0.0107034	-0.21985	-0.395288	-0.891795	-0.358299	0.204572	-0.375738	-0.829815	-0.565038	-0.512843	0.533884	-0.364269	-0.165486	-0.814435	0.276269	-0.482686	-0.0754088	-0.62049	-0.283794	-0.727164	-0.191887	-0.614609	0.169095	-0.746218
-0.172183	-0.723913	0.150942	-0.650784	-0.132006	-0.666746	0.162347	-0.71531	-0.313381	-0.0272522	0.541609	-0.779557	0.457589	0.236414	0.425849	-0.74389	0.0107643	-0.220031	-0.395192	-0.891793	-0.358471	0.204182	-0.375789	-0.829814	-0.565188	-0.513064	0.533577	-0.364176	-0.165447	-0.814623	0.275868	-0.482611	-0.0752726	-0.620607	-0.283867	-0.727049	-0.191762	-0.614994	0.169395	-0.745865
