FULLBODY	1																																						
Frames:	156																																						
-0.441733	-0.590471	0.408859	-0.537634	-0.410119	-0.561783	0.414319	-0.586977	-0.727585	-0.176409	0.595088	-0.292181	-0.686421	-0.0545953	0.671878	-0.272812	-0.106245	-0.653035	0.0181937	-0.749617	-0.190546	-0.651396	-0.0182713	-0.734195	-0.677383	-0.160387	0.686504	-0.210097	-0.438741	-0.577274	0.493136	-0.480706	-0.189143	-0.738823	0.0522011	-0.644702	-0.380971	-0.622645	0.467401	-0.498709
-0.438344	-0.59174	0.405594	-0.541472	-0.4058	-0.562497	0.404797	-0.595871	-0.722965	-0.182578	0.595141	-0.299658	-0.682473	-0.0606084	0.672853	-0.278974	-0.0979326	-0.652659	0.010541	-0.751222	-0.184575	-0.651395	-0.0213862	-0.735635	-0.682162	-0.160084	0.681778	-0.210256	-0.43773	-0.578327	0.491526	-0.482008	-0.185324	-0.738782	0.0480045	-0.646182	-0.378256	-0.624728	0.463209	-0.50207
-0.438321	-0.591763	0.405298	-0.541687	-0.405563	-0.562939	0.404981	-0.59549	-0.723059	-0.182708	0.594984	-0.299661	-0.682618	-0.0611485	0.672412	-0.279562	-0.0970828	-0.653027	0.0106429	-0.751011	-0.184123	-0.651793	-0.0214732	-0.735394	-0.681801	-0.160224	0.68208	-0.210338	-0.437733	-0.578315	0.49154	-0.482006	-0.185658	-0.738801	0.0480528	-0.646062	-0.378277	-0.624751	0.463101	-0.502125
-0.43806	-0.592079	0.405085	-0.541712	-0.405348	-0.563619	0.405563	-0.594596	-0.723063	-0.183017	0.594764	-0.299901	-0.682579	-0.0612042	0.672303	-0.279908	-0.0966605	-0.653439	0.0113649	-0.750696	-0.183527	-0.652342	-0.0210066	-0.735069	-0.680938	-0.160868	0.682571	-0.211048	-0.43755	-0.578469	0.491319	-0.482214	-0.185423	-0.738663	0.04689	-0.646371	-0.378362	-0.624777	0.462999	-0.502124
-0.437948	-0.5922	0.405021	-0.541718	-0.405245	-0.563962	0.405797	-0.594182	-0.723098	-0.183122	0.59467	-0.299938	-0.682585	-0.0614025	0.672205	-0.280086	-0.0964572	-0.653668	0.0115705	-0.75052	-0.183329	-0.652571	-0.0206228	-0.734926	-0.680552	-0.161328	0.682697	-0.211535	-0.437497	-0.578487	0.491235	-0.482325	-0.185332	-0.738693	0.0465921	-0.646385	-0.378344	-0.624809	0.462803	-0.502278
-0.437539	-0.592679	0.404979	-0.541557	-0.405032	-0.564601	0.406065	-0.593537	-0.723011	-0.183733	0.594615	-0.299884	-0.682379	-0.0618334	0.672386	-0.28006	-0.0962502	-0.654075	0.0121462	-0.750183	-0.182996	-0.653016	-0.0203469	-0.734622	-0.679789	-0.161713	0.683306	-0.211728	-0.437716	-0.578332	0.491168	-0.482381	-0.185667	-0.738523	0.0462125	-0.646511	-0.378509	-0.624805	0.46272	-0.502235
-0.437411	-0.592906	0.405238	-0.541217	-0.405005	-0.564846	0.406363	-0.593118	-0.722981	-0.184374	0.594567	-0.299657	-0.681943	-0.0622818	0.672818	-0.279983	-0.0956677	-0.654395	0.0120218	-0.74998	-0.182656	-0.653322	-0.0207911	-0.734422	-0.678889	-0.16202	0.68413	-0.211719	-0.438144	-0.577969	0.491219	-0.482375	-0.186068	-0.738417	0.0459697	-0.646534	-0.378925	-0.624628	0.462853	-0.502018
-0.437661	-0.592761	0.40548	-0.540992	-0.405131	-0.56496	0.407314	-0.592271	-0.72306	-0.184997	0.594635	-0.298948	-0.680679	-0.062019	0.674271	-0.279621	-0.0959987	-0.654547	0.0125831	-0.749796	-0.182864	-0.653303	-0.0204648	-0.734396	-0.678043	-0.162669	0.684752	-0.211924	-0.438422	-0.577794	0.491074	-0.48248	-0.186203	-0.738485	0.0461053	-0.646408	-0.379023	-0.624621	0.462568	-0.502216
-0.437569	-0.592909	0.405588	-0.540824	-0.405136	-0.564978	0.407962	-0.591804	-0.723337	-0.185181	0.594753	-0.297927	-0.679844	-0.0605957	0.674942	-0.280346	-0.0960609	-0.654585	0.0127098	-0.749752	-0.182947	-0.653307	-0.0203685	-0.734374	-0.677728	-0.162959	0.684958	-0.212041	-0.43846	-0.57777	0.490983	-0.482567	-0.186372	-0.73832	0.0459456	-0.646558	-0.379175	-0.624581	0.462601	-0.50212
-0.437569	-0.592909	0.405588	-0.540824	-0.405284	-0.564839	0.408635	-0.591371	-0.724021	-0.184884	0.594664	-0.296627	-0.679844	-0.0605957	0.674942	-0.280346	-0.0960609	-0.654585	0.0127098	-0.749752	-0.183349	-0.653362	-0.0199347	-0.734237	-0.677728	-0.162959	0.684958	-0.212041	-0.438504	-0.577738	0.490879	-0.48267	-0.186372	-0.73832	0.0459456	-0.646558	-0.379175	-0.624581	0.462601	-0.50212
-0.437682	-0.592856	0.405718	-0.540694	-0.405284	-0.564839	0.408635	-0.591371	-0.724021	-0.184884	0.594664	-0.296627	-0.678319	-0.0575378	0.676359	-0.281268	-0.0964319	-0.654539	0.0131613	-0.749737	-0.183349	-0.653362	-0.0199347	-0.734237	-0.677545	-0.16317	0.685036	-0.212212	-0.438504	-0.577738	0.490879	-0.48267	-0.18654	-0.73818	0.045778	-0.646682	-0.379366	-0.624481	0.46269	-0.502019
-0.438204	-0.592409	0.406216	-0.540386	-0.406373	-0.563736	0.410217	-0.59058	-0.72615	-0.183673	0.593942	-0.293603	-0.673588	-0.0460544	0.679895	-0.286184	-0.0993946	-0.653571	0.0161634	-0.750137	-0.185954	-0.65389	-0.0171794	-0.73318	-0.677492	-0.163081	0.685169	-0.212021	-0.438861	-0.577507	0.49075	-0.482754	-0.186397	-0.738197	0.0459287	-0.646694	-0.379407	-0.62446	0.462421	-0.502261
-0.438204	-0.592409	0.406216	-0.540386	-0.407015	-0.563358	0.41111	-0.589877	-0.727238	-0.181643	0.594289	-0.291463	-0.673588	-0.0460544	0.679895	-0.286184	-0.0993946	-0.653571	0.0161634	-0.750137	-0.187474	-0.653062	-0.0166719	-0.733543	-0.677492	-0.163081	0.685169	-0.212021	-0.439152	-0.577301	0.490753	-0.482732	-0.186397	-0.738197	0.0459287	-0.646694	-0.379407	-0.62446	0.462421	-0.502261
-0.438735	-0.592019	0.407031	-0.539769	-0.407913	-0.562809	0.412045	-0.589128	-0.728822	-0.178161	0.59443	-0.289362	-0.666759	-0.0229654	0.683341	-0.296564	-0.104383	-0.651666	0.0195473	-0.751035	-0.189085	-0.651468	-0.0176752	-0.734523	-0.677875	-0.161931	0.685315	-0.211203	-0.439482	-0.577108	0.490767	-0.482648	-0.186658	-0.737393	0.0459634	-0.647532	-0.378839	-0.624683	0.462052	-0.502753
-0.439143	-0.591557	0.407513	-0.53958	-0.409982	-0.561451	0.413997	-0.587617	-0.732126	-0.170173	0.592441	-0.289908	-0.661812	-0.00847251	0.684361	-0.305913	-0.108078	-0.649047	0.0200251	-0.752765	-0.199691	-0.642751	-0.0179911	-0.739372	-0.678153	-0.161196	0.685298	-0.210926	-0.440505	-0.576313	0.491197	-0.482228	-0.186858	-0.73716	0.0455501	-0.647768	-0.378453	-0.624809	0.461821	-0.503099
-0.440436	-0.590416	0.408369	-0.539129	-0.410885	-0.561004	0.415122	-0.586619	-0.733831	-0.165245	0.590664	-0.292065	-0.649215	0.0271341	0.68256	-0.334509	-0.122008	-0.639579	0.0207732	-0.758697	-0.207892	-0.635126	-0.0208969	-0.743613	-0.678744	-0.15923	0.685414	-0.210144	-0.441213	-0.575755	0.491462	-0.481978	-0.187311	-0.73704	0.0454513	-0.647782	-0.377883	-0.624991	0.461232	-0.503841
-0.441301	-0.589728	0.408772	-0.538868	-0.411887	-0.560199	0.416019	-0.58605	-0.736386	-0.158166	0.588153	-0.294608	-0.640526	0.046812	0.679502	-0.3547	-0.129842	-0.632646	0.0174465	-0.763279	-0.218283	-0.625479	-0.0254519	-0.748653	-0.679128	-0.158123	0.68543	-0.209686	-0.441921	-0.575193	0.491675	-0.481782	-0.187801	-0.736941	0.045565	-0.647744	-0.377969	-0.624866	0.461213	-0.503948
-0.443191	-0.588003	0.40924	-0.538848	-0.413431	-0.558574	0.417387	-0.58554	-0.741019	-0.141717	0.580851	-0.305647	-0.61789	0.0907841	0.668666	-0.403553	-0.147134	-0.615511	0.0032951	-0.774265	-0.24273	-0.600137	-0.0445117	-0.760879	-0.679643	-0.15673	0.685324	-0.209409	-0.44296	-0.574246	0.491731	-0.4819	-0.188566	-0.736683	0.0451958	-0.647842	-0.378312	-0.624566	0.461118	-0.504151
-0.444024	-0.587246	0.409226	-0.538998	-0.414986	-0.556378	0.417881	-0.586179	-0.745533	-0.116902	0.573108	-0.319471	-0.604313	0.114731	0.660142	-0.43111	-0.156049	-0.606	-0.0088957	-0.779957	-0.272866	-0.567214	-0.0717215	-0.773737	-0.679643	-0.15673	0.685324	-0.209409	-0.443647	-0.57365	0.491352	-0.482365	-0.189021	-0.736647	0.0452239	-0.647747	-0.378655	-0.624295	0.461139	-0.504208
-0.445534	-0.585955	0.409274	-0.53912	-0.415703	-0.555396	0.417607	-0.586797	-0.747209	-0.102762	0.56838	-0.328729	-0.571572	0.164742	0.637832	-0.489219	-0.175952	-0.586033	-0.0381001	-0.790035	-0.289866	-0.548312	-0.0872848	-0.779559	-0.679859	-0.155125	0.685467	-0.209435	-0.444183	-0.573201	0.491305	-0.482454	-0.189889	-0.736539	0.04518	-0.647619	-0.378908	-0.624076	0.460697	-0.504694
-0.446359	-0.585189	0.409088	-0.539411	-0.417899	-0.552992	0.417017	-0.587926	-0.746891	-0.0724665	0.560126	-0.350944	-0.553151	0.18936	0.623798	-0.518693	-0.184757	-0.575892	-0.057225	-0.794316	-0.324999	-0.509015	-0.121965	-0.787658	-0.680073	-0.15459	0.685411	-0.209321	-0.445292	-0.572377	0.491171	-0.482547	-0.190218	-0.736429	0.0448771	-0.647669	-0.379107	-0.623946	0.460616	-0.50478
-0.447066	-0.584495	0.408872	-0.539743	-0.417899	-0.552992	0.417017	-0.587926	-0.746891	-0.0724665	0.560126	-0.350944	-0.553151	0.18936	0.623798	-0.518693	-0.195784	-0.565756	-0.0753721	-0.797438	-0.324999	-0.509015	-0.121965	-0.787658	-0.680073	-0.15459	0.685411	-0.209321	-0.445292	-0.572377	0.491171	-0.482547	-0.190485	-0.736409	0.0446985	-0.647626	-0.379107	-0.623946	0.460616	-0.50478
-0.44795	-0.58368	0.408845	-0.539912	-0.419317	-0.551475	0.416703	-0.588563	-0.746889	-0.0550725	0.55441	-0.362978	-0.513069	0.236563	0.591516	-0.575245	-0.209205	-0.554992	-0.0911105	-0.799948	-0.343866	-0.487401	-0.137879	-0.790687	-0.680432	-0.1536	0.685323	-0.209169	-0.445686	-0.572108	0.490971	-0.482704	-0.190829	-0.73641	0.0446993	-0.647524	-0.379604	-0.623659	0.460437	-0.504924
-0.448846	-0.582882	0.408805	-0.54006	-0.42194	-0.548615	0.416027	-0.589839	-0.74632	-0.0368684	0.548015	-0.375935	-0.491541	0.25848	0.573188	-0.60252	-0.223919	-0.544146	-0.105154	-0.80169	-0.383072	-0.442755	-0.168041	-0.793086	-0.680514	-0.153158	0.68536	-0.209106	-0.445968	-0.571902	0.490332	-0.483338	-0.191298	-0.736398	0.0448524	-0.647388	-0.379753	-0.62362	0.460372	-0.504919
-0.449752	-0.582096	0.408694	-0.540238	-0.42194	-0.548615	0.416027	-0.589839	-0.745122	-0.0171701	0.541622	-0.388773	-0.469079	0.279667	0.553361	-0.628922	-0.238817	-0.53345	-0.1182	-0.802761	-0.383072	-0.442755	-0.168041	-0.793086	-0.680594	-0.152706	0.685392	-0.20907	-0.445968	-0.571902	0.490332	-0.483338	-0.192019	-0.736306	0.0451211	-0.64726	-0.380004	-0.623541	0.460564	-0.504653
-0.451779	-0.580499	0.408905	-0.540105	-0.424792	-0.545613	0.415865	-0.59069	-0.740497	0.0207018	0.529098	-0.413873	-0.422079	0.319176	0.511713	-0.67685	-0.265979	-0.513295	-0.144843	-0.802997	-0.421729	-0.397169	-0.199456	-0.790328	-0.681045	-0.151524	0.685282	-0.208822	-0.446238	-0.571688	0.489972	-0.483707	-0.193329	-0.736404	0.0458789	-0.646706	-0.3806	-0.623298	0.461101	-0.504013
-0.454462	-0.578568	0.409933	-0.539146	-0.428296	-0.541973	0.416347	-0.591171	-0.733813	0.0568841	0.51643	-0.437702	-0.374572	0.353197	0.465738	-0.719747	-0.290119	-0.493799	-0.173096	-0.801269	-0.459989	-0.351862	-0.230753	-0.781893	-0.681873	-0.149267	0.685264	-0.207802	-0.446746	-0.571253	0.490154	-0.483568	-0.194581	-0.736574	0.0473322	-0.646032	-0.38099	-0.623227	0.461474	-0.503465
-0.455481	-0.577778	0.410364	-0.538805	-0.42991	-0.540327	0.416639	-0.5913	-0.730021	0.0760637	0.510585	-0.447869	-0.350453	0.368506	0.442271	-0.738771	-0.303094	-0.48376	-0.182996	-0.800389	-0.47925	-0.32845	-0.245216	-0.776086	-0.682283	-0.148029	0.685325	-0.20714	-0.447049	-0.571042	0.490293	-0.483396	-0.195131	-0.736654	0.0480216	-0.645723	-0.381329	-0.623103	0.461815	-0.503048
-0.457619	-0.576157	0.411811	-0.537624	-0.433808	-0.53614	0.41742	-0.591713	-0.721292	0.111286	0.498728	-0.467572	-0.303651	0.394514	0.393305	-0.772959	-0.330739	-0.463202	-0.19669	-0.798354	-0.517434	-0.282244	-0.270897	-0.761062	-0.683215	-0.145771	0.6853	-0.205748	-0.447781	-0.570562	0.490689	-0.482883	-0.196428	-0.736984	0.0500833	-0.644797	-0.382121	-0.62283	0.462535	-0.502124
-0.459526	-0.5748	0.413182	-0.536396	-0.437078	-0.532337	0.418332	-0.592096	-0.712253	0.141235	0.487074	-0.485291	-0.258694	0.415828	0.345444	-0.80052	-0.355501	-0.444548	-0.208447	-0.795328	-0.554132	-0.237684	-0.294945	-0.74125	-0.683917	-0.144048	0.68532	-0.204556	-0.448201	-0.570457	0.490685	-0.482621	-0.197623	-0.737241	0.0521773	-0.643971	-0.382639	-0.622772	0.462969	-0.501401
-0.460327	-0.574088	0.413489	-0.536236	-0.438869	-0.530321	0.418825	-0.592233	-0.708198	0.153791	0.481587	-0.492827	-0.236906	0.42438	0.323788	-0.81175	-0.366969	-0.435864	-0.213819	-0.793497	-0.571227	-0.215833	-0.306484	-0.730194	-0.684193	-0.143446	0.685328	-0.20403	-0.448501	-0.570355	0.490754	-0.482393	-0.198085	-0.737374	0.0530496	-0.643605	-0.382913	-0.622782	0.463108	-0.50105
-0.462076	-0.572592	0.414734	-0.535369	-0.444137	-0.524581	0.418979	-0.593307	-0.697586	0.191043	0.46808	-0.507717	-0.179267	0.441354	0.264728	-0.838444	-0.386041	-0.419896	-0.225972	-0.789681	-0.617254	-0.155124	-0.341338	-0.691681	-0.685039	-0.142515	0.685103	-0.202595	-0.449438	-0.570157	0.490872	-0.481634	-0.198734	-0.737886	0.0553739	-0.642622	-0.38363	-0.622872	0.463245	-0.500262
-0.46241	-0.572262	0.414905	-0.535301	-0.445411	-0.523179	0.419194	-0.593439	-0.694987	0.200726	0.463571	-0.511668	-0.161558	0.445094	0.248581	-0.844984	-0.402407	-0.408283	-0.238017	-0.784042	-0.630616	-0.137007	-0.353127	-0.677388	-0.68511	-0.142667	0.685024	-0.202513	-0.449665	-0.570375	0.490711	-0.481327	-0.198896	-0.738036	0.0558293	-0.642361	-0.38372	-0.622994	0.463229	-0.500056
-0.462978	-0.571748	0.415266	-0.53508	-0.448084	-0.520088	0.41993	-0.593623	-0.690351	0.218762	0.455599	-0.517675	-0.129745	0.449857	0.219767	-0.85586	-0.409221	-0.402675	-0.243188	-0.781825	-0.654875	-0.103078	-0.374382	-0.648346	-0.68528	-0.142899	0.684869	-0.2023	-0.449785	-0.570443	0.490707	-0.48114	-0.19868	-0.738433	0.0561887	-0.641939	-0.383783	-0.623253	0.463063	-0.49984
-0.463299	-0.57148	0.4156	-0.534828	-0.449214	-0.518679	0.42049	-0.593605	-0.688021	0.228356	0.452455	-0.519389	-0.115039	0.450918	0.208594	-0.86019	-0.422091	-0.392946	-0.251948	-0.777145	-0.665679	-0.0880845	-0.384467	-0.633481	-0.685434	-0.143083	0.684666	-0.202337	-0.449925	-0.570509	0.490735	-0.480901	-0.198576	-0.738665	0.0564748	-0.641679	-0.38376	-0.623425	0.462896	-0.499797
-0.463299	-0.57148	0.4156	-0.534828	-0.449214	-0.518679	0.42049	-0.593605	-0.688021	0.228356	0.452455	-0.519389	-0.115039	0.450918	0.208594	-0.86019	-0.422091	-0.392946	-0.251948	-0.777145	-0.665679	-0.0880845	-0.384467	-0.633481	-0.685434	-0.143083	0.684666	-0.202337	-0.450046	-0.570552	0.490802	-0.480668	-0.198576	-0.738665	0.0564748	-0.641679	-0.38376	-0.623425	0.462896	-0.499797
-0.463737	-0.571043	0.415856	-0.534717	-0.450858	-0.516233	0.421189	-0.593996	-0.683947	0.245716	0.446001	-0.52242	-0.0889042	0.451851	0.189806	-0.867122	-0.434212	-0.384001	-0.260257	-0.772185	-0.691168	-0.045039	-0.404946	-0.59689	-0.685477	-0.143334	0.684579	-0.202306	-0.450211	-0.570666	0.490842	-0.480337	-0.198544	-0.738914	0.0568358	-0.64137	-0.384027	-0.623577	0.462886	-0.499411
-0.46399	-0.570825	0.416043	-0.534584	-0.452674	-0.513521	0.421574	-0.594691	-0.679257	0.261245	0.440189	-0.525924	-0.0681032	0.451576	0.174686	-0.872311	-0.445686	-0.374731	-0.267005	-0.767886	-0.697865	-0.0333594	-0.409632	-0.586577	-0.685714	-0.143405	0.684378	-0.202134	-0.450303	-0.570728	0.490777	-0.480245	-0.198118	-0.739216	0.0568803	-0.64115	-0.384023	-0.623756	0.462488	-0.49956
-0.464086	-0.570774	0.416129	-0.534489	-0.45341	-0.512251	0.421966	-0.594947	-0.676746	0.269345	0.437941	-0.526949	-0.0582911	0.451377	0.168005	-0.874434	-0.451096	-0.370402	-0.269644	-0.765903	-0.703662	-0.0226673	-0.413809	-0.577155	-0.685683	-0.143677	0.684339	-0.20218	-0.450409	-0.570729	0.49074	-0.480182	-0.197854	-0.739369	0.0568285	-0.64106	-0.384008	-0.623817	0.462328	-0.499643
-0.464169	-0.570823	0.416209	-0.534302	-0.454212	-0.510936	0.422348	-0.595196	-0.674264	0.276879	0.435595	-0.528169	-0.0493084	0.451211	0.161543	-0.876288	-0.455818	-0.365954	-0.271827	-0.764472	-0.70879	-0.012395	-0.416899	-0.568909	-0.685653	-0.143798	0.684359	-0.202126	-0.450553	-0.570685	0.490757	-0.480081	-0.197841	-0.739368	0.0567187	-0.641074	-0.384082	-0.623839	0.462321	-0.499566
-0.464099	-0.570978	0.416369	-0.534072	-0.454891	-0.509894	0.422505	-0.595459	-0.671555	0.28389	0.433231	-0.529841	-0.0407308	0.450344	0.155404	-0.878283	-0.460258	-0.36204	-0.274205	-0.762824	-0.713438	-0.00367715	-0.420415	-0.560574	-0.685688	-0.143856	0.68432	-0.202099	-0.450639	-0.570692	0.490721	-0.480029	-0.197862	-0.739303	0.0565166	-0.641161	-0.384198	-0.623811	0.462371	-0.499464
-0.464005	-0.571073	0.416729	-0.533771	-0.455491	-0.508991	0.422754	-0.595596	-0.668966	0.290695	0.430625	-0.531548	-0.0320441	0.449364	0.148768	-0.880292	-0.460258	-0.36204	-0.274205	-0.762824	-0.71735	0.00484375	-0.424658	-0.552315	-0.685703	-0.143981	0.684242	-0.202221	-0.45069	-0.570681	0.4907	-0.480017	-0.197862	-0.739303	0.0565166	-0.641161	-0.384227	-0.623791	0.462252	-0.499577
-0.463847	-0.57123	0.417226	-0.533352	-0.456189	-0.508079	0.423028	-0.595646	-0.666644	0.297441	0.428218	-0.532676	-0.0234735	0.448671	0.142183	-0.882002	-0.466637	-0.356272	-0.277431	-0.760495	-0.720553	0.0146054	-0.428601	-0.544877	-0.685553	-0.144191	0.684324	-0.202302	-0.450854	-0.570592	0.490748	-0.479919	-0.197501	-0.739441	0.0563565	-0.641128	-0.384172	-0.623815	0.462007	-0.499816
-0.46322	-0.571791	0.418176	-0.532552	-0.457937	-0.50655	0.422421	-0.596039	-0.662229	0.308767	0.424682	-0.534567	-0.00917414	0.447237	0.131488	-0.88465	-0.468768	-0.353945	-0.278718	-0.7598	-0.72535	0.0303042	-0.434481	-0.533081	-0.685689	-0.144013	0.684317	-0.201992	-0.451314	-0.570279	0.490966	-0.479635	-0.197438	-0.739392	0.0562827	-0.64121	-0.384105	-0.623845	0.461787	-0.500034
-0.462858	-0.572024	0.418497	-0.532364	-0.458816	-0.505882	0.421983	-0.596239	-0.660334	0.31288	0.423789	-0.535227	-0.00335932	0.447028	0.127434	-0.88539	-0.472479	-0.350575	-0.281337	-0.758096	-0.726815	0.0352064	-0.436254	-0.529323	-0.685714	-0.144144	0.684277	-0.201951	-0.451344	-0.570285	0.490889	-0.479679	-0.197054	-0.739179	0.0554154	-0.641648	-0.384118	-0.6238	0.461726	-0.500135
-0.462858	-0.572024	0.418497	-0.532364	-0.458816	-0.505882	0.421983	-0.596239	-0.660334	0.31288	0.423789	-0.535227	-0.00335932	0.447028	0.127434	-0.88539	-0.472479	-0.350575	-0.281337	-0.758096	-0.726815	0.0352064	-0.436254	-0.529323	-0.685714	-0.144144	0.684277	-0.201951	-0.451344	-0.570285	0.490889	-0.479679	-0.197054	-0.739179	0.0554154	-0.641648	-0.384118	-0.6238	0.461726	-0.500135
-0.462867	-0.571778	0.419085	-0.532158	-0.459972	-0.504825	0.422059	-0.596191	-0.657643	0.317345	0.423417	-0.536206	0.00329818	0.447737	0.122541	-0.885722	-0.475117	-0.349928	-0.284117	-0.755706	-0.728492	0.0375261	-0.438713	-0.524807	-0.685251	-0.144986	0.684328	-0.202746	-0.451088	-0.570437	0.490784	-0.479847	-0.196689	-0.739388	0.0552564	-0.641534	-0.383885	-0.623839	0.461363	-0.500602
-0.462799	-0.571713	0.419266	-0.532144	-0.460643	-0.50403	0.422305	-0.596172	-0.657643	0.317345	0.423417	-0.536206	0.00281991	0.448431	0.121417	-0.885528	-0.476651	-0.350534	-0.28489	-0.754167	-0.728817	0.0368299	-0.438704	-0.524412	-0.685263	-0.144824	0.684356	-0.202726	-0.451011	-0.570457	0.49086	-0.479818	-0.196771	-0.739282	0.0550964	-0.641644	-0.383872	-0.623824	0.461376	-0.500617
-0.462807	-0.571557	0.419558	-0.532074	-0.461612	-0.503275	0.42276	-0.595736	-0.656294	0.318935	0.423485	-0.53686	0.00230675	0.448933	0.120601	-0.885386	-0.47848	-0.350657	-0.283851	-0.753343	-0.729512	0.0356345	-0.438102	-0.524031	-0.685394	-0.144313	0.684321	-0.202766	-0.450983	-0.570405	0.491033	-0.479729	-0.197286	-0.739299	0.0550248	-0.641473	-0.384641	-0.623294	0.46236	-0.499779
-0.463135	-0.571414	0.420533	-0.531173	-0.462241	-0.503061	0.423059	-0.595218	-0.656616	0.32091	0.422099	-0.536381	0.00299312	0.448349	0.119715	-0.885801	-0.478906	-0.350523	-0.282619	-0.753597	-0.73257	0.0351868	-0.435379	-0.522062	-0.685431	-0.143283	0.684612	-0.202388	-0.451223	-0.570018	0.491672	-0.479308	-0.197878	-0.739464	0.0555757	-0.641053	-0.385758	-0.622536	0.463608	-0.498705
-0.463135	-0.571414	0.420533	-0.531173	-0.462241	-0.503061	0.423059	-0.595218	-0.656616	0.32091	0.422099	-0.536381	0.003452	0.447726	0.11865	-0.886257	-0.478906	-0.350523	-0.282619	-0.753597	-0.73257	0.0351868	-0.435379	-0.522062	-0.685431	-0.143283	0.684612	-0.202388	-0.451223	-0.570018	0.491672	-0.479308	-0.1987	-0.739565	0.0564369	-0.640606	-0.385758	-0.622536	0.463608	-0.498705
-0.462551	-0.571758	0.421006	-0.530936	-0.462749	-0.502931	0.423245	-0.5948	-0.656897	0.321403	0.421562	-0.536164	0.00325943	0.447416	0.117347	-0.886588	-0.479248	-0.351055	-0.280064	-0.754086	-0.734081	0.0331832	-0.433715	-0.521454	-0.685431	-0.143283	0.684612	-0.202388	-0.45143	-0.569772	0.492055	-0.479013	-0.199727	-0.739619	0.0573523	-0.640144	-0.385758	-0.622536	0.463608	-0.498705
-0.462523	-0.571648	0.421202	-0.530925	-0.463063	-0.502612	0.423306	-0.594782	-0.657015	0.321572	0.421413	-0.536035	0.00278447	0.447537	0.117307	-0.886533	-0.47954	-0.35167	-0.279614	-0.753781	-0.734257	0.0322878	-0.433309	-0.5216	-0.685495	-0.142217	0.68491	-0.201914	-0.451245	-0.569921	0.492097	-0.478966	-0.19999	-0.739791	0.0577733	-0.639825	-0.387791	-0.62127	0.465651	-0.496801
-0.462556	-0.571613	0.421459	-0.530729	-0.463175	-0.50247	0.423353	-0.594781	-0.657024	0.321286	0.421441	-0.536174	0.00231158	0.447654	0.117424	-0.88646	-0.47954	-0.35167	-0.279614	-0.753781	-0.734379	0.0309428	-0.433302	-0.521516	-0.685399	-0.142035	0.68505	-0.201891	-0.450999	-0.570114	0.492235	-0.478827	-0.19999	-0.739791	0.0577733	-0.639825	-0.388406	-0.620902	0.466098	-0.496361
-0.462288	-0.571818	0.421505	-0.530705	-0.463074	-0.502597	0.423362	-0.594746	-0.657049	0.320911	0.421467	-0.536348	0.00235459	0.44749	0.117645	-0.886514	-0.479635	-0.352734	-0.27939	-0.753306	-0.734481	0.0300834	-0.433273	-0.521447	-0.685073	-0.142243	0.685219	-0.202279	-0.450674	-0.570381	0.492484	-0.478558	-0.200833	-0.740212	0.0590006	-0.638961	-0.389133	-0.620486	0.466648	-0.495796
-0.460582	-0.57299	0.421185	-0.531178	-0.462241	-0.503362	0.423221	-0.594849	-0.656608	0.319809	0.421984	-0.537139	0.00235459	0.44749	0.117645	-0.886514	-0.479635	-0.352734	-0.27939	-0.753306	-0.734743	0.0299732	-0.432478	-0.521744	-0.684182	-0.143162	0.685445	-0.203877	-0.449015	-0.571669	0.493176	-0.477867	-0.200833	-0.740212	0.0590006	-0.638961	-0.390112	-0.620087	0.467382	-0.494833
-0.45918	-0.573889	0.420771	-0.531749	-0.461563	-0.503872	0.422957	-0.59513	-0.65622	0.319174	0.422163	-0.537849	0.00492945	0.446266	0.119522	-0.886869	-0.478815	-0.352337	-0.278976	-0.754167	-0.734864	0.030492	-0.431837	-0.522074	-0.683859	-0.144027	0.685113	-0.205459	-0.447767	-0.572652	0.493368	-0.477663	-0.200535	-0.740545	0.0575346	-0.638803	-0.390426	-0.620015	0.46751	-0.494553
-0.456746	-0.575319	0.419669	-0.533169	-0.459521	-0.505085	0.421634	-0.596619	-0.654559	0.317341	0.422713	-0.540519	0.00824647	0.445014	0.121412	-0.887217	-0.47709	-0.351019	-0.279707	-0.755602	-0.734211	0.0324271	-0.430993	-0.523572	-0.683008	-0.146896	0.684436	-0.208492	-0.445344	-0.574534	0.493738	-0.477287	-0.198861	-0.740595	0.055125	-0.63948	-0.389991	-0.620413	0.466895	-0.494978
-0.453428	-0.577324	0.417811	-0.535289	-0.456865	-0.506614	0.41908	-0.599157	-0.651818	0.315088	0.423657	-0.544397	0.0125874	0.443667	0.123267	-0.887585	-0.474098	-0.349343	-0.28169	-0.757523	-0.732293	0.0350452	-0.430331	-0.526626	-0.682276	-0.150636	0.683453	-0.211424	-0.443066	-0.576372	0.493286	-0.477657	-0.19653	-0.740419	0.0514262	-0.640711	-0.389458	-0.620852	0.466671	-0.495059
-0.44965	-0.579584	0.415262	-0.538011	-0.453181	-0.508778	0.416078	-0.602205	-0.64808	0.312607	0.425463	-0.548863	0.0188612	0.44252	0.126021	-0.887659	-0.469592	-0.347022	-0.284106	-0.760488	-0.729524	0.0382665	-0.429856	-0.530617	-0.681381	-0.155032	0.682828	-0.213144	-0.441607	-0.577627	0.492332	-0.478476	-0.193633	-0.740104	0.0472937	-0.642274	-0.388114	-0.621741	0.465897	-0.495727
-0.447896	-0.580669	0.414183	-0.539134	-0.451198	-0.50985	0.414504	-0.60387	-0.646058	0.311118	0.426699	-0.551128	0.0219962	0.442336	0.127434	-0.887477	-0.466965	-0.345572	-0.285415	-0.762274	-0.727994	0.0402395	-0.429173	-0.53312	-0.680966	-0.157279	0.682461	-0.214001	-0.44087	-0.578213	0.491702	-0.479096	-0.191824	-0.739916	0.0448826	-0.643205	-0.386808	-0.62253	0.464938	-0.496657
-0.444331	-0.583125	0.412172	-0.540971	-0.446977	-0.511957	0.411616	-0.607194	-0.641874	0.307888	0.429298	-0.555793	0.028155	0.441432	0.131115	-0.887217	-0.461627	-0.342516	-0.287033	-0.766287	-0.724459	0.0444224	-0.42785	-0.538638	-0.680075	-0.16102	0.682017	-0.215463	-0.439426	-0.579166	0.490626	-0.480372	-0.188673	-0.739238	0.0405369	-0.645203	-0.385043	-0.623513	0.463898	-0.497767
-0.442818	-0.584305	0.41151	-0.541442	-0.444979	-0.513035	0.410487	-0.608514	-0.639986	0.3061	0.430794	-0.557796	0.0313494	0.441039	0.133191	-0.886996	-0.458793	-0.341108	-0.287954	-0.768269	-0.722673	0.0464323	-0.427249	-0.541337	-0.679932	-0.161865	0.681917	-0.215595	-0.438668	-0.579708	0.490189	-0.480857	-0.187646	-0.73908	0.0391519	-0.645768	-0.384415	-0.623795	0.463458	-0.498309
-0.442818	-0.584305	0.41151	-0.541442	-0.443153	-0.514178	0.409477	-0.609562	-0.638273	0.304263	0.432321	-0.559581	0.0313494	0.441039	0.133191	-0.886996	-0.458793	-0.341108	-0.287954	-0.768269	-0.720767	0.0483053	-0.426647	-0.544182	-0.679884	-0.162296	0.681897	-0.215486	-0.438091	-0.580046	0.490053	-0.481113	-0.187646	-0.73908	0.0391519	-0.645768	-0.384415	-0.623795	0.463458	-0.498309
-0.440008	-0.586664	0.410524	-0.541931	-0.441544	-0.515272	0.408551	-0.610426	-0.63688	0.30216	0.433591	-0.561322	0.0365674	0.440097	0.137611	-0.886589	-0.453455	-0.33899	-0.289674	-0.771721	-0.718833	0.0497994	-0.426357	-0.546826	-0.679787	-0.162711	0.681906	-0.215448	-0.437442	-0.580418	0.489932	-0.48138	-0.185847	-0.739093	0.0376509	-0.646362	-0.383739	-0.623937	0.462973	-0.499101
-0.438415	-0.587936	0.409792	-0.542396	-0.440033	-0.516395	0.407615	-0.611194	-0.635776	0.300053	0.434638	-0.562891	0.0385444	0.439193	0.139944	-0.886588	-0.450865	-0.338481	-0.290774	-0.773047	-0.716929	0.0507381	-0.426349	-0.54924	-0.679424	-0.163677	0.681896	-0.215895	-0.436641	-0.580927	0.489702	-0.481727	-0.185421	-0.739012	0.0372678	-0.6466	-0.383865	-0.623655	0.463266	-0.499086
-0.434052	-0.591315	0.406834	-0.544455	-0.437187	-0.519213	0.405024	-0.61257	-0.634161	0.296094	0.43621	-0.565588	0.0422222	0.437372	0.143975	-0.886676	-0.445938	-0.338073	-0.292776	-0.775325	-0.713204	0.0520679	-0.426919	-0.553506	-0.678837	-0.165898	0.681556	-0.217117	-0.435182	-0.581798	0.489445	-0.482256	-0.184657	-0.7391	0.0364439	-0.646765	-0.384287	-0.622994	0.463683	-0.499199
-0.431484	-0.59345	0.405264	-0.545343	-0.434158	-0.522535	0.401407	-0.614277	-0.632378	0.292459	0.43731	-0.568617	0.0440403	0.436275	0.145808	-0.886829	-0.44342	-0.338147	-0.293665	-0.7764	-0.709428	0.0534237	-0.427501	-0.557765	-0.678325	-0.168049	0.681287	-0.217905	-0.433552	-0.582805	0.489041	-0.482918	-0.183971	-0.739288	0.036019	-0.646769	-0.3846	-0.622613	0.463802	-0.499323
-0.42809	-0.596536	0.402507	-0.546692	-0.43253	-0.524229	0.399605	-0.615157	-0.631153	0.290393	0.437923	-0.570562	0.0481906	0.434173	0.149111	-0.887095	-0.437931	-0.338083	-0.295615	-0.778799	-0.707599	0.0541163	-0.427579	-0.559956	-0.678052	-0.169632	0.680883	-0.218789	-0.432425	-0.583542	0.488563	-0.483522	-0.182088	-0.738963	0.0337315	-0.647797	-0.385085	-0.621819	0.464277	-0.499497
-0.42809	-0.596536	0.402507	-0.546692	-0.43253	-0.524229	0.399605	-0.615157	-0.631153	0.290393	0.437923	-0.570562	0.0481906	0.434173	0.149111	-0.887095	-0.437931	-0.338083	-0.295615	-0.778799	-0.707599	0.0541163	-0.427579	-0.559956	-0.678052	-0.169632	0.680883	-0.218789	-0.432425	-0.583542	0.488563	-0.483522	-0.182088	-0.738963	0.0337315	-0.647797	-0.385085	-0.621819	0.464277	-0.499497
-0.424089	-0.600413	0.399119	-0.548048	-0.428162	-0.528771	0.395589	-0.616918	-0.628095	0.285677	0.439788	-0.574866	0.0540053	0.431827	0.153696	-0.887123	-0.431652	-0.337659	-0.297518	-0.781758	-0.703553	0.0557425	-0.427482	-0.564947	-0.677209	-0.173254	0.680203	-0.22067	-0.430834	-0.584488	0.488269	-0.484097	-0.17921	-0.738866	0.0297895	-0.648902	-0.384334	-0.621879	0.463534	-0.500689
-0.418052	-0.605206	0.39463	-0.550659	-0.422944	-0.533349	0.390346	-0.619909	-0.623913	0.278749	0.44218	-0.580955	0.0612171	0.428677	0.160004	-0.887067	-0.423934	-0.336745	-0.29994	-0.785442	-0.698401	0.0582075	-0.427291	-0.571201	-0.677241	-0.176081	0.679086	-0.221772	-0.430059	-0.585	0.488439	-0.483996	-0.177013	-0.739301	0.025502	-0.649192	-0.383688	-0.622213	0.462923	-0.501335
-0.413906	-0.608333	0.392003	-0.552221	-0.419687	-0.536029	0.387317	-0.621709	-0.621322	0.274994	0.443615	-0.584417	0.0657763	0.426922	0.163743	-0.886904	-0.419406	-0.336151	-0.30166	-0.787466	-0.695289	0.0597459	-0.427248	-0.574859	-0.677387	-0.178013	0.67811	-0.222768	-0.429497	-0.585469	0.488196	-0.484174	-0.174806	-0.738926	0.0214121	-0.650363	-0.383591	-0.622385	0.462969	-0.501154
-0.404191	-0.615306	0.385663	-0.556141	-0.411418	-0.542679	0.380915	-0.625411	-0.614951	0.266191	0.447332	-0.592345	0.0765236	0.422913	0.172073	-0.886386	-0.408943	-0.334348	-0.305305	-0.792317	-0.687914	0.063426	-0.427558	-0.583049	-0.676533	-0.183929	0.676355	-0.22587	-0.427577	-0.587341	0.486524	-0.485286	-0.169459	-0.738497	0.0116783	-0.652511	-0.383314	-0.623351	0.462513	-0.500585
-0.399599	-0.618506	0.382556	-0.558052	-0.406716	-0.546137	0.377455	-0.62757	-0.610996	0.261377	0.449598	-0.596848	0.0824352	0.420993	0.176577	-0.885884	-0.402984	-0.332916	-0.307196	-0.795236	-0.683747	0.0658608	-0.427279	-0.587865	-0.675575	-0.188103	0.675312	-0.228406	-0.426625	-0.588379	0.485588	-0.485804	-0.167153	-0.73837	0.00725509	-0.653312	-0.383585	-0.623806	0.462518	-0.499806
-0.394736	-0.621709	0.379016	-0.560365	-0.401572	-0.549718	0.373555	-0.630085	-0.606519	0.25657	0.452098	-0.601593	0.0889987	0.419348	0.181124	-0.885111	-0.396422	-0.331204	-0.309083	-0.798512	-0.679224	0.068527	-0.426919	-0.593042	-0.674495	-0.192859	0.674065	-0.231296	-0.425739	-0.589473	0.484533	-0.486308	-0.165035	-0.738299	0.00291838	-0.653964	-0.38476	-0.623905	0.463301	-0.498051
-0.389511	-0.625073	0.375039	-0.562949	-0.389684	-0.557676	0.365037	-0.635525	-0.596498	0.246326	0.457549	-0.611689	0.0962804	0.41751	0.185851	-0.884237	-0.389183	-0.329269	-0.311215	-0.802037	-0.669137	0.0746597	-0.425325	-0.604797	-0.673362	-0.197933	0.672619	-0.234501	-0.423206	-0.592738	0.481194	-0.487863	-0.163238	-0.738148	-0.00180856	-0.654589	-0.38553	-0.624394	0.463422	-0.496728
-0.378367	-0.63195	0.366249	-0.568629	-0.383198	-0.561942	0.360561	-0.638261	-0.591084	0.240596	0.460364	-0.617089	0.112262	0.413165	0.19635	-0.882122	-0.373102	-0.324366	-0.315497	-0.809965	-0.663497	0.0782472	-0.424236	-0.611289	-0.670816	-0.20852	0.669579	-0.241224	-0.422283	-0.594253	0.479504	-0.488484	-0.158412	-0.737934	-0.0144696	-0.655858	-0.385333	-0.627586	0.460497	-0.495577
-0.372747	-0.635237	0.361742	-0.571556	-0.36948	-0.57045	0.350976	-0.644117	-0.579303	0.228638	0.466093	-0.628403	0.120528	0.410878	0.202032	-0.880815	-0.364267	-0.321634	-0.318079	-0.814056	-0.650936	0.0861964	-0.421558	-0.625412	-0.66979	-0.213774	0.667669	-0.244744	-0.421005	-0.597362	0.475853	-0.489364	-0.155037	-0.737532	-0.0222604	-0.656897	-0.383724	-0.630891	0.45595	-0.496832
-0.366758	-0.638747	0.356964	-0.574515	-0.36948	-0.57045	0.350976	-0.644117	-0.579303	0.228638	0.466093	-0.628403	0.128885	0.408573	0.207498	-0.879432	-0.354837	-0.318597	-0.320752	-0.818355	-0.650936	0.0861964	-0.421558	-0.625412	-0.669048	-0.218536	0.665735	-0.247817	-0.421005	-0.597362	0.475853	-0.489364	-0.150036	-0.737232	-0.0318601	-0.657999	-0.380797	-0.635663	0.448729	-0.499569
-0.360275	-0.642469	0.351792	-0.577648	-0.362299	-0.574738	0.345764	-0.647196	-0.573102	0.222536	0.468909	-0.634158	0.137557	0.406061	0.212936	-0.877981	-0.34497	-0.315287	-0.323496	-0.822764	-0.644059	0.090152	-0.420184	-0.632855	-0.668326	-0.223367	0.663712	-0.250866	-0.420858	-0.59868	0.474157	-0.489526	-0.144344	-0.737367	-0.0424317	-0.658524	-0.376712	-0.641565	0.439315	-0.503472
-0.353584	-0.646198	0.346299	-0.580934	-0.347103	-0.583544	0.334585	-0.65349	-0.566699	0.216127	0.471642	-0.640075	0.155597	0.400854	0.224394	-0.874501	-0.324719	-0.308266	-0.329435	-0.831265	-0.636764	0.0944835	-0.418769	-0.640498	-0.667636	-0.228467	0.661347	-0.254331	-0.421635	-0.600927	0.471274	-0.488888	-0.132749	-0.737454	-0.0637359	-0.659149	-0.365372	-0.655741	0.414788	-0.514255
-0.332644	-0.658413	0.327884	-0.590197	-0.331487	-0.592018	0.322322	-0.660106	-0.546429	0.196759	0.480402	-0.657203	0.174687	0.394967	0.236344	-0.870418	-0.303564	-0.30079	-0.335453	-0.839551	-0.60508	0.112945	-0.411945	-0.67188	-0.665706	-0.244082	0.653177	-0.265742	-0.421984	-0.605585	0.46628	-0.487626	-0.118098	-0.737961	-0.0869315	-0.658718	-0.35282	-0.670153	0.386799	-0.526118
-0.318055	-0.667087	0.313704	-0.596176	-0.315199	-0.600624	0.309241	-0.666536	-0.532079	0.183508	0.485739	-0.668786	0.193819	0.388674	0.247991	-0.865948	-0.282712	-0.292398	-0.34127	-0.847415	-0.597	0.1178	-0.409834	-0.679522	-0.663251	-0.256976	0.64605	-0.276915	-0.422037	-0.607281	0.465089	-0.486608	-0.107413	-0.738599	-0.103864	-0.657378	-0.345813	-0.677966	0.369361	-0.533243
-0.311035	-0.671352	0.306344	-0.598913	-0.306985	-0.605039	0.30248	-0.669473	-0.524687	0.176687	0.488393	-0.674505	0.203589	0.385444	0.253954	-0.863419	-0.272131	-0.288038	-0.343784	-0.851347	-0.588895	0.122724	-0.407604	-0.687023	-0.661971	-0.263557	0.641958	-0.283235	-0.421906	-0.609184	0.464326	-0.485069	-0.104854	-0.739226	-0.107855	-0.656443	-0.347663	-0.677655	0.368597	-0.532964
-0.29777	-0.679065	0.292684	-0.603771	-0.290671	-0.613159	0.288736	-0.675409	-0.50955	0.162646	0.493184	-0.686058	0.223261	0.378393	0.265493	-0.858188	-0.251214	-0.279339	-0.349332	-0.858387	-0.572797	0.132359	-0.403478	-0.701135	-0.659981	-0.275189	0.632359	-0.298024	-0.421133	-0.614129	0.464577	-0.479229	-0.104063	-0.742277	-0.108949	-0.652936	-0.353901	-0.67633	0.367864	-0.531045
-0.291035	-0.682591	0.286124	-0.606219	-0.282571	-0.616831	0.281788	-0.678431	-0.50196	0.155859	0.495482	-0.691551	0.232825	0.374914	0.271271	-0.855362	-0.251214	-0.279339	-0.349332	-0.858387	-0.564745	0.137025	-0.401962	-0.707612	-0.659876	-0.279363	0.626248	-0.307138	-0.421239	-0.619724	0.469984	-0.466492	-0.10334	-0.744953	-0.110634	-0.649713	-0.35715	-0.676279	0.367019	-0.529516
-0.274498	-0.691954	0.267117	-0.611963	-0.259547	-0.626792	0.262161	-0.686322	-0.479871	0.13558	0.501979	-0.706653	0.259994	0.364615	0.287952	-0.846489	-0.211922	-0.263824	-0.362191	-0.868506	-0.540747	0.150091	-0.398422	-0.725483	-0.664618	-0.280196	0.605084	-0.337115	-0.416252	-0.630685	0.476645	-0.4492	-0.0963701	-0.751061	-0.119836	-0.642074	-0.368348	-0.676922	0.364614	-0.522641
-0.270419	-0.693765	0.261349	-0.614215	-0.252308	-0.629513	0.255529	-0.689027	-0.472605	0.129106	0.503973	-0.711327	0.268679	0.36112	0.293336	-0.84342	-0.202839	-0.260105	-0.365961	-0.870215	-0.532824	0.154122	-0.397463	-0.731005	-0.66687	-0.275653	0.598024	-0.348807	-0.409312	-0.640521	0.47837	-0.439725	-0.0926329	-0.75339	-0.122871	-0.639317	-0.372131	-0.677291	0.362934	-0.520647
-0.261503	-0.698034	0.249239	-0.618259	-0.237904	-0.634319	0.242449	-0.694449	-0.458271	0.115834	0.507805	-0.720211	0.285832	0.354114	0.303803	-0.837022	-0.185105	-0.253797	-0.372885	-0.873087	-0.517104	0.160683	-0.396817	-0.741162	-0.668432	-0.261235	0.583557	-0.380022	-0.382766	-0.670704	0.473669	-0.423419	-0.0838015	-0.757405	-0.129841	-0.634395	-0.375947	-0.679812	0.35619	-0.519276
-0.261503	-0.698034	0.249239	-0.618259	-0.237904	-0.634319	0.242449	-0.694449	-0.458271	0.115834	0.507805	-0.720211	0.285832	0.354114	0.303803	-0.837022	-0.185105	-0.253797	-0.372885	-0.873087	-0.517104	0.160683	-0.396817	-0.741162	-0.668432	-0.261235	0.583557	-0.380022	-0.382766	-0.670704	0.473669	-0.423419	-0.0838015	-0.757405	-0.129841	-0.634395	-0.375947	-0.679812	0.35619	-0.519276
-0.253549	-0.701679	0.237252	-0.62215	-0.224746	-0.638809	0.229976	-0.698945	-0.444538	0.102676	0.510664	-0.728743	0.301735	0.346658	0.313685	-0.830895	-0.177029	-0.250981	-0.375602	-0.87441	-0.502326	0.166639	-0.394971	-0.750932	-0.659185	-0.2459	0.571191	-0.422787	-0.344691	-0.70836	0.459719	-0.409967	-0.0733604	-0.758989	-0.140699	-0.631473	-0.376423	-0.684001	0.348807	-0.518442
-0.249767	-0.703085	0.231517	-0.624249	-0.218478	-0.641508	0.223746	-0.700481	-0.438053	0.0964736	0.511681	-0.732793	0.309374	0.342755	0.318071	-0.828032	-0.162199	-0.24398	-0.3804	-0.877189	-0.495389	0.169745	-0.393373	-0.755667	-0.649661	-0.241845	0.568416	-0.44312	-0.309003	-0.742912	0.438843	-0.40002	-0.0686252	-0.759127	-0.14621	-0.630587	-0.37544	-0.686587	0.344968	-0.518305
-0.238275	-0.706986	0.216082	-0.629845	-0.206277	-0.647657	0.210958	-0.702486	-0.4261	0.0828644	0.512473	-0.740907	0.323958	0.333288	0.32734	-0.82269	-0.154719	-0.240819	-0.38288	-0.878334	-0.481548	0.175555	-0.391629	-0.764146	-0.625645	-0.238865	0.564604	-0.482426	-0.277249	-0.763835	0.412851	-0.411391	-0.0528564	-0.75747	-0.161404	-0.630392	-0.367402	-0.695026	0.33513	-0.519271
-0.231089	-0.709326	0.206815	-0.632994	-0.200433	-0.65022	0.203639	-0.703969	-0.421106	0.0758841	0.512545	-0.744452	0.330281	0.327927	0.332391	-0.820302	-0.138339	-0.237201	-0.389398	-0.879186	-0.474468	0.177814	-0.392235	-0.767733	-0.608856	-0.242179	0.565091	-0.501315	-0.229976	-0.789126	0.357695	-0.443221	-0.0421115	-0.755514	-0.171574	-0.630863	-0.361533	-0.699933	0.329323	-0.520514
-0.210103	-0.714356	0.178591	-0.643162	-0.18401	-0.656126	0.181408	-0.709035	-0.407062	0.0583413	0.510302	-0.755307	0.347545	0.312151	0.34343	-0.814758	-0.115402	-0.232204	-0.398488	-0.879757	-0.453864	0.183908	-0.392341	-0.778624	-0.551294	-0.272702	0.557247	-0.557839	-0.217243	-0.790732	0.3129	-0.47921	-0.00542323	-0.74751	-0.204311	-0.632025	-0.343218	-0.713176	0.311114	-0.526108
-0.202449	-0.715392	0.16846	-0.647186	-0.17208	-0.659687	0.168467	-0.711913	-0.396882	0.0504974	0.508458	-0.762499	0.353281	0.307976	0.345376	-0.813055	-0.108649	-0.23088	-0.400494	-0.880054	-0.441326	0.186616	-0.392098	-0.78528	-0.511743	-0.295302	0.548315	-0.591834	-0.200188	-0.782439	0.258484	-0.529999	0.00694535	-0.745375	-0.215828	-0.630703	-0.340292	-0.716075	0.307485	-0.526204
-0.194165	-0.715869	0.157559	-0.651926	-0.17208	-0.659687	0.168467	-0.711913	-0.396882	0.0504974	0.508458	-0.762499	0.358938	0.304258	0.347065	-0.811256	-0.102479	-0.229944	-0.401779	-0.880453	-0.441326	0.186616	-0.392098	-0.78528	-0.511743	-0.295302	0.548315	-0.591834	-0.200188	-0.782439	0.258484	-0.529999	0.0169826	-0.743955	-0.225686	-0.628735	-0.338007	-0.71867	0.304655	-0.525785
-0.187049	-0.71576	0.147466	-0.656471	-0.16583	-0.661408	0.162537	-0.713177	-0.392038	0.0473879	0.508177	-0.765387	0.364279	0.301147	0.348683	-0.80934	-0.0969207	-0.229221	-0.403144	-0.880647	-0.435606	0.187594	-0.391906	-0.788331	-0.492422	-0.305683	0.543855	-0.606877	-0.187526	-0.775559	0.227421	-0.558231	0.0251876	-0.742769	-0.233633	-0.626958	-0.336354	-0.721097	0.30241	-0.524818
-0.180036	-0.714993	0.137747	-0.66136	-0.159733	-0.662794	0.157102	-0.714499	-0.387346	0.0443775	0.508503	-0.767736	0.369252	0.29901	0.350522	-0.807081	-0.0915896	-0.228336	-0.404572	-0.880793	-0.430676	0.188202	-0.391458	-0.791113	-0.474577	-0.314063	0.54108	-0.619171	-0.17483	-0.766249	0.19659	-0.586217	0.0336149	-0.741299	-0.241161	-0.62545	-0.334588	-0.723703	0.300312	-0.523562
-0.173065	-0.713816	0.128673	-0.666302	-0.154264	-0.663535	0.152126	-0.716088	-0.382924	0.0416908	0.50938	-0.769521	0.373744	0.297274	0.352782	-0.804667	-0.0915896	-0.228336	-0.404572	-0.880793	-0.42666	0.188541	-0.390684	-0.793586	-0.458014	-0.321325	0.538599	-0.629988	-0.163774	-0.754422	0.167649	-0.613123	0.0336149	-0.741299	-0.241161	-0.62545	-0.334509	-0.725709	0.299638	-0.521218
-0.166446	-0.712456	0.120534	-0.67095	-0.149388	-0.663754	0.147603	-0.717863	-0.378736	0.0393398	0.510607	-0.770903	0.377808	0.296405	0.354692	-0.802246	-0.0824612	-0.22572	-0.405949	-0.881734	-0.423327	0.189125	-0.389348	-0.795886	-0.442806	-0.327491	0.535697	-0.640078	-0.155643	-0.739885	0.142257	-0.638833	0.051551	-0.738604	-0.255936	-0.621534	-0.336616	-0.7269	0.300876	-0.517475
-0.155677	-0.709674	0.107187	-0.678704	-0.140595	-0.663022	0.139768	-0.721873	-0.371089	0.0368504	0.513664	-0.772712	0.385197	0.29617	0.357275	-0.79766	-0.0754078	-0.221535	-0.406551	-0.883149	-0.418047	0.190857	-0.385578	-0.800087	-0.416237	-0.337409	0.528565	-0.658423	-0.147851	-0.703752	0.107931	-0.686457	0.0615832	-0.738895	-0.26267	-0.617451	-0.339543	-0.730293	0.30249	-0.509788
-0.15209	-0.707807	0.102586	-0.682169	-0.136874	-0.662023	0.137072	-0.724018	-0.367823	0.0362041	0.515302	-0.773214	0.388564	0.296466	0.358332	-0.795439	-0.0724931	-0.219014	-0.407232	-0.883708	-0.416073	0.191697	-0.383402	-0.801959	-0.40595	-0.339284	0.526937	-0.665152	-0.145963	-0.685066	0.0970608	-0.707078	0.0675083	-0.738481	-0.2654	-0.616158	-0.339283	-0.73301	0.302273	-0.506177
-0.14538	-0.702759	0.0960549	-0.689759	-0.131221	-0.658996	0.133503	-0.728479	-0.362116	0.0353422	0.517939	-0.774185	0.39423	0.296798	0.35972	-0.791894	-0.0680554	-0.213337	-0.408154	-0.885023	-0.413367	0.194439	-0.379015	-0.804779	-0.387869	-0.339562	0.528295	-0.674655	-0.144309	-0.651498	0.0798779	-0.740503	0.0801741	-0.737302	-0.271433	-0.613418	-0.33608	-0.740123	0.2998	-0.499388
-0.141562	-0.700457	0.0929171	-0.693316	-0.129324	-0.65749	0.132531	-0.730355	-0.359716	0.0354726	0.518885	-0.774664	0.396522	0.297174	0.359853	-0.790547	-0.0667911	-0.210262	-0.408405	-0.885739	-0.412489	0.196325	-0.37669	-0.805862	-0.379822	-0.339361	0.528524	-0.679141	-0.143573	-0.636954	0.0740629	-0.753785	0.0850273	-0.736848	-0.273481	-0.6124	-0.333162	-0.744387	0.297891	-0.496137
-0.131797	-0.694537	0.085369	-0.702111	-0.126154	-0.654525	0.131491	-0.733752	-0.356245	0.0367039	0.519935	-0.775506	0.398312	0.297642	0.359533	-0.789616	-0.0659988	-0.207506	-0.408718	-0.886304	-0.412244	0.19987	-0.373648	-0.806532	-0.365312	-0.341052	0.525772	-0.688327	-0.143139	-0.614933	0.0658661	-0.772678	0.0911275	-0.735763	-0.276367	-0.611531	-0.328786	-0.749251	0.294745	-0.493608
-0.127208	-0.690986	0.0821813	-0.706825	-0.125659	-0.65214	0.131405	-0.735973	-0.355122	0.0378061	0.520148	-0.775826	0.400368	0.298706	0.357999	-0.788871	-0.0660674	-0.203168	-0.40946	-0.886961	-0.412989	0.201632	-0.372429	-0.806276	-0.360088	-0.343237	0.523495	-0.691721	-0.14151	-0.607302	0.0596311	-0.779489	0.109403	-0.731654	-0.284968	-0.609513	-0.314144	-0.761094	0.281908	-0.492522
-0.127208	-0.690986	0.0821813	-0.706825	-0.125659	-0.65214	0.131405	-0.735973	-0.355122	0.0378061	0.520148	-0.775826	0.400368	0.298706	0.357999	-0.788871	-0.0660674	-0.203168	-0.40946	-0.886961	-0.412989	0.201632	-0.372429	-0.806276	-0.360088	-0.343237	0.523495	-0.691721	-0.14151	-0.607302	0.0596311	-0.779489	0.109403	-0.731654	-0.284968	-0.609513	-0.314144	-0.761094	0.281908	-0.492522
-0.119482	-0.686972	0.0768303	-0.712665	-0.12615	-0.646161	0.130976	-0.74122	-0.354509	0.0420807	0.519939	-0.776026	0.400712	0.299325	0.356746	-0.789029	-0.0670625	-0.201535	-0.409926	-0.887044	-0.416278	0.204535	-0.370488	-0.804746	-0.352664	-0.350028	0.517268	-0.696809	-0.134196	-0.599035	0.0430868	-0.788221	0.117042	-0.73101	-0.287033	-0.607896	-0.307343	-0.766887	0.27415	-0.492206
-0.116343	-0.685926	0.0742397	-0.714464	-0.126896	-0.643115	0.131216	-0.743695	-0.354509	0.0420807	0.519939	-0.776026	0.400919	0.301794	0.352164	-0.790041	-0.0713341	-0.19883	-0.409786	-0.887386	-0.418668	0.205835	-0.369575	-0.803594	-0.350245	-0.354218	0.514677	-0.697829	-0.131114	-0.597647	0.0365602	-0.790121	0.129937	-0.732285	-0.289285	-0.602652	-0.285554	-0.782098	0.248985	-0.494761
-0.113956	-0.685129	0.0725115	-0.715789	-0.128036	-0.64016	0.131809	-0.745941	-0.355467	0.0492118	0.519407	-0.775524	0.400428	0.303692	0.349117	-0.790915	-0.0743319	-0.197656	-0.409125	-0.887707	-0.421556	0.207199	-0.368366	-0.802288	-0.348823	-0.358653	0.511863	-0.698345	-0.128765	-0.597419	0.0322789	-0.790866	0.137711	-0.732505	-0.290495	-0.600071	-0.273027	-0.789455	0.236169	-0.496428
-0.112476	-0.684517	0.0723797	-0.716621	-0.129409	-0.637289	0.132776	-0.747988	-0.356365	0.0533254	0.519273	-0.774929	0.399692	0.305887	0.34603	-0.791797	-0.0776564	-0.196183	-0.408036	-0.88825	-0.424732	0.208468	-0.366769	-0.801014	-0.348065	-0.363335	0.508763	-0.698569	-0.126777	-0.598502	0.0303872	-0.790442	0.145234	-0.733365	-0.289434	-0.597756	-0.261815	-0.795536	0.225493	-0.497724
-0.111467	-0.684408	0.0733759	-0.716783	-0.130605	-0.634365	0.13389	-0.750065	-0.357402	0.0574636	0.519319	-0.774125	0.398842	0.308202	0.342991	-0.79265	-0.0810561	-0.194427	-0.407009	-0.888803	-0.428076	0.209659	-0.364988	-0.799736	-0.348982	-0.366667	0.506934	-0.6977	-0.125518	-0.600307	0.0307634	-0.789259	0.15085	-0.735109	-0.286082	-0.595832	-0.251849	-0.800987	0.217054	-0.497875
-0.111467	-0.684408	0.0733759	-0.716783	-0.132082	-0.631252	0.135304	-0.752176	-0.357402	0.0574636	0.519319	-0.774125	0.39785	0.310569	0.339888	-0.793561	-0.0844398	-0.19246	-0.406042	-0.889359	-0.431636	0.21104	-0.36296	-0.798382	-0.350318	-0.37014	0.506676	-0.69538	-0.123791	-0.603042	0.0312209	-0.787427	0.155921	-0.737335	-0.28205	-0.593695	-0.244513	-0.805841	0.211375	-0.496139
-0.10976	-0.686003	0.0802681	-0.714779	-0.135801	-0.626238	0.139589	-0.754917	-0.360544	0.0690122	0.518908	-0.771997	0.394851	0.315118	0.333895	-0.795806	-0.0875087	-0.190504	-0.404842	-0.89003	-0.439308	0.214991	-0.359283	-0.794797	-0.353764	-0.379414	0.508018	-0.687615	-0.12033	-0.611065	0.0340139	-0.781641	0.15908	-0.740267	-0.276432	-0.591847	-0.2291	-0.816554	0.200967	-0.490271
-0.111442	-0.686424	0.0851934	-0.713543	-0.141389	-0.622265	0.145845	-0.755992	-0.363019	0.0770032	0.518271	-0.770508	0.393093	0.317544	0.33085	-0.796983	-0.0939869	-0.186873	-0.402113	-0.891375	-0.447429	0.219984	-0.356327	-0.790218	-0.35767	-0.39081	0.514346	-0.67438	-0.112173	-0.62431	0.0331986	-0.772368	0.1676	-0.746252	-0.265044	-0.587171	-0.219879	-0.822157	0.194025	-0.48792
-0.115553	-0.690971	0.0955978	-0.707155	-0.145718	-0.62	0.149415	-0.756334	-0.364683	0.0799318	0.518825	-0.76905	0.390166	0.321973	0.325876	-0.798692	-0.101992	-0.184156	-0.402241	-0.891003	-0.451348	0.221363	-0.355872	-0.787806	-0.361778	-0.397095	0.51324	-0.66934	-0.109531	-0.620734	0.0250146	-0.775929	0.177785	-0.754296	-0.251229	-0.579926	-0.192527	-0.834156	0.176044	-0.485927
-0.121058	-0.698839	0.102211	-0.697511	-0.149127	-0.618691	0.15173	-0.756281	-0.368489	0.0803667	0.520334	-0.766165	0.387149	0.32302	0.327289	-0.799159	-0.104519	-0.186811	-0.405355	-0.888743	-0.454332	0.22137	-0.358029	-0.785107	-0.368819	-0.383529	0.526118	-0.663383	-0.102604	-0.624628	0.0230445	-0.77381	0.171511	-0.761622	-0.238494	-0.577613	-0.179443	-0.83998	0.168549	-0.483555
-0.121058	-0.698839	0.102211	-0.697511	-0.153209	-0.618943	0.156866	-0.754208	-0.373207	0.0787636	0.521772	-0.763064	0.387149	0.32302	0.327289	-0.799159	-0.104519	-0.186811	-0.405355	-0.888743	-0.458367	0.218815	-0.361465	-0.781897	-0.369275	-0.375171	0.528574	-0.665952	-0.103046	-0.630762	0.0358364	-0.768268	0.171511	-0.761622	-0.238494	-0.577613	-0.179443	-0.83998	0.168549	-0.483555
-0.132207	-0.705346	0.114174	-0.687003	-0.158029	-0.62178	0.163474	-0.749462	-0.377767	0.076158	0.52332	-0.760019	0.376116	0.324322	0.333943	-0.801145	-0.110492	-0.19785	-0.398256	-0.888841	-0.462492	0.214753	-0.363645	-0.77958	-0.37166	-0.370152	0.531936	-0.664756	-0.0891707	-0.639618	0.0312203	-0.762864	0.177395	-0.759756	-0.233737	-0.580232	-0.151673	-0.852661	0.153894	-0.475691
-0.13406	-0.711988	0.117239	-0.679232	-0.164678	-0.625828	0.170374	-0.743097	-0.386196	0.0697539	0.526156	-0.754418	0.36723	0.322395	0.342584	-0.802397	-0.117756	-0.208045	-0.388571	-0.889867	-0.465787	0.203261	-0.365622	-0.779774	-0.370194	-0.374303	0.533238	-0.662201	-0.0886282	-0.652975	0.0523823	-0.75035	0.195369	-0.751641	-0.23923	-0.582783	-0.116874	-0.861798	0.133713	-0.475149
-0.131168	-0.719475	0.119974	-0.671384	-0.16559	-0.627988	0.174556	-0.740095	-0.388554	0.0640405	0.526963	-0.75315	0.366705	0.318454	0.348016	-0.801873	-0.121942	-0.220382	-0.38418	-0.888239	-0.464962	0.185402	-0.369777	-0.782753	-0.372373	-0.38083	0.531793	-0.658409	-0.0738329	-0.663479	0.0443625	-0.74322	0.214713	-0.743316	-0.244897	-0.584299	-0.0811421	-0.866477	0.110587	-0.480004
-0.128254	-0.726552	0.119919	-0.664298	-0.163318	-0.632869	0.178142	-0.735574	-0.384981	0.0600901	0.528511	-0.754225	0.370284	0.317312	0.350695	-0.79951	-0.127094	-0.2278	-0.370926	-0.891273	-0.463929	0.170569	-0.367894	-0.78761	-0.3711	-0.392741	0.529304	-0.654123	-0.0639655	-0.670251	0.0404493	-0.738265	0.225352	-0.739531	-0.246065	-0.584604	-0.0646094	-0.867982	0.102116	-0.48167
-0.127265	-0.728337	0.120431	-0.662439	-0.160126	-0.64066	0.18014	-0.729016	-0.382071	0.0572817	0.529725	-0.755071	0.372996	0.317006	0.352533	-0.797559	-0.127809	-0.230129	-0.366372	-0.892456	-0.464149	0.161678	-0.365135	-0.790634	-0.369603	-0.397002	0.528122	-0.653353	-0.0586853	-0.675559	0.0413914	-0.7338	0.228619	-0.73898	-0.245014	-0.584474	-0.0596394	-0.868171	0.10013	-0.482386
-0.126118	-0.732627	0.123724	-0.657301	-0.159049	-0.644327	0.181584	-0.725654	-0.377062	0.0508449	0.532327	-0.756219	0.377723	0.315729	0.357591	-0.79358	-0.125661	-0.234059	-0.358895	-0.894774	-0.464235	0.159362	-0.364155	-0.791505	-0.370449	-0.397189	0.529085	-0.65198	-0.0578266	-0.677488	0.0430014	-0.731995	0.230366	-0.739685	-0.241147	-0.584505	-0.0606028	-0.868377	0.104208	-0.481029
-0.12524	-0.73468	0.1258	-0.654778	-0.15687	-0.650376	0.182998	-0.720357	-0.374261	0.0435391	0.534395	-0.756607	0.380011	0.313646	0.363639	-0.790559	-0.121997	-0.237178	-0.355039	-0.895997	-0.462718	0.156975	-0.363983	-0.792949	-0.371687	-0.397892	0.531421	-0.648939	-0.0578173	-0.680284	0.0466179	-0.729176	0.228733	-0.742803	-0.235063	-0.583669	-0.0667473	-0.867915	0.11192	-0.479315
-0.124748	-0.736138	0.128231	-0.65276	-0.155613	-0.653931	0.18414	-0.717113	-0.373689	0.0373009	0.535041	-0.756767	0.380802	0.311017	0.368686	-0.788878	-0.117106	-0.239605	-0.354564	-0.896192	-0.459403	0.155931	-0.365578	-0.794347	-0.370709	-0.399025	0.531834	-0.648465	-0.0605793	-0.683089	0.0527314	-0.725906	0.227875	-0.744408	-0.232443	-0.583009	-0.0745812	-0.867435	0.119054	-0.477305
-0.122927	-0.736722	0.127627	-0.652565	-0.154807	-0.655075	0.184489	-0.716154	-0.374212	0.0351018	0.535188	-0.75651	0.38032	0.309953	0.370624	-0.788622	-0.114787	-0.240516	-0.354607	-0.896231	-0.457405	0.155637	-0.366606	-0.795084	-0.37034	-0.399492	0.531268	-0.648852	-0.0621325	-0.684825	0.0556896	-0.723915	0.227218	-0.746394	-0.230109	-0.581651	-0.077403	-0.867357	0.121065	-0.476491
-0.121251	-0.736624	0.126697	-0.653171	-0.153824	-0.655657	0.184625	-0.715797	-0.375083	0.0336583	0.535515	-0.755912	0.379187	0.309304	0.372361	-0.788604	-0.112594	-0.241369	-0.355234	-0.896031	-0.455254	0.155275	-0.367681	-0.795892	-0.369729	-0.399783	0.530724	-0.649466	-0.0624896	-0.686779	0.0567094	-0.721951	0.228386	-0.746554	-0.230478	-0.580842	-0.0779473	-0.867357	0.121416	-0.476313
-0.120073	-0.736419	0.126096	-0.653735	-0.15275	-0.655814	0.184547	-0.715903	-0.376165	0.0325661	0.535949	-0.755114	0.378063	0.308912	0.373816	-0.788609	-0.110569	-0.241747	-0.356236	-0.895784	-0.453338	0.154934	-0.368419	-0.79671	-0.368384	-0.399947	0.529871	-0.650825	-0.0617263	-0.688836	0.0564936	-0.720072	0.230042	-0.7464	-0.231121	-0.58013	-0.0776365	-0.867315	0.121327	-0.476462
-0.11814	-0.735341	0.124843	-0.655539	-0.150457	-0.655373	0.184386	-0.716833	-0.377581	0.0317341	0.537399	-0.75341	0.377024	0.309489	0.375771	-0.787951	-0.106483	-0.24051	-0.357069	-0.89628	-0.450892	0.15538	-0.36744	-0.798462	-0.364756	-0.400404	0.527648	-0.654382	-0.0598355	-0.692961	0.0566811	-0.716248	0.230595	-0.74664	-0.230965	-0.579663	-0.0786076	-0.867254	0.122122	-0.476212
-0.11814	-0.735341	0.124843	-0.655539	-0.150457	-0.655373	0.184386	-0.716833	-0.377581	0.0317341	0.537399	-0.75341	0.377024	0.309489	0.375771	-0.787951	-0.106483	-0.24051	-0.357069	-0.89628	-0.450892	0.15538	-0.36744	-0.798462	-0.364756	-0.400404	0.527648	-0.654382	-0.0598355	-0.692961	0.0566811	-0.716248	0.230595	-0.74664	-0.230965	-0.579663	-0.0786076	-0.867254	0.122122	-0.476212
-0.11703	-0.734523	0.124021	-0.656809	-0.14917	-0.655142	0.184216	-0.717358	-0.377691	0.0319219	0.538755	-0.752379	0.376718	0.310645	0.376468	-0.787309	-0.104689	-0.238994	-0.356789	-0.897008	-0.449272	0.15703	-0.364336	-0.800472	-0.363907	-0.400173	0.527085	-0.65545	-0.0575019	-0.696081	0.0560001	-0.713462	0.230595	-0.74664	-0.230965	-0.579663	-0.0785936	-0.867497	0.122053	-0.475788
-0.117322	-0.732308	0.123943	-0.659241	-0.14719	-0.654803	0.18457	-0.717984	-0.375899	0.0319611	0.54126	-0.751476	0.377557	0.312936	0.377427	-0.785538	-0.101863	-0.235398	-0.356062	-0.898572	-0.448535	0.15822	-0.362647	-0.801418	-0.364327	-0.398786	0.527681	-0.655583	-0.055109	-0.697272	0.0539348	-0.712647	0.230595	-0.74664	-0.230965	-0.579663	-0.0772356	-0.867827	0.121429	-0.475568
-0.120109	-0.730497	0.126073	-0.660343	-0.146028	-0.653635	0.184841	-0.719215	-0.373573	0.0314318	0.542457	-0.751795	0.379757	0.313798	0.377841	-0.783933	-0.0994179	-0.231367	-0.357481	-0.899329	-0.447188	0.161269	-0.359709	-0.802885	-0.363631	-0.398761	0.529695	-0.654358	-0.0498793	-0.699388	0.0493848	-0.711287	0.231872	-0.746419	-0.230491	-0.579628	-0.075933	-0.867952	0.121353	-0.47557
-0.122171	-0.727552	0.126903	-0.663052	-0.14578	-0.652671	0.184321	-0.720274	-0.371241	0.0311117	0.541708	-0.753502	0.382261	0.312603	0.377251	-0.783478	-0.0983828	-0.22805	-0.35867	-0.899816	-0.445994	0.164943	-0.358316	-0.803425	-0.362797	-0.39857	0.530082	-0.654624	-0.0463324	-0.701321	0.0466021	-0.70981	0.23098	-0.746943	-0.229212	-0.579816	-0.0769947	-0.867977	0.123096	-0.474905
-0.123165	-0.726401	0.12723	-0.664067	-0.146169	-0.651108	0.183544	-0.721806	-0.370225	0.0316167	0.540762	-0.754659	0.383738	0.311868	0.376034	-0.783634	-0.0982592	-0.226603	-0.360034	-0.899651	-0.444775	0.168962	-0.358814	-0.803044	-0.363007	-0.397899	0.530816	-0.654322	-0.0440962	-0.70296	0.0451601	-0.708423	0.230293	-0.747062	-0.228892	-0.580063	-0.0774621	-0.868171	0.12354	-0.47436
-0.124506	-0.725473	0.127731	-0.664735	-0.146169	-0.651108	0.183544	-0.721806	-0.369448	0.0322925	0.539867	-0.755651	0.384984	0.311211	0.374687	-0.783929	-0.0982816	-0.225372	-0.361728	-0.899278	-0.444775	0.168962	-0.358814	-0.803044	-0.363546	-0.39699	0.531661	-0.653888	-0.0440962	-0.70296	0.0451601	-0.708423	0.230181	-0.746935	-0.229129	-0.580176	-0.0766999	-0.868508	0.123174	-0.47396
-0.125642	-0.72466	0.12816	-0.665324	-0.146556	-0.650189	0.183107	-0.722667	-0.368811	0.0328764	0.538941	-0.756597	0.38578	0.310617	0.373605	-0.78429	-0.0985095	-0.22447	-0.362996	-0.898968	-0.444277	0.171154	-0.35956	-0.802521	-0.364127	-0.395964	0.532824	-0.65324	-0.0437363	-0.703726	0.0455294	-0.707661	0.229947	-0.746856	-0.229103	-0.580381	-0.0761135	-0.868785	0.12306	-0.473577
-0.127438	-0.723195	0.128797	-0.666453	-0.147497	-0.648136	0.182237	-0.724537	-0.368462	0.0343972	0.538054	-0.757331	0.386498	0.31024	0.371953	-0.78487	-0.0989167	-0.222655	-0.366089	-0.89812	-0.443938	0.175347	-0.360934	-0.801186	-0.364643	-0.394344	0.533883	-0.653067	-0.0430054	-0.705578	0.046566	-0.705792	0.229512	-0.746834	-0.228469	-0.580831	-0.0765255	-0.869274	0.124152	-0.472327
-0.128116	-0.722412	0.12916	-0.667102	-0.147906	-0.647515	0.181811	-0.725115	-0.368633	0.0349771	0.537733	-0.757449	0.38669	0.310274	0.371354	-0.785046	-0.0989737	-0.221739	-0.367607	-0.89772	-0.444004	0.179023	-0.362339	-0.799701	-0.364684	-0.393316	0.534408	-0.653235	-0.0410914	-0.707827	0.0465954	-0.703649	0.229512	-0.746834	-0.228469	-0.580831	-0.0770193	-0.869538	0.124887	-0.471567
-0.129308	-0.720738	0.129791	-0.668558	-0.148659	-0.647145	0.18146	-0.72538	-0.368884	0.035361	0.53745	-0.75751	0.386299	0.310198	0.370579	-0.785635	-0.0989192	-0.220555	-0.370181	-0.89696	-0.443904	0.180501	-0.363193	-0.799037	-0.364566	-0.390856	0.53615	-0.65335	-0.040133	-0.708858	0.0466868	-0.702659	0.228217	-0.74685	-0.227496	-0.581703	-0.0764396	-0.870256	0.12543	-0.47019
-0.130032	-0.719683	0.130046	-0.669504	-0.149064	-0.646987	0.181259	-0.725488	-0.369729	0.0364081	0.536358	-0.757822	0.385811	0.310168	0.369674	-0.786312	-0.0988533	-0.220204	-0.372023	-0.896291	-0.443336	0.182463	-0.364826	-0.798162	-0.364209	-0.389683	0.537422	-0.653205	-0.0376161	-0.710707	0.0460442	-0.700971	0.227685	-0.746499	-0.227254	-0.582456	-0.076073	-0.870918	0.126123	-0.468836
-0.130409	-0.718945	0.130384	-0.670158	-0.149201	-0.646633	0.180714	-0.725911	-0.369659	0.0371655	0.535822	-0.758199	0.385734	0.310409	0.368677	-0.786723	-0.0988263	-0.219955	-0.372795	-0.896034	-0.442618	0.18369	-0.365679	-0.797888	-0.363733	-0.38807	0.537933	-0.654009	-0.0361126	-0.711884	0.0467025	-0.699811	0.227672	-0.746491	-0.227176	-0.582501	-0.0763952	-0.871025	0.126706	-0.468427
-0.130638	-0.718765	0.130533	-0.670277	-0.149171	-0.646678	0.180641	-0.725896	-0.369337	0.0374793	0.535759	-0.758385	0.385995	0.31049	0.368238	-0.786769	-0.0983401	-0.219516	-0.373512	-0.895897	-0.442315	0.183952	-0.365722	-0.797976	-0.363373	-0.387715	0.538186	-0.654212	-0.0355654	-0.712311	0.047045	-0.699382	0.22717	-0.74698	-0.226712	-0.582251	-0.0773524	-0.871075	0.127643	-0.467924
-0.130208	-0.718659	0.129976	-0.670582	-0.148645	-0.64725	0.180452	-0.725541	-0.368493	0.0381308	0.535783	-0.758746	0.387037	0.310621	0.36736	-0.786615	-0.0982808	-0.219039	-0.373097	-0.896193	-0.441655	0.184422	-0.365419	-0.798373	-0.363436	-0.388173	0.537188	-0.654725	-0.036765	-0.712729	0.0486249	-0.698786	0.227006	-0.747452	-0.226944	-0.581619	-0.0784679	-0.87115	0.127995	-0.467502
-0.129928	-0.719082	0.129628	-0.670251	-0.147815	-0.647588	0.180164	-0.72548	-0.367757	0.0383749	0.536478	-0.7586	0.38846	0.310649	0.367338	-0.785913	-0.0981216	-0.218942	-0.372936	-0.896301	-0.440952	0.1848	-0.365414	-0.798675	-0.364708	-0.388452	0.535795	-0.654994	-0.0403468	-0.712256	0.052788	-0.698768	0.227267	-0.747665	-0.227007	-0.581218	-0.0784458	-0.871042	0.12789	-0.467736
-0.130498	-0.719262	0.129978	-0.669879	-0.147402	-0.647739	0.180308	-0.725394	-0.36761	0.0378145	0.536956	-0.758361	0.388738	0.310645	0.36799	-0.785471	-0.0968203	-0.219252	-0.372776	-0.896433	-0.440648	0.184706	-0.365603	-0.798779	-0.365352	-0.387927	0.53637	-0.654475	-0.0411144	-0.71202	0.0536243	-0.698901	0.227156	-0.748576	-0.226112	-0.580437	-0.0783934	-0.87091	0.127973	-0.467968
-0.130257	-0.719586	0.13025	-0.669525	-0.146756	-0.6484	0.180999	-0.724761	-0.367898	0.0361505	0.538337	-0.757322	0.387708	0.310939	0.370305	-0.784776	-0.0960118	-0.219619	-0.37254	-0.896528	-0.439641	0.18381	-0.365831	-0.799435	-0.365409	-0.388384	0.536363	-0.654178	-0.0412734	-0.71182	0.0537541	-0.699085	0.226821	-0.74882	-0.225724	-0.580404	-0.0790297	-0.870757	0.128556	-0.467985
-0.129857	-0.71961	0.130311	-0.669565	-0.146422	-0.648637	0.181192	-0.724569	-0.368193	0.0354466	0.538771	-0.756904	0.387262	0.311164	0.371225	-0.784473	-0.094774	-0.220084	-0.372034	-0.896756	-0.438942	0.18308	-0.365661	-0.800065	-0.365413	-0.388612	0.536115	-0.654244	-0.0415015	-0.711748	0.0538976	-0.699134	0.22674	-0.748674	-0.225827	-0.580585	-0.0794367	-0.870758	0.128805	-0.467845
-0.128788	-0.719643	0.130181	-0.669762	-0.145769	-0.648701	0.181833	-0.724483	-0.368582	0.0354717	0.539287	-0.756346	0.386687	0.311917	0.371533	-0.784311	-0.0938596	-0.219886	-0.371278	-0.897214	-0.437485	0.181693	-0.364725	-0.801605	-0.365727	-0.388836	0.536108	-0.653941	-0.0423137	-0.71177	0.0544399	-0.69902	0.226413	-0.74876	-0.226044	-0.580517	-0.080148	-0.870839	0.128988	-0.467524
-0.128423	-0.719578	0.130341	-0.66987	-0.145443	-0.648526	0.18215	-0.724625	-0.368599	0.0359844	0.539609	-0.756083	0.386511	0.312679	0.371181	-0.784261	-0.0934206	-0.219649	-0.370795	-0.897518	-0.437024	0.181245	-0.364077	-0.802252	-0.365889	-0.388885	0.535944	-0.653955	-0.0426556	-0.711817	0.0546814	-0.698933	0.226297	-0.74877	-0.226089	-0.580531	-0.0802479	-0.870965	0.128943	-0.467284
-0.127753	-0.719559	0.130582	-0.669972	-0.14481	-0.647977	0.182427	-0.725173	-0.368514	0.0372019	0.540506	-0.755425	0.386386	0.313494	0.370813	-0.784172	-0.0931231	-0.219207	-0.370355	-0.897838	-0.436913	0.180688	-0.362636	-0.803091	-0.366156	-0.388639	0.535874	-0.65401	-0.0427891	-0.711946	0.0548613	-0.698779	0.225999	-0.748761	-0.226007	-0.580691	-0.0812148	-0.87116	0.129552	-0.466584
-0.127753	-0.719559	0.130582	-0.669972	-0.14481	-0.647977	0.182427	-0.725173	-0.368514	0.0372019	0.540506	-0.755425	0.386348	0.314285	0.370628	-0.783961	-0.0929668	-0.218749	-0.369961	-0.898129	-0.436913	0.180688	-0.362636	-0.803091	-0.366156	-0.388639	0.535874	-0.65401	-0.0427891	-0.711946	0.0548613	-0.698779	0.225493	-0.749029	-0.225596	-0.580702	-0.0812148	-0.87116	0.129552	-0.466584
-0.127848	-0.719394	0.131001	-0.670049	-0.1446	-0.647884	0.182841	-0.725194	-0.368473	0.0374954	0.541012	-0.755068	0.386334	0.314982	0.370635	-0.783685	-0.0928196	-0.218418	-0.369374	-0.898466	-0.43715	0.180901	-0.362074	-0.803167	-0.366287	-0.388296	0.536272	-0.653814	-0.0427027	-0.712083	0.0548489	-0.698646	0.225104	-0.749463	-0.225165	-0.580461	-0.0818605	-0.871075	0.130003	-0.466505
-0.128097	-0.719022	0.132099	-0.670186	-0.144335	-0.647697	0.18392	-0.725141	-0.368734	0.0371408	0.542243	-0.754074	0.386249	0.315471	0.37111	-0.783306	-0.0926708	-0.21817	-0.368983	-0.898702	-0.437786	0.181483	-0.361463	-0.802965	-0.366535	-0.387813	0.536608	-0.653686	-0.0436747	-0.712182	0.0558215	-0.698407	0.224908	-0.749702	-0.224991	-0.580295	-0.0831242	-0.870964	0.130621	-0.466315
