FULLBODY	1																																						
Frames:	95																																						
-0.414593	-0.611829	0.403014	-0.539775	-0.386482	-0.579175	0.397171	-0.597865	-0.725445	-0.18267	0.599659	-0.284201	-0.69408	-0.0587961	0.670015	-0.256663	-0.0480302	-0.649025	-0.0106833	-0.759175	-0.119334	-0.641533	-0.0671734	-0.754773	-0.687865	-0.166194	0.677976	-0.198921	-0.448235	-0.573844	0.494627	-0.474481	-0.055341	-0.931341	0.258767	-0.250162	-0.392367	-0.612396	0.472434	-0.497821
-0.426497	-0.602387	0.404714	-0.539849	-0.396816	-0.572278	0.392556	-0.600779	-0.728939	-0.175815	0.59993	-0.278965	-0.696785	-0.0511166	0.669437	-0.252453	-0.0466429	-0.653189	-0.0135133	-0.755636	-0.115824	-0.645448	-0.0692376	-0.75179	-0.689856	-0.156115	0.67927	-0.195754	-0.45299	-0.569686	0.497988	-0.471451	-0.0622289	-0.93025	0.257266	-0.254119	-0.392429	-0.616239	0.476005	-0.489559
-0.42603	-0.603058	0.40462	-0.539539	-0.397038	-0.572491	0.393175	-0.600023	-0.729397	-0.17536	0.599757	-0.278425	-0.6976	-0.0503448	0.66896	-0.251621	-0.0468586	-0.653541	-0.0123521	-0.755339	-0.11598	-0.64576	-0.0686761	-0.751549	-0.690242	-0.155824	0.67906	-0.195355	-0.452981	-0.569739	0.497839	-0.471553	-0.0613247	-0.930668	0.256936	-0.253141	-0.391142	-0.616997	0.474229	-0.491355
-0.425551	-0.603581	0.404727	-0.539251	-0.396732	-0.573213	0.394016	-0.598985	-0.729712	-0.175689	0.599659	-0.277602	-0.697649	-0.0506672	0.669027	-0.251239	-0.0469602	-0.653895	-0.0106877	-0.755051	-0.116538	-0.646384	-0.0674291	-0.751039	-0.690596	-0.156165	0.678679	-0.195153	-0.453063	-0.569832	0.497339	-0.471888	-0.0603292	-0.931258	0.254878	-0.253292	-0.389545	-0.617484	0.471484	-0.494641
-0.42528	-0.603864	0.40484	-0.539064	-0.396476	-0.573514	0.394214	-0.598735	-0.729652	-0.176192	0.599677	-0.277402	-0.697543	-0.0511397	0.669178	-0.251035	-0.0466983	-0.653962	-0.0104765	-0.755012	-0.116674	-0.646578	-0.0674926	-0.750845	-0.690634	-0.1564	0.678545	-0.195295	-0.453224	-0.569816	0.497026	-0.472083	-0.0602686	-0.931253	0.254435	-0.253767	-0.389113	-0.617439	0.470561	-0.495917
-0.424806	-0.604261	0.405115	-0.538786	-0.395864	-0.574014	0.394611	-0.598399	-0.729111	-0.177626	0.599871	-0.27749	-0.697284	-0.0526167	0.669452	-0.250719	-0.0459469	-0.653979	-0.0102058	-0.755047	-0.11667	-0.646599	-0.0676853	-0.750811	-0.690775	-0.156718	0.678342	-0.195245	-0.453459	-0.569679	0.49697	-0.472082	-0.0599064	-0.93111	0.254894	-0.253918	-0.388118	-0.617775	0.468937	-0.497812
-0.42445	-0.604383	0.405183	-0.538879	-0.395215	-0.574475	0.395273	-0.597949	-0.728754	-0.17852	0.600201	-0.27714	-0.696836	-0.0534849	0.669972	-0.250392	-0.0447057	-0.653785	-0.0102307	-0.755289	-0.116412	-0.646585	-0.0684072	-0.750797	-0.69082	-0.157536	0.678061	-0.195404	-0.453552	-0.56978	0.496565	-0.472297	-0.0588911	-0.931468	0.254175	-0.253563	-0.3871	-0.618335	0.467615	-0.499152
-0.424076	-0.604566	0.405279	-0.538896	-0.394576	-0.574943	0.3957	-0.597638	-0.728165	-0.179549	0.600581	-0.277202	-0.696238	-0.0543745	0.670532	-0.250368	-0.0437475	-0.653632	-0.00997407	-0.755481	-0.115741	-0.646864	-0.0682988	-0.750671	-0.690763	-0.158429	0.677835	-0.195668	-0.453578	-0.569899	0.496208	-0.472504	-0.0580191	-0.93145	0.254191	-0.253814	-0.385956	-0.618888	0.466168	-0.500702
-0.423874	-0.604659	0.40521	-0.539003	-0.394429	-0.574974	0.396091	-0.597447	-0.727894	-0.179921	0.600751	-0.277303	-0.695952	-0.0547814	0.670757	-0.250469	-0.0434655	-0.653576	-0.00970555	-0.75555	-0.115287	-0.646983	-0.0678899	-0.750675	-0.690694	-0.159009	0.677739	-0.195772	-0.45362	-0.569944	0.495981	-0.472647	-0.0575974	-0.931479	0.254128	-0.253868	-0.385364	-0.619134	0.46543	-0.501541
-0.423751	-0.60461	0.405268	-0.53911	-0.393894	-0.575451	0.396772	-0.596889	-0.727506	-0.18039	0.601082	-0.277301	-0.695291	-0.0550717	0.671357	-0.250634	-0.0424998	-0.653447	-0.00963023	-0.755717	-0.113963	-0.647358	-0.0672406	-0.750613	-0.690609	-0.159823	0.677588	-0.195933	-0.45378	-0.569941	0.495783	-0.472705	-0.0567477	-0.931668	0.25331	-0.254181	-0.384523	-0.619479	0.464259	-0.502843
-0.42401	-0.604326	0.405518	-0.539037	-0.393763	-0.575677	0.397165	-0.596495	-0.726984	-0.181199	0.601099	-0.278102	-0.694314	-0.0553973	0.672026	-0.251478	-0.0421522	-0.65339	-0.00939671	-0.755789	-0.112776	-0.647658	-0.0663654	-0.750611	-0.690642	-0.159842	0.677614	-0.195713	-0.453803	-0.569935	0.495695	-0.472782	-0.0563719	-0.931803	0.252664	-0.254414	-0.385464	-0.618627	0.464553	-0.5029
-0.424838	-0.603736	0.405801	-0.538832	-0.394221	-0.575406	0.397863	-0.595989	-0.726846	-0.181094	0.600898	-0.278963	-0.691872	-0.0540261	0.673973	-0.253288	-0.0422961	-0.653117	-0.00941966	-0.756016	-0.111819	-0.647848	-0.0647523	-0.750731	-0.690718	-0.159805	0.677704	-0.195164	-0.45401	-0.569779	0.495648	-0.472822	-0.0564822	-0.9315	0.253139	-0.255027	-0.386542	-0.617938	0.466153	-0.501437
-0.426203	-0.602747	0.406355	-0.538445	-0.395221	-0.574759	0.399482	-0.594868	-0.727363	-0.1813	0.599998	-0.279422	-0.686676	-0.0482061	0.677141	-0.260062	-0.0458903	-0.652163	-0.00875881	-0.756638	-0.11372	-0.648241	-0.0599361	-0.750506	-0.690835	-0.159235	0.677931	-0.194426	-0.454141	-0.569627	0.495681	-0.472843	-0.0568775	-0.931037	0.253421	-0.256345	-0.386157	-0.618319	0.466572	-0.500874
-0.427603	-0.601749	0.407223	-0.537794	-0.397076	-0.572979	0.401519	-0.593976	-0.729854	-0.176816	0.599965	-0.275845	-0.678315	-0.025293	0.681789	-0.272788	-0.055448	-0.649244	-0.00539345	-0.758537	-0.120843	-0.648372	-0.0510117	-0.749939	-0.690777	-0.158829	0.678233	-0.193911	-0.453933	-0.569756	0.49537	-0.473214	-0.0567532	-0.931163	0.254528	-0.254812	-0.386189	-0.618523	0.467385	-0.499839
-0.430124	-0.599345	0.408273	-0.537673	-0.401457	-0.569824	0.406341	-0.590779	-0.736025	-0.165049	0.596901	-0.27338	-0.66454	0.00680908	0.684645	-0.299334	-0.0700026	-0.643716	-0.000427486	-0.762055	-0.140124	-0.639324	-0.0448959	-0.754728	-0.690386	-0.158276	0.678568	-0.194582	-0.453121	-0.570199	0.494896	-0.473955	-0.0582763	-0.92991	0.255928	-0.257627	-0.386718	-0.618649	0.468504	-0.498223
-0.431226	-0.598446	0.40879	-0.537398	-0.402701	-0.568933	0.408002	-0.589645	-0.738477	-0.159852	0.59523	-0.273496	-0.644305	0.0496039	0.68204	-0.342392	-0.0885103	-0.634936	0.000578308	-0.767478	-0.150128	-0.632762	-0.0469016	-0.758205	-0.690437	-0.15744	0.67876	-0.194408	-0.453062	-0.57017	0.494819	-0.474126	-0.0588407	-0.929764	0.260323	-0.25359	-0.38647	-0.618921	0.468469	-0.498111
-0.434242	-0.595737	0.409908	-0.537128	-0.405504	-0.565578	0.411595	-0.588453	-0.747482	-0.130875	0.588652	-0.278623	-0.597093	0.133224	0.664793	-0.428698	-0.120464	-0.612955	-0.0130192	-0.780772	-0.198598	-0.599228	-0.0682762	-0.772544	-0.690855	-0.155524	0.678933	-0.19386	-0.453638	-0.569604	0.494941	-0.474128	-0.059918	-0.929677	0.258741	-0.255274	-0.386997	-0.618725	0.468774	-0.497658
-0.435642	-0.594282	0.409665	-0.537791	-0.406999	-0.563852	0.411819	-0.588921	-0.750123	-0.106923	0.58297	-0.293308	-0.576974	0.162008	0.653921	-0.461781	-0.131705	-0.603771	-0.0231472	-0.785862	-0.239982	-0.566125	-0.0954646	-0.782814	-0.69117	-0.153487	0.678964	-0.194249	-0.453875	-0.569289	0.49452	-0.474718	-0.0607444	-0.929105	0.260511	-0.255359	-0.387724	-0.618273	0.468583	-0.497834
-0.436121	-0.593803	0.409255	-0.538245	-0.407386	-0.563063	0.41128	-0.589784	-0.751186	-0.091892	0.579493	-0.302429	-0.530351	0.219521	0.623472	-0.530867	-0.155672	-0.584756	-0.0518876	-0.79444	-0.26245	-0.546297	-0.111367	-0.787576	-0.69115	-0.15318	0.678941	-0.194643	-0.45395	-0.569209	0.494315	-0.474956	-0.0615297	-0.929147	0.25966	-0.255883	-0.387945	-0.618119	0.468292	-0.498127
-0.436757	-0.592953	0.407801	-0.539767	-0.408609	-0.560989	0.410201	-0.591663	-0.750314	-0.0603292	0.570197	-0.329036	-0.476109	0.27277	0.58341	-0.59879	-0.185055	-0.563897	-0.0843074	-0.800417	-0.309474	-0.501547	-0.144223	-0.794906	-0.691147	-0.153002	0.678711	-0.195596	-0.453879	-0.569309	0.493826	-0.475412	-0.0622487	-0.929407	0.258638	-0.2558	-0.388253	-0.617992	0.467464	-0.498822
-0.437278	-0.592209	0.406134	-0.541416	-0.409966	-0.559281	0.408384	-0.593595	-0.747087	-0.0234071	0.557974	-0.360525	-0.41808	0.316977	0.532954	-0.663849	-0.217189	-0.542319	-0.114004	-0.803568	-0.358696	-0.452222	-0.178349	-0.796884	-0.691023	-0.153201	0.678443	-0.196806	-0.453803	-0.569389	0.493527	-0.4757	-0.0628309	-0.929883	0.255641	-0.256939	-0.388326	-0.618092	0.466555	-0.499491
-0.437698	-0.591442	0.404683	-0.543	-0.412844	-0.556244	0.406959	-0.595429	-0.741704	0.0175118	0.542901	-0.393479	-0.357252	0.353663	0.478007	-0.72028	-0.24824	-0.521137	-0.142211	-0.804095	-0.406178	-0.400311	-0.213601	-0.793187	-0.691169	-0.152907	0.678253	-0.197172	-0.453863	-0.569446	0.493224	-0.475888	-0.06333	-0.930313	0.254684	-0.25621	-0.388676	-0.618024	0.466258	-0.499581
-0.439306	-0.590057	0.4045	-0.543344	-0.415817	-0.553098	0.406016	-0.596933	-0.73468	0.0587345	0.525604	-0.424895	-0.297435	0.381073	0.419789	-0.768175	-0.276452	-0.500652	-0.169112	-0.802698	-0.451417	-0.348187	-0.248435	-0.783114	-0.691599	-0.151889	0.678212	-0.196593	-0.454445	-0.56908	0.493299	-0.475692	-0.063842	-0.930007	0.255178	-0.256702	-0.388916	-0.61797	0.466115	-0.499594
-0.440584	-0.588979	0.404493	-0.543484	-0.419758	-0.54911	0.405869	-0.597956	-0.725919	0.101359	0.507619	-0.452869	-0.241605	0.400788	0.362203	-0.806105	-0.304687	-0.479187	-0.187844	-0.801412	-0.494928	-0.295599	-0.279952	-0.767655	-0.692003	-0.150916	0.678186	-0.19601	-0.45507	-0.568762	0.493501	-0.475265	-0.064224	-0.929914	0.256666	-0.255457	-0.389296	-0.617905	0.466399	-0.499113
-0.442058	-0.587623	0.405105	-0.543299	-0.423914	-0.544778	0.406193	-0.598765	-0.717183	0.142812	0.489609	-0.474907	-0.189544	0.413821	0.310475	-0.834524	-0.332338	-0.458808	-0.202522	-0.798769	-0.536202	-0.242619	-0.305461	-0.748543	-0.692474	-0.149422	0.678299	-0.195098	-0.455727	-0.568389	0.493893	-0.474676	-0.0644854	-0.929602	0.257768	-0.255415	-0.389576	-0.617924	0.466733	-0.498558
-0.442743	-0.587145	0.405694	-0.542818	-0.426085	-0.542297	0.406284	-0.599415	-0.712202	0.162068	0.481109	-0.484805	-0.165668	0.419138	0.288049	-0.844929	-0.344552	-0.44841	-0.209476	-0.797704	-0.555633	-0.216409	-0.315896	-0.738003	-0.692737	-0.148612	0.67839	-0.194464	-0.456111	-0.568158	0.494116	-0.47435	-0.0645422	-0.929497	0.258665	-0.254877	-0.389732	-0.617913	0.466904	-0.498291
-0.444442	-0.586209	0.407462	-0.541114	-0.430447	-0.537455	0.407034	-0.600151	-0.700982	0.195998	0.466024	-0.503021	-0.122661	0.425284	0.248211	-0.861672	-0.366313	-0.428523	-0.222043	-0.795538	-0.591205	-0.168175	-0.337522	-0.712932	-0.693345	-0.147096	0.678469	-0.19317	-0.456762	-0.567844	0.494392	-0.473813	-0.0648164	-0.929036	0.260921	-0.254187	-0.39014	-0.617818	0.467245	-0.497768
-0.445123	-0.58586	0.408533	-0.540124	-0.434818	-0.531623	0.408881	-0.600939	-0.688995	0.225146	0.453488	-0.518598	-0.103294	0.426834	0.231494	-0.868075	-0.375389	-0.420752	-0.228679	-0.793572	-0.623037	-0.125177	-0.35687	-0.68469	-0.693549	-0.146431	0.678567	-0.1926	-0.457258	-0.567642	0.494624	-0.473334	-0.0647949	-0.92889	0.262024	-0.25359	-0.390176	-0.617916	0.467278	-0.497589
-0.446252	-0.585266	0.410977	-0.537979	-0.438445	-0.527111	0.409515	-0.601844	-0.67767	0.246632	0.443135	-0.53251	-0.054936	0.426979	0.192169	-0.881897	-0.40139	-0.398455	-0.243153	-0.788033	-0.651077	-0.0869055	-0.372875	-0.65537	-0.693952	-0.14543	0.678591	-0.191819	-0.457637	-0.56759	0.494673	-0.472979	-0.0650752	-0.928513	0.263964	-0.252888	-0.390591	-0.618169	0.46779	-0.496465
-0.446679	-0.584883	0.411586	-0.537574	-0.439892	-0.525338	0.409632	-0.60226	-0.672757	0.254822	0.438571	-0.538627	-0.0418717	0.42627	0.182204	-0.885066	-0.409335	-0.392742	-0.246876	-0.785653	-0.664056	-0.0704477	-0.380585	-0.639704	-0.69412	-0.14515	0.678547	-0.191582	-0.457847	-0.567538	0.494745	-0.472762	-0.065114	-0.928318	0.26516	-0.252342	-0.390553	-0.61837	0.467694	-0.496335
-0.446505	-0.585164	0.412936	-0.536376	-0.443011	-0.522063	0.409518	-0.602898	-0.660561	0.273902	0.427321	-0.553203	-0.0182641	0.421705	0.166597	-0.89111	-0.423858	-0.381782	-0.253054	-0.781377	-0.697605	-0.0233399	-0.396107	-0.596575	-0.694307	-0.144778	0.678482	-0.191414	-0.457997	-0.567785	0.494652	-0.472418	-0.0651061	-0.928398	0.265481	-0.251711	-0.39077	-0.618571	0.467837	-0.495779
-0.44543	-0.586366	0.413512	-0.535513	-0.443645	-0.521553	0.409393	-0.602959	-0.656889	0.279332	0.424447	-0.557059	0.00337575	0.415873	0.154638	-0.896173	-0.438926	-0.373425	-0.257158	-0.775737	-0.706679	-0.0111921	-0.401453	-0.582508	-0.694372	-0.145253	0.678202	-0.191812	-0.457859	-0.568036	0.494453	-0.472458	-0.0651856	-0.928356	0.265756	-0.251556	-0.390721	-0.618867	0.467493	-0.495773
-0.445013	-0.586832	0.413535	-0.535332	-0.445218	-0.520134	0.409151	-0.603189	-0.650388	0.289717	0.420936	-0.562025	0.0225355	0.410645	0.146754	-0.899625	-0.45088	-0.366838	-0.260088	-0.771033	-0.723257	0.0119301	-0.410276	-0.555366	-0.694339	-0.145876	0.677931	-0.192413	-0.457638	-0.568482	0.4941	-0.472505	-0.0650141	-0.928972	0.263572	-0.251623	-0.390658	-0.619123	0.467158	-0.495819
-0.444197	-0.58766	0.414078	-0.534681	-0.446389	-0.519296	0.408603	-0.603417	-0.645077	0.29748	0.420097	-0.564712	0.036785	0.407411	0.142001	-0.901387	-0.460551	-0.36322	-0.259989	-0.767053	-0.734843	0.0331078	-0.417731	-0.533301	-0.694347	-0.146391	0.677671	-0.19291	-0.457449	-0.56887	0.493707	-0.472631	-0.0653524	-0.928862	0.263651	-0.251857	-0.391062	-0.619113	0.467138	-0.495531
-0.443818	-0.587913	0.414666	-0.534262	-0.447213	-0.518659	0.408452	-0.603457	-0.641669	0.299135	0.420769	-0.567215	0.0405874	0.40733	0.140215	-0.90154	-0.464148	-0.362128	-0.261321	-0.764945	-0.739452	0.0443587	-0.421676	-0.522908	-0.694554	-0.146397	0.677438	-0.192975	-0.457432	-0.569134	0.493398	-0.472652	-0.0653051	-0.928999	0.263765	-0.251245	-0.391453	-0.618976	0.467283	-0.495258
-0.443686	-0.587898	0.414901	-0.534206	-0.447554	-0.518094	0.408515	-0.603647	-0.640669	0.298175	0.42115	-0.568567	0.0422272	0.40791	0.14018	-0.901208	-0.47128	-0.362811	-0.265184	-0.758908	-0.739564	0.0448585	-0.423553	-0.521187	-0.694564	-0.146454	0.677342	-0.193236	-0.457381	-0.569303	0.493226	-0.472678	-0.066326	-0.928689	0.264744	-0.251093	-0.39247	-0.618605	0.468072	-0.494169
-0.443686	-0.587898	0.414901	-0.534206	-0.447601	-0.517822	0.408914	-0.603575	-0.640669	0.298175	0.42115	-0.568567	0.0422272	0.40791	0.14018	-0.901208	-0.47128	-0.362811	-0.265184	-0.758908	-0.739321	0.0429722	-0.425405	-0.520181	-0.694564	-0.146454	0.677342	-0.193236	-0.457314	-0.569448	0.493085	-0.472716	-0.066326	-0.928689	0.264744	-0.251093	-0.39247	-0.618605	0.468072	-0.494169
-0.443893	-0.58767	0.415142	-0.534097	-0.447395	-0.518048	0.409304	-0.60327	-0.640291	0.295918	0.42119	-0.57014	0.0420297	0.407507	0.141635	-0.901172	-0.474469	-0.365804	-0.268302	-0.754374	-0.738844	0.040967	-0.427265	-0.519496	-0.694703	-0.14626	0.67715	-0.193553	-0.457387	-0.569426	0.493083	-0.472673	-0.0669531	-0.928501	0.267032	-0.249194	-0.393344	-0.618324	0.468438	-0.493479
-0.443968	-0.587589	0.4153	-0.534001	-0.447596	-0.51844	0.409617	-0.602571	-0.64046	0.295112	0.42092	-0.570566	0.0423044	0.406965	0.142013	-0.901345	-0.474919	-0.366687	-0.268245	-0.753682	-0.738619	0.0393865	-0.429013	-0.518496	-0.694881	-0.145823	0.677089	-0.193462	-0.45739	-0.569589	0.492756	-0.472816	-0.0670685	-0.928587	0.26674	-0.249153	-0.393777	-0.618194	0.468552	-0.493188
-0.443756	-0.587914	0.415926	-0.533333	-0.447698	-0.518737	0.409511	-0.602312	-0.640613	0.294529	0.420841	-0.570754	0.0424142	0.406098	0.142831	-0.901601	-0.473915	-0.367111	-0.267715	-0.754297	-0.738987	0.0389462	-0.428891	-0.518106	-0.695318	-0.145001	0.676841	-0.193376	-0.457097	-0.569908	0.492268	-0.473223	-0.0681587	-0.928419	0.266917	-0.249293	-0.395099	-0.617665	0.469466	-0.491923
-0.443432	-0.588693	0.416749	-0.532099	-0.447394	-0.519941	0.409955	-0.601196	-0.640804	0.293836	0.42117	-0.570654	0.0418245	0.405963	0.143183	-0.901634	-0.472617	-0.36741	-0.266456	-0.75541	-0.739389	0.0385108	-0.427839	-0.518434	-0.695402	-0.144702	0.6767	-0.193792	-0.456652	-0.570405	0.491272	-0.474088	-0.0689939	-0.928361	0.268162	-0.247942	-0.396489	-0.617188	0.470365	-0.490543
-0.442017	-0.589982	0.416573	-0.531986	-0.446728	-0.521277	0.409686	-0.600717	-0.641088	0.292799	0.421653	-0.570512	0.0404803	0.406388	0.143746	-0.901414	-0.471132	-0.367701	-0.26498	-0.756714	-0.73948	0.0377732	-0.426674	-0.519318	-0.696009	-0.143904	0.676276	-0.193685	-0.456404	-0.570808	0.490271	-0.474877	-0.070972	-0.928305	0.266688	-0.249179	-0.397655	-0.617156	0.471961	-0.4881
-0.439239	-0.591646	0.415982	-0.532902	-0.445997	-0.522279	0.40899	-0.600864	-0.641709	0.291235	0.422264	-0.570162	0.0401346	0.405948	0.144886	-0.901445	-0.469225	-0.367893	-0.26486	-0.757847	-0.739458	0.0373611	-0.426055	-0.519888	-0.697997	-0.141908	0.674839	-0.193015	-0.456267	-0.570968	0.489899	-0.475201	-0.0752515	-0.927926	0.263385	-0.252822	-0.397707	-0.618581	0.47528	-0.483007
-0.437151	-0.592743	0.415589	-0.533705	-0.445124	-0.523341	0.408659	-0.600813	-0.641932	0.290607	0.42301	-0.569679	0.0396496	0.406337	0.145722	-0.901156	-0.468415	-0.367757	-0.264954	-0.758381	-0.739736	0.0362039	-0.424173	-0.521112	-0.699797	-0.139785	0.673413	-0.193028	-0.451399	-0.57554	0.487956	-0.476331	-0.0789233	-0.92818	0.255288	-0.258999	-0.397819	-0.619599	0.477646	-0.479261
-0.431813	-0.595841	0.41494	-0.535104	-0.444147	-0.523968	0.409875	-0.600162	-0.642337	0.289563	0.424708	-0.568489	0.0377939	0.407652	0.148653	-0.900163	-0.466857	-0.368595	-0.263861	-0.759316	-0.740535	0.0354832	-0.424106	-0.52008	-0.706164	-0.128188	0.669088	-0.192927	-0.451227	-0.577288	0.489667	-0.472609	-0.0839502	-0.931296	0.249129	-0.252139	-0.403298	-0.619581	0.482958	-0.469278
-0.430387	-0.597274	0.416237	-0.533645	-0.443626	-0.523899	0.411195	-0.599703	-0.643586	0.288112	0.42663	-0.566371	0.037481	0.408007	0.150728	-0.89967	-0.467352	-0.368365	-0.26266	-0.759539	-0.742626	0.0355222	-0.422566	-0.518347	-0.709104	-0.123693	0.665629	-0.197	-0.451078	-0.580017	0.491236	-0.467756	-0.0890486	-0.929122	0.255073	-0.252469	-0.41164	-0.616978	0.486397	-0.461853
-0.430416	-0.597386	0.41689	-0.532987	-0.443458	-0.523804	0.411941	-0.599399	-0.643937	0.287594	0.427176	-0.565823	0.0373948	0.407982	0.151656	-0.899529	-0.46913	-0.367518	-0.260429	-0.759621	-0.743816	0.0355952	-0.421595	-0.517425	-0.710792	-0.121364	0.66317	-0.200625	-0.450197	-0.58432	0.492812	-0.461552	-0.0899655	-0.929645	0.259477	-0.24564	-0.417678	-0.614737	0.489146	-0.456485
-0.432384	-0.597087	0.419087	-0.529998	-0.442048	-0.524749	0.415209	-0.597356	-0.645293	0.285803	0.429128	-0.563704	0.0357737	0.408565	0.155154	-0.898734	-0.473666	-0.367028	-0.257962	-0.757883	-0.746978	0.0334785	-0.41937	-0.514812	-0.715009	-0.114671	0.65448	-0.217411	-0.446267	-0.591312	0.495444	-0.453575	-0.0901257	-0.931	0.268086	-0.230753	-0.435105	-0.610168	0.493115	-0.441833
-0.438609	-0.59462	0.422502	-0.52492	-0.441804	-0.525135	0.415695	-0.596858	-0.645978	0.285597	0.42952	-0.562725	0.0346663	0.40867	0.15543	-0.898681	-0.475417	-0.366524	-0.257585	-0.757158	-0.748949	0.0320939	-0.417284	-0.513731	-0.720525	-0.107395	0.6413	-0.240925	-0.432366	-0.603813	0.500722	-0.444688	-0.0890099	-0.932307	0.26834	-0.225554	-0.446646	-0.607743	0.493593	-0.433038
-0.441543	-0.593428	0.424176	-0.522454	-0.441686	-0.525741	0.416115	-0.596119	-0.645978	0.285597	0.42952	-0.562725	0.0343515	0.408509	0.156067	-0.898657	-0.47816	-0.365132	-0.257846	-0.756015	-0.749902	0.031456	-0.416736	-0.512823	-0.720564	-0.0998517	0.637976	-0.252595	-0.422126	-0.611358	0.503041	-0.441589	-0.0869859	-0.932475	0.278717	-0.212701	-0.45171	-0.606549	0.493208	-0.429886
-0.445973	-0.591782	0.42626	-0.51885	-0.441896	-0.527391	0.415574	-0.594882	-0.647215	0.283518	0.430362	-0.561711	0.0331855	0.407165	0.159725	-0.898667	-0.478285	-0.365253	-0.259613	-0.755271	-0.750627	0.0309588	-0.416743	-0.511787	-0.7123	-0.0761908	0.640765	-0.276123	-0.394659	-0.631722	0.501774	-0.439765	-0.0852141	-0.932467	0.284446	-0.205755	-0.460983	-0.603726	0.493561	-0.423564
-0.445299	-0.594109	0.423882	-0.518717	-0.44362	-0.528318	0.413635	-0.594128	-0.649251	0.279756	0.430724	-0.560969	0.0309498	0.404311	0.162591	-0.899522	-0.477606	-0.366054	-0.260018	-0.755174	-0.750426	0.0309232	-0.417575	-0.511406	-0.710172	-0.0638447	0.632213	-0.303127	-0.391425	-0.633059	0.502509	-0.439896	-0.0833453	-0.933492	0.284027	-0.202424	-0.465927	-0.602716	0.493147	-0.420061
-0.445096	-0.595804	0.422186	-0.51833	-0.44394	-0.529556	0.41263	-0.593485	-0.651967	0.277776	0.428576	-0.560448	0.0297353	0.402876	0.163013	-0.90013	-0.477136	-0.367095	-0.260197	-0.754904	-0.749682	0.0306045	-0.41843	-0.511818	-0.707227	-0.0586942	0.632297	-0.310781	-0.395954	-0.628507	0.497016	-0.448525	-0.0814755	-0.935346	0.279427	-0.201024	-0.465796	-0.603891	0.491734	-0.420175
-0.445818	-0.596803	0.420133	-0.518229	-0.444085	-0.531013	0.411833	-0.592627	-0.653134	0.277731	0.427162	-0.560191	0.0285107	0.401715	0.162523	-0.900777	-0.476836	-0.368248	-0.260273	-0.754505	-0.748792	0.0299032	-0.419228	-0.512507	-0.703836	-0.0560965	0.632122	-0.319202	-0.404334	-0.62053	0.489475	-0.460294	-0.0797301	-0.937347	0.274456	-0.199241	-0.465669	-0.604927	0.491014	-0.419667
-0.446518	-0.597432	0.41803	-0.518602	-0.444169	-0.532404	0.411275	-0.591703	-0.6541	0.278047	0.42561	-0.560088	0.0275308	0.40058	0.161766	-0.901449	-0.476653	-0.368967	-0.260361	-0.75424	-0.747882	0.0288901	-0.419659	-0.513541	-0.70079	-0.056018	0.630486	-0.329004	-0.417158	-0.60885	0.481716	-0.472473	-0.079171	-0.937764	0.273141	-0.199312	-0.46555	-0.605953	0.490874	-0.418482
-0.4474	-0.597936	0.414916	-0.51976	-0.443915	-0.534873	0.410413	-0.590264	-0.654793	0.279054	0.423288	-0.560537	0.0268095	0.399732	0.1598	-0.902197	-0.475841	-0.369499	-0.260749	-0.754358	-0.746225	0.0270093	-0.419843	-0.515898	-0.693969	-0.0558932	0.627125	-0.34928	-0.439969	-0.585797	0.459373	-0.50224	-0.0765336	-0.939128	0.271874	-0.195617	-0.464091	-0.60892	0.490533	-0.416189
-0.447869	-0.597528	0.411002	-0.522925	-0.443326	-0.536581	0.410653	-0.588987	-0.65479	0.279575	0.422426	-0.560932	0.0269424	0.399465	0.158969	-0.902458	-0.474569	-0.370238	-0.261084	-0.754681	-0.744777	0.0261036	-0.420102	-0.517823	-0.685492	-0.0555201	0.625338	-0.36874	-0.455513	-0.568507	0.428466	-0.534532	-0.073696	-0.940125	0.270042	-0.194449	-0.461665	-0.612253	0.491747	-0.412549
-0.447349	-0.596531	0.404401	-0.529613	-0.44285	-0.537388	0.409876	-0.589152	-0.654952	0.279319	0.422996	-0.560441	0.0272194	0.399307	0.160019	-0.902334	-0.473215	-0.37088	-0.261054	-0.755226	-0.744172	0.0250465	-0.420132	-0.518719	-0.676729	-0.0563539	0.624861	-0.385241	-0.470051	-0.55309	0.397433	-0.561418	-0.0698254	-0.9409	0.272005	-0.189328	-0.456825	-0.617178	0.493131	-0.40893
-0.446099	-0.594603	0.395002	-0.53983	-0.441581	-0.538258	0.408522	-0.590249	-0.655678	0.280492	0.423662	-0.558499	0.0261191	0.400365	0.159994	-0.901902	-0.472616	-0.371763	-0.261246	-0.755101	-0.743752	0.0239961	-0.420173	-0.519338	-0.668593	-0.0583964	0.623897	-0.400407	-0.47949	-0.541057	0.367301	-0.585181	-0.0626222	-0.943102	0.266874	-0.188187	-0.450642	-0.623024	0.494193	-0.405631
-0.446165	-0.589921	0.384115	-0.552617	-0.440209	-0.539168	0.408393	-0.590533	-0.656548	0.282738	0.424198	-0.555931	0.0253265	0.400895	0.159893	-0.901707	-0.472925	-0.37147	-0.261072	-0.755111	-0.744422	0.0244404	-0.419006	-0.5193	-0.661966	-0.0649619	0.620506	-0.415395	-0.48597	-0.530541	0.342227	-0.604351	-0.0583439	-0.943883	0.265613	-0.18743	-0.441806	-0.630958	0.494371	-0.40286
-0.446165	-0.589921	0.384115	-0.552617	-0.43958	-0.539557	0.408701	-0.590433	-0.656873	0.284578	0.424674	-0.554242	0.0247724	0.401827	0.159528	-0.901372	-0.473333	-0.370644	-0.260859	-0.755336	-0.745188	0.0253084	-0.418294	-0.518734	-0.658228	-0.0696014	0.618477	-0.42353	-0.487218	-0.526891	0.330498	-0.613006	-0.0535191	-0.945148	0.263339	-0.185696	-0.441806	-0.630958	0.494371	-0.40286
-0.444911	-0.588273	0.37893	-0.558929	-0.43958	-0.539557	0.408701	-0.590433	-0.656873	0.284578	0.424674	-0.554242	0.0240476	0.403254	0.158584	-0.900921	-0.473597	-0.36982	-0.26013	-0.755825	-0.745188	0.0253084	-0.418294	-0.518734	-0.658228	-0.0696014	0.618477	-0.42353	-0.487218	-0.526891	0.330498	-0.613006	-0.0487842	-0.946813	0.258298	-0.185599	-0.436643	-0.635249	0.494913	-0.401077
-0.44274	-0.58563	0.371982	-0.568022	-0.439055	-0.539002	0.408985	-0.591134	-0.657785	0.287557	0.426382	-0.550298	0.0230593	0.404824	0.157924	-0.900359	-0.473968	-0.369068	-0.259133	-0.756302	-0.746328	0.0263719	-0.41727	-0.517865	-0.65106	-0.0772598	0.615824	-0.436935	-0.486196	-0.523061	0.308487	-0.628376	-0.044318	-0.947743	0.255211	-0.186242	-0.42633	-0.64312	0.496985	-0.397046
-0.440817	-0.585041	0.369855	-0.571502	-0.439102	-0.537948	0.408357	-0.592491	-0.658223	0.28849	0.427648	-0.548301	0.0209038	0.407946	0.158189	-0.898955	-0.474261	-0.368113	-0.259048	-0.756613	-0.746679	0.0265718	-0.417038	-0.517536	-0.647707	-0.0811596	0.615257	-0.441981	-0.487075	-0.519087	0.302318	-0.633964	-0.031818	-0.947657	0.26081	-0.181418	-0.420969	-0.646782	0.498266	-0.395208
-0.432839	-0.58443	0.367038	-0.579978	-0.439233	-0.534005	0.404387	-0.598652	-0.657992	0.29168	0.430159	-0.544915	0.0198413	0.411471	0.157307	-0.897526	-0.473761	-0.364543	-0.260798	-0.758052	-0.747244	0.030195	-0.414872	-0.518262	-0.636304	-0.097654	0.618845	-0.450125	-0.486278	-0.510953	0.294273	-0.644876	-0.0108229	-0.950038	0.252621	-0.18301	-0.402565	-0.658473	0.503422	-0.388487
-0.428744	-0.582403	0.370722	-0.582709	-0.438117	-0.530545	0.401933	-0.604173	-0.655058	0.295139	0.429751	-0.546907	0.0211451	0.411964	0.156166	-0.897469	-0.473276	-0.362239	-0.261972	-0.759054	-0.74676	0.035647	-0.412207	-0.520734	-0.628402	-0.113921	0.623822	-0.450532	-0.470285	-0.52448	0.290631	-0.647523	-0.00299054	-0.949973	0.253614	-0.182271	-0.384404	-0.669374	0.505857	-0.385072
-0.424644	-0.582832	0.373819	-0.583304	-0.437805	-0.527918	0.399593	-0.608239	-0.652505	0.297772	0.428999	-0.549117	0.0264066	0.412638	0.150725	-0.89795	-0.472221	-0.354952	-0.266849	-0.761451	-0.746156	0.0399666	-0.41051	-0.522623	-0.625613	-0.126046	0.625203	-0.449268	-0.459594	-0.533409	0.28461	-0.650573	0.0156804	-0.950437	0.250333	-0.183731	-0.365743	-0.680252	0.502055	-0.38914
-0.408752	-0.595059	0.384056	-0.575611	-0.436432	-0.520912	0.400075	-0.614912	-0.646809	0.299038	0.431717	-0.553023	0.0383606	0.413862	0.154036	-0.896392	-0.463456	-0.351488	-0.275469	-0.765363	-0.742799	0.0471544	-0.409525	-0.527557	-0.629541	-0.118378	0.62585	-0.444947	-0.434168	-0.552089	0.276832	-0.655789	0.037984	-0.948629	0.246311	-0.194913	-0.306354	-0.711996	0.492052	-0.39635
-0.406263	-0.599287	0.39002	-0.568937	-0.431431	-0.523126	0.407383	-0.611757	-0.642921	0.292724	0.438762	-0.555386	0.039292	0.415041	0.159319	-0.894882	-0.460358	-0.35255	-0.273259	-0.767534	-0.741931	0.0468034	-0.409379	-0.528921	-0.632122	-0.111663	0.624956	-0.444279	-0.425629	-0.559866	0.301981	-0.643581	0.0541328	-0.946042	0.264446	-0.179283	-0.29053	-0.719172	0.489236	-0.398788
-0.399788	-0.602206	0.391613	-0.569347	-0.429252	-0.523801	0.410255	-0.610792	-0.642604	0.284062	0.44666	-0.553953	0.0373517	0.417765	0.170547	-0.891623	-0.457477	-0.3553	-0.260985	-0.772246	-0.742541	0.0362595	-0.407838	-0.530082	-0.63071	-0.120998	0.627117	-0.440783	-0.417204	-0.567477	0.301939	-0.642452	0.0596158	-0.944324	0.237743	-0.21949	-0.268231	-0.728099	0.481598	-0.407415
-0.383494	-0.611477	0.398039	-0.566209	-0.425857	-0.52325	0.411063	-0.613093	-0.642172	0.282384	0.449348	-0.553137	0.0383677	0.419211	0.17267	-0.890492	-0.457472	-0.354654	-0.248045	-0.776797	-0.745757	0.0269513	-0.395796	-0.535225	-0.628172	-0.136997	0.63207	-0.432573	-0.408562	-0.575053	0.309182	-0.637806	0.0744703	-0.945161	0.229159	-0.220479	-0.256406	-0.727978	0.482742	-0.413842
-0.380126	-0.612994	0.402613	-0.563601	-0.420993	-0.526384	0.415903	-0.610499	-0.641398	0.283061	0.448714	-0.554203	0.0392837	0.420239	0.169637	-0.89055	-0.457894	-0.352522	-0.240334	-0.779936	-0.748498	0.0244183	-0.38862	-0.536776	-0.62835	-0.140004	0.633573	-0.429139	-0.405596	-0.577299	0.315404	-0.634616	0.0759588	-0.941141	0.235614	-0.230152	-0.259785	-0.723526	0.491683	-0.408987
-0.380011	-0.613606	0.407979	-0.559136	-0.418277	-0.527999	0.421196	-0.607334	-0.641398	0.283061	0.448714	-0.554203	0.0389053	0.422751	0.169762	-0.889353	-0.457967	-0.352652	-0.233697	-0.781849	-0.750498	0.0211584	-0.384806	-0.536869	-0.628254	-0.141238	0.635374	-0.426203	-0.402764	-0.579584	0.318456	-0.632811	0.0795919	-0.939942	0.2475	-0.221172	-0.264157	-0.719577	0.49924	-0.403967
-0.378061	-0.614805	0.411859	-0.556288	-0.417128	-0.529031	0.426646	-0.60341	-0.639275	0.28185	0.452512	-0.554184	0.0378698	0.426275	0.173471	-0.886997	-0.458312	-0.354861	-0.22814	-0.782289	-0.752022	0.0163956	-0.383258	-0.536011	-0.629394	-0.140936	0.636033	-0.423629	-0.403178	-0.579663	0.321618	-0.630872	0.0843671	-0.938557	0.254148	-0.217719	-0.267347	-0.716906	0.502732	-0.402283
-0.378093	-0.615247	0.416177	-0.552551	-0.416508	-0.531535	0.433632	-0.596619	-0.641806	0.276419	0.46037	-0.547483	0.033991	0.429417	0.179918	-0.88435	-0.460537	-0.358835	-0.220762	-0.781285	-0.753948	0.00869135	-0.381877	-0.534469	-0.630145	-0.140524	0.637072	-0.421082	-0.404306	-0.579764	0.322888	-0.629408	0.086171	-0.938215	0.262175	-0.208783	-0.273424	-0.71389	0.505647	-0.399901
-0.380461	-0.614087	0.41841	-0.550527	-0.416581	-0.532024	0.436412	-0.5941	-0.643513	0.275672	0.460692	-0.545581	0.0315275	0.429901	0.180821	-0.884022	-0.461199	-0.360027	-0.218908	-0.780868	-0.755531	0.00404158	-0.380595	-0.533201	-0.630126	-0.140061	0.637311	-0.420903	-0.404851	-0.579949	0.322708	-0.628979	0.088401	-0.938992	0.261488	-0.205192	-0.276161	-0.71238	0.506082	-0.400163
-0.381363	-0.613373	0.42025	-0.549296	-0.417353	-0.531848	0.438214	-0.592387	-0.645234	0.275574	0.459998	-0.544182	0.0295342	0.429561	0.180732	-0.884275	-0.462568	-0.361997	-0.214722	-0.78031	-0.756923	0.00109556	-0.379466	-0.532045	-0.630662	-0.138648	0.637169	-0.420783	-0.405969	-0.579733	0.322899	-0.628359	0.0878545	-0.938984	0.264012	-0.202209	-0.280049	-0.710991	0.507293	-0.398394
-0.383953	-0.611039	0.420625	-0.549805	-0.418106	-0.531914	0.439058	-0.591171	-0.646297	0.276103	0.459058	-0.543446	0.0280504	0.429442	0.17984	-0.884562	-0.462916	-0.362891	-0.214244	-0.779819	-0.757846	-0.00063122	-0.379264	-0.530875	-0.63121	-0.137367	0.637818	-0.419396	-0.407579	-0.579164	0.323284	-0.627643	0.0874832	-0.938859	0.266972	-0.199037	-0.282864	-0.710118	0.507871	-0.397224
-0.386436	-0.608875	0.420376	-0.550656	-0.419535	-0.530897	0.43909	-0.591049	-0.646627	0.277313	0.457767	-0.543526	0.02732	0.428982	0.17815	-0.88515	-0.463228	-0.363608	-0.21498	-0.779097	-0.758041	-0.000664034	-0.380418	-0.529769	-0.631434	-0.136784	0.63837	-0.418408	-0.407494	-0.57968	0.322089	-0.627836	0.0876173	-0.939343	0.266854	-0.196843	-0.284796	-0.709587	0.508374	-0.396148
-0.389408	-0.606334	0.420085	-0.551587	-0.421499	-0.529032	0.438552	-0.591722	-0.646524	0.278457	0.456542	-0.544094	0.0277816	0.428455	0.176431	-0.885735	-0.463944	-0.363461	-0.217027	-0.778172	-0.758007	0.000464058	-0.381813	-0.528813	-0.631272	-0.136721	0.639232	-0.417354	-0.407349	-0.580353	0.321825	-0.627444	0.0868494	-0.938889	0.268807	-0.196689	-0.286026	-0.70944	0.508646	-0.395173
-0.390339	-0.605453	0.419776	-0.552133	-0.424219	-0.526183	0.436628	-0.593739	-0.646413	0.279912	0.454648	-0.545064	0.0284332	0.427448	0.174349	-0.886613	-0.465333	-0.362832	-0.219858	-0.77684	-0.757867	0.00334043	-0.383909	-0.527485	-0.631898	-0.137639	0.63902	-0.41643	-0.408369	-0.580234	0.323339	-0.626111	0.0863167	-0.939379	0.267747	-0.19603	-0.286533	-0.70981	0.508988	-0.393701
-0.392457	-0.604361	0.420164	-0.551532	-0.426538	-0.524234	0.435378	-0.594718	-0.646219	0.282297	0.452484	-0.545864	0.0290397	0.426621	0.171278	-0.887589	-0.467143	-0.361458	-0.222453	-0.775655	-0.758438	0.00715701	-0.385587	-0.525398	-0.632574	-0.136799	0.639664	-0.414688	-0.408673	-0.580723	0.324484	-0.624866	0.0875254	-0.939229	0.271072	-0.191595	-0.285427	-0.710144	0.508074	-0.395078
-0.394672	-0.603075	0.420493	-0.551108	-0.428049	-0.52354	0.434974	-0.59454	-0.64666	0.283834	0.451089	-0.5457	0.0288506	0.426212	0.169619	-0.888111	-0.468513	-0.360896	-0.223715	-0.774727	-0.759336	0.0095987	-0.387533	-0.522623	-0.633306	-0.136216	0.639585	-0.413884	-0.408816	-0.581349	0.325752	-0.623529	0.0874536	-0.93912	0.269563	-0.194272	-0.28462	-0.71034	0.508135	-0.39523
-0.396231	-0.602759	0.421064	-0.549899	-0.429515	-0.523525	0.435349	-0.59322	-0.647717	0.28494	0.449975	-0.544789	0.0273638	0.426073	0.168485	-0.88844	-0.470491	-0.360691	-0.224039	-0.773529	-0.759952	0.0105367	-0.388734	-0.520815	-0.634872	-0.134311	0.639874	-0.411654	-0.410254	-0.580832	0.328013	-0.621879	0.0873647	-0.938557	0.273265	-0.191847	-0.284197	-0.710431	0.508505	-0.394896
-0.399469	-0.601251	0.42258	-0.54804	-0.430746	-0.523362	0.436086	-0.591929	-0.649003	0.284629	0.449351	-0.543936	0.0252691	0.425854	0.168581	-0.888589	-0.471212	-0.362066	-0.224515	-0.772309	-0.760303	0.00935049	-0.390022	-0.519359	-0.635995	-0.131972	0.641181	-0.408632	-0.411284	-0.580398	0.329517	-0.620807	0.0877172	-0.938158	0.274138	-0.19239	-0.28361	-0.710339	0.508645	-0.395303
-0.400765	-0.600638	0.422895	-0.547523	-0.431631	-0.523604	0.436897	-0.59047	-0.650209	0.283875	0.449172	-0.543036	0.0237642	0.42541	0.169217	-0.888722	-0.471403	-0.3635	-0.223429	-0.771833	-0.760967	0.00584651	-0.390187	-0.518314	-0.636885	-0.130277	0.641494	-0.407297	-0.410846	-0.581332	0.330361	-0.619774	0.0870066	-0.937823	0.275565	-0.192308	-0.28306	-0.710689	0.509316	-0.394203
-0.402893	-0.59928	0.423189	-0.547222	-0.431998	-0.524142	0.437505	-0.589273	-0.650959	0.283557	0.449061	-0.542395	0.0225141	0.425352	0.169469	-0.888735	-0.471322	-0.365517	-0.222384	-0.771232	-0.761011	0.00423659	-0.38998	-0.51842	-0.637476	-0.128229	0.642175	-0.405947	-0.41114	-0.581229	0.331455	-0.619092	0.0865212	-0.937728	0.277013	-0.190904	-0.282397	-0.711211	0.509417	-0.393606
-0.404327	-0.598399	0.423629	-0.546788	-0.432551	-0.524104	0.437775	-0.5887	-0.651424	0.283414	0.449186	-0.541808	0.0214912	0.425483	0.169755	-0.888643	-0.470794	-0.367649	-0.222	-0.770651	-0.760993	0.00142348	-0.390016	-0.518436	-0.63856	-0.126348	0.642335	-0.404577	-0.411716	-0.581178	0.332822	-0.618022	0.0861514	-0.937552	0.277317	-0.19149	-0.282114	-0.711579	0.509502	-0.393032
-0.405383	-0.59777	0.42409	-0.546336	-0.433016	-0.523813	0.438271	-0.588248	-0.651713	0.28347	0.449105	-0.541497	0.0209395	0.425659	0.169545	-0.888611	-0.470388	-0.368824	-0.221385	-0.770514	-0.761272	-0.000155298	-0.389978	-0.518056	-0.638845	-0.12573	0.64264	-0.403835	-0.412667	-0.580653	0.334095	-0.617194	0.0860786	-0.937359	0.279061	-0.189928	-0.282133	-0.711644	0.509897	-0.392389
-0.405721	-0.597603	0.424551	-0.54591	-0.433317	-0.523743	0.438643	-0.587811	-0.652511	0.284048	0.449023	-0.540301	0.0199321	0.426093	0.169192	-0.888494	-0.470475	-0.369147	-0.221143	-0.770376	-0.761445	-0.000478993	-0.390167	-0.517659	-0.639356	-0.125422	0.642992	-0.40256	-0.414185	-0.579703	0.334827	-0.616673	0.0859583	-0.937219	0.279532	-0.189984	-0.281898	-0.711836	0.509652	-0.392528
-0.405735	-0.597825	0.424775	-0.545481	-0.433711	-0.523416	0.439019	-0.587531	-0.652719	0.284359	0.448843	-0.540034	0.0191192	0.426498	0.168187	-0.888508	-0.470708	-0.369048	-0.221052	-0.770308	-0.761379	-6.65E-05	-0.390729	-0.517333	-0.639577	-0.125594	0.643262	-0.401723	-0.41598	-0.578386	0.335415	-0.616382	0.0858375	-0.937192	0.279114	-0.190784	-0.281498	-0.71203	0.50941	-0.392776
-0.405762	-0.59814	0.424632	-0.545227	-0.433789	-0.523434	0.439644	-0.586991	-0.65299	0.285766	0.448609	-0.539158	0.018636	0.427178	0.167348	-0.88835	-0.471209	-0.368725	-0.221117	-0.770137	-0.761221	0.000752921	-0.391072	-0.517306	-0.640204	-0.125701	0.643483	-0.400335	-0.417948	-0.577063	0.336586	-0.615653	0.0853869	-0.937384	0.279461	-0.189531	-0.281245	-0.71257	0.50957	-0.39177
-0.406693	-0.597592	0.424931	-0.544901	-0.433882	-0.522965	0.440613	-0.586612	-0.653045	0.286005	0.449368	-0.538332	0.018301	0.427997	0.167788	-0.88788	-0.470902	-0.368735	-0.220788	-0.770414	-0.761509	0.000372706	-0.391052	-0.516897	-0.641033	-0.124257	0.64391	-0.398769	-0.419286	-0.576071	0.337809	-0.615001	0.0852574	-0.936879	0.281145	-0.189596	-0.282102	-0.712258	0.509777	-0.391451
-0.406261	-0.597694	0.424662	-0.545322	-0.434052	-0.522707	0.440925	-0.586482	-0.653441	0.285503	0.449691	-0.537848	0.0177288	0.427959	0.168382	-0.887798	-0.470749	-0.369026	-0.220009	-0.770592	-0.761689	-0.000577584	-0.390931	-0.516723	-0.641326	-0.12488	0.643276	-0.399126	-0.421962	-0.574302	0.340375	-0.613409	0.0851153	-0.936823	0.282655	-0.187683	-0.282581	-0.712187	0.510075	-0.390847
-0.407996	-0.596607	0.425899	-0.544251	-0.434567	-0.522243	0.441679	-0.585946	-0.654278	0.284041	0.449671	-0.537621	0.0168464	0.42731	0.16946	-0.887922	-0.469789	-0.370934	-0.219754	-0.770334	-0.760982	-0.00325153	-0.392889	-0.516269	-0.642379	-0.12359	0.643324	-0.397755	-0.423877	-0.572962	0.341984	-0.612446	0.0855348	-0.936697	0.28317	-0.187343	-0.282486	-0.712051	0.509759	-0.391574
-0.407842	-0.596704	0.426028	-0.544159	-0.435025	-0.522096	0.442104	-0.585417	-0.654675	0.283776	0.449538	-0.537389	0.0163329	0.426609	0.170072	-0.888152	-0.468142	-0.373343	-0.220409	-0.769986	-0.76074	-0.00408838	-0.393493	-0.51616	-0.642418	-0.123691	0.643402	-0.397536	-0.423966	-0.572921	0.341891	-0.612475	0.0852074	-0.9363	0.28333	-0.189223	-0.282937	-0.711832	0.510366	-0.390856
