FULLBODY	1																																						
Frames:	121																																						
-0.411292	-0.613572	0.387164	-0.551789	-0.374197	-0.585166	0.395219	-0.601132	-0.737432	-0.170894	0.59719	-0.265242	-0.696087	-0.0439846	0.6675	-0.260714	-0.00738848	-0.628336	-0.0439969	-0.776662	-0.0846882	-0.619572	-0.081246	-0.776117	-0.690321	-0.159307	0.676555	-0.20088	-0.453614	-0.572476	0.490115	-0.475702	-0.192882	-0.731292	0.029121	-0.653575	-0.367165	-0.629392	0.443052	-0.522264
-0.411308	-0.61048	0.382979	-0.558092	-0.370772	-0.584659	0.388167	-0.6083	-0.732973	-0.177242	0.596918	-0.273907	-0.693595	-0.0509523	0.667409	-0.26626	0.0059679	-0.629071	-0.0533201	-0.775494	-0.0772444	-0.62405	-0.0916752	-0.772134	-0.685705	-0.162408	0.679332	-0.204793	-0.452234	-0.571351	0.487065	-0.481466	-0.192392	-0.727315	0.0199778	-0.658482	-0.364553	-0.628915	0.441437	-0.526024
-0.411748	-0.610249	0.383256	-0.55783	-0.371466	-0.584701	0.388842	-0.607404	-0.733019	-0.177016	0.596984	-0.273785	-0.693589	-0.0505713	0.667423	-0.266314	0.00547548	-0.629427	-0.0524281	-0.77527	-0.0775327	-0.625512	-0.0897684	-0.771145	-0.685643	-0.162302	0.679265	-0.205307	-0.452392	-0.571159	0.487206	-0.481403	-0.192859	-0.72728	0.0201306	-0.65838	-0.364915	-0.628774	0.441974	-0.52549
-0.412418	-0.609865	0.383874	-0.55733	-0.371899	-0.584684	0.389118	-0.606979	-0.733279	-0.176311	0.596998	-0.273514	-0.693544	-0.0498072	0.667484	-0.266421	0.00498286	-0.630352	-0.0511275	-0.774608	-0.077473	-0.62621	-0.0892247	-0.770648	-0.685921	-0.161416	0.679313	-0.204917	-0.452657	-0.570928	0.487403	-0.481229	-0.193707	-0.727205	0.0206119	-0.658198	-0.365174	-0.628775	0.442679	-0.524715
-0.413407	-0.609178	0.384646	-0.556815	-0.372978	-0.584401	0.389536	-0.606321	-0.733641	-0.175739	0.597079	-0.272734	-0.69349	-0.0491109	0.667725	-0.26609	0.00471887	-0.631371	-0.0506427	-0.773811	-0.0773901	-0.62725	-0.0887643	-0.769863	-0.686068	-0.160409	0.679561	-0.204394	-0.453017	-0.570626	0.487676	-0.480972	-0.194434	-0.727336	0.0216375	-0.657806	-0.365027	-0.628995	0.442934	-0.524338
-0.413407	-0.609178	0.384646	-0.556815	-0.373364	-0.584417	0.389499	-0.606091	-0.733641	-0.175739	0.597079	-0.272734	-0.693574	-0.0489527	0.667783	-0.265752	0.00449134	-0.631706	-0.0505398	-0.773546	-0.0773901	-0.62725	-0.0887643	-0.769863	-0.686068	-0.160409	0.679561	-0.204394	-0.453005	-0.570642	0.487627	-0.481014	-0.1948	-0.727447	0.0223475	-0.657552	-0.364794	-0.629192	0.442861	-0.524325
-0.414395	-0.608529	0.385382	-0.556282	-0.374416	-0.584179	0.389838	-0.605453	-0.733936	-0.175473	0.597181	-0.271886	-0.693932	-0.0489831	0.667713	-0.264989	0.00320374	-0.632052	-0.0502546	-0.773288	-0.0788679	-0.627617	-0.0885649	-0.769437	-0.686027	-0.159349	0.680025	-0.203815	-0.45316	-0.570482	0.487817	-0.480865	-0.195491	-0.727608	0.0235052	-0.657128	-0.364673	-0.629389	0.442939	-0.524107
-0.414962	-0.608331	0.385652	-0.555888	-0.374999	-0.584233	0.390876	-0.604371	-0.734198	-0.175776	0.597156	-0.271037	-0.693785	-0.047966	0.668198	-0.264335	0.0016433	-0.632168	-0.050195	-0.773202	-0.0808223	-0.627496	-0.0883086	-0.769362	-0.686031	-0.158968	0.680169	-0.20362	-0.453127	-0.57053	0.487693	-0.480964	-0.195639	-0.727543	0.0235443	-0.657155	-0.364668	-0.629494	0.443099	-0.523849
-0.415697	-0.607887	0.385845	-0.555692	-0.376026	-0.583701	0.391802	-0.603647	-0.734866	-0.175652	0.596887	-0.269897	-0.692011	-0.0452398	0.669432	-0.266336	0.000424431	-0.632246	-0.0498435	-0.773163	-0.0835267	-0.627419	-0.0873953	-0.76924	-0.686107	-0.158968	0.680115	-0.203544	-0.453321	-0.570351	0.487672	-0.481016	-0.195411	-0.727595	0.0236484	-0.657161	-0.364424	-0.629564	0.442942	-0.524067
-0.416041	-0.60763	0.386005	-0.555603	-0.376707	-0.58345	0.3923	-0.60314	-0.735302	-0.175256	0.596499	-0.269824	-0.690106	-0.0424319	0.670497	-0.269049	-0.00252576	-0.632201	-0.049758	-0.773201	-0.0851443	-0.62738	-0.0866814	-0.769176	-0.686255	-0.158698	0.680085	-0.203356	-0.453439	-0.570248	0.48768	-0.481019	-0.195464	-0.727659	0.0240349	-0.657061	-0.364341	-0.62957	0.442805	-0.524234
-0.416932	-0.607016	0.386386	-0.555343	-0.378459	-0.58258	0.393516	-0.602092	-0.736517	-0.172273	0.596199	-0.269095	-0.683371	-0.0302808	0.67457	-0.277565	-0.005362	-0.632024	-0.049143	-0.77337	-0.0904306	-0.627681	-0.0831549	-0.768716	-0.68631	-0.158185	0.680155	-0.203333	-0.453442	-0.570218	0.48763	-0.481101	-0.196034	-0.727318	0.0247418	-0.657242	-0.364553	-0.629349	0.443065	-0.524132
-0.417477	-0.606654	0.386702	-0.555108	-0.379374	-0.581947	0.394229	-0.601662	-0.736839	-0.170725	0.596003	-0.269633	-0.678162	-0.0219915	0.677326	-0.284329	-0.0145404	-0.630948	-0.0466491	-0.774285	-0.0954433	-0.627825	-0.0795428	-0.768374	-0.6863	-0.157788	0.680335	-0.203073	-0.453795	-0.56992	0.487587	-0.481166	-0.196226	-0.727101	0.0247422	-0.657425	-0.364601	-0.629244	0.443183	-0.524125
-0.418346	-0.606	0.387053	-0.554924	-0.381436	-0.580927	0.396148	-0.60008	-0.736185	-0.16734	0.595324	-0.274987	-0.665985	-0.00207268	0.680485	-0.305613	-0.0312438	-0.627467	-0.0392144	-0.777027	-0.109457	-0.625555	-0.0718459	-0.769115	-0.686298	-0.157164	0.680516	-0.202959	-0.453996	-0.569729	0.487578	-0.481211	-0.196529	-0.727032	0.0246704	-0.657414	-0.364484	-0.62913	0.443242	-0.524294
-0.419244	-0.605205	0.387069	-0.555102	-0.383915	-0.579803	0.398474	-0.598044	-0.736143	-0.160359	0.593406	-0.283281	-0.649085	0.0257927	0.681789	-0.336433	-0.0483249	-0.621813	-0.0391867	-0.780691	-0.12638	-0.616918	-0.0730294	-0.773374	-0.686171	-0.156852	0.680519	-0.203621	-0.454223	-0.569502	0.487346	-0.481501	-0.196878	-0.726632	0.0237993	-0.657783	-0.364716	-0.628843	0.443491	-0.524265
-0.419816	-0.604783	0.387434	-0.554875	-0.384885	-0.579063	0.399495	-0.597455	-0.736399	-0.155892	0.591739	-0.288545	-0.638962	0.0408584	0.680688	-0.355981	-0.0595126	-0.616757	-0.0407142	-0.783844	-0.1389	-0.609715	-0.073502	-0.776886	-0.686216	-0.156369	0.680547	-0.203746	-0.45455	-0.569187	0.487334	-0.481576	-0.196661	-0.726623	0.0233464	-0.657874	-0.364846	-0.628723	0.443273	-0.524504
-0.420423	-0.604399	0.387716	-0.554637	-0.385554	-0.578362	0.399962	-0.597391	-0.736484	-0.15092	0.589838	-0.294798	-0.627838	0.0567936	0.678032	-0.377978	-0.0708438	-0.610676	-0.0445614	-0.787445	-0.153391	-0.600281	-0.0762867	-0.781226	-0.686311	-0.155679	0.680656	-0.20359	-0.454855	-0.568898	0.487224	-0.481741	-0.196661	-0.726587	0.0233425	-0.657914	-0.365097	-0.628506	0.443015	-0.524807
-0.421436	-0.603567	0.387609	-0.55485	-0.387139	-0.576851	0.400855	-0.597228	-0.73657	-0.138638	0.584618	-0.310588	-0.601133	0.0937495	0.670586	-0.424458	-0.0934057	-0.596864	-0.0602297	-0.794608	-0.184554	-0.577268	-0.0917097	-0.790121	-0.686384	-0.155233	0.680689	-0.203572	-0.455613	-0.568312	0.486805	-0.48214	-0.197267	-0.726389	0.0235624	-0.657943	-0.365797	-0.627972	0.442712	-0.525213
-0.422015	-0.603044	0.387626	-0.554966	-0.387746	-0.576027	0.401046	-0.597501	-0.736708	-0.131674	0.581101	-0.319757	-0.58554	0.113679	0.664478	-0.45021	-0.107082	-0.588818	-0.0695952	-0.798112	-0.202342	-0.56242	-0.100887	-0.795339	-0.68642	-0.154953	0.68059	-0.203995	-0.456586	-0.567681	0.486475	-0.482297	-0.197421	-0.726327	0.0232743	-0.657976	-0.366061	-0.627847	0.442551	-0.525316
-0.424014	-0.601301	0.387525	-0.555404	-0.390168	-0.57265	0.401314	-0.598989	-0.736352	-0.101414	0.57246	-0.346106	-0.528851	0.178765	0.636671	-0.531987	-0.149961	-0.561526	-0.104034	-0.80708	-0.261909	-0.510047	-0.139812	-0.807285	-0.686798	-0.15383	0.680486	-0.20392	-0.458066	-0.566703	0.486432	-0.482086	-0.19803	-0.726347	0.0226236	-0.657794	-0.366983	-0.627528	0.441858	-0.525636
-0.425493	-0.599816	0.387478	-0.555911	-0.392902	-0.569821	0.401958	-0.599468	-0.736522	-0.0742096	0.564501	-0.365194	-0.485192	0.222484	0.608572	-0.587137	-0.165081	-0.552178	-0.11551	-0.809015	-0.306094	-0.469227	-0.168989	-0.81091	-0.687239	-0.152539	0.680443	-0.20355	-0.458966	-0.566296	0.486088	-0.482055	-0.198143	-0.726369	0.0222843	-0.657747	-0.367813	-0.62737	0.442043	-0.525089
-0.42647	-0.598899	0.38749	-0.556143	-0.394411	-0.568277	0.402411	-0.599638	-0.736618	-0.0575114	0.560543	-0.374002	-0.461883	0.24419	0.592747	-0.612932	-0.195893	-0.533366	-0.137663	-0.811292	-0.329927	-0.447588	-0.183324	-0.810682	-0.687566	-0.151459	0.680263	-0.203849	-0.459241	-0.566221	0.485954	-0.482017	-0.19984	-0.726323	0.0230103	-0.657259	-0.36853	-0.627135	0.442447	-0.524527
-0.42896	-0.596812	0.388142	-0.556016	-0.398053	-0.564646	0.40323	-0.600112	-0.733543	-0.0261856	0.55115	-0.396816	-0.438247	0.264966	0.574694	-0.638325	-0.210616	-0.524069	-0.148021	-0.811839	-0.377731	-0.402058	-0.215083	-0.805859	-0.688254	-0.149278	0.680367	-0.202788	-0.460485	-0.56547	0.486217	-0.481446	-0.20066	-0.726523	0.0238459	-0.656758	-0.369421	-0.626921	0.44267	-0.523967
-0.42896	-0.596812	0.388142	-0.556016	-0.398053	-0.564646	0.40323	-0.600112	-0.733543	-0.0261856	0.55115	-0.396816	-0.4142	0.284621	0.55484	-0.66301	-0.22444	-0.515031	-0.158774	-0.811887	-0.377731	-0.402058	-0.215083	-0.805859	-0.688254	-0.149278	0.680367	-0.202788	-0.460485	-0.56547	0.486217	-0.481446	-0.201203	-0.726835	0.0247331	-0.656214	-0.369421	-0.626921	0.44267	-0.523967
-0.430421	-0.595657	0.38857	-0.555828	-0.40004	-0.562761	0.404021	-0.60003	-0.731627	-0.00977583	0.545596	-0.408596	-0.389397	0.302888	0.533837	-0.686766	-0.237296	-0.506223	-0.169955	-0.811507	-0.402304	-0.378584	-0.230141	-0.801162	-0.688761	-0.147817	0.680454	-0.201842	-0.461229	-0.564982	0.486491	-0.481029	-0.201767	-0.727104	0.0256205	-0.655709	-0.369802	-0.626899	0.442809	-0.523607
-0.433154	-0.593548	0.389552	-0.555273	-0.403756	-0.559154	0.404928	-0.600301	-0.726745	0.0240345	0.533412	-0.43213	-0.364188	0.319652	0.51228	-0.709055	-0.250693	-0.497249	-0.179323	-0.811011	-0.450755	-0.330314	-0.260589	-0.787278	-0.689562	-0.145442	0.680498	-0.200682	-0.462128	-0.564496	0.486668	-0.480558	-0.202752	-0.727217	0.026773	-0.655233	-0.371117	-0.626499	0.443918	-0.522215
-0.436029	-0.591338	0.390901	-0.554431	-0.407594	-0.555147	0.406288	-0.600508	-0.721399	0.0590677	0.521633	-0.451657	-0.290572	0.362051	0.442531	-0.767237	-0.293339	-0.46995	-0.195103	-0.809342	-0.497664	-0.281124	-0.291002	-0.767215	-0.690308	-0.142903	0.680807	-0.198885	-0.463084	-0.563965	0.486854	-0.480073	-0.205398	-0.727875	0.0308794	-0.653495	-0.371844	-0.626485	0.444388	-0.521313
-0.43724	-0.590454	0.391801	-0.553785	-0.409552	-0.552917	0.406938	-0.600793	-0.718273	0.0767531	0.515511	-0.460914	-0.267131	0.373487	0.418401	-0.783638	-0.305523	-0.461567	-0.20071	-0.808286	-0.520446	-0.256072	-0.30537	-0.75519	-0.690787	-0.14169	0.680864	-0.197892	-0.463609	-0.563675	0.486925	-0.479834	-0.206222	-0.728014	0.0323025	-0.653011	-0.372417	-0.62632	0.444938	-0.520633
-0.438262	-0.589729	0.392712	-0.553104	-0.411419	-0.550867	0.407575	-0.600968	-0.714423	0.0922576	0.509004	-0.471173	-0.267131	0.373487	0.418401	-0.783638	-0.305523	-0.461567	-0.20071	-0.808286	-0.520446	-0.256072	-0.30537	-0.75519	-0.691126	-0.140613	0.681013	-0.196962	-0.463609	-0.563675	0.486925	-0.479834	-0.206222	-0.728014	0.0323025	-0.653011	-0.373118	-0.626075	0.445619	-0.519843
-0.439275	-0.588923	0.393571	-0.552547	-0.41507	-0.546685	0.408815	-0.601434	-0.705877	0.123251	0.498473	-0.487926	-0.223779	0.392509	0.371578	-0.811042	-0.327457	-0.445038	-0.213108	-0.80579	-0.581309	-0.18743	-0.343768	-0.713284	-0.691736	-0.138988	0.681157	-0.195472	-0.464922	-0.562974	0.487056	-0.479254	-0.208115	-0.728256	0.0352906	-0.651986	-0.3735	-0.625995	0.446011	-0.519329
-0.440688	-0.587944	0.395265	-0.551255	-0.416674	-0.544622	0.409492	-0.601737	-0.702003	0.138435	0.493556	-0.494399	-0.182291	0.408613	0.33091	-0.830845	-0.345977	-0.430692	-0.225146	-0.802567	-0.599245	-0.166279	-0.353593	-0.698734	-0.691977	-0.138259	0.681292	-0.194662	-0.465471	-0.562675	0.487241	-0.478884	-0.209118	-0.728739	0.037568	-0.650998	-0.373961	-0.625976	0.44655	-0.518556
-0.44109	-0.587802	0.396821	-0.549965	-0.419362	-0.540699	0.410568	-0.602672	-0.693436	0.165426	0.485278	-0.506248	-0.143945	0.419001	0.296132	-0.846182	-0.364772	-0.418242	-0.234029	-0.798276	-0.630946	-0.12688	-0.368628	-0.670762	-0.69246	-0.137387	0.681258	-0.193678	-0.466283	-0.562267	0.487527	-0.478281	-0.209883	-0.728858	0.0386961	-0.650551	-0.374424	-0.625995	0.447254	-0.517591
-0.44106	-0.587907	0.397617	-0.549301	-0.420422	-0.539079	0.41053	-0.60341	-0.689271	0.177308	0.481456	-0.511534	-0.126096	0.422985	0.280202	-0.852449	-0.373408	-0.411034	-0.238141	-0.79681	-0.645881	-0.107485	-0.372396	-0.657727	-0.692452	-0.137416	0.681266	-0.193657	-0.466261	-0.562464	0.487359	-0.478243	-0.20995	-0.728977	0.0389722	-0.65038	-0.374642	-0.62602	0.447487	-0.517203
-0.440769	-0.588116	0.398215	-0.548878	-0.421281	-0.537861	0.410212	-0.604115	-0.689271	0.177308	0.481456	-0.511534	-0.109561	0.426786	0.265673	-0.857478	-0.380943	-0.404056	-0.242812	-0.795402	-0.659597	-0.0903286	-0.375452	-0.644832	-0.692532	-0.137346	0.681252	-0.193473	-0.466338	-0.562553	0.487307	-0.478116	-0.209904	-0.729134	0.0391418	-0.65021	-0.374593	-0.626214	0.447418	-0.517062
-0.440083	-0.588537	0.398428	-0.548822	-0.422038	-0.536836	0.409638	-0.604887	-0.679764	0.196622	0.475455	-0.522689	-0.0940115	0.429732	0.253167	-0.861626	-0.388965	-0.398	-0.245723	-0.793677	-0.672025	-0.0761413	-0.378516	-0.63191	-0.692592	-0.137648	0.681126	-0.193486	-0.466386	-0.562685	0.487161	-0.478062	-0.209795	-0.729172	0.0390597	-0.650207	-0.374556	-0.626395	0.447392	-0.516892
-0.439495	-0.588933	0.398675	-0.54869	-0.422669	-0.535845	0.408762	-0.605916	-0.674743	0.204477	0.472788	-0.528567	-0.0790312	0.431654	0.242742	-0.865162	-0.396968	-0.392511	-0.247524	-0.791886	-0.683397	-0.0631146	-0.380869	-0.619616	-0.692512	-0.138345	0.680975	-0.193807	-0.466316	-0.56292	0.486963	-0.478057	-0.209629	-0.72915	0.038728	-0.650305	-0.374579	-0.626503	0.447412	-0.516728
-0.439029	-0.589358	0.3991	-0.548297	-0.423218	-0.534823	0.408046	-0.606918	-0.669936	0.211974	0.47051	-0.533735	-0.0643429	0.432819	0.233241	-0.868405	-0.403935	-0.387671	-0.248778	-0.790353	-0.693778	-0.0501093	-0.38248	-0.60817	-0.692472	-0.138927	0.680824	-0.194062	-0.46622	-0.563166	0.48675	-0.478076	-0.209221	-0.729263	0.0382392	-0.650339	-0.374509	-0.626642	0.447299	-0.516707
-0.438103	-0.590184	0.39968	-0.547727	-0.424028	-0.533313	0.407239	-0.608222	-0.660854	0.22605	0.467196	-0.542127	-0.0372159	0.433427	0.219064	-0.873366	-0.414595	-0.381125	-0.251685	-0.787089	-0.711716	-0.028742	-0.387143	-0.585453	-0.692488	-0.13981	0.680563	-0.194287	-0.466083	-0.563574	0.486435	-0.478051	-0.208209	-0.729545	0.0372876	-0.650402	-0.373968	-0.627159	0.446508	-0.517156
-0.437072	-0.591317	0.400105	-0.547017	-0.424387	-0.533339	0.40651	-0.608436	-0.652435	0.240343	0.466884	-0.546428	-0.0111307	0.432469	0.210429	-0.876679	-0.422627	-0.379161	-0.254853	-0.782734	-0.727552	-0.0130303	-0.395932	-0.560121	-0.69237	-0.141032	0.680237	-0.194966	-0.465852	-0.564064	0.486026	-0.478113	-0.208237	-0.729419	0.0366347	-0.650572	-0.374326	-0.627183	0.446836	-0.516585
-0.436543	-0.591824	0.400353	-0.54671	-0.424185	-0.534225	0.40648	-0.60782	-0.649368	0.248097	0.467252	-0.546301	0.00331413	0.430904	0.207631	-0.87818	-0.425537	-0.380822	-0.257287	-0.779549	-0.734515	-0.00616618	-0.400998	-0.547403	-0.69246	-0.141302	0.680066	-0.195048	-0.465828	-0.564264	0.485885	-0.478045	-0.208253	-0.729691	0.0364583	-0.650271	-0.37438	-0.627304	0.446735	-0.516485
-0.434779	-0.593648	0.401012	-0.545655	-0.42437	-0.535821	0.406806	-0.606066	-0.644852	0.261482	0.468822	-0.544057	0.0312614	0.426602	0.204204	-0.88053	-0.429335	-0.383256	-0.256234	-0.776615	-0.747445	0.00531539	-0.413275	-0.520098	-0.693011	-0.141221	0.679577	-0.194855	-0.466018	-0.564448	0.48563	-0.477901	-0.208358	-0.730199	0.0359362	-0.649696	-0.375233	-0.627155	0.447504	-0.515381
-0.433069	-0.59557	0.402549	-0.543784	-0.42621	-0.536099	0.407643	-0.603962	-0.641103	0.270028	0.4714	-0.542082	0.048545	0.425101	0.202442	-0.88088	-0.42929	-0.386039	-0.255686	-0.775441	-0.757751	0.0239152	-0.418759	-0.499883	-0.69343	-0.140468	0.679542	-0.194024	-0.466279	-0.564731	0.485068	-0.477882	-0.20974	-0.730602	0.0356892	-0.648812	-0.378	-0.625998	0.449901	-0.512672
-0.432649	-0.596362	0.403765	-0.542348	-0.427286	-0.536189	0.407784	-0.603026	-0.638563	0.268118	0.473138	-0.544509	0.0481181	0.425322	0.20538	-0.880116	-0.434177	-0.391453	-0.259196	-0.768812	-0.757486	0.0180453	-0.423872	-0.496208	-0.694096	-0.139691	0.679072	-0.193849	-0.466541	-0.565036	0.484412	-0.477931	-0.210716	-0.73148	0.036543	-0.647457	-0.379896	-0.625577	0.451327	-0.510526
-0.433129	-0.596194	0.404386	-0.541686	-0.427431	-0.537052	0.408494	-0.601673	-0.636979	0.264307	0.471937	-0.549249	0.045979	0.424401	0.205973	-0.880537	-0.440957	-0.392953	-0.254122	-0.765877	-0.753864	0.0108087	-0.423076	-0.502573	-0.694981	-0.138067	0.678633	-0.193382	-0.467431	-0.564902	0.484028	-0.477609	-0.213054	-0.732096	0.0375558	-0.645936	-0.382188	-0.625102	0.453145	-0.507779
-0.433459	-0.59659	0.406064	-0.539728	-0.428472	-0.537876	0.409526	-0.599491	-0.636543	0.264768	0.470293	-0.55094	0.0497052	0.422707	0.20274	-0.881898	-0.440857	-0.3916	-0.252387	-0.7672	-0.754734	0.0106344	-0.420708	-0.503258	-0.696199	-0.135827	0.678174	-0.192192	-0.469012	-0.56438	0.483802	-0.476905	-0.213455	-0.733094	0.0376852	-0.644662	-0.383961	-0.625114	0.453905	-0.505743
-0.433459	-0.59659	0.406064	-0.539728	-0.429135	-0.538317	0.409964	-0.598321	-0.636274	0.265573	0.469855	-0.551237	0.0497052	0.422707	0.20274	-0.881898	-0.440857	-0.3916	-0.252387	-0.7672	-0.755762	0.0119811	-0.420562	-0.501805	-0.696199	-0.135827	0.678174	-0.192192	-0.469524	-0.564386	0.483313	-0.47689	-0.213455	-0.733094	0.0376852	-0.644662	-0.383961	-0.625114	0.453905	-0.505743
-0.434085	-0.597044	0.408219	-0.537091	-0.429753	-0.538779	0.410153	-0.597331	-0.636246	0.266259	0.46964	-0.551122	0.0497353	0.423139	0.200468	-0.882209	-0.43998	-0.39029	-0.251835	-0.768551	-0.756788	0.0129556	-0.420184	-0.500549	-0.697202	-0.135002	0.67727	-0.192326	-0.469967	-0.564563	0.482733	-0.476832	-0.215429	-0.733615	0.0393996	-0.643309	-0.386315	-0.624802	0.454716	-0.503605
-0.434913	-0.597056	0.409576	-0.535372	-0.430985	-0.539403	0.410302	-0.595775	-0.636263	0.266629	0.468648	-0.551768	0.048572	0.42352	0.199767	-0.88225	-0.440165	-0.389684	-0.251908	-0.768728	-0.75815	0.0145659	-0.419141	-0.499317	-0.697697	-0.134214	0.676956	-0.192189	-0.471537	-0.564333	0.482289	-0.476003	-0.215898	-0.734053	0.0403448	-0.642594	-0.387143	-0.624905	0.454534	-0.503003
-0.438181	-0.597709	0.413012	-0.529304	-0.431863	-0.539544	0.410175	-0.595099	-0.635625	0.268688	0.467376	-0.552583	0.0480915	0.424471	0.19569	-0.882733	-0.442719	-0.387492	-0.251975	-0.768348	-0.75905	0.0141789	-0.417681	-0.499184	-0.699269	-0.131286	0.676118	-0.191445	-0.473334	-0.563809	0.482424	-0.474701	-0.215353	-0.734028	0.0405776	-0.642791	-0.387874	-0.626512	0.452743	-0.502056
-0.441143	-0.59772	0.41474	-0.525466	-0.432765	-0.53899	0.410921	-0.59443	-0.633922	0.269936	0.466235	-0.55489	0.0504442	0.424439	0.193413	-0.883118	-0.445289	-0.385001	-0.249898	-0.768793	-0.760396	0.0140232	-0.414005	-0.500201	-0.700393	-0.128925	0.675725	-0.190327	-0.474123	-0.563801	0.482078	-0.474274	-0.21469	-0.734052	0.0396082	-0.643045	-0.388347	-0.62729	0.452716	-0.500742
-0.442792	-0.597138	0.415238	-0.524346	-0.433156	-0.538722	0.411574	-0.593936	-0.633922	0.269936	0.466235	-0.55489	0.0517852	0.424909	0.192521	-0.88301	-0.446448	-0.383914	-0.248878	-0.768995	-0.760965	0.0137101	-0.411485	-0.501423	-0.700636	-0.128297	0.675699	-0.189947	-0.47476	-0.563673	0.481954	-0.473916	-0.215297	-0.734204	0.0402095	-0.642632	-0.388389	-0.627596	0.452876	-0.500181
-0.444389	-0.596267	0.415671	-0.523643	-0.433945	-0.538026	0.412381	-0.593432	-0.630725	0.271155	0.466061	-0.558076	0.0543426	0.425263	0.191299	-0.882951	-0.446931	-0.382657	-0.248403	-0.769495	-0.761131	0.0135904	-0.410496	-0.501984	-0.700783	-0.127789	0.675784	-0.189447	-0.474757	-0.563748	0.481943	-0.473841	-0.216663	-0.734486	0.0418603	-0.641743	-0.388092	-0.628124	0.453386	-0.499285
-0.44473	-0.595782	0.415938	-0.523693	-0.434381	-0.537752	0.412731	-0.593118	-0.630057	0.270923	0.465767	-0.559187	0.0552124	0.425279	0.190755	-0.883008	-0.447148	-0.382122	-0.248002	-0.769764	-0.76049	0.0135535	-0.410001	-0.503359	-0.700783	-0.127789	0.675784	-0.189447	-0.474395	-0.563988	0.481934	-0.473927	-0.216851	-0.734748	0.0422408	-0.641356	-0.388029	-0.628198	0.453971	-0.498709
-0.443717	-0.594857	0.415303	-0.526102	-0.435358	-0.537046	0.412897	-0.592925	-0.629681	0.27133	0.464918	-0.560119	0.0563756	0.424848	0.190012	-0.883301	-0.446875	-0.382348	-0.248457	-0.769663	-0.759822	0.0134911	-0.410259	-0.504159	-0.702294	-0.126322	0.67497	-0.187724	-0.474216	-0.563851	0.482439	-0.473755	-0.218603	-0.734775	0.0431288	-0.640671	-0.387842	-0.628415	0.455669	-0.49703
-0.432102	-0.599525	0.411901	-0.533099	-0.436659	-0.536446	0.412863	-0.592536	-0.632113	0.271386	0.461889	-0.559859	0.0541409	0.422488	0.189468	-0.884689	-0.446044	-0.384088	-0.250142	-0.768733	-0.758772	0.011155	-0.411154	-0.505068	-0.706813	-0.122673	0.670426	-0.189464	-0.466549	-0.569334	0.481129	-0.476136	-0.224868	-0.732963	0.0352159	-0.641062	-0.390187	-0.629558	0.466081	-0.483921
-0.425172	-0.603627	0.410258	-0.535305	-0.436898	-0.536685	0.413242	-0.591878	-0.633971	0.271491	0.460722	-0.558666	0.0523422	0.421507	0.189444	-0.88527	-0.447302	-0.38666	-0.249014	-0.767077	-0.758992	0.00980991	-0.411586	-0.504412	-0.708533	-0.118914	0.667873	-0.194387	-0.455613	-0.578191	0.481928	-0.475245	-0.228545	-0.73126	0.0277406	-0.642072	-0.393065	-0.62933	0.470519	-0.477552
-0.419334	-0.608299	0.408997	-0.535586	-0.437425	-0.538049	0.418101	-0.586817	-0.638901	0.270475	0.459194	-0.554787	0.0457849	0.420408	0.190504	-0.885928	-0.452353	-0.389369	-0.243215	-0.764601	-0.760824	0.00585348	-0.412157	-0.501238	-0.71054	-0.107243	0.663235	-0.209166	-0.451303	-0.581809	0.483553	-0.473287	-0.230383	-0.73192	0.016691	-0.641044	-0.398015	-0.629395	0.472559	-0.471311
-0.422103	-0.609437	0.413879	-0.528318	-0.438659	-0.539362	0.426142	-0.578852	-0.644711	0.26906	0.459181	-0.548732	0.0366004	0.421317	0.192565	-0.885478	-0.460861	-0.391437	-0.235207	-0.760961	-0.763554	0.000547952	-0.411268	-0.497839	-0.713804	-0.0982475	0.655776	-0.225363	-0.446697	-0.587161	0.48504	-0.469511	-0.232483	-0.733789	0.0146379	-0.638194	-0.408087	-0.6274	0.470277	-0.467627
-0.424243	-0.610356	0.419202	-0.521299	-0.439948	-0.539357	0.430413	-0.574704	-0.648111	0.267385	0.460523	-0.544404	0.0317855	0.422051	0.195465	-0.884679	-0.464731	-0.392867	-0.231463	-0.759016	-0.763554	0.000547952	-0.411268	-0.497839	-0.716844	-0.0908389	0.652582	-0.228077	-0.446697	-0.587161	0.48504	-0.469511	-0.233238	-0.73455	0.0143137	-0.637049	-0.413537	-0.626294	0.467168	-0.467437
-0.426132	-0.612214	0.424141	-0.513527	-0.441182	-0.539551	0.435235	-0.569924	-0.651838	0.26463	0.462599	-0.539518	0.026772	0.422678	0.199836	-0.883568	-0.467989	-0.39495	-0.227377	-0.757166	-0.766074	-0.00822685	-0.409807	-0.495097	-0.71974	-0.0845651	0.650674	-0.226818	-0.45781	-0.583029	0.482994	-0.466052	-0.235939	-0.736146	0.0172705	-0.634132	-0.420974	-0.623278	0.46568	-0.466314
-0.429402	-0.613357	0.428039	-0.506152	-0.442107	-0.539937	0.440242	-0.564975	-0.655902	0.26154	0.464615	-0.534343	0.0212511	0.423181	0.204579	-0.882391	-0.47043	-0.397439	-0.22261	-0.755766	-0.766868	-0.0137406	-0.409028	-0.494389	-0.722122	-0.0806519	0.649978	-0.222628	-0.467936	-0.57794	0.477772	-0.467712	-0.235572	-0.738574	0.017362	-0.631437	-0.428808	-0.619492	0.464807	-0.46509
-0.440795	-0.612868	0.438996	-0.487212	-0.443997	-0.540756	0.450104	-0.554848	-0.655902	0.26154	0.464615	-0.534343	0.00895387	0.424022	0.211916	-0.880464	-0.47498	-0.400585	-0.21252	-0.754162	-0.768258	-0.023961	-0.406838	-0.493648	-0.724501	-0.0788845	0.64897	-0.218435	-0.483278	-0.570129	0.460145	-0.479231	-0.240426	-0.742571	0.0213185	-0.624764	-0.441861	-0.613624	0.460853	-0.464585
-0.44744	-0.611418	0.444957	-0.477472	-0.445238	-0.541629	0.454315	-0.549544	-0.667057	0.254878	0.467387	-0.521172	0.00402984	0.424068	0.21411	-0.879947	-0.476819	-0.400227	-0.208101	-0.754425	-0.768694	-0.026973	-0.404842	-0.494454	-0.727782	-0.0762034	0.647053	-0.21412	-0.480525	-0.574087	0.45689	-0.480386	-0.245595	-0.74351	0.0250606	-0.621488	-0.448568	-0.610385	0.460192	-0.463076
-0.449497	-0.614593	0.451658	-0.465008	-0.446721	-0.544404	0.459548	-0.541184	-0.671839	0.249611	0.468427	-0.516627	-0.00197906	0.423141	0.219373	-0.879103	-0.476041	-0.401437	-0.203839	-0.755436	-0.767697	-0.0320002	-0.401831	-0.498146	-0.730753	-0.0734338	0.643386	-0.216011	-0.462979	-0.583317	0.485497	-0.457913	-0.253623	-0.745041	0.0282504	-0.616272	-0.459341	-0.604932	0.458192	-0.461653
-0.447652	-0.617467	0.451715	-0.46292	-0.446122	-0.548532	0.460623	-0.536576	-0.675385	0.244168	0.468382	-0.514641	-0.00197906	0.423141	0.219373	-0.879103	-0.476041	-0.401437	-0.203839	-0.755436	-0.764209	-0.0374674	-0.401927	-0.503027	-0.732039	-0.0716396	0.64414	-0.209932	-0.434157	-0.599911	0.518862	-0.427079	-0.253623	-0.745041	0.0282504	-0.616272	-0.459341	-0.604932	0.458192	-0.461653
-0.446101	-0.621563	0.451165	-0.45946	-0.446424	-0.549103	0.459833	-0.536419	-0.676299	0.243059	0.467794	-0.5145	-0.00619777	0.418871	0.225709	-0.879525	-0.471059	-0.406906	-0.199779	-0.756716	-0.762475	-0.0398679	-0.402542	-0.504977	-0.733804	-0.076516	0.647093	-0.192216	-0.418314	-0.60728	0.536418	-0.410463	-0.251135	-0.749092	0.0219893	-0.612624	-0.469978	-0.598405	0.451099	-0.466414
-0.446505	-0.62472	0.453643	-0.45229	-0.445859	-0.550108	0.457612	-0.537756	-0.676279	0.242462	0.466954	-0.51557	-0.00565833	0.417792	0.225601	-0.880069	-0.469087	-0.408483	-0.199854	-0.757072	-0.759462	-0.0429291	-0.403389	-0.508578	-0.735295	-0.090385	0.648222	-0.176013	-0.387166	-0.621222	0.57098	-0.371708	-0.25167	-0.75028	0.0219925	-0.610948	-0.477845	-0.592792	0.449489	-0.467141
-0.446463	-0.625616	0.454798	-0.449927	-0.444966	-0.550955	0.456727	-0.538381	-0.675237	0.242083	0.46756	-0.516564	-0.00413154	0.417791	0.225873	-0.880008	-0.465214	-0.409495	-0.199947	-0.758888	-0.758359	-0.0429653	-0.40332	-0.510273	-0.737134	-0.0971696	0.647848	-0.165785	-0.37008	-0.629944	0.584937	-0.352221	-0.259999	-0.750978	0.025567	-0.606447	-0.481439	-0.590457	0.44976	-0.466146
-0.445373	-0.626184	0.457089	-0.447891	-0.442964	-0.551625	0.456527	-0.539515	-0.67174	0.240381	0.470749	-0.519016	-0.00258471	0.418361	0.226281	-0.879639	-0.463588	-0.408708	-0.199906	-0.760317	-0.756222	-0.0415141	-0.402696	-0.514044	-0.740902	-0.114483	0.646618	-0.140867	-0.338512	-0.643839	0.611075	-0.3122	-0.264411	-0.750987	0.0261568	-0.604501	-0.488204	-0.586202	0.451287	-0.462994
-0.445373	-0.626184	0.457089	-0.447891	-0.442964	-0.551625	0.456527	-0.539515	-0.67174	0.240381	0.470749	-0.519016	-0.00258471	0.418361	0.226281	-0.879639	-0.463588	-0.408708	-0.199906	-0.760317	-0.756222	-0.0415141	-0.402696	-0.514044	-0.740902	-0.114483	0.646618	-0.140867	-0.338512	-0.643839	0.611075	-0.3122	-0.264411	-0.750987	0.0261568	-0.604501	-0.488204	-0.586202	0.451287	-0.462994
-0.444564	-0.626334	0.458655	-0.446882	-0.441887	-0.551402	0.457017	-0.540211	-0.669949	0.239317	0.472836	-0.519925	0.000851814	0.420642	0.228796	-0.877902	-0.460068	-0.407122	-0.200536	-0.763135	-0.755201	-0.0406422	-0.402293	-0.515927	-0.74308	-0.121686	0.646064	-0.125	-0.325501	-0.648332	0.62339	-0.291719	-0.272252	-0.750969	0.0270013	-0.600995	-0.491478	-0.583862	0.451819	-0.461967
-0.444411	-0.62526	0.462938	-0.444115	-0.440529	-0.549899	0.458302	-0.54176	-0.667406	0.236607	0.476746	-0.520864	0.00240975	0.421577	0.230561	-0.876989	-0.458771	-0.406394	-0.200847	-0.764221	-0.75286	-0.0390943	-0.402423	-0.519354	-0.746824	-0.13985	0.643022	-0.096015	-0.309222	-0.652089	0.643957	-0.253932	-0.274965	-0.751533	0.0277042	-0.59902	-0.494606	-0.581415	0.452033	-0.461505
-0.444411	-0.62526	0.462938	-0.444115	-0.440529	-0.549899	0.458302	-0.54176	-0.667406	0.236607	0.476746	-0.520864	0.00337523	0.42244	0.232117	-0.876159	-0.457634	-0.405726	-0.201355	-0.765123	-0.75286	-0.0390943	-0.402423	-0.519354	-0.746824	-0.13985	0.643022	-0.096015	-0.309222	-0.652089	0.643957	-0.253932	-0.27923	-0.751494	0.029718	-0.596996	-0.497939	-0.57855	0.452438	-0.461125
-0.444765	-0.624316	0.46541	-0.442501	-0.440515	-0.548683	0.458728	-0.542643	-0.666732	0.235961	0.478252	-0.520641	0.00371289	0.423175	0.233375	-0.875469	-0.456648	-0.404959	-0.201911	-0.765972	-0.752128	-0.0383967	-0.402247	-0.520602	-0.747414	-0.152706	0.640913	-0.0853465	-0.30699	-0.651565	0.651569	-0.238072	-0.285432	-0.750495	0.0328251	-0.595154	-0.500618	-0.576065	0.452102	-0.461664
-0.443707	-0.623246	0.471507	-0.438601	-0.441332	-0.545684	0.459691	-0.544187	-0.666461	0.235877	0.479888	-0.519517	0.00348801	0.423885	0.234199	-0.874906	-0.455917	-0.404182	-0.202327	-0.766708	-0.751699	-0.0374201	-0.401047	-0.522217	-0.747758	-0.172041	0.638337	-0.0615213	-0.311001	-0.648688	0.66019	-0.215944	-0.292533	-0.748972	0.0367977	-0.59339	-0.503765	-0.572992	0.451702	-0.462456
-0.443707	-0.623246	0.471507	-0.438601	-0.442006	-0.544199	0.460248	-0.544655	-0.66675	0.236294	0.480214	-0.518656	0.00300496	0.424476	0.23451	-0.874538	-0.455413	-0.403394	-0.202405	-0.767401	-0.751931	-0.0371249	-0.399945	-0.522748	-0.747758	-0.172041	0.638337	-0.0615213	-0.318953	-0.645943	0.661802	-0.207472	-0.298014	-0.747669	0.0393314	-0.592141	-0.507722	-0.568858	0.452041	-0.462902
-0.441763	-0.623074	0.478479	-0.433222	-0.442936	-0.542545	0.461095	-0.544834	-0.66675	0.236294	0.480214	-0.518656	0.00133074	0.425897	0.233702	-0.874067	-0.455552	-0.4013	-0.201215	-0.768728	-0.752377	-0.0370717	-0.398638	-0.523108	-0.7497	-0.179983	0.635931	-0.0338735	-0.328887	-0.642483	0.661765	-0.202772	-0.313053	-0.744041	0.0448385	-0.58855	-0.514615	-0.560954	0.452428	-0.464554
-0.442236	-0.621812	0.482231	-0.430383	-0.444221	-0.540724	0.462309	-0.544569	-0.667566	0.23765	0.480795	-0.516443	0.00133074	0.425897	0.233702	-0.874067	-0.455552	-0.4013	-0.201215	-0.768728	-0.752894	-0.0370536	-0.397068	-0.523559	-0.750725	-0.181311	0.634859	-0.0222007	-0.339598	-0.638303	0.660771	-0.201556	-0.313053	-0.744041	0.0448385	-0.58855	-0.514615	-0.560954	0.452428	-0.464554
-0.442236	-0.621812	0.482231	-0.430383	-0.444221	-0.540724	0.462309	-0.544569	-0.667566	0.23765	0.480795	-0.516443	-9.02E-05	0.427002	0.233146	-0.873677	-0.456204	-0.400121	-0.199787	-0.769328	-0.752894	-0.0370536	-0.397068	-0.523559	-0.750725	-0.181311	0.634859	-0.0222007	-0.350298	-0.634046	0.65908	-0.202214	-0.321834	-0.741632	0.0469929	-0.586682	-0.517352	-0.557437	0.451982	-0.466179
-0.445568	-0.61723	0.490371	-0.424302	-0.447078	-0.537285	0.466173	-0.542336	-0.668817	0.238973	0.481239	-0.513794	-0.00370365	0.429169	0.231938	-0.872929	-0.457339	-0.398533	-0.197669	-0.770026	-0.753896	-0.0385119	-0.394138	-0.524226	-0.752804	-0.176677	0.634081	-0.00356649	-0.358988	-0.630867	0.656224	-0.206168	-0.341613	-0.734821	0.0525646	-0.583588	-0.523604	-0.549149	0.450675	-0.470283
-0.447871	-0.612308	0.497178	-0.421075	-0.449723	-0.534335	0.471233	-0.538678	-0.670088	0.239118	0.481245	-0.512063	-0.00797865	0.430757	0.230676	-0.872452	-0.458481	-0.39869	-0.193521	-0.770318	-0.753378	-0.0425232	-0.39293	-0.525565	-0.751461	-0.170984	0.637228	0.00341926	-0.378698	-0.621253	0.651015	-0.216362	-0.361985	-0.726884	0.0546927	-0.581047	-0.529568	-0.540255	0.449344	-0.475155
-0.447871	-0.612308	0.497178	-0.421075	-0.449723	-0.534335	0.471233	-0.538678	-0.670088	0.239118	0.481245	-0.512063	-0.00797865	0.430757	0.230676	-0.872452	-0.458481	-0.39869	-0.193521	-0.770318	-0.753378	-0.0425232	-0.39293	-0.525565	-0.751461	-0.170984	0.637228	0.00341926	-0.378698	-0.621253	0.651015	-0.216362	-0.361985	-0.726884	0.0546927	-0.581047	-0.529568	-0.540255	0.449344	-0.475155
-0.448202	-0.608203	0.499568	-0.423834	-0.45157	-0.532493	0.475564	-0.535139	-0.670145	0.240221	0.481881	-0.510872	-0.00954765	0.431821	0.230006	-0.872088	-0.457731	-0.400213	-0.190701	-0.770678	-0.750346	-0.0507704	-0.393969	-0.528386	-0.745677	-0.170145	0.644217	-0.0013126	-0.379909	-0.618309	0.647575	-0.2324	-0.370767	-0.723125	0.0520619	-0.58044	-0.531619	-0.536544	0.447695	-0.478613
-0.447984	-0.606102	0.49879	-0.427971	-0.450695	-0.533502	0.477896	-0.532789	-0.670199	0.24062	0.482365	-0.510156	-0.0106537	0.43386	0.228947	-0.871341	-0.450784	-0.408424	-0.18972	-0.770707	-0.747987	-0.0566415	-0.395082	-0.5303	-0.7383	-0.17802	0.650513	-0.00741253	-0.378526	-0.618768	0.644456	-0.241912	-0.384188	-0.716757	0.0435269	-0.580314	-0.536993	-0.526689	0.446465	-0.484671
-0.447662	-0.601739	0.494062	-0.439786	-0.448748	-0.534898	0.480077	-0.531069	-0.670455	0.242279	0.482677	-0.508738	-0.0107147	0.434457	0.228692	-0.87111	-0.44651	-0.413613	-0.190138	-0.770325	-0.743605	-0.0679493	-0.396437	-0.534109	-0.725342	-0.190756	0.661292	-0.0135292	-0.374476	-0.620132	0.636704	-0.264222	-0.390591	-0.713641	0.0389646	-0.580205	-0.538417	-0.522674	0.444837	-0.488915
-0.448523	-0.599254	0.493918	-0.442455	-0.448301	-0.534539	0.480533	-0.531396	-0.670733	0.243237	0.482244	-0.508324	-0.0111067	0.435058	0.227637	-0.871081	-0.439514	-0.420893	-0.1904	-0.77034	-0.742346	-0.0722976	-0.396499	-0.535243	-0.721758	-0.190823	0.665192	-0.0131011	-0.37594	-0.616952	0.635915	-0.271389	-0.410041	-0.704882	0.038791	-0.577498	-0.542181	-0.512924	0.44169	-0.497854
-0.456255	-0.587338	0.496807	-0.447268	-0.450447	-0.530628	0.483366	-0.530931	-0.67042	0.246159	0.480724	-0.50877	-0.0118222	0.435913	0.224388	-0.871487	-0.436288	-0.421282	-0.189855	-0.772094	-0.74169	-0.0749679	-0.39583	-0.536278	-0.714987	-0.183446	0.67461	-0.00659243	-0.39118	-0.600048	0.639201	-0.279897	-0.43198	-0.693632	0.0421279	-0.574885	-0.544993	-0.501153	0.430519	-0.516218
-0.458355	-0.583106	0.497238	-0.45017	-0.453575	-0.52778	0.484324	-0.530235	-0.670436	0.247373	0.479573	-0.509246	-0.0115398	0.435993	0.223258	-0.871741	-0.436827	-0.420311	-0.191854	-0.771825	-0.741063	-0.07163	-0.397177	-0.536606	-0.710187	-0.177124	0.68136	-0.00328572	-0.39909	-0.588149	0.643462	-0.284191	-0.438128	-0.689385	0.0419344	-0.575355	-0.543699	-0.500338	0.4231	-0.524442
-0.465856	-0.570928	0.498949	-0.456147	-0.45673	-0.525168	0.486662	-0.527974	-0.67095	0.247362	0.478256	-0.509813	-0.0107522	0.434085	0.221818	-0.87307	-0.439735	-0.418553	-0.198348	-0.769483	-0.739649	-0.0684806	-0.400253	-0.536682	-0.705113	-0.169776	0.688458	-0.00420297	-0.400035	-0.583328	0.646161	-0.286665	-0.450367	-0.679461	0.0418817	-0.577709	-0.535193	-0.502183	0.3937	-0.553517
-0.472375	-0.563375	0.49744	-0.46046	-0.461709	-0.520536	0.486863	-0.528045	-0.671969	0.247859	0.476375	-0.509991	-0.0110022	0.432139	0.221453	-0.874124	-0.442349	-0.418358	-0.203105	-0.766845	-0.738583	-0.0674276	-0.40228	-0.536768	-0.702016	-0.162316	0.6934	-0.00482101	-0.403183	-0.570643	0.652263	-0.293874	-0.454871	-0.675611	0.0417516	-0.578704	-0.530467	-0.502035	0.375722	-0.570437
-0.47512	-0.560919	0.496153	-0.462021	-0.466482	-0.516345	0.48651	-0.528289	-0.672492	0.248049	0.475411	-0.510109	-0.0111375	0.43093	0.221299	-0.874758	-0.44399	-0.418156	-0.205357	-0.765406	-0.738284	-0.0670252	-0.403286	-0.536474	-0.700393	-0.159775	0.695614	-0.00655064	-0.402361	-0.569008	0.652307	-0.298045	-0.457205	-0.673698	0.0405329	-0.579182	-0.528084	-0.502361	0.368757	-0.57687
-0.483018	-0.553901	0.496319	-0.46212	-0.4691	-0.514014	0.48659	-0.528171	-0.673908	0.249722	0.472077	-0.510519	-0.0120197	0.428905	0.21856	-0.876429	-0.449365	-0.416296	-0.208124	-0.762531	-0.73897	-0.0656178	-0.403192	-0.535774	-0.697525	-0.151135	0.700361	-0.0105458	-0.396875	-0.567661	0.652365	-0.307687	-0.465186	-0.666879	0.0366285	-0.580976	-0.525998	-0.500571	0.36093	-0.585222
-0.483018	-0.553901	0.496319	-0.46212	-0.4691	-0.514014	0.48659	-0.528171	-0.673908	0.249722	0.472077	-0.510519	-0.0120197	0.428905	0.21856	-0.876429	-0.449365	-0.416296	-0.208124	-0.762531	-0.73897	-0.0656178	-0.403192	-0.535774	-0.697525	-0.151135	0.700361	-0.0105458	-0.396875	-0.567661	0.652365	-0.307687	-0.465186	-0.666879	0.0366285	-0.580976	-0.525998	-0.500571	0.36093	-0.585222
-0.487105	-0.550686	0.496237	-0.46176	-0.473202	-0.51165	0.485571	-0.527746	-0.675437	0.252226	0.467832	-0.511176	-0.0127221	0.427894	0.216669	-0.877382	-0.451961	-0.414552	-0.210147	-0.761391	-0.741234	-0.060795	-0.403031	-0.533331	-0.695065	-0.143251	0.704439	-0.0113654	-0.395815	-0.563074	0.653518	-0.314949	-0.468782	-0.663307	0.0334754	-0.582363	-0.527199	-0.497554	0.360961	-0.586693
-0.494569	-0.543966	0.496212	-0.461819	-0.475236	-0.509965	0.484647	-0.528398	-0.676418	0.254095	0.465458	-0.51112	-0.0145323	0.426199	0.212398	-0.879222	-0.455482	-0.411866	-0.215079	-0.75937	-0.742684	-0.0584373	-0.403566	-0.531169	-0.694693	-0.13727	0.706002	-0.0109317	-0.393067	-0.562493	0.653697	-0.319031	-0.476204	-0.658265	0.0310126	-0.582199	-0.528707	-0.492274	0.359515	-0.590664
-0.508357	-0.53142	0.503616	-0.453362	-0.483524	-0.502725	0.485418	-0.527106	-0.67909	0.260078	0.460972	-0.508626	-0.0190087	0.426922	0.20528	-0.880475	-0.462015	-0.404465	-0.219492	-0.758138	-0.74864	-0.0473717	-0.404402	-0.523214	-0.694196	-0.117027	0.710189	-0.00525929	-0.39499	-0.551793	0.65932	-0.323735	-0.494729	-0.645338	0.0365105	-0.580903	-0.532533	-0.482777	0.361912	-0.593595
-0.512027	-0.527725	0.504885	-0.452134	-0.48866	-0.497863	0.48613	-0.526328	-0.67993	0.261712	0.460332	-0.507245	-0.0204261	0.427568	0.203989	-0.88043	-0.462015	-0.404465	-0.219492	-0.758138	-0.751322	-0.041506	-0.406131	-0.518508	-0.694278	-0.110351	0.711192	-0.00262386	-0.397555	-0.544121	0.66543	-0.32107	-0.494729	-0.645338	0.0365105	-0.580903	-0.533659	-0.480053	0.362197	-0.594618
-0.51818	-0.521501	0.507863	-0.449	-0.490449	-0.495516	0.48799	-0.525156	-0.681818	0.264246	0.459099	-0.504506	-0.0235514	0.428487	0.201526	-0.880472	-0.466197	-0.401023	-0.224511	-0.755934	-0.752329	-0.039356	-0.407468	-0.516161	-0.69642	-0.0993065	0.710728	-0.00185294	-0.396603	-0.543161	0.667079	-0.320449	-0.507268	-0.638664	0.0416906	-0.577105	-0.536691	-0.474221	0.363471	-0.595791
-0.52381	-0.517418	0.500735	-0.455155	-0.49141	-0.493453	0.489925	-0.524398	-0.683562	0.266232	0.459105	-0.501085	-0.0267286	0.429679	0.201267	-0.87986	-0.468925	-0.401849	-0.225419	-0.753534	-0.75384	-0.0379062	-0.410315	-0.51179	-0.696186	-0.101211	0.710596	-0.0116587	-0.390862	-0.545226	0.668027	-0.322017	-0.50503	-0.641263	0.0384143	-0.576412	-0.536124	-0.473487	0.358909	-0.599638
-0.527497	-0.514218	0.49636	-0.459297	-0.494428	-0.486764	0.485116	-0.532227	-0.683276	0.271373	0.457753	-0.499953	-0.026964	0.430967	0.197483	-0.88008	-0.472155	-0.401335	-0.227583	-0.751136	-0.75858	-0.0353706	-0.409195	-0.505831	-0.697005	-0.100142	0.70989	-0.0145504	-0.389961	-0.543428	0.672863	-0.316027	-0.498211	-0.645958	0.0330079	-0.577438	-0.535641	-0.473988	0.356112	-0.601339
-0.52831	-0.512154	0.49589	-0.461172	-0.4947	-0.484904	0.484028	-0.534656	-0.679836	0.277645	0.456093	-0.502708	-0.0226452	0.432752	0.190592	-0.880845	-0.474813	-0.397065	-0.228996	-0.751301	-0.760643	-0.0332646	-0.407515	-0.50423	-0.69678	-0.101471	0.709837	-0.0182127	-0.389009	-0.543761	0.673623	-0.315004	-0.499296	-0.64531	0.0335989	-0.577191	-0.536148	-0.474597	0.357706	-0.599458
-0.529298	-0.510074	0.495801	-0.462439	-0.494903	-0.482995	0.483247	-0.536898	-0.677585	0.280269	0.456093	-0.504289	-0.020012	0.433898	0.187748	-0.880955	-0.475607	-0.394578	-0.229156	-0.75206	-0.763969	-0.0288888	-0.404573	-0.501834	-0.696725	-0.102087	0.709769	-0.0195128	-0.389828	-0.542415	0.676351	-0.310434	-0.499661	-0.644885	0.0335877	-0.577351	-0.536347	-0.474943	0.358894	-0.598295
-0.528687	-0.508472	0.496217	-0.464452	-0.49539	-0.479367	0.48156	-0.541199	-0.673746	0.283096	0.457383	-0.506679	-0.0155324	0.436141	0.185386	-0.880438	-0.476438	-0.390071	-0.230394	-0.753506	-0.76497	-0.026784	-0.403451	-0.50133	-0.697651	-0.101744	0.708939	-0.0183435	-0.390901	-0.541524	0.677421	-0.308302	-0.498497	-0.645635	0.0340314	-0.577493	-0.536116	-0.476158	0.359577	-0.597124
-0.527715	-0.508571	0.496966	-0.464647	-0.495385	-0.478096	0.480942	-0.542875	-0.673746	0.283096	0.457383	-0.506679	-0.0139994	0.436899	0.184912	-0.880188	-0.476314	-0.388669	-0.23102	-0.754116	-0.765408	-0.0251507	-0.403107	-0.501021	-0.697412	-0.102628	0.70904	-0.0185818	-0.390804	-0.541745	0.677437	-0.308001	-0.498047	-0.646167	0.0347629	-0.577243	-0.536175	-0.476322	0.360039	-0.596661
-0.527715	-0.508571	0.496966	-0.464647	-0.495385	-0.478096	0.480942	-0.542875	-0.673746	0.283096	0.457383	-0.506679	-0.0139994	0.436899	0.184912	-0.880188	-0.476314	-0.388669	-0.23102	-0.754116	-0.765385	-0.023962	-0.403205	-0.501036	-0.697412	-0.102628	0.70904	-0.0185818	-0.390204	-0.542457	0.677002	-0.308462	-0.498047	-0.646167	0.0347629	-0.577243	-0.536175	-0.476322	0.360039	-0.596661
-0.526678	-0.508815	0.49775	-0.464718	-0.495329	-0.477006	0.480629	-0.544161	-0.673746	0.283096	0.457383	-0.506679	-0.0129566	0.437507	0.184624	-0.879963	-0.476121	-0.387778	-0.231324	-0.754604	-0.765385	-0.023962	-0.403205	-0.501036	-0.696995	-0.104008	0.709232	-0.0192276	-0.390204	-0.542457	0.677002	-0.308462	-0.498116	-0.646308	0.0358891	-0.576956	-0.536219	-0.476391	0.360398	-0.59635
-0.524409	-0.509802	0.498907	-0.464961	-0.494438	-0.476514	0.480814	-0.545237	-0.670465	0.284724	0.459318	-0.508366	-0.0119295	0.438359	0.184486	-0.879581	-0.475929	-0.387076	-0.231654	-0.754983	-0.764597	-0.0228412	-0.403449	-0.502094	-0.696478	-0.106117	0.709437	-0.0189136	-0.392136	-0.541537	0.677437	-0.30667	-0.498016	-0.646386	0.037358	-0.576862	-0.536114	-0.476455	0.360752	-0.59618
-0.523511	-0.510257	0.498857	-0.465527	-0.493642	-0.477111	0.481001	-0.545271	-0.670392	0.284507	0.459698	-0.508241	-0.0117587	0.438483	0.184965	-0.879422	-0.475671	-0.387196	-0.231553	-0.755116	-0.764058	-0.0232273	-0.403419	-0.50292	-0.695831	-0.107977	0.709786	-0.019105	-0.393347	-0.541194	0.677454	-0.305685	-0.496946	-0.647036	0.037537	-0.577044	-0.535919	-0.476477	0.361032	-0.596168
-0.522617	-0.510605	0.49909	-0.465901	-0.493058	-0.477448	0.481137	-0.545384	-0.670341	0.284096	0.460022	-0.508243	-0.0117688	0.438457	0.185705	-0.879279	-0.475268	-0.387738	-0.231362	-0.75515	-0.76345	-0.0241855	-0.403363	-0.503843	-0.695235	-0.109548	0.710125	-0.0192203	-0.394552	-0.540855	0.677387	-0.30488	-0.495838	-0.647762	0.0379142	-0.577158	-0.53588	-0.476318	0.361593	-0.59599
-0.521614	-0.51102	0.499392	-0.466245	-0.492492	-0.477801	0.481055	-0.54566	-0.670253	0.283885	0.460213	-0.508305	-0.011838	0.438482	0.186063	-0.879189	-0.47466	-0.38835	-0.231286	-0.755241	-0.763047	-0.025441	-0.403055	-0.504638	-0.694901	-0.110162	0.710385	-0.0181471	-0.396439	-0.539993	0.677477	-0.303756	-0.494943	-0.648213	0.0384027	-0.577388	-0.535795	-0.476225	0.362276	-0.595726
-0.519704	-0.511872	0.50026	-0.466513	-0.492116	-0.478076	0.480949	-0.545851	-0.670052	0.283902	0.460229	-0.508546	-0.0117519	0.438468	0.185988	-0.879213	-0.474055	-0.388544	-0.230626	-0.755723	-0.762972	-0.0271728	-0.401448	-0.505939	-0.694864	-0.110204	0.71049	-0.0149535	-0.399824	-0.538413	0.677511	-0.302046	-0.494025	-0.648631	0.039687	-0.577618	-0.536217	-0.475432	0.365076	-0.594269
-0.518605	-0.512611	0.500555	-0.466608	-0.491742	-0.478424	0.480995	-0.545843	-0.669604	0.284369	0.460066	-0.509023	-0.0109892	0.438501	0.185571	-0.879295	-0.473801	-0.388447	-0.230138	-0.756081	-0.763257	-0.0284181	-0.400105	-0.506505	-0.695369	-0.109814	0.71009	-0.0132461	-0.402491	-0.536364	0.678668	-0.299542	-0.493741	-0.648848	0.0403928	-0.577567	-0.536567	-0.474907	0.3667	-0.593372
-0.517431	-0.513186	0.502972	-0.464676	-0.491254	-0.477734	0.482476	-0.54558	-0.669089	0.285075	0.460935	-0.508519	-0.011141	0.439921	0.185087	-0.878685	-0.473584	-0.388049	-0.227823	-0.757122	-0.763783	-0.0290542	-0.399071	-0.506493	-0.697081	-0.108126	0.708733	-0.00912362	-0.403044	-0.535579	0.679667	-0.297931	-0.493358	-0.649191	0.0443306	-0.577222	-0.537102	-0.473846	0.370658	-0.591274
-0.517013	-0.513401	0.503671	-0.464147	-0.491226	-0.477482	0.483015	-0.545348	-0.669019	0.285336	0.461286	-0.508146	-0.0116332	0.440643	0.184986	-0.878338	-0.474133	-0.387636	-0.226953	-0.757251	-0.764041	-0.0292097	-0.398643	-0.50643	-0.697546	-0.107434	0.708399	-0.0075945	-0.403795	-0.534856	0.68028	-0.296813	-0.492974	-0.649077	0.0454594	-0.577588	-0.536532	-0.474502	0.370538	-0.591339
-0.515395	-0.514139	0.505045	-0.463636	-0.491111	-0.477068	0.48389	-0.545038	-0.668985	0.285599	0.461699	-0.507668	-0.0123654	0.441884	0.185177	-0.877665	-0.47516	-0.38778	-0.225764	-0.756889	-0.764122	-0.0293083	-0.398558	-0.506369	-0.697035	-0.10908	0.708664	-0.00623575	-0.404422	-0.535218	0.679514	-0.297062	-0.492235	-0.64971	0.0476579	-0.57733	-0.536186	-0.474882	0.370491	-0.591378
-0.51436	-0.514654	0.505977	-0.463198	-0.490886	-0.477042	0.484411	-0.544801	-0.669162	0.285203	0.462781	-0.506671	-0.0124862	0.442129	0.185852	-0.877397	-0.475348	-0.388123	-0.225068	-0.756802	-0.763998	-0.0298362	-0.399131	-0.506075	-0.696955	-0.109558	0.708678	-0.00502493	-0.405886	-0.534488	0.679499	-0.296414	-0.49222	-0.649803	0.048948	-0.577131	-0.535922	-0.475146	0.370025	-0.591697
-0.513473	-0.515086	0.50715	-0.462419	-0.490234	-0.477397	0.485208	-0.544368	-0.66925	0.28415	0.463913	-0.506111	-0.0124578	0.442241	0.186689	-0.877163	-0.475235	-0.38864	-0.224355	-0.756819	-0.763577	-0.0306919	-0.399822	-0.506114	-0.69691	-0.109612	0.708724	-0.00343573	-0.409353	-0.532915	0.678879	-0.295897	-0.492339	-0.649653	0.0500584	-0.577103	-0.535495	-0.475526	0.369272	-0.592248
-0.511669	-0.515941	0.509019	-0.461409	-0.489525	-0.47808	0.485617	-0.544042	-0.669457	0.283367	0.464379	-0.505849	-0.0128009	0.442264	0.188498	-0.87676	-0.473975	-0.390138	-0.223617	-0.757057	-0.763331	-0.0315948	-0.400034	-0.506261	-0.695852	-0.110695	0.709602	-0.0013368	-0.410973	-0.532246	0.678347	-0.296077	-0.493142	-0.649209	0.0521433	-0.576732	-0.535099	-0.475625	0.368028	-0.5933
-0.510917	-0.516156	0.509609	-0.461351	-0.488817	-0.478824	0.486207	-0.543497	-0.669686	0.282464	0.464955	-0.505521	-0.0128009	0.442264	0.188498	-0.87676	-0.473975	-0.390138	-0.223617	-0.757057	-0.763072	-0.032711	-0.399863	-0.506715	-0.69534	-0.111175	0.71003	-0.000552157	-0.412771	-0.531352	0.678056	-0.295848	-0.493142	-0.649209	0.0521433	-0.576732	-0.53494	-0.47559	0.367207	-0.593981
-0.510525	-0.5162	0.51015	-0.461139	-0.488209	-0.479476	0.486986	-0.54277	-0.669866	0.281568	0.465566	-0.50522	-0.013316	0.442354	0.190669	-0.876237	-0.472558	-0.391461	-0.221941	-0.757753	-0.763072	-0.032711	-0.399863	-0.506715	-0.695083	-0.111678	0.710203	-0.000166388	-0.412771	-0.531352	0.678056	-0.295848	-0.49321	-0.649256	0.0534887	-0.576497	-0.534616	-0.475731	0.366234	-0.594759
-0.509796	-0.516461	0.510442	-0.461329	-0.487164	-0.4803	0.488362	-0.541744	-0.670065	0.280176	0.46678	-0.504611	-0.0133535	0.442498	0.191538	-0.875974	-0.471551	-0.392107	-0.221249	-0.758249	-0.762637	-0.0375765	-0.397663	-0.50876	-0.694715	-0.112699	0.710401	0.00032025	-0.416992	-0.529131	0.677657	-0.29482	-0.4932	-0.649094	0.0538702	-0.576653	-0.534389	-0.475647	0.365193	-0.59567
-0.509588	-0.516541	0.510315	-0.461611	-0.48679	-0.480483	0.488823	-0.541502	-0.670225	0.279943	0.467181	-0.504155	-0.0139292	0.443171	0.192679	-0.875374	-0.469516	-0.393733	-0.219913	-0.759057	-0.762387	-0.0390971	-0.397107	-0.509454	-0.694388	-0.113423	0.710606	0.00044515	-0.417914	-0.52874	0.677435	-0.294726	-0.492839	-0.649587	0.0541097	-0.576384	-0.534296	-0.475625	0.364974	-0.595905
-0.509488	-0.516474	0.511052	-0.460981	-0.486682	-0.480273	0.489238	-0.54141	-0.670523	0.280372	0.467396	-0.503321	-0.0146579	0.443732	0.192069	-0.875212	-0.468701	-0.394512	-0.218724	-0.7595	-0.762118	-0.040849	-0.396504	-0.510189	-0.693585	-0.114201	0.711264	0.00153924	-0.419366	-0.528221	0.676876	-0.294879	-0.493171	-0.649127	0.0549577	-0.576538	-0.533961	-0.475877	0.364711	-0.596165
