FULLBODY	1																																						
Frames:	132																																						
-0.419707	-0.607352	0.387314	-0.55223	-0.389773	-0.574841	0.403781	-0.595479	-0.716952	-0.188453	0.596495	-0.307667	-0.680214	-0.0747403	0.671341	-0.284646	-0.0860918	-0.649232	-0.00399759	-0.755692	-0.1565	-0.649874	-0.0314149	-0.743091	-0.666369	-0.18533	0.685241	-0.228143	-0.410851	-0.599191	0.469829	-0.50143	-0.193212	-0.738066	0.0300479	-0.645775	-0.372812	-0.63697	0.44356	-0.508463
-0.426094	-0.606537	0.39571	-0.54219	-0.39233	-0.579256	0.405188	-0.588526	-0.717979	-0.200383	0.593777	-0.302953	-0.676852	-0.0805808	0.672069	-0.289313	-0.0638775	-0.651205	0.0124535	-0.756107	-0.154433	-0.660881	-0.0113044	-0.734343	-0.670259	-0.177533	0.68379	-0.227303	-0.421427	-0.592304	0.468855	-0.501748	-0.192155	-0.740643	0.0316947	-0.643055	-0.384302	-0.627554	0.45118	-0.504901
-0.426347	-0.606359	0.395757	-0.542156	-0.391995	-0.579686	0.405564	-0.588066	-0.717744	-0.201162	0.594223	-0.302121	-0.676742	-0.081435	0.672552	-0.288206	-0.0598118	-0.652013	0.0137342	-0.75572	-0.151414	-0.661604	-0.0113954	-0.734319	-0.670225	-0.177628	0.683874	-0.227074	-0.421427	-0.592304	0.468855	-0.501748	-0.19218	-0.740301	0.0319538	-0.643429	-0.384708	-0.627437	0.452772	-0.50331
-0.426453	-0.606314	0.396011	-0.541939	-0.391579	-0.580307	0.406232	-0.58727	-0.717289	-0.202792	0.59501	-0.300558	-0.676755	-0.0825806	0.672966	-0.286879	-0.058048	-0.652561	0.0135343	-0.755389	-0.144899	-0.662838	-0.0116244	-0.734516	-0.670333	-0.177155	0.684198	-0.226148	-0.420963	-0.592693	0.46922	-0.501336	-0.192018	-0.740314	0.0319941	-0.64346	-0.384502	-0.62767	0.453105	-0.502876
-0.426989	-0.606013	0.396601	-0.541421	-0.391637	-0.580753	0.406628	-0.586515	-0.716745	-0.204196	0.595777	-0.299384	-0.677502	-0.0867529	0.673815	-0.281848	-0.0557237	-0.653908	0.0134628	-0.754399	-0.140806	-0.663736	-0.010693	-0.734516	-0.670568	-0.176521	0.684581	-0.224783	-0.420536	-0.593117	0.469403	-0.501021	-0.191694	-0.740302	0.0331228	-0.643513	-0.383599	-0.628489	0.453485	-0.502199
-0.426981	-0.605962	0.3969	-0.541265	-0.391916	-0.580788	0.407326	-0.58581	-0.716349	-0.204768	0.596388	-0.298721	-0.678088	-0.0885405	0.674807	-0.277476	-0.0560392	-0.654263	0.0140014	-0.754058	-0.138852	-0.664173	-0.0105483	-0.734496	-0.670553	-0.176084	0.685288	-0.223011	-0.420505	-0.593271	0.46964	-0.500643	-0.191256	-0.74036	0.0339291	-0.643535	-0.38267	-0.629245	0.45324	-0.502184
-0.427061	-0.60592	0.397215	-0.541017	-0.392421	-0.58016	0.408742	-0.585107	-0.716235	-0.205209	0.596436	-0.298599	-0.678077	-0.0892693	0.675027	-0.276733	-0.0565578	-0.654533	0.0136024	-0.753792	-0.137105	-0.663865	-0.0122452	-0.735075	-0.670679	-0.175878	0.685453	-0.222285	-0.419954	-0.593615	0.469534	-0.500797	-0.190456	-0.740511	0.0339958	-0.643595	-0.381772	-0.62989	0.452613	-0.502623
-0.427255	-0.606015	0.397594	-0.54048	-0.392702	-0.579816	0.409595	-0.584662	-0.716539	-0.204918	0.596185	-0.29857	-0.676379	-0.0859735	0.67674	-0.277745	-0.0612118	-0.654441	0.0136319	-0.753508	-0.138317	-0.663862	-0.0115728	-0.734862	-0.670656	-0.175933	0.685679	-0.221614	-0.419438	-0.593936	0.469261	-0.501105	-0.189998	-0.740166	0.0343934	-0.644106	-0.381031	-0.630463	0.452636	-0.502447
-0.427607	-0.605811	0.397806	-0.540274	-0.393586	-0.579053	0.411314	-0.583616	-0.717809	-0.20062	0.596086	-0.298636	-0.673328	-0.071846	0.679785	-0.281709	-0.0717343	-0.652378	0.0171384	-0.754297	-0.146676	-0.66162	-0.00768586	-0.735313	-0.670628	-0.175921	0.685893	-0.221043	-0.418829	-0.594274	0.468917	-0.501535	-0.189758	-0.740438	0.0349999	-0.643831	-0.380654	-0.630712	0.452863	-0.502215
-0.428034	-0.605399	0.398128	-0.54016	-0.394928	-0.578146	0.41328	-0.582218	-0.718944	-0.195353	0.593781	-0.303943	-0.666873	-0.0524991	0.681242	-0.297377	-0.0848741	-0.647725	0.018433	-0.756908	-0.158471	-0.655114	-0.0111969	-0.738639	-0.670948	-0.174824	0.686226	-0.219906	-0.418875	-0.594083	0.469025	-0.501622	-0.189556	-0.740271	0.0351549	-0.644074	-0.380435	-0.63073	0.453322	-0.501945
-0.429049	-0.604472	0.398594	-0.54005	-0.396272	-0.576965	0.415202	-0.581109	-0.720886	-0.186522	0.589471	-0.313141	-0.656598	-0.0247809	0.681035	-0.323197	-0.103203	-0.637257	0.0162446	-0.763537	-0.17875	-0.640029	-0.0188171	-0.747032	-0.671257	-0.173929	0.68633	-0.219349	-0.418806	-0.59393	0.468778	-0.502091	-0.190581	-0.739835	0.0355872	-0.644248	-0.380776	-0.630371	0.453968	-0.501553
-0.429584	-0.603882	0.398694	-0.540211	-0.397022	-0.576256	0.416369	-0.580464	-0.722984	-0.178959	0.586491	-0.318269	-0.649713	-0.00805146	0.679761	-0.340196	-0.113408	-0.630394	0.012306	-0.767848	-0.191787	-0.629195	-0.0264005	-0.752751	-0.671257	-0.173929	0.68633	-0.219349	-0.418876	-0.593767	0.468696	-0.502303	-0.190648	-0.739852	0.0355876	-0.64421	-0.380731	-0.630295	0.453938	-0.50171
-0.430766	-0.602709	0.398754	-0.540535	-0.398357	-0.574754	0.418071	-0.579815	-0.727023	-0.159206	0.579952	-0.33128	-0.632565	0.0310584	0.673118	-0.38185	-0.132348	-0.613646	-0.00579	-0.778389	-0.222344	-0.601772	-0.0487272	-0.765545	-0.67148	-0.172441	0.686528	-0.219219	-0.418753	-0.593578	0.46842	-0.502885	-0.191409	-0.73939	0.0355505	-0.644516	-0.380781	-0.630026	0.453968	-0.501982
-0.431452	-0.602085	0.398698	-0.540723	-0.399571	-0.572961	0.419051	-0.580046	-0.728838	-0.147523	0.576214	-0.339132	-0.621993	0.0525618	0.667595	-0.405807	-0.142946	-0.60403	-0.0185546	-0.783818	-0.256629	-0.566694	-0.0774588	-0.779102	-0.671639	-0.17172	0.686608	-0.219048	-0.418937	-0.593175	0.468119	-0.503488	-0.192235	-0.739109	0.0356482	-0.644587	-0.38099	-0.62979	0.454062	-0.502035
-0.43296	-0.600685	0.398433	-0.541271	-0.40023	-0.571944	0.419304	-0.580413	-0.731262	-0.121701	0.567802	-0.357835	-0.596613	0.0989679	0.650798	-0.459043	-0.166379	-0.582629	-0.0465674	-0.794162	-0.276414	-0.546192	-0.093325	-0.785213	-0.671832	-0.170412	0.686867	-0.218667	-0.419192	-0.592882	0.468044	-0.503691	-0.193012	-0.738981	0.035541	-0.644508	-0.381252	-0.629456	0.453957	-0.502349
-0.434636	-0.599079	0.398458	-0.541689	-0.401897	-0.56972	0.419784	-0.581102	-0.732406	-0.0904182	0.560137	-0.376367	-0.56469	0.150897	0.628492	-0.51318	-0.192167	-0.560103	-0.0773742	-0.802103	-0.31771	-0.501441	-0.130981	-0.794016	-0.672366	-0.168767	0.686843	-0.218376	-0.419716	-0.5924	0.468048	-0.503817	-0.194679	-0.73861	0.0359346	-0.64441	-0.382179	-0.62879	0.454536	-0.501956
-0.436317	-0.597468	0.398475	-0.542105	-0.403191	-0.567787	0.419517	-0.582289	-0.730159	-0.059296	0.551826	-0.398547	-0.526289	0.203007	0.599325	-0.567995	-0.217285	-0.538101	-0.109788	-0.806958	-0.361939	-0.452516	-0.17011	-0.797052	-0.672661	-0.167611	0.686888	-0.218218	-0.419871	-0.592149	0.467955	-0.504069	-0.195684	-0.73866	0.0365601	-0.644013	-0.382477	-0.628539	0.45432	-0.502239
-0.436888	-0.596721	0.398084	-0.542754	-0.404082	-0.566516	0.419258	-0.583096	-0.727968	-0.0442759	0.548349	-0.409165	-0.505015	0.228429	0.582549	-0.594489	-0.229493	-0.527233	-0.125567	-0.80845	-0.384526	-0.426737	-0.189602	-0.796295	-0.67287	-0.167231	0.68678	-0.218206	-0.419889	-0.592101	0.46796	-0.504107	-0.195888	-0.738686	0.0366354	-0.643917	-0.382502	-0.628516	0.454236	-0.502324
-0.4381	-0.595434	0.397615	-0.543534	-0.405778	-0.563803	0.418684	-0.584956	-0.725102	-0.0092959	0.539536	-0.427833	-0.458862	0.275965	0.545058	-0.645136	-0.255351	-0.505575	-0.152781	-0.809844	-0.428973	-0.374267	-0.228778	-0.789662	-0.673061	-0.16682	0.686628	-0.218407	-0.419441	-0.592368	0.467741	-0.504368	-0.196491	-0.738521	0.0366286	-0.643923	-0.382812	-0.628359	0.454567	-0.501985
-0.43958	-0.593956	0.397407	-0.544107	-0.407251	-0.561335	0.417877	-0.586881	-0.720674	0.0250243	0.530433	-0.445694	-0.407483	0.319763	0.503456	-0.69155	-0.283511	-0.483617	-0.173205	-0.809776	-0.472867	-0.320225	-0.263602	-0.77741	-0.673369	-0.166178	0.686578	-0.218103	-0.419114	-0.592569	0.467872	-0.504283	-0.196972	-0.738679	0.0374208	-0.643549	-0.382646	-0.628498	0.454419	-0.502072
-0.439992	-0.593382	0.397274	-0.544499	-0.408115	-0.559978	0.417654	-0.587734	-0.720674	0.0250243	0.530433	-0.445694	-0.37999	0.339748	0.481813	-0.712766	-0.296348	-0.472836	-0.182366	-0.809535	-0.51396	-0.267343	-0.294602	-0.759988	-0.673369	-0.166178	0.686578	-0.218103	-0.418646	-0.592919	0.468021	-0.504122	-0.197558	-0.738593	0.0380749	-0.64343	-0.382589	-0.628586	0.454507	-0.501926
-0.440295	-0.592637	0.397285	-0.545056	-0.410373	-0.556783	0.417229	-0.589497	-0.709822	0.074216	0.518567	-0.470884	-0.324186	0.375089	0.436506	-0.750782	-0.31877	-0.451246	-0.201477	-0.808808	-0.533035	-0.241317	-0.308303	-0.75006	-0.673616	-0.165991	0.686468	-0.217829	-0.418403	-0.593094	0.468127	-0.504019	-0.197773	-0.738613	0.0387219	-0.643301	-0.382597	-0.628672	0.454953	-0.501407
-0.440295	-0.592637	0.397285	-0.545056	-0.410373	-0.556783	0.417229	-0.589497	-0.709822	0.074216	0.518567	-0.470884	-0.324186	0.375089	0.436506	-0.750782	-0.31877	-0.451246	-0.201477	-0.808808	-0.533035	-0.241317	-0.308303	-0.75006	-0.673616	-0.165991	0.686468	-0.217829	-0.418403	-0.593094	0.468127	-0.504019	-0.197773	-0.738613	0.0387219	-0.643301	-0.382597	-0.628672	0.454953	-0.501407
-0.440465	-0.592367	0.397471	-0.545076	-0.411684	-0.554802	0.417144	-0.590509	-0.70524	0.087571	0.514342	-0.480022	-0.296906	0.390114	0.412119	-0.767995	-0.329182	-0.440552	-0.210333	-0.808278	-0.567762	-0.191558	-0.331454	-0.728759	-0.673762	-0.16585	0.686459	-0.217516	-0.41816	-0.593242	0.468482	-0.503717	-0.197531	-0.73875	0.0391091	-0.643195	-0.382453	-0.628763	0.45503	-0.501333
-0.441014	-0.591969	0.398361	-0.544415	-0.414013	-0.550972	0.417221	-0.59241	-0.700727	0.100517	0.510376	-0.488255	-0.242204	0.415133	0.365484	-0.797135	-0.347558	-0.421292	-0.226673	-0.806434	-0.567762	-0.191558	-0.331454	-0.728759	-0.673807	-0.165683	0.686612	-0.21702	-0.41816	-0.593242	0.468482	-0.503717	-0.197689	-0.738742	0.0403256	-0.643081	-0.382177	-0.628942	0.455282	-0.501089
-0.441521	-0.591956	0.400013	-0.542804	-0.417606	-0.545225	0.417647	-0.594901	-0.684115	0.149878	0.496628	-0.512722	-0.167999	0.439213	0.302239	-0.829169	-0.363205	-0.404522	-0.23853	-0.804704	-0.624634	-0.106807	-0.368638	-0.680096	-0.674355	-0.165522	0.6866	-0.215471	-0.417372	-0.593806	0.468821	-0.503391	-0.198043	-0.738705	0.0415804	-0.642935	-0.381838	-0.629187	0.455834	-0.500538
-0.441644	-0.591785	0.400157	-0.542785	-0.418637	-0.543532	0.417551	-0.59579	-0.680721	0.16091	0.493154	-0.517229	-0.14591	0.443475	0.284801	-0.837215	-0.376977	-0.390294	-0.248709	-0.802311	-0.636676	-0.0887216	-0.375762	-0.667514	-0.674497	-0.165448	0.686593	-0.215104	-0.417097	-0.593995	0.468887	-0.503333	-0.197849	-0.738891	0.0427724	-0.642702	-0.381732	-0.629263	0.456021	-0.500354
-0.44215	-0.591444	0.400848	-0.542234	-0.420473	-0.540785	0.417364	-0.597127	-0.675537	0.179554	0.485314	-0.525242	-0.10655	0.446824	0.257687	-0.850054	-0.389597	-0.377731	-0.256508	-0.799836	-0.658452	-0.0545448	-0.387147	-0.643104	-0.674688	-0.16537	0.686585	-0.214595	-0.416559	-0.594415	0.469106	-0.503079	-0.198241	-0.738985	0.0440916	-0.642384	-0.381662	-0.629367	0.456455	-0.49988
-0.442862	-0.590774	0.401694	-0.541758	-0.42214	-0.538326	0.417539	-0.59805	-0.669963	0.197825	0.478943	-0.531629	-0.0885127	0.446225	0.248179	-0.855252	-0.395041	-0.372326	-0.260009	-0.798568	-0.678833	-0.0269057	-0.396783	-0.617273	-0.674674	-0.165307	0.686663	-0.214437	-0.415831	-0.595013	0.469192	-0.502894	-0.198268	-0.739166	0.0447833	-0.64212	-0.381531	-0.629488	0.456501	-0.499785
-0.442788	-0.590681	0.401992	-0.541698	-0.422807	-0.537347	0.417667	-0.59837	-0.667145	0.206046	0.475694	-0.534955	-0.056049	0.442154	0.233039	-0.864321	-0.406302	-0.363522	-0.26641	-0.794856	-0.689369	-0.0136973	-0.401195	-0.603013	-0.674765	-0.165007	0.686722	-0.21419	-0.415611	-0.595238	0.469333	-0.502678	-0.198367	-0.739418	0.0461257	-0.641704	-0.381542	-0.629582	0.456784	-0.4994
-0.442539	-0.590423	0.403949	-0.540727	-0.424869	-0.534893	0.419122	-0.598091	-0.658737	0.233749	0.468978	-0.539895	-0.0244704	0.435944	0.22332	-0.871483	-0.413935	-0.355172	-0.270263	-0.793391	-0.721808	0.0292096	-0.413252	-0.554403	-0.674762	-0.16432	0.686995	-0.213851	-0.414864	-0.595941	0.469631	-0.502184	-0.198522	-0.739729	0.047589	-0.641191	-0.381738	-0.629663	0.457076	-0.49888
-0.441997	-0.590802	0.404655	-0.540228	-0.425686	-0.533998	0.419554	-0.598006	-0.656265	0.240928	0.46704	-0.541427	0.007426	0.427319	0.216245	-0.877828	-0.418737	-0.34845	-0.275029	-0.792213	-0.731983	0.042858	-0.41813	-0.536219	-0.674648	-0.164482	0.686988	-0.214111	-0.414508	-0.59622	0.469671	-0.50211	-0.198164	-0.740093	0.048519	-0.640812	-0.381745	-0.62968	0.457115	-0.498817
-0.441061	-0.59148	0.406288	-0.539023	-0.427357	-0.531899	0.421053	-0.597632	-0.651252	0.252093	0.464842	-0.544281	0.0200414	0.423529	0.213027	-0.880251	-0.419983	-0.345749	-0.277104	-0.792013	-0.747887	0.0714951	-0.423688	-0.506006	-0.67428	-0.165085	0.686967	-0.214873	-0.413552	-0.596959	0.469592	-0.502093	-0.197704	-0.740248	0.0486801	-0.640762	-0.381426	-0.629919	0.456959	-0.498903
-0.441061	-0.59148	0.406288	-0.539023	-0.427357	-0.531899	0.421053	-0.597632	-0.651252	0.252093	0.464842	-0.544281	0.0307543	0.420016	0.212403	-0.881774	-0.421249	-0.343706	-0.278515	-0.791735	-0.747887	0.0714951	-0.423688	-0.506006	-0.67428	-0.165085	0.686967	-0.214873	-0.413552	-0.596959	0.469592	-0.502093	-0.197293	-0.740322	0.0486358	-0.640807	-0.381426	-0.629919	0.456959	-0.498903
-0.440841	-0.591282	0.407097	-0.53881	-0.428396	-0.529899	0.422719	-0.597488	-0.646682	0.256395	0.464278	-0.548187	0.0449938	0.414345	0.213431	-0.883595	-0.426619	-0.341037	-0.276611	-0.790681	-0.756611	0.0914193	-0.425366	-0.488105	-0.673884	-0.165221	0.687154	-0.215411	-0.412323	-0.597775	0.469494	-0.502225	-0.196867	-0.74039	0.0484095	-0.640876	-0.381013	-0.630149	0.456888	-0.498994
-0.440767	-0.590923	0.407215	-0.539175	-0.428624	-0.528875	0.42332	-0.597806	-0.64476	0.256705	0.46444	-0.550165	0.0480842	0.413128	0.213614	-0.883959	-0.426619	-0.341037	-0.276611	-0.790681	-0.758148	0.0958481	-0.424867	-0.485296	-0.673624	-0.165521	0.687113	-0.216124	-0.411644	-0.598165	0.469542	-0.502274	-0.196867	-0.74039	0.0484095	-0.640876	-0.380678	-0.630333	0.45682	-0.499079
-0.440608	-0.590218	0.407394	-0.539942	-0.428719	-0.527053	0.424237	-0.598697	-0.641001	0.256987	0.465006	-0.553935	0.0523857	0.412273	0.213189	-0.884216	-0.437201	-0.340657	-0.277201	-0.784836	-0.75813	0.0872721	-0.425769	-0.486151	-0.673147	-0.165788	0.687073	-0.217528	-0.41018	-0.598957	0.469689	-0.50239	-0.196332	-0.740349	0.0476185	-0.641147	-0.380063	-0.630568	0.45673	-0.499334
-0.44033	-0.589997	0.407526	-0.540311	-0.42866	-0.526413	0.424778	-0.598918	-0.639272	0.257297	0.465282	-0.555556	0.0543421	0.412331	0.212432	-0.884253	-0.43954	-0.340929	-0.276435	-0.78368	-0.756585	0.0831178	-0.425468	-0.489538	-0.672896	-0.165887	0.68706	-0.218269	-0.409539	-0.599203	0.469843	-0.502476	-0.196453	-0.740289	0.047428	-0.641194	-0.37982	-0.630599	0.456745	-0.499465
-0.439837	-0.58993	0.407659	-0.540686	-0.428806	-0.525789	0.425427	-0.598901	-0.637822	0.257946	0.465278	-0.556923	0.0562879	0.412316	0.211766	-0.884298	-0.44133	-0.34199	-0.275984	-0.782371	-0.755402	0.0776347	-0.424966	-0.492692	-0.672668	-0.165732	0.687179	-0.218713	-0.408832	-0.599496	0.469883	-0.502664	-0.196643	-0.740103	0.047221	-0.641365	-0.379614	-0.630557	0.456814	-0.499612
-0.439233	-0.590005	0.407901	-0.540911	-0.429219	-0.525058	0.426206	-0.598693	-0.636617	0.258553	0.465218	-0.558069	0.0585108	0.412094	0.211076	-0.884422	-0.441476	-0.342996	-0.275412	-0.782049	-0.755047	0.0729971	-0.424349	-0.494473	-0.672663	-0.165124	0.687374	-0.218578	-0.408466	-0.599515	0.47011	-0.502727	-0.196594	-0.739941	0.0468779	-0.641592	-0.379416	-0.63047	0.456876	-0.499815
-0.438554	-0.590225	0.408326	-0.540902	-0.429708	-0.524662	0.426993	-0.598129	-0.635669	0.258714	0.465216	-0.559076	0.0585108	0.412094	0.211076	-0.884422	-0.441476	-0.342996	-0.275412	-0.782049	-0.755467	0.0705739	-0.423945	-0.494529	-0.672631	-0.164629	0.687563	-0.218454	-0.408083	-0.599538	0.470152	-0.502971	-0.196594	-0.739941	0.0468779	-0.641592	-0.379323	-0.6303	0.457012	-0.499976
-0.437829	-0.590594	0.408829	-0.540707	-0.430119	-0.52472	0.427663	-0.597303	-0.635193	0.258467	0.465319	-0.559645	0.0613323	0.411765	0.210278	-0.884574	-0.438731	-0.344993	-0.271611	-0.784042	-0.756252	0.0693193	-0.42382	-0.493614	-0.672771	-0.163909	0.68773	-0.218037	-0.408086	-0.599275	0.470358	-0.503089	-0.197263	-0.739433	0.0468196	-0.641976	-0.379247	-0.630095	0.457205	-0.500115
-0.436992	-0.591015	0.410486	-0.539667	-0.430623	-0.525247	0.428132	-0.596139	-0.635386	0.256777	0.465782	-0.559819	0.0606148	0.411708	0.211452	-0.88437	-0.435915	-0.348495	-0.27077	-0.784356	-0.758049	0.0666693	-0.423654	-0.49136	-0.672724	-0.162534	0.68841	-0.217064	-0.407894	-0.598823	0.470533	-0.503619	-0.197946	-0.738941	0.0470582	-0.642316	-0.37942	-0.629456	0.457858	-0.500191
-0.436813	-0.591067	0.41139	-0.539066	-0.430438	-0.525804	0.428509	-0.595511	-0.635658	0.255611	0.465784	-0.560043	0.0598313	0.411364	0.212306	-0.884379	-0.435969	-0.350245	-0.269623	-0.783941	-0.758302	0.0633719	-0.424188	-0.490944	-0.672486	-0.162351	0.688622	-0.217264	-0.407173	-0.598597	0.470858	-0.504166	-0.198216	-0.738702	0.047157	-0.6425	-0.379627	-0.629026	0.458295	-0.500175
-0.436384	-0.591276	0.413209	-0.537792	-0.430221	-0.525922	0.428946	-0.59525	-0.63595	0.254424	0.466227	-0.559883	0.058901	0.411256	0.213255	-0.884263	-0.436805	-0.353017	-0.267925	-0.782813	-0.758404	0.0608821	-0.424128	-0.491154	-0.671812	-0.161396	0.689312	-0.217873	-0.406009	-0.599012	0.470864	-0.504607	-0.19862	-0.738007	0.0472962	-0.643164	-0.379567	-0.628326	0.45853	-0.500884
-0.436127	-0.591483	0.414102	-0.537086	-0.430058	-0.525928	0.429455	-0.594994	-0.636054	0.2539	0.46647	-0.559799	0.0588365	0.411524	0.213324	-0.884126	-0.437095	-0.353655	-0.267517	-0.782503	-0.758604	0.0584711	-0.423512	-0.491669	-0.671265	-0.160813	0.689609	-0.219047	-0.404103	-0.59992	0.471014	-0.504919	-0.198533	-0.737428	0.0469082	-0.643882	-0.379398	-0.628107	0.458581	-0.501241
-0.434986	-0.592287	0.417737	-0.534303	-0.429298	-0.525791	0.431721	-0.594023	-0.635946	0.252858	0.46815	-0.558991	0.057858	0.412975	0.213918	-0.88337	-0.43838	-0.35327	-0.263995	-0.783154	-0.759507	0.0542852	-0.42118	-0.492757	-0.669728	-0.155366	0.690769	-0.223973	-0.394665	-0.604278	0.472455	-0.505838	-0.197724	-0.734386	0.0418324	-0.647945	-0.377929	-0.628154	0.459077	-0.501837
-0.434443	-0.592383	0.418809	-0.533798	-0.427669	-0.526729	0.433091	-0.59337	-0.635947	0.25165	0.469229	-0.55863	0.0576335	0.413457	0.214307	-0.883065	-0.438377	-0.35255	-0.26286	-0.783861	-0.760856	0.0531495	-0.418358	-0.493204	-0.669489	-0.152063	0.691441	-0.224881	-0.386217	-0.608377	0.47302	-0.506917	-0.197693	-0.733209	0.0399472	-0.649405	-0.376949	-0.628479	0.459147	-0.502103
-0.432675	-0.592914	0.42073	-0.533134	-0.426556	-0.527383	0.433726	-0.593126	-0.635947	0.25165	0.469229	-0.55863	0.0581876	0.414006	0.215161	-0.882564	-0.43771	-0.351311	-0.260866	-0.785455	-0.761246	0.053049	-0.41723	-0.493568	-0.668409	-0.145539	0.693192	-0.227009	-0.381918	-0.610321	0.472735	-0.508104	-0.198356	-0.730047	0.0355574	-0.65301	-0.375076	-0.629044	0.460402	-0.501649
-0.429742	-0.593617	0.422369	-0.533428	-0.423971	-0.528764	0.435161	-0.592699	-0.635223	0.249751	0.470479	-0.559254	0.0586596	0.414225	0.215821	-0.882269	-0.436762	-0.350851	-0.259953	-0.78649	-0.761309	0.0529359	-0.414987	-0.495372	-0.665307	-0.14379	0.695424	-0.230384	-0.37397	-0.613559	0.471429	-0.511319	-0.198944	-0.728227	0.0328227	-0.655003	-0.374218	-0.629239	0.461522	-0.501015
-0.427672	-0.594067	0.423384	-0.533784	-0.422341	-0.5297	0.435797	-0.592559	-0.633637	0.24665	0.472384	-0.560822	0.0611394	0.414223	0.218044	-0.881555	-0.43397	-0.350036	-0.258645	-0.788827	-0.760891	0.0527426	-0.413799	-0.497025	-0.664198	-0.143564	0.69591	-0.232251	-0.369908	-0.615233	0.469754	-0.513797	-0.200099	-0.725044	0.0268533	-0.658446	-0.371369	-0.630364	0.462852	-0.500494
-0.411353	-0.599118	0.425889	-0.538948	-0.415905	-0.532723	0.438361	-0.59251	-0.631318	0.242076	0.474555	-0.56359	0.0659918	0.413226	0.223229	-0.880374	-0.427434	-0.349258	-0.257079	-0.79324	-0.757612	0.0521063	-0.410789	-0.50454	-0.660373	-0.152903	0.693732	-0.243443	-0.361256	-0.618758	0.462314	-0.522396	-0.202344	-0.717984	0.01228	-0.665887	-0.367188	-0.6354	0.465685	-0.494548
-0.40315	-0.60188	0.426287	-0.541747	-0.413714	-0.533484	0.439456	-0.592549	-0.628987	0.237454	0.476588	-0.56644	0.0675474	0.412919	0.224626	-0.880045	-0.42531	-0.349229	-0.255455	-0.794917	-0.756277	0.0517428	-0.409695	-0.507462	-0.659779	-0.156758	0.692743	-0.245409	-0.362811	-0.61718	0.462031	-0.523436	-0.199582	-0.713602	-0.00218718	-0.671517	-0.367009	-0.638097	0.468571	-0.488445
-0.39378	-0.605318	0.425946	-0.545067	-0.411668	-0.533993	0.440434	-0.592789	-0.628987	0.237454	0.476588	-0.56644	0.0687505	0.412751	0.225833	-0.879722	-0.423831	-0.349288	-0.253664	-0.796253	-0.755111	0.0508274	-0.408566	-0.510194	-0.659779	-0.156758	0.692743	-0.245409	-0.362466	-0.616966	0.459469	-0.526174	-0.198573	-0.70806	-0.019154	-0.677386	-0.367009	-0.638097	0.468571	-0.488445
-0.385006	-0.608883	0.424875	-0.54819	-0.409778	-0.534327	0.441542	-0.592973	-0.627461	0.235044	0.478032	-0.56792	0.0693338	0.412825	0.226497	-0.87947	-0.423115	-0.349507	-0.251903	-0.797097	-0.754067	0.0492769	-0.407425	-0.512796	-0.660014	-0.163177	0.689915	-0.248542	-0.362928	-0.616582	0.457132	-0.528337	-0.200136	-0.702019	-0.035007	-0.682561	-0.363886	-0.645763	0.475568	-0.473722
-0.379624	-0.610817	0.424806	-0.549844	-0.406669	-0.535274	0.445001	-0.591672	-0.627479	0.235792	0.479432	-0.566407	0.0691897	0.413473	0.226766	-0.879108	-0.423245	-0.349956	-0.249742	-0.797511	-0.752911	0.0455308	-0.405441	-0.516401	-0.659998	-0.165841	0.688751	-0.250044	-0.366033	-0.614355	0.454904	-0.530707	-0.202177	-0.695915	-0.0474953	-0.687438	-0.357104	-0.651508	0.47508	-0.471501
-0.377655	-0.610734	0.425398	-0.550834	-0.406669	-0.535274	0.445001	-0.591672	-0.627479	0.235792	0.479432	-0.566407	0.0684598	0.414933	0.226823	-0.878462	-0.423981	-0.350557	-0.247325	-0.797609	-0.752911	0.0455308	-0.405441	-0.516401	-0.660209	-0.167253	0.688109	-0.250313	-0.366033	-0.614355	0.454904	-0.530707	-0.20554	-0.687174	-0.0535082	-0.694753	-0.341788	-0.659446	0.468707	-0.478148
-0.377133	-0.609846	0.426491	-0.55133	-0.405575	-0.53574	0.447383	-0.590204	-0.62785	0.236424	0.48059	-0.564749	0.067213	0.416854	0.226824	-0.877648	-0.424902	-0.351268	-0.245272	-0.79744	-0.752828	0.0429718	-0.404475	-0.517498	-0.66119	-0.166773	0.688107	-0.248038	-0.367754	-0.613549	0.453423	-0.531716	-0.206741	-0.677644	-0.0568879	-0.703435	-0.326038	-0.663834	0.463794	-0.48777
-0.376372	-0.608953	0.427904	-0.551742	-0.405714	-0.533975	0.450325	-0.589469	-0.628377	0.237305	0.48199	-0.562597	0.0656256	0.41894	0.22716	-0.876687	-0.425618	-0.352112	-0.243797	-0.797138	-0.75336	0.0379966	-0.40265	-0.518535	-0.662443	-0.166219	0.688119	-0.245015	-0.373187	-0.611527	0.451554	-0.53185	-0.205821	-0.668821	-0.0592779	-0.7119	-0.315816	-0.662374	0.463805	-0.496392
-0.375204	-0.607991	0.429078	-0.552686	-0.405714	-0.533975	0.450325	-0.589469	-0.629081	0.238148	0.483239	-0.560377	0.0641882	0.420704	0.22749	-0.875863	-0.426382	-0.352462	-0.24242	-0.796995	-0.75336	0.0379966	-0.40265	-0.518535	-0.663636	-0.16614	0.687997	-0.242169	-0.373187	-0.611527	0.451554	-0.53185	-0.205526	-0.65964	-0.0584198	-0.72057	-0.308927	-0.656729	0.46635	-0.505756
-0.369755	-0.606491	0.429581	-0.557593	-0.407138	-0.531609	0.451589	-0.58966	-0.630949	0.240361	0.484048	-0.556621	0.0611875	0.423473	0.226787	-0.874925	-0.42813	-0.351596	-0.240575	-0.797	-0.75488	0.035538	-0.398947	-0.51936	-0.665817	-0.169096	0.686006	-0.23977	-0.377725	-0.611556	0.44818	-0.531468	-0.209803	-0.64126	-0.0454462	-0.736683	-0.297541	-0.638403	0.474573	-0.527913
-0.366939	-0.605751	0.429556	-0.56027	-0.407601	-0.530883	0.452122	-0.589585	-0.632009	0.241574	0.483635	-0.555251	0.0593715	0.424244	0.225675	-0.874965	-0.42913	-0.350912	-0.239572	-0.797066	-0.755566	0.0348821	-0.397514	-0.519505	-0.66657	-0.17213	0.684116	-0.240918	-0.379624	-0.61229	0.446167	-0.530963	-0.213338	-0.63255	-0.0353748	-0.743718	-0.290805	-0.628128	0.476325	-0.542219
-0.361797	-0.605401	0.429972	-0.563663	-0.407948	-0.529934	0.453134	-0.589421	-0.634006	0.24344	0.482489	-0.553153	0.0555218	0.425422	0.223529	-0.875196	-0.430925	-0.350199	-0.237967	-0.796892	-0.756478	0.0339022	-0.395883	-0.519489	-0.668569	-0.178109	0.679056	-0.245308	-0.383262	-0.615032	0.442059	-0.528611	-0.216107	-0.616033	-0.0194448	-0.757247	-0.277708	-0.605939	0.477044	-0.57284
-0.359272	-0.605508	0.43032	-0.564896	-0.40769	-0.529761	0.453661	-0.58935	-0.63473	0.243708	0.482275	-0.552391	0.0539696	0.42609	0.222978	-0.875109	-0.431537	-0.350151	-0.236918	-0.796894	-0.756721	0.033731	-0.395541	-0.519407	-0.67011	-0.179848	0.676349	-0.247305	-0.385658	-0.616584	0.440351	-0.526481	-0.215331	-0.608955	-0.0151353	-0.763267	-0.274051	-0.594432	0.478806	-0.585057
-0.354616	-0.606197	0.429824	-0.567472	-0.406074	-0.530483	0.454748	-0.588978	-0.635354	0.242482	0.483851	-0.550831	0.0515701	0.427643	0.224354	-0.874144	-0.431586	-0.350972	-0.234723	-0.797155	-0.75678	0.0330534	-0.395544	-0.519361	-0.673438	-0.184705	0.669806	-0.252439	-0.391261	-0.620113	0.436245	-0.521599	-0.211421	-0.597656	-0.0129955	-0.773265	-0.270474	-0.574102	0.483311	-0.603044
-0.351596	-0.606727	0.427885	-0.570243	-0.403226	-0.532717	0.456483	-0.587575	-0.63434	0.238841	0.488472	-0.549511	0.0508653	0.430126	0.229344	-0.871668	-0.430343	-0.352048	-0.233218	-0.797795	-0.756216	0.0314577	-0.395492	-0.520321	-0.67705	-0.193467	0.659963	-0.261958	-0.39555	-0.625722	0.429464	-0.517275	-0.211668	-0.59235	-0.00861885	-0.777331	-0.266121	-0.562292	0.482839	-0.616339
-0.350951	-0.607158	0.427433	-0.570521	-0.401595	-0.534071	0.457238	-0.586876	-0.633395	0.23721	0.490569	-0.54944	0.0514161	0.431157	0.231586	-0.870533	-0.42932	-0.352294	-0.232438	-0.798465	-0.755957	0.030658	-0.394791	-0.521277	-0.679662	-0.196945	0.654585	-0.266065	-0.398405	-0.628443	0.426114	-0.514548	-0.211668	-0.59235	-0.00861885	-0.777331	-0.264097	-0.559035	0.480152	-0.622244
-0.350001	-0.609165	0.424149	-0.571415	-0.399777	-0.536287	0.457058	-0.586236	-0.631708	0.23457	0.493525	-0.549868	0.0541695	0.431646	0.235151	-0.869167	-0.42707	-0.352309	-0.231479	-0.799942	-0.755564	0.0296833	-0.393325	-0.523008	-0.687127	-0.200625	0.643896	-0.270194	-0.404727	-0.634577	0.418452	-0.508336	-0.214006	-0.592197	-0.000684814	-0.776855	-0.2656	-0.552591	0.478724	-0.628429
-0.350619	-0.610204	0.421548	-0.571852	-0.39999	-0.538796	0.454429	-0.585834	-0.631259	0.233791	0.493681	-0.550575	0.0556191	0.430879	0.235829	-0.869272	-0.426262	-0.351902	-0.231529	-0.800537	-0.755425	0.0298809	-0.391642	-0.524458	-0.691016	-0.202393	0.638341	-0.27213	-0.411428	-0.641618	0.410401	-0.500624	-0.214956	-0.594681	0.00272844	-0.774688	-0.268062	-0.550873	0.479663	-0.628176
-0.354614	-0.613285	0.41639	-0.569868	-0.401038	-0.539983	0.452234	-0.585723	-0.631405	0.23332	0.490658	-0.553303	0.0573379	0.427543	0.234822	-0.871079	-0.425994	-0.351018	-0.233719	-0.800432	-0.755165	0.0308614	-0.391613	-0.524798	-0.69982	-0.205576	0.625494	-0.277034	-0.414368	-0.64597	0.405844	-0.496299	-0.21931	-0.607107	0.0119896	-0.763663	-0.285492	-0.550162	0.503189	-0.602177
-0.358255	-0.615147	0.415414	-0.566285	-0.402459	-0.541324	0.449839	-0.585355	-0.631974	0.233275	0.488078	-0.554952	0.0577752	0.42514	0.233719	-0.872521	-0.426223	-0.350681	-0.235896	-0.799819	-0.754729	0.0338645	-0.393407	-0.523898	-0.704492	-0.206359	0.618704	-0.279844	-0.419768	-0.655941	0.396833	-0.48586	-0.224174	-0.612865	0.0175276	-0.757519	-0.290989	-0.556303	0.513601	-0.584865
-0.380362	-0.614848	0.422645	-0.546496	-0.409139	-0.544353	0.441723	-0.584094	-0.636099	0.229393	0.480403	-0.558542	0.0558035	0.416122	0.233757	-0.876976	-0.429424	-0.350564	-0.245244	-0.795334	-0.754543	0.0360546	-0.397028	-0.52128	-0.722666	-0.20215	0.59579	-0.286223	-0.431042	-0.663204	0.388604	-0.472599	-0.219484	-0.629801	0.0106952	-0.745025	-0.299719	-0.583719	0.518618	-0.548157
-0.390824	-0.615341	0.423473	-0.53785	-0.413301	-0.546851	0.438601	-0.581176	-0.638492	0.226557	0.478823	-0.558327	0.0523104	0.409541	0.240116	-0.878569	-0.430763	-0.351449	-0.248385	-0.793241	-0.754333	0.0354791	-0.402307	-0.517564	-0.734988	-0.201386	0.579905	-0.288004	-0.448013	-0.667139	0.375978	-0.461357	-0.22708	-0.639031	0.00939266	-0.734837	-0.309522	-0.601477	0.514174	-0.527302
-0.393821	-0.617271	0.422455	-0.534242	-0.414614	-0.549032	0.438709	-0.578095	-0.644586	0.216838	0.477975	-0.555905	0.049273	0.406374	0.245426	-0.878748	-0.433996	-0.357275	-0.250775	-0.788108	-0.754027	0.0326799	-0.406032	-0.51528	-0.740369	-0.198696	0.572157	-0.291565	-0.459727	-0.66622	0.369805	-0.456121	-0.227636	-0.644359	0.00577454	-0.730034	-0.312998	-0.61127	0.505858	-0.522004
-0.393821	-0.617271	0.422455	-0.534242	-0.414614	-0.549032	0.438709	-0.578095	-0.644586	0.216838	0.477975	-0.555905	0.049273	0.406374	0.245426	-0.878748	-0.433996	-0.357275	-0.250775	-0.788108	-0.754027	0.0326799	-0.406032	-0.51528	-0.740369	-0.198696	0.572157	-0.291565	-0.459727	-0.66622	0.369805	-0.456121	-0.227636	-0.644359	0.00577454	-0.730034	-0.312998	-0.61127	0.505858	-0.522004
-0.402844	-0.6187	0.422301	-0.525918	-0.418782	-0.55088	0.440787	-0.571716	-0.650755	0.207036	0.478473	-0.552012	0.040073	0.402492	0.255129	-0.878239	-0.436899	-0.361637	-0.249429	-0.784935	-0.753348	0.0235795	-0.412728	-0.511436	-0.753531	-0.187602	0.555766	-0.296852	-0.488665	-0.658236	0.354407	-0.449809	-0.225229	-0.652861	0.00103182	-0.723218	-0.325513	-0.624687	0.490283	-0.513254
-0.408934	-0.61867	0.423844	-0.519979	-0.420622	-0.550953	0.442222	-0.569182	-0.650755	0.207036	0.478473	-0.552012	0.0355684	0.40122	0.257516	-0.878318	-0.443945	-0.368749	-0.247181	-0.778356	-0.753438	0.0192714	-0.414675	-0.509905	-0.759956	-0.179977	0.550345	-0.295289	-0.506666	-0.649245	0.348718	-0.447399	-0.21942	-0.674106	0.000319016	-0.705291	-0.335192	-0.626739	0.485331	-0.509214
-0.415993	-0.619739	0.428123	-0.509494	-0.423474	-0.549845	0.444354	-0.566472	-0.656944	0.203684	0.476995	-0.547187	0.0285868	0.40022	0.25809	-0.878861	-0.451001	-0.370763	-0.244693	-0.774118	-0.755044	0.0141179	-0.416731	-0.506008	-0.768829	-0.15989	0.54523	-0.293364	-0.531405	-0.631352	0.342621	-0.449015	-0.212882	-0.693705	0.0019518	-0.688078	-0.362851	-0.621408	0.486933	-0.495063
-0.418385	-0.620021	0.430581	-0.505101	-0.425032	-0.54912	0.446229	-0.56453	-0.656944	0.203684	0.476995	-0.547187	0.0258929	0.400245	0.257975	-0.878966	-0.453864	-0.36999	-0.243311	-0.773249	-0.756349	0.0136776	-0.416643	-0.504141	-0.770765	-0.143985	0.547124	-0.292994	-0.534568	-0.625427	0.353051	-0.445459	-0.213065	-0.701116	0.0044579	-0.680456	-0.373946	-0.619715	0.485662	-0.490152
-0.420757	-0.619946	0.432704	-0.501396	-0.425905	-0.549414	0.448844	-0.561506	-0.66386	0.202974	0.475797	-0.5401	0.0230771	0.400359	0.259506	-0.878542	-0.45517	-0.369632	-0.24265	-0.772861	-0.757396	0.0139515	-0.416596	-0.502598	-0.770382	-0.128191	0.552215	-0.291783	-0.526401	-0.627504	0.364657	-0.442907	-0.212172	-0.707318	0.00601849	-0.674276	-0.38469	-0.617454	0.484643	-0.48568
-0.426079	-0.617782	0.433082	-0.499241	-0.427855	-0.550005	0.453224	-0.555899	-0.668637	0.198583	0.476643	-0.53507	0.0154075	0.40001	0.264504	-0.877378	-0.455623	-0.37175	-0.239843	-0.772454	-0.757918	0.0126937	-0.418738	-0.500058	-0.761708	-0.108518	0.568133	-0.291977	-0.505833	-0.623568	0.400054	-0.441874	-0.208978	-0.72013	0.011734	-0.661516	-0.401214	-0.613499	0.479131	-0.482783
-0.430013	-0.616856	0.432516	-0.497501	-0.430271	-0.549033	0.454575	-0.553887	-0.668637	0.198583	0.476643	-0.53507	0.0110656	0.399924	0.264663	-0.877435	-0.456309	-0.373444	-0.239445	-0.771354	-0.757708	0.0114384	-0.420194	-0.499185	-0.754978	-0.0981961	0.579558	-0.290652	-0.495382	-0.616538	0.425009	-0.440278	-0.206962	-0.724852	0.0144884	-0.656922	-0.406801	-0.612419	0.474437	-0.484113
-0.438101	-0.614741	0.433206	-0.492435	-0.435824	-0.54639	0.4557	-0.551229	-0.674334	0.200961	0.473995	-0.529355	0.00345723	0.400446	0.260168	-0.878603	-0.459005	-0.37623	-0.239984	-0.768227	-0.757698	0.00936139	-0.423002	-0.496865	-0.736381	-0.0796246	0.604981	-0.292235	-0.455524	-0.616171	0.463739	-0.444722	-0.208403	-0.732224	0.0226611	-0.647999	-0.413935	-0.61201	0.463477	-0.489174
-0.441501	-0.613538	0.433541	-0.490602	-0.441177	-0.544826	0.454752	-0.549297	-0.680612	0.209083	0.467909	-0.523557	-0.00144036	0.400985	0.254246	-0.880095	-0.460773	-0.377	-0.24014	-0.766741	-0.758053	0.00876793	-0.424992	-0.494632	-0.717742	-0.0667566	0.626212	-0.297065	-0.406331	-0.61889	0.495528	-0.454227	-0.207748	-0.735336	0.0243363	-0.644616	-0.412848	-0.616653	0.448384	-0.498244
-0.442324	-0.6126	0.433559	-0.491016	-0.443611	-0.543695	0.453997	-0.549083	-0.681745	0.211224	0.466056	-0.522877	-0.00282065	0.400806	0.251734	-0.880895	-0.463249	-0.378156	-0.241928	-0.764114	-0.758446	0.00848218	-0.425396	-0.493687	-0.707547	-0.0649924	0.637185	-0.298578	-0.385133	-0.618271	0.510636	-0.456798	-0.205576	-0.738813	0.0256745	-0.641276	-0.41279	-0.618611	0.442891	-0.500771
-0.442584	-0.611011	0.433454	-0.492851	-0.446788	-0.54204	0.453337	-0.548688	-0.68242	0.212387	0.464288	-0.523099	-0.00339219	0.399007	0.248742	-0.882559	-0.464008	-0.378618	-0.242746	-0.763164	-0.759226	0.0078405	-0.425675	-0.492255	-0.679233	-0.0772614	0.663208	-0.304678	-0.346616	-0.618993	0.526942	-0.468015	-0.205131	-0.740258	0.0259566	-0.639739	-0.41417	-0.621498	0.436726	-0.501472
-0.441691	-0.609922	0.432917	-0.495467	-0.44767	-0.541443	0.45295	-0.548879	-0.682236	0.213397	0.461618	-0.525285	-0.00219052	0.397838	0.247967	-0.883308	-0.464984	-0.379042	-0.243011	-0.762275	-0.759567	0.00738835	-0.425414	-0.491962	-0.667982	-0.0878324	0.670846	-0.309921	-0.334432	-0.617056	0.530446	-0.47542	-0.205887	-0.7431	0.0252227	-0.63622	-0.413999	-0.623673	0.433412	-0.501787
-0.441691	-0.609922	0.432917	-0.495467	-0.44767	-0.541443	0.45295	-0.548879	-0.682236	0.213397	0.461618	-0.525285	-0.00219052	0.397838	0.247967	-0.883308	-0.464984	-0.379042	-0.243011	-0.762275	-0.759567	0.00738835	-0.425414	-0.491962	-0.667982	-0.0878324	0.670846	-0.309921	-0.334432	-0.617056	0.530446	-0.47542	-0.205887	-0.7431	0.0252227	-0.63622	-0.413999	-0.623673	0.433412	-0.501787
-0.441279	-0.605209	0.431196	-0.503056	-0.448957	-0.538967	0.451772	-0.55123	-0.679971	0.213119	0.460641	-0.529178	-5.76E-05	0.396536	0.247668	-0.88398	-0.465113	-0.379233	-0.243964	-0.761797	-0.75943	0.0062019	-0.424122	-0.493304	-0.647362	-0.105765	0.691852	-0.30179	-0.317915	-0.619423	0.512341	-0.502745	-0.202611	-0.744689	0.0237472	-0.63547	-0.414678	-0.626764	0.428285	-0.501778
-0.43936	-0.599789	0.427739	-0.514058	-0.449391	-0.535162	0.4508	-0.555364	-0.67577	0.213235	0.462067	-0.533255	0.00870292	0.395665	0.24802	-0.884228	-0.465319	-0.378551	-0.246689	-0.761132	-0.758887	0.00382723	-0.421905	-0.496057	-0.633393	-0.133057	0.705665	-0.288352	-0.326397	-0.613731	0.480868	-0.534383	-0.19404	-0.750615	0.0217726	-0.631231	-0.412568	-0.631327	0.423478	-0.501878
-0.438498	-0.596082	0.426081	-0.520443	-0.449934	-0.532338	0.450103	-0.558196	-0.67577	0.213235	0.462067	-0.533255	0.0122177	0.396579	0.248074	-0.883762	-0.46513	-0.377936	-0.24809	-0.761098	-0.758438	0.00312187	-0.419901	-0.498443	-0.630823	-0.143896	0.709925	-0.27814	-0.336691	-0.610061	0.472525	-0.539615	-0.190572	-0.752503	0.0206143	-0.630077	-0.411738	-0.632793	0.422641	-0.501417
-0.435604	-0.595684	0.423458	-0.525446	-0.448628	-0.528588	0.45039	-0.562562	-0.670951	0.214194	0.466072	-0.535466	0.0165062	0.400673	0.250473	-0.881165	-0.462553	-0.380493	-0.249674	-0.760876	-0.757081	-0.00116729	-0.418222	-0.501914	-0.633262	-0.142112	0.715344	-0.258973	-0.340599	-0.612518	0.456754	-0.547896	-0.194225	-0.756363	0.0234242	-0.624213	-0.408319	-0.635674	0.422277	-0.500875
-0.440011	-0.589827	0.416799	-0.533641	-0.449087	-0.523243	0.452171	-0.565755	-0.666794	0.219029	0.472965	-0.53265	0.0164174	0.403539	0.250737	-0.879783	-0.463242	-0.380656	-0.246339	-0.761462	-0.757509	-0.00465691	-0.415331	-0.503646	-0.634485	-0.153271	0.712669	-0.256983	-0.355638	-0.604809	0.462133	-0.542365	-0.19582	-0.757031	0.022426	-0.622941	-0.403254	-0.639524	0.420587	-0.5015
-0.441313	-0.588816	0.415895	-0.534388	-0.449763	-0.520286	0.451426	-0.568534	-0.665722	0.223732	0.473805	-0.531288	0.0161393	0.410378	0.245271	-0.878164	-0.467481	-0.377337	-0.242381	-0.761794	-0.75814	-0.00532557	-0.413479	-0.504213	-0.637367	-0.152787	0.713341	-0.248121	-0.358595	-0.603604	0.459696	-0.54383	-0.189629	-0.75836	0.0156139	-0.623448	-0.40047	-0.641427	0.419435	-0.502264
-0.44111	-0.588883	0.415269	-0.534968	-0.450416	-0.517893	0.449893	-0.571409	-0.664681	0.227862	0.474652	-0.530079	0.0170616	0.413355	0.242339	-0.877564	-0.468409	-0.376046	-0.242772	-0.761738	-0.75895	-0.00534301	-0.411808	-0.504361	-0.637176	-0.15611	0.714287	-0.243782	-0.36211	-0.601476	0.459056	-0.5444	-0.188901	-0.75807	0.0142062	-0.624054	-0.398353	-0.642908	0.419152	-0.502292
-0.438039	-0.58853	0.412658	-0.539877	-0.451245	-0.51489	0.447712	-0.57517	-0.662705	0.232887	0.476396	-0.528803	0.0190992	0.417348	0.239238	-0.876482	-0.468369	-0.37431	-0.243617	-0.762347	-0.760373	-0.00371309	-0.409477	-0.50413	-0.635436	-0.165965	0.71306	-0.245399	-0.365677	-0.598898	0.458311	-0.545484	-0.192581	-0.756634	0.0136781	-0.624685	-0.396463	-0.644502	0.421701	-0.499602
-0.437187	-0.586415	0.412647	-0.54287	-0.451897	-0.511885	0.446204	-0.578503	-0.661123	0.235402	0.475927	-0.53009	0.0197604	0.418759	0.236361	-0.876575	-0.467233	-0.372948	-0.245314	-0.763167	-0.76144	-0.00202551	-0.408404	-0.503399	-0.63757	-0.164592	0.712871	-0.241307	-0.366238	-0.598614	0.457632	-0.545989	-0.193174	-0.755613	0.0111081	-0.625787	-0.395087	-0.645492	0.424383	-0.497137
-0.437982	-0.584606	0.412025	-0.54465	-0.45208	-0.510022	0.444742	-0.581125	-0.659672	0.23846	0.47446	-0.531844	0.021095	0.419268	0.23259	-0.877309	-0.466323	-0.372092	-0.246845	-0.763648	-0.762044	-0.000472183	-0.408042	-0.502782	-0.637105	-0.16637	0.713029	-0.240846	-0.367652	-0.597324	0.459318	-0.545035	-0.194617	-0.754782	0.00956573	-0.626368	-0.392689	-0.646883	0.425752	-0.496058
-0.437727	-0.583859	0.411005	-0.546423	-0.452285	-0.509173	0.444029	-0.582253	-0.659041	0.240007	0.47409	-0.532259	0.0217871	0.419834	0.230927	-0.877461	-0.466274	-0.371616	-0.247223	-0.763788	-0.762222	0.000319794	-0.40794	-0.502596	-0.637239	-0.167057	0.712889	-0.240431	-0.367347	-0.597396	0.459387	-0.545103	-0.19408	-0.75456	0.00782187	-0.626826	-0.392187	-0.647127	0.426879	-0.495168
-0.437312	-0.582968	0.409093	-0.549135	-0.452784	-0.507641	0.442736	-0.584185	-0.657871	0.242619	0.473909	-0.532684	0.0224821	0.421215	0.228264	-0.877478	-0.466017	-0.370907	-0.248638	-0.76383	-0.76257	0.00144327	-0.407656	-0.502297	-0.638143	-0.167376	0.712269	-0.239649	-0.367514	-0.597116	0.460829	-0.544079	-0.193624	-0.754457	0.00567053	-0.627114	-0.391405	-0.647464	0.428801	-0.493681
-0.437764	-0.582264	0.408607	-0.549884	-0.452775	-0.507281	0.442191	-0.584917	-0.657871	0.242619	0.473909	-0.532684	0.022684	0.421746	0.227109	-0.877518	-0.465851	-0.370443	-0.249037	-0.764026	-0.762812	0.00200644	-0.407328	-0.502193	-0.637627	-0.168152	0.712309	-0.24036	-0.366371	-0.597695	0.460559	-0.544444	-0.194818	-0.754202	0.00619646	-0.627047	-0.39127	-0.647407	0.429878	-0.492927
-0.438375	-0.581443	0.408216	-0.550555	-0.452882	-0.506927	0.441825	-0.585417	-0.657131	0.244812	0.473639	-0.532834	0.0226772	0.422374	0.225972	-0.877509	-0.465655	-0.369761	-0.249202	-0.764422	-0.763111	0.00278698	-0.406857	-0.502116	-0.637595	-0.167967	0.712425	-0.24023	-0.366078	-0.597666	0.461287	-0.544056	-0.195488	-0.753831	0.00653164	-0.627281	-0.390957	-0.647482	0.430694	-0.492364
-0.439508	-0.579634	0.407399	-0.552162	-0.453317	-0.506068	0.441096	-0.586374	-0.656785	0.246208	0.473242	-0.532969	0.0225951	0.422886	0.22444	-0.877658	-0.464659	-0.368576	-0.249953	-0.765354	-0.763627	0.00401951	-0.406079	-0.501954	-0.638789	-0.165249	0.712908	-0.237494	-0.366291	-0.597237	0.463092	-0.542849	-0.195697	-0.753267	0.00666033	-0.627891	-0.390279	-0.64778	0.431997	-0.491367
-0.440368	-0.57858	0.407067	-0.552827	-0.45357	-0.505678	0.439822	-0.58747	-0.656796	0.247056	0.47245	-0.533267	0.0226465	0.422901	0.223841	-0.877802	-0.46404	-0.368291	-0.25046	-0.765701	-0.763686	0.00481152	-0.405769	-0.502107	-0.638981	-0.164675	0.713073	-0.23688	-0.365987	-0.597149	0.463759	-0.542581	-0.196023	-0.753088	0.0070223	-0.628	-0.389839	-0.647994	0.432517	-0.490977
-0.44194	-0.576934	0.406568	-0.553659	-0.453806	-0.505322	0.439098	-0.588135	-0.656796	0.247056	0.47245	-0.533267	0.0223786	0.422618	0.222483	-0.878291	-0.462984	-0.368284	-0.251601	-0.76597	-0.763536	0.00501216	-0.405979	-0.502165	-0.639378	-0.16406	0.713343	-0.235417	-0.36598	-0.597051	0.463985	-0.5425	-0.196355	-0.753093	0.00804888	-0.627878	-0.389541	-0.648231	0.433378	-0.490141
-0.442367	-0.576588	0.406567	-0.553679	-0.453898	-0.505192	0.4384	-0.588697	-0.656839	0.247611	0.471563	-0.533742	0.0223357	0.422404	0.222005	-0.878515	-0.462478	-0.368325	-0.252265	-0.766038	-0.76332	0.00521815	-0.406182	-0.502326	-0.639726	-0.16367	0.713429	-0.234482	-0.366355	-0.596752	0.464417	-0.542206	-0.196149	-0.753352	0.00864543	-0.627623	-0.389373	-0.648371	0.433419	-0.490054
-0.442633	-0.576355	0.406442	-0.553802	-0.454202	-0.504778	0.437785	-0.589274	-0.656839	0.247611	0.471563	-0.533742	0.0221507	0.422163	0.22162	-0.878733	-0.462116	-0.368289	-0.252652	-0.766146	-0.763132	0.00538102	-0.406274	-0.502536	-0.640016	-0.163468	0.71351	-0.233585	-0.366502	-0.596649	0.464367	-0.542264	-0.195308	-0.753615	0.00896446	-0.627566	-0.389288	-0.6484	0.4333	-0.490188
-0.442615	-0.576467	0.406142	-0.55392	-0.454261	-0.504704	0.437079	-0.589816	-0.656733	0.247895	0.470348	-0.534811	0.0217935	0.421897	0.220616	-0.879123	-0.461243	-0.367832	-0.253125	-0.766734	-0.763125	0.00593507	-0.405909	-0.502835	-0.640537	-0.163919	0.713391	-0.232199	-0.367314	-0.596078	0.464368	-0.542341	-0.194483	-0.75385	0.0104434	-0.627517	-0.388665	-0.648725	0.432261	-0.491168
-0.442161	-0.577075	0.406065	-0.553706	-0.453763	-0.505529	0.436614	-0.589837	-0.656693	0.248078	0.470021	-0.535062	0.022432	0.421515	0.219788	-0.879497	-0.460569	-0.367308	-0.253106	-0.767397	-0.763068	0.00618628	-0.405484	-0.503261	-0.640677	-0.165145	0.713158	-0.231659	-0.36753	-0.596049	0.46345	-0.543012	-0.194027	-0.754244	0.0118188	-0.62716	-0.388357	-0.648893	0.431323	-0.492013
-0.441929	-0.577421	0.406035	-0.553552	-0.453314	-0.506243	0.43648	-0.589669	-0.65636	0.248151	0.469626	-0.535784	0.0228516	0.421218	0.219614	-0.879672	-0.460219	-0.367229	-0.253006	-0.767678	-0.762903	0.00615201	-0.405527	-0.503477	-0.640968	-0.165683	0.712838	-0.231454	-0.368254	-0.595667	0.463526	-0.542875	-0.193258	-0.754582	0.0118546	-0.62699	-0.388301	-0.648989	0.430921	-0.492283
-0.441774	-0.577782	0.406229	-0.553155	-0.452855	-0.506931	0.436501	-0.589415	-0.65636	0.248151	0.469626	-0.535784	0.0232762	0.420936	0.219529	-0.879817	-0.459879	-0.367386	-0.252886	-0.767846	-0.762648	0.00620758	-0.405737	-0.503694	-0.641267	-0.166056	0.712577	-0.231163	-0.368878	-0.59541	0.463454	-0.542795	-0.192915	-0.754652	0.012037	-0.627008	-0.388633	-0.648885	0.430824	-0.492243
-0.441747	-0.578049	0.406541	-0.552669	-0.452529	-0.507386	0.436607	-0.589195	-0.655798	0.247754	0.469334	-0.53691	0.0236513	0.420644	0.219563	-0.879938	-0.459452	-0.367552	-0.252945	-0.768003	-0.76243	0.00616595	-0.405908	-0.503886	-0.641734	-0.165892	0.712431	-0.230433	-0.369565	-0.595145	0.46351	-0.542571	-0.192818	-0.754857	0.0126124	-0.626779	-0.389029	-0.648733	0.430638	-0.492293
-0.441648	-0.578347	0.406837	-0.552218	-0.452104	-0.507982	0.436687	-0.588949	-0.655212	0.247325	0.469397	-0.537768	0.0240339	0.420467	0.219656	-0.879989	-0.458995	-0.367637	-0.25294	-0.768237	-0.76213	0.00588698	-0.40609	-0.504196	-0.642113	-0.165852	0.712239	-0.23	-0.370436	-0.595002	0.463412	-0.542216	-0.192377	-0.755289	0.0132208	-0.626383	-0.389178	-0.648772	0.43011	-0.492586
-0.441556	-0.578787	0.407194	-0.551567	-0.451852	-0.508318	0.436774	-0.588788	-0.655212	0.247325	0.469397	-0.537768	0.0249925	0.420136	0.219961	-0.880044	-0.458331	-0.367805	-0.252661	-0.768645	-0.762123	0.00579473	-0.405863	-0.50439	-0.642627	-0.166062	0.711705	-0.230065	-0.370655	-0.59509	0.463237	-0.54212	-0.191331	-0.755984	0.0139804	-0.625848	-0.390461	-0.648339	0.42996	-0.492273
-0.441322	-0.579166	0.407198	-0.551354	-0.451699	-0.508653	0.436793	-0.588601	-0.655081	0.246979	0.469484	-0.53801	0.0250698	0.420067	0.220096	-0.880041	-0.45821	-0.367746	-0.252524	-0.76879	-0.762202	0.00556641	-0.405645	-0.50445	-0.64286	-0.166255	0.711464	-0.230021	-0.371463	-0.595121	0.463068	-0.541676	-0.190733	-0.756329	0.0141321	-0.62561	-0.390996	-0.648241	0.429798	-0.492118
-0.441062	-0.579601	0.407149	-0.551141	-0.451699	-0.508653	0.436793	-0.588601	-0.655081	0.246979	0.469484	-0.53801	0.0249332	0.420044	0.220201	-0.88003	-0.458185	-0.367742	-0.252386	-0.768852	-0.762202	0.00556641	-0.405645	-0.50445	-0.642908	-0.166703	0.71126	-0.230192	-0.371463	-0.595121	0.463068	-0.541676	-0.189872	-0.756975	0.0140941	-0.625091	-0.391833	-0.647973	0.429889	-0.491725
-0.440971	-0.579921	0.40717	-0.550861	-0.45157	-0.508874	0.436763	-0.588532	-0.65518	0.246872	0.46943	-0.537986	0.0247984	0.419972	0.220291	-0.880046	-0.458256	-0.367672	-0.2521	-0.768937	-0.762254	0.00566627	-0.405559	-0.504438	-0.643102	-0.166923	0.710996	-0.230307	-0.371527	-0.595379	0.462722	-0.541646	-0.189303	-0.757557	0.0142549	-0.624554	-0.39239	-0.647878	0.429783	-0.491499
-0.440926	-0.580178	0.40709	-0.550686	-0.451461	-0.509104	0.43671	-0.588456	-0.655217	0.246725	0.469416	-0.538021	0.0248111	0.419832	0.220432	-0.880077	-0.45831	-0.367642	-0.252118	-0.768914	-0.762352	0.00571094	-0.405452	-0.504377	-0.643305	-0.16712	0.710694	-0.230528	-0.371708	-0.595547	0.462592	-0.541447	-0.189174	-0.757842	0.0145528	-0.624241	-0.392922	-0.647811	0.429745	-0.491195
-0.44094	-0.580422	0.406948	-0.550524	-0.451475	-0.509206	0.43649	-0.588521	-0.655166	0.24657	0.469387	-0.538178	0.0249383	0.419734	0.220585	-0.880082	-0.458371	-0.367605	-0.252183	-0.768874	-0.762446	0.00569918	-0.405456	-0.504231	-0.643301	-0.167331	0.71056	-0.230801	-0.371664	-0.59589	0.462296	-0.541354	-0.188442	-0.758326	0.0141151	-0.623884	-0.393272	-0.647879	0.429649	-0.490909
-0.441061	-0.580572	0.406843	-0.550346	-0.451558	-0.509293	0.436233	-0.588571	-0.655059	0.246561	0.469304	-0.538386	0.0251412	0.41962	0.22053	-0.880144	-0.458471	-0.367557	-0.252277	-0.768806	-0.7625	0.00588046	-0.405568	-0.504057	-0.643317	-0.167544	0.710382	-0.231149	-0.371504	-0.596268	0.461976	-0.541321	-0.18782	-0.758774	0.0137139	-0.623536	-0.393847	-0.647825	0.429756	-0.490425
-0.441313	-0.580692	0.406812	-0.55004	-0.451619	-0.509381	0.436053	-0.588583	-0.654895	0.246549	0.469177	-0.538701	0.0254816	0.419439	0.220437	-0.880244	-0.458566	-0.367509	-0.252405	-0.76873	-0.762569	0.00615317	-0.405719	-0.503828	-0.643414	-0.167535	0.710268	-0.231235	-0.37133	-0.59668	0.461631	-0.54128	-0.187386	-0.759203	0.013947	-0.623139	-0.394027	-0.647943	0.429338	-0.490491
-0.441832	-0.580489	0.406709	-0.549914	-0.451742	-0.509418	0.435805	-0.58864	-0.654682	0.246427	0.46906	-0.539117	0.0258637	0.41913	0.220458	-0.880375	-0.458669	-0.367423	-0.252727	-0.768604	-0.762653	0.00637766	-0.405831	-0.503607	-0.643438	-0.167653	0.710188	-0.23133	-0.371408	-0.596878	0.461573	-0.541057	-0.186625	-0.759892	0.0143605	-0.622518	-0.393992	-0.648128	0.428581	-0.490936
-0.442197	-0.580383	0.406399	-0.549961	-0.451974	-0.509285	0.435411	-0.588868	-0.654459	0.246317	0.468795	-0.53967	0.0263163	0.418738	0.220363	-0.880571	-0.458746	-0.367294	-0.253144	-0.768483	-0.762788	0.00654967	-0.405891	-0.503354	-0.643504	-0.167897	0.71005	-0.231392	-0.371606	-0.596982	0.461542	-0.540833	-0.185945	-0.760464	0.014716	-0.622015	-0.394204	-0.648151	0.428098	-0.491158
-0.442275	-0.580565	0.406104	-0.549924	-0.452275	-0.509065	0.434942	-0.589174	-0.654208	0.246675	0.468465	-0.540096	0.0268427	0.418394	0.21998	-0.880815	-0.45901	-0.36698	-0.253439	-0.768378	-0.762926	0.00692865	-0.405845	-0.503176	-0.643654	-0.168234	0.709784	-0.231545	-0.371681	-0.597173	0.46136	-0.540726	-0.185496	-0.760737	0.0147708	-0.621813	-0.394214	-0.648312	0.427641	-0.491335
-0.442782	-0.580759	0.405546	-0.549723	-0.452663	-0.508761	0.434278	-0.589628	-0.65386	0.247263	0.467735	-0.54088	0.0278014	0.417845	0.218922	-0.881309	-0.459292	-0.366611	-0.253775	-0.768274	-0.76317	0.00795863	-0.40578	-0.502843	-0.643589	-0.16884	0.709516	-0.232105	-0.371161	-0.597964	0.460453	-0.540982	-0.184979	-0.761074	0.0142864	-0.621567	-0.394502	-0.64853	0.427397	-0.491028
-0.443426	-0.580473	0.405474	-0.549559	-0.452874	-0.508635	0.434146	-0.589672	-0.653715	0.247513	0.467505	-0.54114	0.0280514	0.417712	0.218593	-0.881446	-0.459814	-0.365811	-0.254233	-0.768192	-0.763329	0.00843907	-0.405787	-0.502588	-0.643625	-0.168904	0.709405	-0.232299	-0.371259	-0.5981	0.460407	-0.540803	-0.185072	-0.761348	0.0144092	-0.6212	-0.394626	-0.648634	0.427323	-0.490855
-0.444243	-0.580329	0.405199	-0.549254	-0.453335	-0.508241	0.434232	-0.589594	-0.653567	0.247684	0.467413	-0.54132	0.028199	0.41761	0.218214	-0.881584	-0.46017	-0.365481	-0.254408	-0.768078	-0.763602	0.00931291	-0.405923	-0.502047	-0.643925	-0.168515	0.709239	-0.232256	-0.371603	-0.598238	0.460391	-0.540429	-0.185145	-0.761763	0.0145042	-0.620667	-0.395184	-0.64869	0.427594	-0.490095
-0.444243	-0.580329	0.405199	-0.549254	-0.453335	-0.508241	0.434232	-0.589594	-0.653567	0.247684	0.467413	-0.54132	0.028199	0.41761	0.218214	-0.881584	-0.460466	-0.365251	-0.254719	-0.767907	-0.763602	0.00931291	-0.405923	-0.502047	-0.643925	-0.168515	0.709239	-0.232256	-0.371603	-0.598238	0.460391	-0.540429	-0.185145	-0.761763	0.0145042	-0.620667	-0.395184	-0.64869	0.427594	-0.490095
-0.44472	-0.580149	0.405231	-0.549034	-0.453465	-0.508199	0.43427	-0.589503	-0.65374	0.247907	0.467162	-0.541226	0.0279936	0.41759	0.218131	-0.88162	-0.460818	-0.365079	-0.254834	-0.767739	-0.763738	0.00972935	-0.406089	-0.501698	-0.644069	-0.168272	0.709216	-0.232104	-0.371893	-0.598452	0.460099	-0.54024	-0.185582	-0.761866	0.0148062	-0.620403	-0.395469	-0.648721	0.427767	-0.489674
-0.445297	-0.579769	0.40512	-0.549051	-0.453672	-0.508044	0.434329	-0.589433	-0.653915	0.247946	0.467096	-0.541054	0.027686	0.417567	0.218099	-0.881648	-0.461096	-0.364934	-0.254908	-0.767617	-0.763889	0.00995266	-0.406216	-0.501362	-0.644059	-0.168386	0.709151	-0.232248	-0.371893	-0.598452	0.460099	-0.54024	-0.185826	-0.762032	0.0152033	-0.620117	-0.395853	-0.648662	0.427957	-0.489276
-0.445749	-0.579527	0.405007	-0.549023	-0.453935	-0.507766	0.434325	-0.589473	-0.654123	0.248135	0.466986	-0.54081	0.0272966	0.417643	0.217886	-0.881677	-0.461381	-0.364898	-0.254927	-0.767456	-0.764018	0.0100213	-0.406255	-0.501132	-0.644049	-0.168373	0.709156	-0.232268	-0.372005	-0.598545	0.459903	-0.540226	-0.186084	-0.762235	0.0156565	-0.619779	-0.396259	-0.648573	0.428116	-0.488926
-0.446118	-0.579378	0.405006	-0.548881	-0.454264	-0.5074	0.434391	-0.589486	-0.654311	0.248574	0.466893	-0.540462	0.0268926	0.417847	0.217564	-0.881673	-0.461684	-0.36488	-0.255009	-0.767255	-0.764146	0.00997482	-0.406334	-0.500873	-0.644218	-0.168084	0.709154	-0.232016	-0.372431	-0.598573	0.4597	-0.540075	-0.186277	-0.762496	0.0158765	-0.619394	-0.396665	-0.6485	0.428262	-0.488565
-0.446908	-0.578997	0.40511	-0.548563	-0.454929	-0.506929	0.434746	-0.589117	-0.654679	0.249696	0.466653	-0.539706	0.0263137	0.418267	0.216689	-0.881707	-0.462436	-0.364894	-0.254852	-0.766848	-0.764409	0.00976183	-0.406346	-0.500466	-0.644388	-0.168097	0.708887	-0.23235	-0.372422	-0.598752	0.459425	-0.540117	-0.186927	-0.762662	0.0162202	-0.618984	-0.397451	-0.648395	0.428573	-0.487794
