FULLBODY	1																																						
Frames:	158																																						
0.483856	0.499906	-0.523944	0.491386	0.491043	0.505169	-0.411455	0.578262	0.739456	0.20907	-0.583341	0.263073	0.702917	0.0354257	-0.671079	0.233034	0.0695906	0.641506	-0.0309167	0.763329	0.291916	0.668557	-0.0413252	0.682721	0.715686	0.0307779	-0.697127	0.0293274	0.454476	0.58071	-0.479816	0.475398	0.0643301	0.738147	-0.133817	0.658099	0.431713	0.590595	-0.521711	0.438906
0.472762	0.507361	-0.525771	0.492591	0.480604	0.510611	-0.41837	0.57729	0.733623	0.223233	-0.587395	0.258711	0.698561	0.0489709	-0.676685	0.227403	0.0566724	0.640339	-0.041531	0.764872	0.281227	0.668896	-0.0515276	0.686174	0.720163	0.0403249	-0.692187	0.0248059	0.454941	0.582813	-0.481011	0.471154	0.0529632	0.739007	-0.139757	0.65691	0.419377	0.603106	-0.510871	0.446538
0.472762	0.507361	-0.525771	0.492591	0.480604	0.510611	-0.41837	0.57729	0.733704	0.223674	-0.587319	0.258273	0.698561	0.0489709	-0.676685	0.227403	0.0566724	0.640339	-0.041531	0.764872	0.281227	0.668896	-0.0515276	0.686174	0.720163	0.0403249	-0.692187	0.0248059	0.454941	0.582813	-0.481011	0.471154	0.0530278	0.739009	-0.139716	0.656912	0.419377	0.603106	-0.510871	0.446538
0.472983	0.507058	-0.525947	0.492503	0.479803	0.511631	-0.419474	0.57625	0.733734	0.225011	-0.587039	0.257662	0.698875	0.0499182	-0.676509	0.226755	0.0555944	0.640366	-0.0433099	0.76483	0.280041	0.668949	-0.0531136	0.686486	0.720093	0.040418	-0.692235	0.0253652	0.455097	0.582641	-0.481147	0.471076	0.0532377	0.739022	-0.139744	0.656874	0.419363	0.603164	-0.510899	0.446442
0.472937	0.506937	-0.526184	0.492418	0.47949	0.51206	-0.419938	0.575792	0.733761	0.22565	-0.586912	0.257314	0.699012	0.0505877	-0.676433	0.226408	0.0549686	0.640381	-0.0440351	0.764821	0.279383	0.669038	-0.0538448	0.68661	0.720059	0.0403624	-0.692268	0.0255296	0.455282	0.582471	-0.48122	0.471035	0.0534024	0.739026	-0.139946	0.656813	0.419451	0.603123	-0.510901	0.446412
0.472822	0.507025	-0.526239	0.49238	0.479137	0.512623	-0.420512	0.575165	0.733868	0.226754	-0.586789	0.256319	0.69928	0.0516176	-0.676463	0.225259	0.0539874	0.640608	-0.045327	0.764626	0.277942	0.669278	-0.0549438	0.686874	0.72002	0.0405449	-0.692287	0.0258131	0.455348	0.582406	-0.481172	0.471099	0.0535347	0.738998	-0.140019	0.656818	0.419624	0.603099	-0.510852	0.446337
0.472625	0.507164	-0.52639	0.492264	0.479014	0.51285	-0.420756	0.574887	0.734043	0.227064	-0.586777	0.255568	0.699381	0.0519064	-0.67658	0.224523	0.0533431	0.64071	-0.0457055	0.764563	0.277256	0.669459	-0.0551244	0.686961	0.720033	0.0406598	-0.692262	0.0259291	0.455415	0.582381	-0.481072	0.471168	0.0535419	0.73896	-0.139989	0.656867	0.419738	0.603061	-0.510814	0.446325
0.472643	0.507095	-0.526645	0.492046	0.478839	0.513274	-0.421333	0.574231	0.734138	0.227471	-0.586776	0.254935	0.699477	0.0522248	-0.676681	0.223848	0.0527181	0.640801	-0.0459463	0.764515	0.276499	0.66975	-0.0550122	0.686991	0.719963	0.0406534	-0.692333	0.0259988	0.455649	0.582213	-0.48102	0.471203	0.0536055	0.739013	-0.14008	0.656782	0.419873	0.603033	-0.510655	0.446418
0.472627	0.507055	-0.526737	0.492004	0.478588	0.513907	-0.421875	0.573476	0.734321	0.228713	-0.58662	0.253654	0.699809	0.0531901	-0.676739	0.222402	0.0520074	0.641221	-0.0469033	0.764154	0.275478	0.670171	-0.0556294	0.686941	0.719966	0.0407992	-0.69231	0.0263055	0.455752	0.582171	-0.480895	0.471282	0.0537962	0.739006	-0.140036	0.656784	0.420056	0.603039	-0.510544	0.446365
0.472602	0.507095	-0.526879	0.491835	0.478679	0.514185	-0.422402	0.572763	0.734439	0.22885	-0.58656	0.253328	0.700074	0.0534349	-0.676617	0.221883	0.0521623	0.641424	-0.0473608	0.763945	0.2754	0.670297	-0.0558481	0.686831	0.719976	0.0406655	-0.692303	0.0263963	0.455822	0.582114	-0.480866	0.471315	0.0537729	0.739039	-0.139971	0.656764	0.420285	0.602946	-0.510534	0.446287
0.472738	0.507023	-0.527041	0.491604	0.478654	0.514434	-0.422622	0.572397	0.734573	0.228963	-0.58648	0.253023	0.700201	0.0533248	-0.676537	0.221749	0.0524326	0.641478	-0.047565	0.763868	0.275881	0.670483	-0.0563998	0.686412	0.719943	0.0407415	-0.69233	0.0264829	0.455926	0.582027	-0.480894	0.471292	0.0539652	0.739054	-0.139986	0.656727	0.42035	0.60296	-0.510496	0.446249
0.473159	0.506673	-0.526729	0.491894	0.478999	0.514318	-0.422634	0.572204	0.734697	0.22872	-0.586253	0.253407	0.700335	0.0528863	-0.676335	0.222046	0.0535069	0.64162	-0.0476103	0.763672	0.276854	0.67051	-0.0567371	0.685966	0.719964	0.0407998	-0.692304	0.0265179	0.456068	0.581953	-0.480923	0.471217	0.0541344	0.739038	-0.140067	0.656714	0.42056	0.602898	-0.51063	0.445983
0.473971	0.50604	-0.526762	0.491728	0.47985	0.513465	-0.422401	0.572429	0.735291	0.227612	-0.585213	0.25508	0.699329	0.0516716	-0.676899	0.223779	0.0559138	0.641134	-0.0469794	0.763946	0.279243	0.66997	-0.0574974	0.685462	0.720034	0.0406189	-0.692253	0.0261884	0.456037	0.582027	-0.480831	0.471249	0.0540986	0.738983	-0.140289	0.656732	0.420472	0.603109	-0.510465	0.445969
0.47514	0.505016	-0.52627	0.49218	0.481233	0.511858	-0.422573	0.57258	0.736279	0.225006	-0.58341	0.258648	0.697654	0.0472687	-0.676869	0.229984	0.0615438	0.63931	-0.0484062	0.764952	0.284314	0.668246	-0.0586117	0.684965	0.719978	0.0408114	-0.692304	0.0260886	0.456068	0.582092	-0.480827	0.471144	0.0540071	0.738844	-0.140746	0.656797	0.420354	0.603322	-0.510263	0.446024
0.476804	0.503444	-0.525915	0.492561	0.483414	0.509403	-0.42283	0.572743	0.737305	0.222055	-0.582402	0.26054	0.694465	0.0370801	-0.676966	0.240958	0.0692395	0.636145	-0.0493196	0.766872	0.287353	0.666914	-0.0581609	0.685034	0.719988	0.0404098	-0.69233	0.0257456	0.456177	0.582047	-0.481039	0.470877	0.0541597	0.738868	-0.141175	0.656666	0.42033	0.603405	-0.51039	0.445789
0.477676	0.502558	-0.52579	0.492753	0.484543	0.508097	-0.422921	0.572882	0.740408	0.213469	-0.579299	0.265781	0.692264	0.0305897	-0.676671	0.248898	0.0739211	0.633341	-0.0489297	0.768778	0.298174	0.662601	-0.0573052	0.684667	0.719975	0.0400125	-0.692382	0.0253373	0.456387	0.581909	-0.481215	0.470664	0.0547539	0.73878	-0.142136	0.656508	0.420302	0.603465	-0.510489	0.44562
0.480234	0.499751	-0.524676	0.494306	0.487568	0.504501	-0.422871	0.57353	0.744916	0.195277	-0.573627	0.27914	0.682975	0.00101077	-0.675013	0.27911	0.0925501	0.620712	-0.0433783	0.777348	0.32203	0.651722	-0.0456143	0.685183	0.71989	0.0389738	-0.69255	0.0247671	0.456798	0.581545	-0.481671	0.47025	0.0554148	0.738693	-0.142905	0.656384	0.419821	0.604021	-0.510154	0.445704
0.481247	0.498857	-0.524286	0.494639	0.488567	0.503197	-0.422734	0.573926	0.746639	0.187019	-0.571371	0.284761	0.679082	-0.0105149	-0.673327	0.292178	0.0995142	0.615593	-0.0386366	0.780801	0.331718	0.646585	-0.0369255	0.68595	0.719856	0.0385972	-0.692609	0.0247219	0.456831	0.581472	-0.481716	0.470261	0.0557413	0.738543	-0.143006	0.656504	0.419695	0.60415	-0.510107	0.445702
0.483216	0.497036	-0.523556	0.495325	0.490169	0.50077	-0.422015	0.57521	0.749576	0.168908	-0.566466	0.297864	0.669679	-0.0369201	-0.668096	0.322201	0.112987	0.603619	-0.0226271	0.788901	0.354525	0.634584	-0.0127164	0.686624	0.719763	0.0379757	-0.692742	0.0246501	0.457057	0.581159	-0.481844	0.470297	0.0562105	0.738479	-0.143205	0.656492	0.419625	0.604132	-0.510098	0.445802
0.48485	0.495604	-0.522387	0.496396	0.490759	0.499811	-0.421503	0.575916	0.750763	0.159841	-0.563399	0.305593	0.657405	-0.0665299	-0.660178	0.357152	0.120495	0.596797	-0.0131624	0.793184	0.367958	0.627422	0.00170368	0.686255	0.719659	0.0377707	-0.692846	0.0250957	0.457053	0.580961	-0.481792	0.470598	0.0564854	0.738317	-0.143167	0.656659	0.419492	0.604128	-0.509989	0.446058
0.485301	0.495208	-0.521715	0.497057	0.4918	0.498341	-0.420329	0.577159	0.752754	0.139002	-0.557429	0.321424	0.650394	-0.082499	-0.654918	0.37585	0.135166	0.582669	0.00930457	0.801336	0.398291	0.610909	0.0362465	0.683258	0.719559	0.0379012	-0.692925	0.0255563	0.456918	0.580971	-0.481638	0.470875	0.0568094	0.738049	-0.142492	0.657079	0.419519	0.604008	-0.509926	0.446266
0.486404	0.494253	-0.520438	0.498266	0.493083	0.496619	-0.418942	0.578555	0.754463	0.114649	-0.551383	0.337073	0.633795	-0.117811	-0.642368	0.414473	0.151644	0.567986	0.034277	0.808221	0.43204	0.591309	0.0740162	0.676917	0.71937	0.0382114	-0.693073	0.0263927	0.456783	0.580899	-0.48137	0.471369	0.0564999	0.737931	-0.141602	0.65743	0.419317	0.603985	-0.509374	0.447116
0.487238	0.493417	-0.519546	0.49921	0.494199	0.495137	-0.417693	0.579776	0.75575	0.0872043	-0.545695	0.351362	0.613631	-0.15484	-0.625627	0.456149	0.168133	0.552628	0.0612052	0.813995	0.468418	0.568911	0.112832	0.666479	0.719338	0.0382365	-0.693086	0.0268831	0.456615	0.580826	-0.481202	0.471792	0.056845	0.737767	-0.140913	0.657732	0.419441	0.603759	-0.509182	0.447524
0.488339	0.492355	-0.518929	0.499824	0.495836	0.493272	-0.417469	0.580128	0.756064	0.0595092	-0.538675	0.366954	0.589222	-0.193773	-0.604392	0.49998	0.185731	0.537129	0.0854672	0.818347	0.506625	0.543506	0.152151	0.651754	0.719196	0.0378206	-0.693211	0.0280185	0.456641	0.580623	-0.48114	0.472081	0.0570843	0.737686	-0.140317	0.65793	0.419478	0.603625	-0.508849	0.448048
0.490356	0.490342	-0.518487	0.500287	0.497751	0.490958	-0.417544	0.580397	0.754406	0.022908	-0.52606	0.391927	0.542484	-0.252674	-0.563788	0.569218	0.212028	0.513573	0.118284	0.82298	0.566312	0.500952	0.208113	0.620505	0.719263	0.0362487	-0.693222	0.0281211	0.457097	0.580028	-0.481189	0.472321	0.0583802	0.737423	-0.140467	0.65808	0.419999	0.603155	-0.508862	0.448179
0.4908	0.48982	-0.518463	0.500388	0.498415	0.490232	-0.417652	0.580364	0.753089	0.0102052	-0.523197	0.398769	0.524825	-0.271409	-0.548899	0.591275	0.22188	0.504763	0.12639	0.824626	0.585954	0.485694	0.225681	0.608134	0.719234	0.035746	-0.693284	0.0279492	0.457379	0.57977	-0.481165	0.472389	0.0585951	0.7374	-0.140504	0.658078	0.420147	0.603002	-0.508863	0.448245
0.491965	0.48862	-0.51888	0.499984	0.499713	0.488669	-0.417747	0.580497	0.75091	-0.017384	-0.516722	0.410888	0.487706	-0.305998	-0.517298	0.633175	0.24348	0.487263	0.139122	0.827005	0.60514	0.470217	0.242826	0.594758	0.719222	0.0348322	-0.693349	0.0278287	0.45782	0.579301	-0.481247	0.472453	0.0593695	0.737191	-0.140886	0.658161	0.420514	0.602675	-0.508937	0.448256
0.492406	0.488132	-0.519878	0.498989	0.500075	0.488203	-0.417921	0.580453	0.74965	-0.0303056	-0.513017	0.417036	0.468446	-0.321412	-0.500898	0.652958	0.254038	0.478833	0.146063	0.827556	0.641935	0.438141	0.273606	0.56665	0.719241	0.0342487	-0.69336	0.0277589	0.458012	0.579096	-0.481263	0.472502	0.0597846	0.737159	-0.141067	0.65812	0.420662	0.602599	-0.508778	0.448401
0.492555	0.487881	-0.520389	0.498555	0.500514	0.487633	-0.418625	0.580045	0.746479	-0.0543933	-0.506502	0.428096	0.427556	-0.349878	-0.469534	0.688708	0.275467	0.461619	0.15793	0.828302	0.674953	0.407094	0.301785	0.53632	0.719283	0.0336255	-0.693342	0.0278905	0.458201	0.578936	-0.481335	0.472442	0.0603571	0.737137	-0.141117	0.658082	0.420723	0.60255	-0.508757	0.448433
0.492457	0.487648	-0.52161	0.497602	0.500892	0.487237	-0.419082	0.579722	0.74413	-0.0650948	-0.503364	0.434347	0.407246	-0.361722	-0.454002	0.705117	0.285687	0.453356	0.163728	0.828278	0.69002	0.391941	0.314656	0.520814	0.719265	0.0332383	-0.693367	0.0282074	0.458183	0.578937	-0.48127	0.472525	0.0604542	0.73713	-0.14093	0.658121	0.420661	0.602684	-0.508355	0.448767
0.49215	0.487802	-0.522226	0.497108	0.501564	0.486316	-0.420107	0.579173	0.738854	-0.0852196	-0.497762	0.446167	0.387395	-0.372162	-0.438086	0.720764	0.29511	0.445527	0.170046	0.82795	0.717429	0.362421	0.336963	0.490309	0.719279	0.033185	-0.693346	0.0284237	0.458135	0.57897	-0.481165	0.472638	0.0604709	0.737116	-0.140494	0.658228	0.420661	0.602684	-0.508355	0.448767
0.491943	0.487843	-0.52264	0.496838	0.501564	0.486316	-0.420107	0.579173	0.738854	-0.0852196	-0.497762	0.446167	0.387395	-0.372162	-0.438086	0.720764	0.29511	0.445527	0.170046	0.82795	0.717429	0.362421	0.336963	0.490309	0.719296	0.0332545	-0.693317	0.0286138	0.458164	0.578957	-0.481036	0.472757	0.0604709	0.737116	-0.140494	0.658228	0.420676	0.602725	-0.508154	0.448925
0.491591	0.487898	-0.523478	0.49625	0.502188	0.485213	-0.421282	0.578703	0.732587	-0.10408	-0.493794	0.456783	0.32881	-0.3985	-0.395089	0.759596	0.321726	0.425326	0.188189	0.824727	0.740422	0.336339	0.3563	0.460111	0.719344	0.0328918	-0.693286	0.028591	0.458445	0.578689	-0.481018	0.47283	0.0607789	0.737018	-0.140267	0.658358	0.420711	0.602764	-0.507904	0.449123
0.491554	0.48788	-0.524075	0.495674	0.502834	0.483596	-0.423036	0.578215	0.72927	-0.112621	-0.491696	0.462296	0.29254	-0.412265	-0.36588	0.781403	0.338413	0.413519	0.196518	0.822107	0.750579	0.324036	0.365133	0.44532	0.7194	0.0324319	-0.693256	0.0284126	0.458663	0.578511	-0.481043	0.472812	0.0608516	0.737033	-0.140249	0.658338	0.420676	0.602862	-0.507748	0.4492
0.491454	0.487805	-0.525181	0.494676	0.503376	0.481781	-0.424994	0.577823	0.72041	-0.135202	-0.484665	0.477315	0.256603	-0.423541	-0.339246	0.7998	0.352753	0.403782	0.205219	0.818786	0.775662	0.291859	0.388907	0.402391	0.719512	0.0315964	-0.693199	0.0279094	0.459197	0.578147	-0.481054	0.472727	0.0617965	0.736867	-0.140631	0.658355	0.420891	0.602739	-0.507912	0.448978
0.491622	0.487239	-0.526214	0.493968	0.503842	0.480273	-0.427025	0.577175	0.714667	-0.14991	-0.480478	0.485716	0.222774	-0.432678	-0.314046	0.815191	0.365129	0.395214	0.211622	0.815906	0.788796	0.273743	0.402052	0.375792	0.719619	0.0307017	-0.693151	0.0273259	0.459838	0.577715	-0.481254	0.472429	0.0622851	0.736885	-0.141085	0.658191	0.420852	0.60294	-0.507571	0.449132
0.491347	0.486999	-0.526982	0.49366	0.504854	0.478353	-0.428511	0.576783	0.709106	-0.162671	-0.475872	0.49422	0.192163	-0.439194	-0.290204	0.828229	0.377502	0.388287	0.216775	0.81224	0.799152	0.25779	0.41322	0.352348	0.719797	0.0300717	-0.693004	0.0270875	0.460209	0.577525	-0.481227	0.472327	0.0625611	0.736742	-0.141065	0.658329	0.420883	0.603108	-0.507408	0.449061
0.490804	0.486869	-0.528166	0.493063	0.505726	0.477151	-0.429938	0.575952	0.704109	-0.175761	-0.471749	0.500791	0.163449	-0.443447	-0.270532	0.838721	0.387854	0.383285	0.222791	0.8081	0.806932	0.245145	0.423152	0.33122	0.719877	0.0296035	-0.692952	0.0267968	0.460666	0.577266	-0.481263	0.472161	0.06259	0.736745	-0.140958	0.658346	0.420588	0.603541	-0.506823	0.449416
0.490796	0.486627	-0.528768	0.492664	0.506347	0.47667	-0.43061	0.575304	0.701931	-0.181414	-0.469372	0.504055	0.149862	-0.444583	-0.261292	0.843572	0.392274	0.381507	0.225575	0.806033	0.809923	0.239727	0.428246	0.321186	0.719979	0.0291507	-0.692875	0.026539	0.461107	0.577005	-0.481386	0.471925	0.0628416	0.736835	-0.141206	0.658169	0.420711	0.603489	-0.506861	0.449327
0.490624	0.48631	-0.529913	0.491918	0.507179	0.476049	-0.432043	0.574008	0.69827	-0.192363	-0.465132	0.508987	0.122384	-0.445594	-0.243953	0.852616	0.399624	0.377858	0.230112	0.802853	0.81504	0.229066	0.437545	0.302974	0.720094	0.0282736	-0.692806	0.0261823	0.461191	0.576954	-0.481332	0.471961	0.0638036	0.736728	-0.141694	0.658091	0.421052	0.603381	-0.506967	0.449034
0.490024	0.486465	-0.531202	0.490971	0.507379	0.476362	-0.433645	0.572362	0.694432	-0.203191	-0.461587	0.51324	0.0941988	-0.444639	-0.228894	0.860831	0.405062	0.374956	0.232093	0.800915	0.818826	0.221136	0.445758	0.286222	0.720139	0.0279755	-0.692769	0.0262335	0.461329	0.576814	-0.481245	0.472086	0.063998	0.736774	-0.141773	0.658004	0.421131	0.603275	-0.506745	0.449352
0.489376	0.486967	-0.53216	0.490082	0.50713	0.477209	-0.434534	0.571201	0.690876	-0.212632	-0.45833	0.517118	0.0658366	-0.441369	-0.216519	0.868319	0.409084	0.372171	0.232002	0.800196	0.822127	0.213056	0.450771	0.274808	0.720187	0.027768	-0.692725	0.0263046	0.461123	0.576802	-0.480795	0.47276	0.0638477	0.736557	-0.141264	0.65837	0.421102	0.603281	-0.506318	0.449853
0.488559	0.48763	-0.5326	0.489759	0.507062	0.477493	-0.434824	0.570804	0.687079	-0.219427	-0.455882	0.521484	0.042914	-0.435774	-0.210185	0.874118	0.413222	0.369819	0.232559	0.798998	0.823509	0.209741	0.452027	0.271134	0.720178	0.0281176	-0.692706	0.0266763	0.460832	0.576964	-0.48044	0.473206	0.0633864	0.736398	-0.140656	0.658723	0.420878	0.603318	-0.505825	0.450566
0.488379	0.487689	-0.53308	0.489358	0.5066	0.47775	-0.435832	0.57023	0.6834	-0.221819	-0.454311	0.526652	0.0302005	-0.431825	-0.207477	0.87725	0.417525	0.369049	0.233266	0.796908	0.822769	0.213164	0.450175	0.273779	0.72011	0.028347	-0.692742	0.0273042	0.460241	0.577232	-0.480107	0.473793	0.0633103	0.736232	-0.140232	0.659006	0.420371	0.603599	-0.505273	0.451281
0.488459	0.487516	-0.533309	0.489201	0.506207	0.477963	-0.437214	0.569342	0.680317	-0.221517	-0.453695	0.531282	0.024822	-0.429809	-0.207597	0.87838	0.421591	0.369769	0.232245	0.794729	0.821172	0.218165	0.448132	0.277951	0.720007	0.0278427	-0.692865	0.0274366	0.45989	0.577309	-0.479965	0.474184	0.0636074	0.735913	-0.139762	0.659434	0.420101	0.603717	-0.505207	0.451451
0.488562	0.487159	-0.534286	0.488386	0.506457	0.478054	-0.438747	0.567861	0.679186	-0.220674	-0.453527	0.533219	0.0226321	-0.42895	-0.207678	0.87884	0.421749	0.370354	0.230444	0.794897	0.821177	0.21999	0.44723	0.277953	0.720028	0.027097	-0.692885	0.0271429	0.459802	0.577195	-0.479949	0.474423	0.0635832	0.73595	-0.139734	0.659401	0.419835	0.603748	-0.505016	0.451869
0.488445	0.487224	-0.534826	0.487847	0.506704	0.478182	-0.439273	0.567126	0.678187	-0.220341	-0.452963	0.535104	0.0217065	-0.428202	-0.207341	0.879307	0.421421	0.37047	0.229529	0.795281	0.821585	0.220434	0.44697	0.276812	0.720021	0.0267602	-0.692907	0.0270735	0.459641	0.577212	-0.479903	0.474604	0.0640998	0.735652	-0.140079	0.65961	0.419907	0.603613	-0.505228	0.451746
0.487764	0.487656	-0.535775	0.487055	0.507389	0.478336	-0.43992	0.565881	0.678163	-0.220054	-0.452477	0.535664	0.0200163	-0.426391	-0.207115	0.88028	0.420883	0.37131	0.227718	0.795696	0.822543	0.220787	0.446234	0.274866	0.720046	0.0265877	-0.692885	0.0271506	0.459333	0.577292	-0.479681	0.475031	0.0644129	0.735505	-0.140132	0.659733	0.419933	0.603507	-0.505268	0.451819
0.48751	0.487771	-0.536247	0.486675	0.507643	0.478355	-0.440296	0.565345	0.678547	-0.219551	-0.452028	0.535764	0.0201468	-0.42614	-0.207441	0.880322	0.420787	0.371924	0.227118	0.795631	0.822714	0.221158	0.446034	0.274379	0.720046	0.0265877	-0.692885	0.0271506	0.459173	0.577347	-0.479632	0.475167	0.06433	0.735561	-0.140182	0.659667	0.419825	0.603497	-0.505162	0.45205
0.487051	0.488192	-0.537099	0.485772	0.508108	0.478105	-0.440583	0.564915	0.67893	-0.21938	-0.452301	0.535118	0.0207698	-0.426105	-0.208482	0.880078	0.420661	0.372974	0.226158	0.795479	0.822722	0.222993	0.44533	0.274013	0.719894	0.0268735	-0.693013	0.0276111	0.458544	0.577703	-0.479447	0.475528	0.0642009	0.73553	-0.139957	0.659762	0.419634	0.603507	-0.505153	0.452224
0.487051	0.488192	-0.537099	0.485772	0.508108	0.478105	-0.440583	0.564915	0.679186	-0.219279	-0.452751	0.534453	0.0207698	-0.426105	-0.208482	0.880078	0.420661	0.372974	0.226158	0.795479	0.822722	0.222993	0.44533	0.274013	0.719894	0.0268735	-0.693013	0.0276111	0.458544	0.577703	-0.479447	0.475528	0.0642261	0.73539	-0.139743	0.659961	0.419634	0.603507	-0.505153	0.452224
0.486968	0.488419	-0.537138	0.485583	0.508308	0.477904	-0.441005	0.564574	0.679362	-0.219309	-0.453194	0.533841	0.0209425	-0.426093	-0.209265	0.879894	0.420513	0.373333	0.225306	0.795631	0.822802	0.223603	0.444911	0.273958	0.719822	0.0271744	-0.693066	0.0278782	0.458237	0.577869	-0.479364	0.475707	0.0641361	0.735322	-0.13959	0.660078	0.419621	0.603459	-0.505215	0.452231
0.487419	0.488371	-0.536875	0.485471	0.508459	0.477679	-0.442016	0.563838	0.679734	-0.219723	-0.453931	0.532569	0.0208526	-0.426329	-0.209809	0.879653	0.42064	0.373547	0.223787	0.795892	0.823167	0.224525	0.443793	0.273921	0.71968	0.027433	-0.693202	0.0279031	0.457914	0.578008	-0.479304	0.475909	0.0640056	0.735449	-0.139978	0.659867	0.419587	0.603368	-0.505148	0.45246
0.4879	0.488147	-0.53668	0.485428	0.508816	0.477535	-0.442677	0.56312	0.67955	-0.220791	-0.454072	0.532242	0.0191429	-0.426085	-0.209308	0.879929	0.420811	0.373429	0.222879	0.796112	0.823297	0.225753	0.442572	0.274494	0.719698	0.0273982	-0.693193	0.0277121	0.457869	0.577926	-0.479371	0.475984	0.0645214	0.73521	-0.140487	0.659975	0.419805	0.6031	-0.505638	0.452066
0.488113	0.487884	-0.536979	0.485148	0.509352	0.477058	-0.443414	0.56246	0.679276	-0.222839	-0.453712	0.532045	0.0170976	-0.425883	-0.207614	0.88047	0.421019	0.373541	0.222098	0.796167	0.823188	0.226257	0.442151	0.275085	0.719738	0.0273235	-0.693165	0.0274306	0.457771	0.577954	-0.479247	0.47617	0.064534	0.735296	-0.140884	0.659793	0.419944	0.603014	-0.505793	0.45188
0.488371	0.48758	-0.537331	0.484804	0.509681	0.476855	-0.443767	0.562054	0.679327	-0.223471	-0.453317	0.532052	0.0153464	-0.425136	-0.206501	0.881125	0.421408	0.373349	0.221764	0.796145	0.823242	0.226335	0.441868	0.275315	0.719833	0.0271959	-0.69309	0.0269657	0.457966	0.577827	-0.479264	0.476119	0.0645652	0.735291	-0.141186	0.659731	0.419976	0.603032	-0.505856	0.451755
0.4884	0.487487	-0.537498	0.484683	0.51056	0.476142	-0.444729	0.561101	0.679498	-0.224469	-0.452742	0.531903	0.0154676	-0.425218	-0.206017	0.881196	0.421666	0.373144	0.221497	0.796179	0.823568	0.226436	0.441128	0.275441	0.719867	0.0271713	-0.693058	0.0268858	0.457941	0.577879	-0.479202	0.476141	0.0647139	0.735153	-0.141548	0.659793	0.420076	0.603022	-0.505938	0.451582
0.489085	0.486816	-0.537691	0.484452	0.510797	0.475926	-0.445321	0.560598	0.679757	-0.224449	-0.452701	0.531617	0.0176231	-0.425727	-0.206357	0.880831	0.422065	0.373035	0.221181	0.796106	0.823804	0.226668	0.440673	0.275275	0.719877	0.0270296	-0.69306	0.0267183	0.457972	0.577866	-0.479229	0.4761	0.0647935	0.735156	-0.141896	0.659707	0.419944	0.603213	-0.505706	0.451711
0.48991	0.486151	-0.537557	0.484436	0.511131	0.475459	-0.446457	0.559785	0.680855	-0.223824	-0.453046	0.530178	0.0193269	-0.426233	-0.207021	0.880394	0.423384	0.37257	0.219491	0.796092	0.824814	0.227068	0.439153	0.274347	0.720064	0.0261263	-0.692942	0.0256069	0.458242	0.577641	-0.479388	0.475954	0.0649727	0.735134	-0.142652	0.65955	0.420125	0.603111	-0.506118	0.451217
0.490179	0.48595	-0.537659	0.484253	0.511191	0.475423	-0.446736	0.559539	0.681096	-0.223969	-0.453207	0.52967	0.0196809	-0.426489	-0.206965	0.880276	0.423564	0.372526	0.219298	0.796069	0.825105	0.227118	0.438899	0.273838	0.720169	0.0257659	-0.692864	0.0251423	0.458289	0.577607	-0.479388	0.47595	0.0654177	0.734924	-0.14342	0.659574	0.420306	0.602961	-0.506348	0.450991
0.491585	0.484807	-0.537629	0.484005	0.511397	0.475348	-0.447396	0.558886	0.681249	-0.224417	-0.453302	0.529202	0.0189793	-0.426808	-0.205793	0.880412	0.424101	0.372468	0.218843	0.795936	0.825537	0.227243	0.438634	0.272854	0.72031	0.0253908	-0.692745	0.024767	0.457883	0.577814	-0.479518	0.475959	0.0656399	0.734993	-0.144414	0.659258	0.420524	0.602966	-0.506528	0.450578
0.491753	0.484632	-0.537691	0.483941	0.512232	0.474629	-0.447439	0.558698	0.680825	-0.225963	-0.452672	0.529628	0.0183785	-0.426819	-0.204572	0.880703	0.42487	0.372066	0.219195	0.795617	0.825991	0.22664	0.438698	0.271878	0.720394	0.0253131	-0.692658	0.0248332	0.457491	0.578081	-0.479571	0.475958	0.0657958	0.734784	-0.144538	0.659448	0.420943	0.602854	-0.506913	0.449903
0.492166	0.484242	-0.537716	0.483885	0.51271	0.474104	-0.447253	0.558855	0.680364	-0.227145	-0.451808	0.530452	0.0170654	-0.426858	-0.200429	0.881663	0.425462	0.371667	0.219617	0.795371	0.826176	0.226111	0.438964	0.271325	0.720587	0.0250937	-0.692456	0.0250932	0.456475	0.578806	-0.479798	0.475823	0.0656308	0.734816	-0.144452	0.659448	0.420733	0.603297	-0.506755	0.449684
0.492593	0.483943	-0.537431	0.484065	0.514426	0.47205	-0.446277	0.559797	0.678746	-0.231209	-0.449581	0.532656	0.0156079	-0.426998	-0.197511	0.88228	0.427054	0.37033	0.221285	0.794678	0.826869	0.224008	0.439619	0.269896	0.720666	0.0249511	-0.692374	0.0252057	0.456039	0.579135	-0.480073	0.475565	0.0651264	0.734892	-0.144282	0.65945	0.420437	0.603622	-0.506689	0.4496
0.493351	0.48337	-0.536506	0.484891	0.516883	0.468838	-0.444337	0.561771	0.675912	-0.237333	-0.446456	0.536184	0.0113807	-0.427349	-0.189847	0.883856	0.429264	0.367633	0.224266	0.793904	0.828079	0.219927	0.440731	0.267719	0.720741	0.0250158	-0.692291	0.0252928	0.455184	0.579918	-0.480593	0.474903	0.0648162	0.734855	-0.144138	0.659554	0.41965	0.60433	-0.506555	0.449534
0.494751	0.482137	-0.535071	0.486276	0.519856	0.464258	-0.441264	0.565243	0.672001	-0.245354	-0.442983	0.540354	0.00572818	-0.428304	-0.18028	0.88545	0.432336	0.3635	0.228419	0.792955	0.829872	0.214272	0.442002	0.26464	0.720635	0.0255388	-0.692379	0.0253914	0.454466	0.580656	-0.481338	0.473933	0.0641476	0.735163	-0.144524	0.659191	0.418229	0.605364	-0.506222	0.449842
0.49637	0.48055	-0.533434	0.487993	0.523379	0.45824	-0.437719	0.569643	0.667116	-0.255099	-0.439221	0.544946	-0.000622685	-0.429921	-0.168951	0.886918	0.436242	0.357718	0.233888	0.791851	0.832265	0.206497	0.443573	0.260647	0.720473	0.0263701	-0.692505	0.0256815	0.453504	0.581679	-0.48206	0.472866	0.064079	0.735141	-0.144995	0.659119	0.417056	0.606266	-0.506648	0.449237
0.498665	0.478135	-0.531535	0.490093	0.526971	0.451385	-0.433845	0.574745	0.661864	-0.265722	-0.435454	0.549279	-0.00733371	-0.431817	-0.15701	0.88816	0.440803	0.350823	0.24046	0.790439	0.834905	0.197184	0.445734	0.25568	0.72016	0.0271986	-0.692788	0.0259518	0.452528	0.582708	-0.483141	0.471429	0.0635651	0.735764	-0.146287	0.658188	0.415256	0.607736	-0.50641	0.449186
0.501292	0.475586	-0.528465	0.493202	0.530442	0.444269	-0.429427	0.580387	0.656474	-0.276984	-0.431448	0.55333	-0.0141202	-0.433835	-0.144411	0.889232	0.445754	0.342746	0.247545	0.789018	0.838008	0.186112	0.447959	0.249877	0.7198	0.0278381	-0.693111	0.0266503	0.450881	0.584263	-0.484262	0.46993	0.064223	0.735942	-0.148047	0.657531	0.414065	0.608853	-0.507181	0.447902
0.502957	0.474148	-0.525938	0.495588	0.532371	0.440129	-0.427663	0.583072	0.656474	-0.276984	-0.431448	0.55333	-0.0174945	-0.434916	-0.137861	0.889683	0.448372	0.338274	0.251248	0.788294	0.839644	0.180491	0.449002	0.246614	0.719537	0.02787	-0.693379	0.0267453	0.450881	0.584263	-0.484262	0.46993	0.0642804	0.736267	-0.149043	0.656936	0.413423	0.609438	-0.507478	0.447363
0.506094	0.470841	-0.521149	0.500581	0.536237	0.431884	-0.422736	0.589254	0.648442	-0.294952	-0.424745	0.558675	-0.0237827	-0.436947	-0.124348	0.890533	0.453757	0.328841	0.258714	0.786788	0.842957	0.168241	0.451283	0.239711	0.718704	0.0276075	-0.69427	0.0262968	0.448886	0.586262	-0.486638	0.466885	0.0646624	0.737033	-0.151324	0.655516	0.411651	0.610922	-0.507926	0.446463
0.509098	0.467775	-0.517188	0.504502	0.540728	0.422385	-0.41778	0.595537	0.642774	-0.307882	-0.419898	0.561904	-0.0300877	-0.439318	-0.109972	0.891067	0.459091	0.319184	0.267187	0.784837	0.84607	0.155203	0.453956	0.232384	0.717286	0.0277759	-0.695747	0.0258097	0.447955	0.587391	-0.488263	0.464658	0.0657899	0.737525	-0.153732	0.65429	0.409978	0.612404	-0.508471	0.445351
0.510896	0.466083	-0.514781	0.506706	0.543274	0.41731	-0.414803	0.598869	0.639744	-0.314215	-0.417494	0.563645	-0.0332822	-0.440523	-0.102766	0.891219	0.461868	0.314453	0.271606	0.783599	0.847523	0.148749	0.455432	0.228387	0.71562	0.0283289	-0.697469	0.0249516	0.44741	0.588221	-0.490086	0.462208	0.0660397	0.738115	-0.155196	0.653253	0.409101	0.613124	-0.508481	0.445154
0.513099	0.464	-0.510278	0.510929	0.549347	0.405892	-0.407392	0.606219	0.63328	-0.327627	-0.412284	0.567132	-0.0397408	-0.442876	-0.0881104	0.891358	0.46734	0.305111	0.281584	0.780519	0.850218	0.135507	0.458552	0.22022	0.71518	0.0293345	-0.697872	0.0251186	0.446944	0.588729	-0.490982	0.46106	0.0666145	0.73869	-0.15833	0.65179	0.407396	0.61444	-0.508767	0.444577
0.513467	0.463594	-0.509271	0.511933	0.552545	0.399915	-0.403276	0.610025	0.629825	-0.334447	-0.409365	0.56911	-0.0434057	-0.443751	-0.080339	0.891486	0.46996	0.300522	0.28678	0.778833	0.851476	0.128981	0.460077	0.21606	0.715039	0.0308178	-0.697933	0.0256674	0.446167	0.589473	-0.491581	0.460224	0.0665912	0.738723	-0.159233	0.651536	0.406628	0.61506	-0.50905	0.444098
0.514995	0.462186	-0.506742	0.514175	0.55889	0.387432	-0.394662	0.617884	0.622251	-0.348274	-0.403614	0.573241	-0.051514	-0.445367	-0.0647788	0.891515	0.472494	0.296203	0.292051	0.776994	0.853637	0.116292	0.463222	0.20786	0.714348	0.0342424	-0.69848	0.0256872	0.445404	0.590473	-0.492548	0.458643	0.0660082	0.73948	-0.161022	0.650295	0.404361	0.616823	-0.508914	0.443879
0.515465	0.461793	-0.50515	0.515621	0.561968	0.381193	-0.390118	0.621845	0.618154	-0.355226	-0.400859	0.575336	-0.0558733	-0.446242	-0.0570438	0.891343	0.477038	0.287897	0.302371	0.773384	0.854669	0.109962	0.464616	0.203914	0.71334	0.0362273	-0.699421	0.0253637	0.444307	0.591977	-0.493069	0.457206	0.064986	0.739973	-0.160958	0.649853	0.403108	0.617845	-0.509024	0.443471
0.516502	0.459966	-0.50169	0.519581	0.567291	0.37028	-0.381511	0.628906	0.609853	-0.368563	-0.395489	0.579507	-0.0649944	-0.447702	-0.0417122	0.890841	0.480906	0.280072	0.311709	0.770147	0.856802	0.0978527	0.466552	0.196582	0.711786	0.041859	-0.700574	0.0283667	0.44289	0.593379	-0.493121	0.456707	0.0630129	0.740799	-0.159275	0.649521	0.40058	0.620271	-0.509663	0.441638
0.517603	0.457691	-0.49666	0.525295	0.571903	0.360097	-0.373217	0.635583	0.601841	-0.380781	-0.390156	0.583585	-0.0736688	-0.448626	-0.0277237	0.890246	0.484782	0.273008	0.319533	0.767041	0.858861	0.0878871	0.467439	0.190089	0.711223	0.0462377	-0.700739	0.0314393	0.43978	0.59636	-0.493556	0.455358	0.0625105	0.741677	-0.158509	0.648755	0.398038	0.622938	-0.510782	0.43888
0.517302	0.457229	-0.49134	0.530966	0.576408	0.349809	-0.364984	0.642008	0.593573	-0.393804	-0.384203	0.587347	-0.081741	-0.449695	-0.0125792	0.889345	0.488675	0.265082	0.32702	0.76419	0.861238	0.077769	0.467104	0.184488	0.711231	0.0477834	-0.700544	0.0332619	0.436746	0.599303	-0.494665	0.453206	0.0603314	0.741399	-0.155196	0.650079	0.395749	0.625365	-0.512291	0.435728
0.517125	0.456518	-0.485896	0.536729	0.580282	0.34013	-0.358117	0.647562	0.586042	-0.406318	-0.378288	0.590219	-0.0894677	-0.450523	0.0022609	0.888267	0.492674	0.257049	0.333628	0.761506	0.863847	0.0674274	0.466254	0.178405	0.711464	0.0504998	-0.699897	0.0375741	0.434	0.601845	-0.496215	0.450774	0.0575878	0.740861	-0.151341	0.651847	0.392503	0.628222	-0.512835	0.433912
0.51751	0.455647	-0.483923	0.538877	0.582283	0.335006	-0.355223	0.650027	0.582356	-0.412232	-0.375727	0.591401	-0.0894677	-0.450523	0.0022609	0.888267	0.492674	0.257049	0.333628	0.761506	0.863847	0.0674274	0.466254	0.178405	0.711699	0.0519554	-0.69943	0.0397721	0.431421	0.604341	-0.4977	0.448267	0.0565158	0.74019	-0.149288	0.653175	0.392503	0.628222	-0.512835	0.433912
0.520539	0.450545	-0.478158	0.545356	0.585874	0.325041	-0.34962	0.654879	0.575419	-0.423683	-0.370861	0.593167	-0.099044	-0.452381	0.0223785	0.886026	0.500021	0.244813	0.342484	0.756803	0.866879	0.0524317	0.46612	0.16883	0.712359	0.0530827	-0.698481	0.0430253	0.429229	0.606299	-0.499568	0.445639	0.0549949	0.739731	-0.148196	0.654073	0.389413	0.631061	-0.514355	0.430765
0.521616	0.448727	-0.476859	0.546961	0.58952	0.31467	-0.34394	0.659662	0.572335	-0.428967	-0.368752	0.593669	-0.104314	-0.453983	0.0342745	0.884219	0.505323	0.236595	0.349067	0.752877	0.86759	0.0472883	0.466635	0.165236	0.712513	0.0535893	-0.698237	0.0438063	0.428735	0.606811	-0.500656	0.444197	0.0548798	0.739652	-0.149596	0.653853	0.387318	0.632398	-0.514294	0.430767
0.522473	0.447108	-0.475388	0.548746	0.591202	0.3098	-0.341082	0.661942	0.566001	-0.439241	-0.364797	0.594671	-0.106709	-0.454993	0.0401257	0.883167	0.507784	0.232191	0.352643	0.750924	0.868693	0.0360951	0.468258	0.157495	0.712487	0.0539369	-0.698217	0.0441097	0.427899	0.607598	-0.501327	0.443168	0.052797	0.739045	-0.149956	0.654629	0.385938	0.633391	-0.5143	0.430538
0.526037	0.441851	-0.470271	0.553983	0.595855	0.295494	-0.331894	0.668944	0.556694	-0.453762	-0.358445	0.596414	-0.114602	-0.456605	0.0573453	0.880392	0.514491	0.219903	0.363896	0.744662	0.869182	0.018434	0.472078	0.146031	0.712424	0.0557413	-0.698032	0.0457782	0.425323	0.610037	-0.503481	0.439843	0.0508092	0.738033	-0.148801	0.656189	0.381642	0.6365	-0.5152	0.428703
0.529214	0.43748	-0.46729	0.556942	0.598761	0.286291	-0.325512	0.673472	0.549995	-0.463339	-0.35347	0.598232	-0.119905	-0.457241	0.0689326	0.878523	0.518135	0.211181	0.371774	0.740758	0.869169	0.00633219	0.474453	0.139282	0.712527	0.0553913	-0.697936	0.046071	0.423065	0.61207	-0.505159	0.437265	0.0469713	0.737465	-0.147108	0.657494	0.378048	0.639102	-0.515748	0.427355
0.53029	0.435854	-0.465181	0.558955	0.600141	0.281743	-0.321987	0.675852	0.546501	-0.468117	-0.350896	0.599228	-0.122862	-0.457371	0.0747691	0.877568	0.518135	0.211181	0.371774	0.740758	0.869035	0.000239696	0.475648	0.136148	0.712545	0.0557422	-0.697838	0.0468492	0.421626	0.613342	-0.505859	0.436061	0.045427	0.737446	-0.14592	0.657888	0.377188	0.639849	-0.516587	0.425982
0.53029	0.435854	-0.465181	0.558955	0.600141	0.281743	-0.321987	0.675852	0.546501	-0.468117	-0.350896	0.599228	-0.122862	-0.457371	0.0747691	0.877568	0.518135	0.211181	0.371774	0.740758	0.869035	0.000239696	0.475648	0.136148	0.712545	0.0557422	-0.697838	0.0468492	0.421626	0.613342	-0.505859	0.436061	0.045427	0.737446	-0.14592	0.657888	0.377188	0.639849	-0.516587	0.425982
0.532919	0.430956	-0.459935	0.564565	0.603994	0.268413	-0.312164	0.682422	0.536494	-0.481746	-0.344071	0.601424	-0.132151	-0.456959	0.0912757	0.874867	0.52275	0.194699	0.388877	0.733211	0.867814	-0.017332	0.479902	0.127641	0.7126	0.0567703	-0.69773	0.0463914	0.418838	0.616135	-0.50811	0.432177	0.0431117	0.737308	-0.146289	0.658117	0.373198	0.642681	-0.516255	0.425634
0.533489	0.429921	-0.458415	0.56605	0.604944	0.2642	-0.311012	0.683749	0.533291	-0.48598	-0.341931	0.602086	-0.135058	-0.456629	0.0962392	0.874064	0.52275	0.194699	0.388877	0.733211	0.867173	-0.0228448	0.481582	0.124775	0.712582	0.0574817	-0.697687	0.0464343	0.417575	0.6173	-0.508301	0.431511	0.0391234	0.737541	-0.144909	0.65841	0.371723	0.643777	-0.516048	0.425521
0.5351	0.427444	-0.455299	0.568914	0.605707	0.260639	-0.308459	0.685594	0.530239	-0.489816	-0.340063	0.602731	-0.141177	-0.455822	0.104836	0.872528	0.52275	0.194699	0.388877	0.733211	0.866341	-0.0277706	0.483582	0.12178	0.712626	0.0597639	-0.69739	0.0473152	0.415812	0.619099	-0.50899	0.429821	0.0379244	0.737373	-0.144195	0.658825	0.36892	0.646168	-0.516439	0.423858
0.535748	0.426386	-0.45328	0.570706	0.607391	0.255016	-0.30072	0.689645	0.524145	-0.496401	-0.336776	0.604516	-0.143847	-0.455798	0.10867	0.871634	0.523813	0.185169	0.405945	0.725632	0.864429	-0.0361925	0.487611	0.116996	0.71268	0.0608746	-0.69719	0.0480365	0.415093	0.619908	-0.509288	0.428998	0.0355572	0.737121	-0.141295	0.659867	0.367711	0.647277	-0.516674	0.42293
0.537475	0.42352	-0.450241	0.573616	0.60833	0.249322	-0.294008	0.693781	0.521102	-0.499194	-0.335489	0.605562	-0.149224	-0.455726	0.114932	0.869964	0.522927	0.181045	0.412881	0.723394	0.863754	-0.0400342	0.488859	0.115512	0.712737	0.0613634	-0.697098	0.0479025	0.414703	0.620654	-0.510751	0.426549	0.0345512	0.736999	-0.140686	0.660187	0.364781	0.649649	-0.516143	0.422479
0.538658	0.421373	-0.447342	0.576349	0.609257	0.244644	-0.28839	0.696984	0.513264	-0.506217	-0.331243	0.608755	-0.154199	-0.454651	0.121008	0.868834	0.521413	0.174271	0.418959	0.722656	0.862461	-0.0532988	0.490328	0.11357	0.71271	0.0631481	-0.696868	0.0493062	0.412995	0.622194	-0.511321	0.425277	0.0321436	0.73653	-0.138112	0.661374	0.362973	0.651429	-0.516809	0.420475
0.539392	0.420255	-0.444991	0.578295	0.610064	0.240937	-0.284185	0.699292	0.510018	-0.510343	-0.327581	0.610018	-0.157712	-0.452648	0.126784	0.868425	0.519681	0.168427	0.424999	0.721762	0.860892	-0.0619477	0.492345	0.112356	0.712633	0.0644665	-0.696811	0.0495345	0.411929	0.623194	-0.511856	0.424201	0.0307057	0.736337	-0.136054	0.662084	0.361279	0.653108	-0.517402	0.418596
0.540076	0.419261	-0.444595	0.578683	0.610605	0.239033	-0.282239	0.700262	0.50864	-0.512243	-0.325783	0.610539	-0.15881	-0.452008	0.129496	0.868158	0.51897	0.166348	0.427669	0.721178	0.859827	-0.0657778	0.493895	0.111526	0.71276	0.0648473	-0.696652	0.0494357	0.411687	0.623504	-0.512204	0.423561	0.0301978	0.736405	-0.135699	0.662104	0.360689	0.653622	-0.517534	0.418139
0.541122	0.417457	-0.445008	0.578692	0.61187	0.235733	-0.279145	0.701515	0.506375	-0.515817	-0.323263	0.610752	-0.16016	-0.45182	0.134009	0.867323	0.518218	0.163333	0.432576	0.71948	0.857681	-0.0715994	0.49726	0.109494	0.713028	0.0640196	-0.696529	0.0483734	0.411297	0.623962	-0.512991	0.42231	0.0297762	0.73636	-0.13637	0.662036	0.359936	0.654326	-0.517693	0.41749
0.541122	0.417457	-0.445008	0.578692	0.61187	0.235733	-0.279145	0.701515	0.506375	-0.515817	-0.323263	0.610752	-0.16016	-0.45182	0.134009	0.867323	0.518218	0.163333	0.432576	0.71948	0.857681	-0.0715994	0.49726	0.109494	0.713028	0.0640196	-0.696529	0.0483734	0.411297	0.623962	-0.512991	0.42231	0.0297762	0.73636	-0.13637	0.662036	0.359936	0.654326	-0.517693	0.41749
0.540911	0.41761	-0.443878	0.579646	0.61304	0.233308	-0.276797	0.702234	0.504953	-0.518079	-0.321953	0.610707	-0.161137	-0.451849	0.136799	0.866691	0.517845	0.162002	0.435737	0.71814	0.856038	-0.0751875	0.4999	0.107911	0.713436	0.0633097	-0.696271	0.0469852	0.411596	0.624067	-0.513411	0.421353	0.0299565	0.736451	-0.136786	0.66184	0.359883	0.654822	-0.518417	0.415856
0.5415	0.416819	-0.444034	0.579546	0.61304	0.233308	-0.276797	0.702234	0.504953	-0.518079	-0.321953	0.610707	-0.161553	-0.452101	0.137621	0.866352	0.517695	0.162022	0.436764	0.71762	0.855567	-0.0759339	0.5007	0.107416	0.713626	0.0629525	-0.696157	0.0462774	0.41211	0.623837	-0.513731	0.4208	0.0299097	0.7366	-0.137087	0.661614	0.359766	0.655062	-0.518488	0.415491
0.543216	0.414721	-0.444659	0.578966	0.61435	0.230214	-0.274292	0.703092	0.503226	-0.519534	-0.321996	0.610874	-0.162444	-0.452698	0.138172	0.865786	0.51739	0.162498	0.437995	0.716982	0.855334	-0.0758139	0.501145	0.107286	0.714119	0.0616585	-0.695913	0.0440094	0.413075	0.623579	-0.514011	0.419894	0.0301574	0.736702	-0.138899	0.661111	0.360148	0.654967	-0.518542	0.415242
0.544259	0.414014	-0.444244	0.578811	0.614986	0.229754	-0.273565	0.702971	0.502693	-0.519394	-0.322179	0.611335	-0.16379	-0.451689	0.13771	0.866132	0.517062	0.162371	0.438628	0.716859	0.855695	-0.0758719	0.500398	0.107853	0.714421	0.0612078	-0.695667	0.0436381	0.413494	0.623488	-0.514131	0.419471	0.0296475	0.737093	-0.139654	0.660539	0.360617	0.654902	-0.518569	0.414904
0.544546	0.413973	-0.444101	0.57868	0.615353	0.230233	-0.272955	0.702729	0.503282	-0.51784	-0.32208	0.61222	-0.163701	-0.45117	0.137113	0.866515	0.516808	0.163087	0.438302	0.71708	0.855991	-0.0754714	0.499904	0.108071	0.714545	0.0607741	-0.6956	0.0432675	0.413715	0.623422	-0.514143	0.419336	0.029674	0.737428	-0.139908	0.66011	0.360952	0.654764	-0.518645	0.414736
0.54588	0.413056	-0.446206	0.576455	0.615825	0.231378	-0.272777	0.702009	0.504526	-0.515883	-0.321783	0.613004	-0.16288	-0.450191	0.135363	0.867453	0.516757	0.163417	0.438147	0.717137	0.855944	-0.0747481	0.500017	0.108422	0.714699	0.0598379	-0.695576	0.0424061	0.41459	0.622882	-0.514272	0.419115	0.029949	0.737701	-0.141265	0.659504	0.361376	0.654354	-0.518159	0.415618
0.547059	0.412697	-0.448681	0.573667	0.615815	0.234301	-0.274132	0.700519	0.507393	-0.512538	-0.322914	0.612849	-0.161161	-0.449223	0.131738	0.868833	0.515369	0.166632	0.436506	0.718395	0.855684	-0.0729907	0.500679	0.108621	0.714915	0.0586066	-0.695485	0.0419783	0.415277	0.622342	-0.514063	0.419493	0.0304364	0.737992	-0.141284	0.659151	0.362238	0.653719	-0.518199	0.415818
0.547341	0.413389	-0.451852	0.570402	0.615376	0.23808	-0.277172	0.698431	0.511725	-0.507279	-0.326411	0.611769	-0.157965	-0.449507	0.124885	0.870284	0.513464	0.170981	0.433194	0.720738	0.855478	-0.0690663	0.50131	0.109888	0.715002	0.0573911	-0.695488	0.0421213	0.416191	0.621484	-0.51355	0.420486	0.032583	0.737863	-0.141276	0.659194	0.363631	0.652796	-0.518749	0.415366
0.546173	0.41569	-0.456277	0.566311	0.614065	0.243766	-0.2817	0.695807	0.51774	-0.500637	-0.33189	0.609227	-0.152648	-0.451083	0.11542	0.871723	0.510624	0.177007	0.42914	0.72372	0.855693	-0.0625109	0.501076	0.113159	0.714949	0.0562577	-0.695618	0.0424022	0.417369	0.62034	-0.512364	0.422452	0.0351553	0.737725	-0.139981	0.659493	0.365421	0.651666	-0.518952	0.415316
0.545297	0.417157	-0.458668	0.564141	0.612996	0.247628	-0.284979	0.694049	0.521463	-0.496191	-0.335212	0.607868	-0.149503	-0.451789	0.109467	0.87267	0.508925	0.180497	0.425607	0.726137	0.856033	-0.0581527	0.500487	0.11549	0.71493	0.0556573	-0.695671	0.0426618	0.418225	0.619521	-0.51172	0.423585	0.0366124	0.737322	-0.139054	0.660061	0.366821	0.650799	-0.519238	0.415084
0.542222	0.42175	-0.462764	0.560332	0.61022	0.256558	-0.292353	0.690173	0.529786	-0.485009	-0.342907	0.605399	-0.142279	-0.453819	0.0948635	0.874532	0.505501	0.188925	0.417358	0.731155	0.85676	-0.0471745	0.498848	0.122012	0.714807	0.0551933	-0.695698	0.0448096	0.419402	0.618233	-0.509631	0.426809	0.0401727	0.736968	-0.137914	0.660487	0.370029	0.648723	-0.519232	0.415494
0.540714	0.423916	-0.465602	0.557797	0.608522	0.261877	-0.29673	0.687803	0.534019	-0.478746	-0.347431	0.604085	-0.142279	-0.453819	0.0948635	0.874532	0.503396	0.19362	0.412816	0.733952	0.857213	-0.0406406	0.497641	0.126045	0.714825	0.0547426	-0.695611	0.0464093	0.419928	0.617556	-0.508487	0.428633	0.0417945	0.737032	-0.137112	0.660482	0.371696	0.647577	-0.518929	0.416173
0.534488	0.433413	-0.47023	0.552594	0.602297	0.279198	-0.310686	0.680265	0.548383	-0.456323	-0.363153	0.599305	-0.12415	-0.459653	0.0572998	0.87751	0.496322	0.209711	0.396034	0.743534	0.858404	-0.0185356	0.492955	0.140693	0.714959	0.0507229	-0.69558	0.0492973	0.42289	0.614075	-0.505428	0.434303	0.0471929	0.736767	-0.134899	0.66087	0.377725	0.642961	-0.517859	0.419222
0.530571	0.439293	-0.475852	0.546882	0.599912	0.285684	-0.315543	0.677438	0.553729	-0.448384	-0.368674	0.597006	-0.118834	-0.460945	0.0468787	0.878186	0.493813	0.215008	0.390257	0.746739	0.858584	-0.0109684	0.491107	0.14672	0.714865	0.0486841	-0.695638	0.0518206	0.425477	0.610967	-0.503243	0.438674	0.0486282	0.736765	-0.134133	0.660924	0.379583	0.641364	-0.517019	0.421023
0.525967	0.446384	-0.479777	0.542138	0.59275	0.30579	-0.331762	0.667139	0.571867	-0.421086	-0.385625	0.589023	-0.100417	-0.463517	0.0120617	0.880297	0.485202	0.23084	0.371814	0.756998	0.858432	0.0129521	0.485031	0.166345	0.714695	0.0454756	-0.695769	0.0552108	0.427082	0.608217	-0.500988	0.443491	0.0550958	0.735586	-0.130814	0.662394	0.385456	0.636234	-0.515448	0.425375
0.524318	0.448639	-0.483161	0.53886	0.590485	0.312768	-0.337492	0.663025	0.577926	-0.410878	-0.391747	0.586272	-0.0939726	-0.464198	-0.000770093	0.880732	0.482448	0.236031	0.365608	0.760174	0.857879	0.0214536	0.483198	0.173501	0.71466	0.0433974	-0.695831	0.0565489	0.42811	0.606615	-0.499939	0.445872	0.056763	0.735206	-0.129061	0.663018	0.387192	0.634584	-0.514828	0.427011
0.521711	0.451453	-0.491759	0.531207	0.586437	0.326293	-0.348574	0.654309	0.589387	-0.389143	-0.402765	0.582212	-0.0822864	-0.46378	-0.0265265	0.881722	0.476889	0.247747	0.355847	0.764572	0.855736	0.0390786	0.4806	0.18765	0.714719	0.0381245	-0.696012	0.0573678	0.431431	0.602317	-0.498518	0.450068	0.0599622	0.734291	-0.126194	0.664301	0.39064	0.631018	-0.513364	0.430899
0.521076	0.452165	-0.495771	0.527483	0.584482	0.333026	-0.353951	0.649764	0.594774	-0.378833	-0.407331	0.580354	-0.0768588	-0.46248	-0.0387546	0.882442	0.474093	0.25407	0.351112	0.766423	0.854322	0.0480215	0.479779	0.194011	0.714635	0.0356076	-0.696212	0.0575982	0.432946	0.600213	-0.497636	0.452395	0.0622005	0.733882	-0.125835	0.664616	0.39246	0.629054	-0.512577	0.433049
0.519447	0.454927	-0.502304	0.520487	0.580498	0.347137	-0.365033	0.639742	0.606129	-0.359658	-0.413886	0.576152	-0.066079	-0.457872	-0.0604909	0.884493	0.468918	0.266625	0.339922	0.770377	0.851182	0.0655385	0.478678	0.205091	0.71407	0.0316264	-0.696962	0.0578516	0.436031	0.595946	-0.495401	0.457498	0.0661105	0.733007	-0.125506	0.665266	0.395667	0.62515	-0.510589	0.438103
0.518281	0.457815	-0.507475	0.514061	0.576373	0.361922	-0.376822	0.62834	0.618406	-0.341136	-0.4185	0.571015	-0.0550954	-0.451567	-0.0807412	0.886867	0.464298	0.279672	0.327448	0.773944	0.848405	0.0837616	0.476847	0.214031	0.713271	0.028357	-0.697952	0.0574862	0.439135	0.59168	-0.493064	0.462562	0.0679507	0.732639	-0.123082	0.665938	0.39838	0.621451	-0.508278	0.44356
0.518281	0.457815	-0.507475	0.514061	0.576373	0.361922	-0.376822	0.62834	0.618406	-0.341136	-0.4185	0.571015	-0.0550954	-0.451567	-0.0807412	0.886867	0.464298	0.279672	0.327448	0.773944	0.848405	0.0837616	0.476847	0.214031	0.713271	0.028357	-0.697952	0.0574862	0.439135	0.59168	-0.493064	0.462562	0.0679507	0.732639	-0.123082	0.665938	0.39838	0.621451	-0.508278	0.44356
0.518288	0.459496	-0.511769	0.508265	0.574251	0.369091	-0.382846	0.622444	0.624244	-0.332631	-0.420972	0.567854	-0.0493356	-0.448542	-0.0911273	0.887734	0.462128	0.286362	0.320592	0.775664	0.847088	0.09308	0.475586	0.218167	0.71242	0.0250717	-0.698984	0.0570145	0.44178	0.587616	-0.490984	0.46741	0.0684453	0.732318	-0.121271	0.666573	0.399582	0.619691	-0.507117	0.446262
0.517992	0.460736	-0.512879	0.506322	0.569438	0.383446	-0.39502	0.610466	0.635772	-0.316368	-0.426059	0.560517	-0.0375924	-0.443018	-0.111431	0.888766	0.457889	0.300332	0.305963	0.778797	0.844384	0.113165	0.472546	0.225632	0.712278	0.0232744	-0.699234	0.0564833	0.442939	0.585663	-0.489998	0.469793	0.0697516	0.731235	-0.118004	0.668211	0.402302	0.615976	-0.505134	0.451183
0.514827	0.464974	-0.512519	0.50604	0.56486	0.397025	-0.406736	0.598223	0.641312	-0.308392	-0.428531	0.556754	-0.0257668	-0.439262	-0.129533	0.888598	0.453627	0.315081	0.290421	0.78141	0.841361	0.134176	0.468678	0.233343	0.712694	0.017492	-0.699256	0.0529286	0.446347	0.581011	-0.489043	0.473327	0.0703893	0.73084	-0.116469	0.668845	0.405536	0.611904	-0.502855	0.456344
0.512564	0.467476	-0.513213	0.505328	0.562941	0.403031	-0.411698	0.592595	0.651638	-0.293973	-0.433536	0.548629	-0.0197285	-0.438154	-0.137866	0.888046	0.451469	0.322448	0.28331	0.782265	0.839769	0.145286	0.466032	0.237685	0.71279	0.0140566	-0.69943	0.0503074	0.447636	0.579188	-0.487895	0.475523	0.0703699	0.730526	-0.113382	0.669719	0.407082	0.609806	-0.501385	0.459385
0.508887	0.470818	-0.516998	0.502073	0.561236	0.408417	-0.416146	0.587395	0.656348	-0.287321	-0.436121	0.544474	-0.01381	-0.437348	-0.145582	0.887323	0.449103	0.329531	0.276537	0.783098	0.838241	0.156297	0.462915	0.242142	0.712856	0.0113718	-0.6996	0.0476038	0.449212	0.576717	-0.484015	0.480973	0.0694969	0.730355	-0.111423	0.670326	0.408663	0.607677	-0.499662	0.462668
0.492776	0.483972	-0.533284	0.488417	0.55585	0.422222	-0.42964	0.57286	0.668445	-0.269198	-0.443194	0.533191	0.00152155	-0.43512	-0.166522	0.884838	0.443322	0.347609	0.25638	0.785432	0.833886	0.186098	0.452049	0.256229	0.713197	0.00925266	-0.699517	0.0440468	0.452159	0.573649	-0.479971	0.485908	0.0682431	0.730137	-0.109183	0.67106	0.414345	0.600968	-0.494171	0.472176
0.484739	0.490157	-0.541004	0.481755	0.551333	0.430228	-0.437874	0.564979	0.674196	-0.25926	-0.447583	0.527176	0.00936907	-0.434228	-0.178225	0.882946	0.441457	0.356562	0.243709	0.786501	0.830987	0.20259	0.445156	0.265056	0.713738	0.00679735	-0.699223	0.0402273	0.456965	0.569126	-0.476702	0.489932	0.0705071	0.72963	-0.111893	0.670932	0.417653	0.597108	-0.490667	0.47778
0.479404	0.494026	-0.54803	0.475156	0.546099	0.437153	-0.44649	0.557961	0.679417	-0.249599	-0.452159	0.521197	0.0169307	-0.433724	-0.189526	0.880725	0.439784	0.36354	0.231864	0.787825	0.828559	0.215028	0.439687	0.271897	0.71347	0.00563511	-0.69954	0.0396442	0.460569	0.565779	-0.47391	0.493133	0.0732672	0.728748	-0.11293	0.67142	0.420218	0.59445	-0.488226	0.481333
0.478482	0.495313	-0.551895	0.470247	0.541449	0.441977	-0.454087	0.552534	0.682402	-0.244925	-0.454175	0.517749	0.0255136	-0.432819	-0.200747	0.878474	0.437484	0.369328	0.222113	0.789221	0.826787	0.224792	0.435009	0.276873	0.713334	0.00251634	-0.699697	0.0396605	0.463546	0.562814	-0.473387	0.494238	0.0744866	0.727948	-0.112515	0.672223	0.422139	0.592419	-0.48668	0.483716
0.47821	0.496075	-0.553611	0.467695	0.538366	0.445652	-0.459994	0.547687	0.691039	-0.232079	-0.459435	0.507469	0.0338196	-0.431782	-0.211317	0.876222	0.434854	0.373062	0.214137	0.791121	0.825725	0.231955	0.430493	0.281158	0.713043	-0.000848472	-0.700054	0.0386483	0.466335	0.559982	-0.473843	0.494393	0.0740727	0.727441	-0.109804	0.673265	0.423087	0.591055	-0.485283	0.485955
0.47821	0.496075	-0.553611	0.467695	0.537544	0.446996	-0.462082	0.545638	0.693111	-0.228937	-0.460357	0.505229	0.0368323	-0.431076	-0.215115	0.875524	0.43351	0.374484	0.211232	0.791967	0.825335	0.23473	0.428453	0.283112	0.713043	-0.000848472	-0.700054	0.0386483	0.466335	0.559982	-0.473843	0.494393	0.0742974	0.727537	-0.109577	0.673173	0.4241	0.590032	-0.485151	0.486446
0.478748	0.496717	-0.555499	0.464213	0.536594	0.44993	-0.465075	0.541604	0.696595	-0.224858	-0.460252	0.502356	0.0409186	-0.42878	-0.21923	0.875449	0.430474	0.378256	0.206733	0.793017	0.823997	0.240725	0.424759	0.287507	0.712917	-0.00399929	-0.700212	0.0378929	0.469697	0.556547	-0.473596	0.495325	0.076814	0.726524	-0.111478	0.673673	0.425202	0.588496	-0.484734	0.487758
0.47943	0.496836	-0.554928	0.464064	0.536691	0.451406	-0.465253	0.540125	0.697027	-0.224696	-0.459679	0.502354	0.0413191	-0.427705	-0.218739	0.876079	0.42984	0.379775	0.205269	0.793015	0.823441	0.242885	0.424015	0.288378	0.712699	-0.00492157	-0.700523	0.0360998	0.471587	0.554692	-0.473562	0.495643	0.0769544	0.726271	-0.111108	0.673991	0.425477	0.588048	-0.484854	0.48794
0.479921	0.496822	-0.554482	0.464105	0.536796	0.452015	-0.465024	0.539708	0.697274	-0.224686	-0.45855	0.503048	0.0412872	-0.427387	-0.218233	0.876362	0.429817	0.380302	0.204953	0.792857	0.823343	0.243384	0.423934	0.28836	0.71264	-0.00528433	-0.700623	0.0352616	0.472164	0.554076	-0.473385	0.495951	0.0764949	0.726455	-0.110615	0.673926	0.425246	0.588067	-0.48454	0.488431
0.481476	0.496666	-0.553012	0.464415	0.537363	0.452986	-0.463416	0.539713	0.696788	-0.224559	-0.457233	0.504972	0.0404086	-0.426131	-0.217403	0.87722	0.429869	0.380781	0.20556	0.792442	0.823399	0.243258	0.424642	0.28726	0.712539	-0.00587309	-0.700768	0.0343177	0.472396	0.553455	-0.473159	0.49664	0.0775317	0.725707	-0.111468	0.674473	0.424995	0.58769	-0.485088	0.488558
0.482967	0.496161	-0.551797	0.464852	0.53775	0.452944	-0.462199	0.540406	0.696483	-0.224305	-0.457011	0.505707	0.0392962	-0.425434	-0.217624	0.877554	0.429358	0.380995	0.206245	0.792438	0.823335	0.242939	0.425176	0.286923	0.712291	-0.0067753	-0.701072	0.0330741	0.472604	0.552974	-0.473696	0.496465	0.0775654	0.725739	-0.111611	0.67441	0.424213	0.587916	-0.484944	0.489109
0.483607	0.495966	-0.551378	0.464892	0.537738	0.452916	-0.461716	0.540854	0.695838	-0.223886	-0.456812	0.506959	0.0386795	-0.425192	-0.217763	0.877664	0.428818	0.381096	0.206691	0.792565	0.823157	0.242437	0.42595	0.286711	0.712173	-0.00709026	-0.701208	0.03266	0.472446	0.553005	-0.473704	0.496574	0.0779658	0.725387	-0.112076	0.674666	0.424122	0.587885	-0.485268	0.488902
0.483957	0.496205	-0.550044	0.465852	0.53818	0.452597	-0.460088	0.542067	0.6952	-0.223647	-0.456844	0.50791	0.0377132	-0.425043	-0.217866	0.877753	0.427717	0.38096	0.207677	0.792968	0.823113	0.241982	0.42598	0.287178	0.712193	-0.00662702	-0.701191	0.0326944	0.472019	0.553201	-0.473941	0.496534	0.0775329	0.725101	-0.111293	0.675153	0.424101	0.587713	-0.485701	0.488698
0.483878	0.496753	-0.548455	0.467222	0.538494	0.452377	-0.458419	0.543352	0.694533	-0.224013	-0.456677	0.50881	0.0370639	-0.425044	-0.217528	0.877864	0.426638	0.381063	0.208521	0.793278	0.822935	0.241925	0.425779	0.288034	0.712188	-0.00543618	-0.701173	0.0333989	0.471238	0.553889	-0.47363	0.496806	0.0770976	0.725388	-0.111219	0.674906	0.423671	0.587888	-0.485441	0.489118
0.483551	0.497426	-0.546892	0.468673	0.538524	0.452276	-0.457345	0.54431	0.693705	-0.224559	-0.456456	0.509896	0.0360529	-0.425128	-0.216761	0.878055	0.425705	0.381279	0.209021	0.793544	0.822652	0.2422	0.425493	0.289031	0.712005	-0.00402092	-0.70132	0.0343785	0.470433	0.554662	-0.473116	0.497196	0.076528	0.725318	-0.110308	0.675196	0.423266	0.588196	-0.48526	0.489279
0.483274	0.497774	-0.545949	0.469688	0.538311	0.452274	-0.456278	0.545417	0.693225	-0.224835	-0.456486	0.510401	0.0347587	-0.425365	-0.216222	0.878126	0.424899	0.381351	0.209222	0.793888	0.822575	0.242298	0.4252	0.289596	0.712185	-0.00336592	-0.701131	0.0345895	0.47032	0.554959	-0.472831	0.497242	0.0761014	0.725503	-0.10967	0.675149	0.422907	0.588579	-0.484948	0.489439
0.482874	0.498031	-0.545369	0.470501	0.538184	0.452209	-0.455865	0.545941	0.692248	-0.22502	-0.456911	0.511264	0.0342927	-0.425557	-0.216289	0.878034	0.424426	0.38124	0.209402	0.794147	0.822662	0.242374	0.424462	0.290368	0.712222	-0.0026927	-0.701089	0.0347322	0.470454	0.555055	-0.472776	0.497061	0.0759726	0.725386	-0.109522	0.675313	0.422721	0.588876	-0.484825	0.489363
0.482785	0.498065	-0.545126	0.470837	0.537994	0.451949	-0.454715	0.547301	0.691455	-0.224939	-0.457451	0.51189	0.0335167	-0.425875	-0.216698	0.877809	0.423776	0.380868	0.20935	0.794686	0.822808	0.242164	0.424	0.290806	0.712315	-0.00214953	-0.700969	0.0352765	0.470398	0.555229	-0.472733	0.496961	0.0760047	0.725643	-0.109403	0.675053	0.422984	0.588789	-0.485005	0.489063
0.48214	0.498605	-0.544689	0.471432	0.537986	0.451512	-0.453043	0.549054	0.690743	-0.224729	-0.457907	0.512535	0.0326643	-0.426024	-0.217149	0.877658	0.423254	0.380369	0.210204	0.794978	0.823015	0.241519	0.423667	0.291241	0.712369	-0.00223432	-0.70093	0.0349712	0.470664	0.555218	-0.472859	0.496601	0.0759294	0.725752	-0.109805	0.674879	0.4229	0.589054	-0.484763	0.489056
0.481966	0.49874	-0.544405	0.471795	0.538102	0.45057	-0.451638	0.550869	0.689978	-0.224977	-0.457944	0.513424	0.0316365	-0.425885	-0.217064	0.877784	0.423033	0.379603	0.210891	0.795279	0.823273	0.240639	0.423586	0.29136	0.712682	-0.00123732	-0.700593	0.0353817	0.471028	0.5552	-0.472886	0.49625	0.0759887	0.725896	-0.110128	0.674665	0.423171	0.589108	-0.485034	0.488488
0.482522	0.498412	-0.544566	0.471388	0.538191	0.450175	-0.45117	0.551488	0.689555	-0.225299	-0.457738	0.514033	0.0304454	-0.425881	-0.215882	0.878119	0.422991	0.378396	0.211914	0.795605	0.823419	0.239879	0.423718	0.291379	0.712732	-0.000710238	-0.700531	0.0356182	0.470922	0.55549	-0.472812	0.496097	0.0759118	0.725987	-0.110295	0.674548	0.423517	0.589073	-0.485258	0.488006
0.482918	0.498171	-0.544305	0.471538	0.538444	0.44965	-0.450487	0.552228	0.689133	-0.22583	-0.457534	0.514547	0.029799	-0.425935	-0.215127	0.878301	0.422991	0.378396	0.211914	0.795605	0.823735	0.238474	0.424141	0.291025	0.712803	-0.000370585	-0.700456	0.0356708	0.470806	0.555725	-0.472771	0.495983	0.0758505	0.726134	-0.111072	0.674269	0.423536	0.589125	-0.485205	0.48798
0.483393	0.498171	-0.543287	0.472224	0.538586	0.449446	-0.450197	0.552491	0.688463	-0.227253	-0.456919	0.515363	0.0288582	-0.425913	-0.21356	0.878725	0.422789	0.37727	0.213567	0.795805	0.82381	0.237973	0.424414	0.290823	0.712812	0.000563001	-0.700418	0.0362507	0.470273	0.556389	-0.472608	0.495899	0.0756272	0.726233	-0.111114	0.67418	0.423264	0.589446	-0.485065	0.487968
0.483611	0.498204	-0.542888	0.472425	0.538678	0.449353	-0.449615	0.552951	0.688162	-0.228667	-0.456115	0.515853	0.028572	-0.425862	-0.212873	0.878926	0.422935	0.377038	0.213984	0.795725	0.823891	0.237186	0.424825	0.290637	0.712823	0.000834043	-0.700397	0.0364313	0.470273	0.556389	-0.472608	0.495899	0.0747705	0.726438	-0.110183	0.674208	0.423268	0.589539	-0.485196	0.487722
0.483984	0.498337	-0.54211	0.472796	0.538897	0.449202	-0.448948	0.553402	0.687909	-0.229521	-0.455694	0.516181	0.0282361	-0.425957	-0.211971	0.879108	0.423077	0.376665	0.214761	0.795617	0.824016	0.236821	0.424957	0.290388	0.712877	0.00204183	-0.700313	0.0369268	0.469954	0.556858	-0.472394	0.495878	0.0743625	0.726676	-0.110038	0.67402	0.422915	0.5899	-0.484927	0.487859
0.484093	0.498355	-0.541765	0.473062	0.539068	0.449007	-0.448574	0.553697	0.687707	-0.229854	-0.455554	0.516426	0.0280374	-0.426032	-0.211664	0.879152	0.423045	0.376614	0.215242	0.795528	0.824034	0.236621	0.425117	0.290267	0.712922	0.00219592	-0.700281	0.036654	0.469996	0.556917	-0.472361	0.495804	0.0743555	0.726707	-0.11027	0.67395	0.422791	0.590046	-0.484847	0.487869
0.484179	0.498406	-0.541686	0.47301	0.539379	0.448736	-0.448059	0.554031	0.687307	-0.230222	-0.455136	0.517164	0.0268331	-0.425478	-0.210916	0.879638	0.422697	0.376474	0.216172	0.795527	0.824103	0.236115	0.425498	0.289923	0.713024	0.00206721	-0.700203	0.0361769	0.469829	0.557211	-0.472391	0.495604	0.0744955	0.726519	-0.110672	0.674072	0.423025	0.589993	-0.485348	0.487233
0.484179	0.498406	-0.541686	0.47301	0.539379	0.448736	-0.448059	0.554031	0.687307	-0.230222	-0.455136	0.517164	0.0268331	-0.425478	-0.210916	0.879638	0.422697	0.376474	0.216172	0.795527	0.824103	0.236115	0.425498	0.289923	0.713024	0.00206721	-0.700203	0.0361769	0.469829	0.557211	-0.472391	0.495604	0.0744955	0.726519	-0.110672	0.674072	0.423025	0.589993	-0.485348	0.487233
0.483983	0.498549	-0.541687	0.473059	0.53956	0.448845	-0.447744	0.554021	0.686925	-0.230655	-0.454141	0.518351	0.0264973	-0.425074	-0.210268	0.879998	0.422623	0.376702	0.21712	0.795201	0.823835	0.235951	0.426041	0.29002	0.713239	0.00171868	-0.700031	0.0352684	0.470042	0.557221	-0.472578	0.495212	0.0742514	0.726609	-0.11093	0.673959	0.42299	0.59018	-0.485409	0.486976
0.483982	0.498621	-0.541518	0.473176	0.539629	0.448788	-0.447553	0.554153	0.686925	-0.230655	-0.454141	0.518351	0.0266132	-0.424953	-0.210257	0.880056	0.422619	0.376638	0.2173	0.795184	0.823811	0.23595	0.426153	0.289926	0.713202	0.0016616	-0.700089	0.0348617	0.469768	0.557533	-0.47254	0.495157	0.0743576	0.726591	-0.111197	0.673923	0.42292	0.590286	-0.485497	0.48682
0.48392	0.498713	-0.541455	0.473216	0.539766	0.448659	-0.447014	0.554559	0.687128	-0.230621	-0.454084	0.518148	0.0270234	-0.425113	-0.210643	0.879874	0.422388	0.376644	0.217636	0.795212	0.823752	0.235726	0.426414	0.289892	0.713239	0.00171707	-0.700048	0.0349361	0.469614	0.557667	-0.472544	0.495149	0.0744631	0.726341	-0.111467	0.674135	0.42292	0.590292	-0.485715	0.486596
0.483911	0.498788	-0.541397	0.473212	0.539845	0.448447	-0.446894	0.554751	0.686863	-0.230649	-0.45439	0.518218	0.0269084	-0.425389	-0.21094	0.879673	0.422119	0.376819	0.218049	0.795159	0.823719	0.235693	0.426411	0.290016	0.713315	0.00158082	-0.699985	0.0346455	0.469544	0.557754	-0.472615	0.49505	0.0742301	0.726315	-0.11127	0.674222	0.42278	0.590412	-0.485808	0.486478
0.484107	0.498745	-0.541263	0.473211	0.54001	0.448038	-0.44691	0.554907	0.686406	-0.230839	-0.454798	0.51838	0.0264418	-0.425641	-0.211127	0.87952	0.422109	0.376744	0.218169	0.795167	0.823732	0.235677	0.426307	0.290144	0.71331	0.00126653	-0.700021	0.0340274	0.469541	0.557802	-0.472766	0.494854	0.0742401	0.726266	-0.111306	0.674268	0.422468	0.590645	-0.485808	0.486467
0.484689	0.498625	-0.540964	0.473083	0.540333	0.446935	-0.447082	0.555344	0.68547	-0.231433	-0.455561	0.518685	0.0249231	-0.42613	-0.21108	0.879339	0.422934	0.376071	0.217838	0.795138	0.824301	0.235274	0.425541	0.289982	0.713117	0.00118365	-0.700244	0.0334699	0.469037	0.558328	-0.472746	0.494758	0.073452	0.726224	-0.11079	0.674485	0.421997	0.591024	-0.485966	0.486257
