FULLBODY	1
Frames:	223
0.715861	-0.696351	0.0300483	-0.0416509	0.998846	-0.0171951	-0.0447078	0.00336074	0.737619	-0.671039	0.0749123	0.00365373	0.880183	-0.00907514	0.114963	0.460412	0.733584	-0.642978	-0.211222	-0.0618009	0.833444	0.0586898	-0.186391	-0.516899	0.999507	-0.0221844	-0.0222148	-0.000614559	0.691394	0.721965	-0.0106502	0.0250647	0.997215	-0.0346229	-0.0660302	0.00186215	0.692465	0.72132	0.0125865	-0.00556531
0.715853	-0.69636	0.030055	-0.0416454	0.998847	-0.0171737	-0.0447085	0.00333311	0.737714	-0.670905	0.0752012	0.00303844	0.879932	-0.00966888	0.114917	0.460891	0.734566	-0.641638	-0.211946	-0.0615772	0.834039	0.0539718	-0.185829	-0.516656	0.999507	-0.0221735	-0.022237	-0.00060227	0.691386	0.721973	-0.0106512	0.0250347	0.99722	-0.0346068	-0.0659637	0.00186758	0.692463	0.721323	0.0125188	-0.00554888
0.71585	-0.696363	0.0300469	-0.041647	0.998846	-0.0171785	-0.0447315	0.00334326	0.738076	-0.670383	0.0763553	0.000917516	0.87895	-0.011935	0.114888	0.462715	0.73581	-0.640109	-0.212523	-0.0606493	0.834413	0.0484328	-0.185096	-0.516864	0.999506	-0.022181	-0.0222435	-0.000587578	0.69137	0.721989	-0.0106474	0.0250294	0.99722	-0.0345933	-0.0659774	0.00186691	0.692462	0.721324	0.0125344	-0.00555693
0.715852	-0.696362	0.0300336	-0.0416402	0.998846	-0.0171917	-0.0447288	0.00335516	0.738645	-0.669629	0.0774343	-0.00212264	0.878138	-0.0181783	0.113071	0.464498	0.736789	-0.639099	-0.212517	-0.0594249	0.83487	0.0426738	-0.184168	-0.516966	0.999506	-0.0221825	-0.0222472	-0.000584721	0.691363	0.721996	-0.0106355	0.0250218	0.997221	-0.0345839	-0.0659529	0.00188719	0.692465	0.721321	0.0125009	-0.00556809
0.715918	-0.696296	0.0300101	-0.0416127	0.998846	-0.0172885	-0.0446917	0.00336907	0.739017	-0.669124	0.0781578	-0.0041482	0.877877	-0.0223833	0.111257	0.465246	0.737685	-0.638064	-0.213191	-0.0569666	0.834985	0.0380962	-0.183488	-0.517379	0.999505	-0.0222819	-0.0222144	-0.000601153	0.691358	0.722001	-0.0106372	0.0250282	0.997221	-0.0346768	-0.0659173	0.00188657	0.692458	0.721328	0.012503	-0.00555745
0.715916	-0.696299	0.0300091	-0.0416105	0.998845	-0.0172994	-0.0447028	0.00332394	0.739466	-0.668508	0.079039	-0.00636839	0.877679	-0.0269103	0.108984	0.465915	0.737687	-0.638062	-0.213188	-0.0569664	0.83544	0.0357917	-0.183295	-0.516876	0.999497	-0.0223782	-0.0224406	-0.000803474	0.691292	0.722069	-0.0103311	0.0249963	0.997221	-0.0346736	-0.065915	0.00188571	0.692454	0.721332	0.0125165	-0.00556066
0.715929	-0.696286	0.0299966	-0.0416155	0.998846	-0.0173207	-0.0446738	0.00332591	0.739928	-0.667841	0.080174	-0.00816742	0.877709	-0.0315681	0.106607	0.466118	0.739303	-0.636143	-0.214176	-0.0536818	0.836052	0.0287435	-0.182874	-0.516476	0.999498	-0.022378	-0.0224222	-0.000787918	0.691307	0.722053	-0.0103576	0.0250343	0.99722	-0.0346924	-0.0659246	0.00190925	0.69245	0.721335	0.0125108	-0.00558622
0.715924	-0.69629	0.0300063	-0.0416182	0.998846	-0.0173188	-0.0446756	0.00335202	0.740631	-0.666871	0.0815459	-0.00995032	0.877857	-0.0371057	0.104019	0.466015	0.740307	-0.635052	-0.214508	-0.0513813	0.836676	0.0227892	-0.182538	-0.515882	0.999497	-0.0223737	-0.0224481	-0.00082249	0.69131	0.722051	-0.0103207	0.0250279	0.997218	-0.0346525	-0.0659661	0.00191473	0.69248	0.721307	0.0125135	-0.00561459
0.715927	-0.696288	0.029993	-0.04161	0.998846	-0.0173142	-0.0446683	0.00335706	0.741443	-0.665745	0.0831106	-0.0118061	0.878117	-0.0436069	0.101143	0.465596	0.741384	-0.634149	-0.214335	-0.0475936	0.836933	0.0156399	-0.181679	-0.516034	0.999498	-0.0223814	-0.0224044	-0.000806832	0.691299	0.722061	-0.0103499	0.0250402	0.997221	-0.0346539	-0.0659139	0.00193679	0.692478	0.721309	0.0124708	-0.0056022
0.715943	-0.696272	0.0299857	-0.0416148	0.998846	-0.0173338	-0.0446566	0.00335625	0.74238	-0.664478	0.0845421	-0.0139455	0.877972	-0.0505017	0.0984611	0.465746	0.742684	-0.633185	-0.213698	-0.0427894	0.836403	0.00800497	-0.180707	-0.517408	0.999498	-0.0224121	-0.022378	-0.000801717	0.691298	0.72206	-0.0103654	0.0250719	0.997221	-0.034676	-0.0659124	0.00194576	0.692484	0.721304	0.012465	-0.005596
0.715935	-0.69628	0.0299914	-0.0416154	0.998846	-0.0173372	-0.0446594	0.00334834	0.74317	-0.663286	0.086636	-0.0156519	0.878272	-0.0574275	0.0954452	0.465006	0.743815	-0.631856	-0.214258	-0.0398875	0.837066	0.00118516	-0.179668	-0.516758	0.999498	-0.0223994	-0.0224019	-0.000816803	0.691305	0.722054	-0.0103501	0.0250708	0.99722	-0.034664	-0.0659267	0.00194577	0.692481	0.721307	0.0124602	-0.00561287
0.715947	-0.696269	0.0299857	-0.0416038	0.998847	-0.0173437	-0.0446346	0.0033456	0.744044	-0.661968	0.0885604	-0.0187946	0.878058	-0.0655767	0.0915256	0.46512	0.745034	-0.630364	-0.215059	-0.0362663	0.837902	-0.00628383	-0.178155	-0.515889	0.999498	-0.0224074	-0.0223801	-0.000810899	0.691306	0.722052	-0.0103523	0.0250769	0.997224	-0.0346678	-0.0658754	0.0019443	0.692495	0.721294	0.0124313	-0.0056025
0.71593	-0.696286	0.0299831	-0.041606	0.998847	-0.0173179	-0.04464	0.00334631	0.745191	-0.660306	0.0902828	-0.0231257	0.877191	-0.074894	0.0869117	0.466233	0.746664	-0.628545	-0.215463	-0.0316356	0.837894	-0.0145919	-0.176753	-0.516216	0.999498	-0.0223955	-0.0223905	-0.00078831	0.691296	0.722064	-0.0103498	0.0250451	0.997225	-0.0346359	-0.065872	0.00193685	0.692496	0.721293	0.01245	-0.00557743
0.715938	-0.696278	0.0299875	-0.0416068	0.998847	-0.0173329	-0.0446399	0.0033518	0.746325	-0.658618	0.092391	-0.0261793	0.876619	-0.0841376	0.0823772	0.466555	0.748029	-0.626468	-0.217306	-0.0277298	0.838965	-0.0235066	-0.174721	-0.514837	0.999498	-0.0224006	-0.0223927	-0.000814533	0.691301	0.722059	-0.0103323	0.0250588	0.997225	-0.0346481	-0.0658632	0.00194673	0.692485	0.721304	0.0124216	-0.00558545
0.715933	-0.696283	0.0299753	-0.041603	0.998847	-0.0173297	-0.0446336	0.00336031	0.747636	-0.656666	0.0950603	-0.0281706	0.876694	-0.0937304	0.0776822	0.465391	0.748036	-0.626462	-0.217301	-0.0277194	0.840174	-0.0284989	-0.174205	-0.512785	0.999498	-0.02239	-0.0224186	-0.000822556	0.691292	0.722068	-0.0102893	0.0250481	0.997226	-0.0346413	-0.065852	0.00195281	0.692473	0.721315	0.0124187	-0.00560104
0.715943	-0.696273	0.0299854	-0.0416	0.998847	-0.0173099	-0.0446438	0.00336573	0.749522	-0.653808	0.0990708	-0.0306211	0.877199	-0.106017	0.0716933	0.462754	0.750827	-0.621985	-0.221735	-0.015074	0.83963	-0.04732	-0.169075	-0.514	0.999497	-0.0224102	-0.0224324	-0.000838425	0.691292	0.722067	-0.0102957	0.0250485	0.997225	-0.0346469	-0.0658713	0.00195069	0.692467	0.72132	0.0124366	-0.00561908
0.715936	-0.696282	0.0299651	-0.0415893	0.998847	-0.0173204	-0.0446367	0.00336557	0.751773	-0.650267	0.10391	-0.0345382	0.877369	-0.121109	0.0638897	0.459863	0.752357	-0.619425	-0.224101	-0.00714193	0.839279	-0.0613589	-0.165712	-0.514184	0.999498	-0.0224032	-0.0224064	-0.000819109	0.691286	0.722074	-0.0103023	0.0250323	0.997226	-0.0346425	-0.0658457	0.0019456	0.692474	0.721313	0.0124356	-0.00561535
0.71594	-0.696277	0.0299761	-0.041594	0.998847	-0.0173231	-0.0446412	0.00335125	0.754074	-0.646547	0.108696	-0.0391792	0.877178	-0.136891	0.0553827	0.456893	0.754379	-0.615728	-0.227577	0.000352761	0.839571	-0.0774146	-0.162148	-0.512675	0.999497	-0.022419	-0.0224194	-0.000816732	0.69128	0.722079	-0.0103255	0.0250359	0.997226	-0.0346404	-0.0658455	0.00195301	0.692472	0.721316	0.0124195	-0.00562148
0.715936	-0.696281	0.0299625	-0.0415964	0.998847	-0.0173089	-0.0446461	0.00337201	0.756152	-0.642891	0.113744	-0.0445885	0.876263	-0.153531	0.0461613	0.45438	0.754384	-0.615722	-0.227578	0.000365272	0.840825	-0.0856158	-0.161023	-0.509661	0.999497	-0.022421	-0.0224265	-0.000807802	0.691289	0.722071	-0.0102989	0.025042	0.997227	-0.0346348	-0.0658378	0.00196435	0.692468	0.72132	0.0124243	-0.00563034
0.715932	-0.696286	0.0299591	-0.0415823	0.998848	-0.0172937	-0.0446385	0.00335466	0.758138	-0.639022	0.119266	-0.051513	0.874272	-0.171818	0.0353449	0.452635	0.759484	-0.60755	-0.231753	0.0188877	0.837483	-0.112301	-0.154745	-0.511923	0.999497	-0.0224223	-0.0224343	-0.000813066	0.691287	0.722073	-0.0102834	0.0250362	0.997229	-0.0346282	-0.0658175	0.001945	0.692457	0.72133	0.0124169	-0.00562328
0.715932	-0.696286	0.0299624	-0.0415845	0.998848	-0.0172844	-0.0446449	0.00333286	0.759861	-0.635464	0.123068	-0.0604237	0.870108	-0.189634	0.024456	0.454262	0.759483	-0.607551	-0.231756	0.0188849	0.838984	-0.118773	-0.153498	-0.508366	0.999497	-0.0224068	-0.0224417	-0.000802893	0.691283	0.722077	-0.0102883	0.025039	0.997227	-0.0346239	-0.0658399	0.0019541	0.69247	0.721318	0.0124135	-0.0056334
0.715944	-0.696275	0.0299582	-0.0415723	0.998848	-0.0173154	-0.0446277	0.00331053	0.761823	-0.631576	0.12734	-0.0672378	0.866835	-0.206411	0.0150966	0.453612	0.759476	-0.607565	-0.231743	0.0188904	0.840365	-0.12604	-0.152266	-0.504694	0.999497	-0.0224414	-0.0224008	-0.000810188	0.691285	0.722073	-0.0103218	0.0250797	0.997229	-0.0346242	-0.065822	0.00195982	0.692493	0.721295	0.0124182	-0.00563976
0.715945	-0.696273	0.0299609	-0.0415804	0.998848	-0.0173097	-0.0446295	0.0033335	0.761823	-0.631578	0.127331	-0.0672399	0.865484	-0.214894	0.0109293	0.45237	0.76659	-0.593796	-0.240105	0.0457849	0.834872	-0.16284	-0.142381	-0.506161	0.999497	-0.0224294	-0.0224146	-0.000827333	0.691304	0.722055	-0.0102879	0.0250856	0.997229	-0.0346084	-0.0658199	0.00195519	0.692501	0.721288	0.0124067	-0.00563272
0.715947	-0.696271	0.0299641	-0.0415901	0.998849	-0.0173041	-0.0446182	0.003353	0.761823	-0.63158	0.127321	-0.0672425	0.863684	-0.222477	0.0072553	0.452218	0.766586	-0.593797	-0.240114	0.0457837	0.835639	-0.168204	-0.141707	-0.503323	0.999496	-0.0224347	-0.0224305	-0.000816306	0.691297	0.722062	-0.010296	0.0250713	0.997229	-0.0346109	-0.0658291	0.00195959	0.6925	0.721289	0.0124163	-0.00559947
0.715944	-0.696274	0.0299615	-0.0415787	0.998849	-0.0172998	-0.0446083	0.0033469	0.761824	-0.631576	0.127333	-0.0672403	0.863684	-0.222477	0.0072553	0.452218	0.770981	-0.585737	-0.242242	0.0618022	0.830403	-0.185172	-0.137751	-0.507116	0.999497	-0.0224366	-0.0224051	-0.000837297	0.691292	0.722066	-0.0102965	0.0250926	0.997229	-0.0346067	-0.0658191	0.00195358	0.6925	0.721289	0.0124163	-0.00559947
0.715944	-0.696274	0.0299615	-0.0415787	0.998848	-0.0173023	-0.0446319	0.00334075	0.767141	-0.620389	0.142405	-0.0795839	0.859936	-0.248726	-0.00715882	0.445639	0.770981	-0.585737	-0.242242	0.0618022	0.831786	-0.190182	-0.137115	-0.503152	0.999497	-0.0224366	-0.0224051	-0.000837297	0.691289	0.722069	-0.0103189	0.0250948	0.997229	-0.0346067	-0.0658191	0.00195358	0.692493	0.721296	0.0124107	-0.00561193
0.715942	-0.696277	0.0299554	-0.0415748	0.998849	-0.0173137	-0.0446122	0.00334083	0.76843	-0.617644	0.145241	-0.0832823	0.857514	-0.260513	-0.0135807	0.443416	0.773365	-0.581062	-0.243739	0.0697454	0.830336	-0.20468	-0.13495	-0.500437	0.999497	-0.0224226	-0.0223946	-0.000840315	0.691298	0.72206	-0.0103162	0.0251024	0.99723	-0.0346076	-0.0658146	0.0019651	0.692491	0.721298	0.0124013	-0.0056191
0.715949	-0.69627	0.0299559	-0.0415719	0.998849	-0.0173144	-0.0446017	0.00332486	0.769805	-0.614907	0.146852	-0.0878811	0.854232	-0.271883	-0.0193985	0.442709	0.775597	-0.576473	-0.244985	0.0781652	0.828095	-0.219229	-0.132785	-0.498563	0.999497	-0.0224397	-0.0224093	-0.00084742	0.691294	0.722064	-0.0102894	0.0251054	0.997231	-0.0346021	-0.0657962	0.00196418	0.692492	0.721297	0.0123876	-0.00560786
0.71594	-0.696279	0.0299606	-0.0415694	0.99885	-0.0173114	-0.0445943	0.0033224	0.771101	-0.611904	0.149109	-0.0935074	0.85018	-0.283236	-0.0255253	0.44308	0.777669	-0.572606	-0.244355	0.0874298	0.824301	-0.23228	-0.130831	-0.499456	0.999497	-0.0224369	-0.0224018	-0.000847717	0.691293	0.722065	-0.0103132	0.0251121	0.997232	-0.0345983	-0.0657773	0.0019509	0.692491	0.721299	0.0123873	-0.00558209
0.715949	-0.696268	0.0299636	-0.0415819	0.998849	-0.0173347	-0.0446001	0.00331597	0.771095	-0.611914	0.149095	-0.0935116	0.848838	-0.289004	-0.0283365	0.441755	0.779432	-0.568724	-0.245205	0.0944085	0.821949	-0.243675	-0.128855	-0.498416	0.999496	-0.0224579	-0.0224205	-0.000854662	0.691287	0.72207	-0.0103043	0.0251069	0.997231	-0.0346115	-0.065791	0.00196067	0.692487	0.721302	0.0123839	-0.00558584
0.715933	-0.696284	0.0299589	-0.0415946	0.998849	-0.0173148	-0.0446072	0.00332132	0.774259	-0.605164	0.15495	-0.10144	0.844307	-0.30579	-0.0362575	0.438548	0.779442	-0.568704	-0.245219	0.0944107	0.82228	-0.24792	-0.128471	-0.495869	0.999496	-0.0224354	-0.022442	-0.000845609	0.691279	0.722079	-0.01028	0.0250924	0.997231	-0.0345814	-0.0658028	0.00194985	0.692489	0.721301	0.0124035	-0.00557468
0.715937	-0.696282	0.0299558	-0.0415815	0.99885	-0.01731	-0.0445895	0.00333208	0.775719	-0.60226	0.156125	-0.105675	0.840515	-0.315989	-0.0409187	0.438191	0.782989	-0.559791	-0.249175	0.107115	0.817789	-0.267407	-0.124376	-0.494211	0.999496	-0.0224205	-0.0224464	-0.000858654	0.691294	0.722065	-0.0102942	0.0250874	0.997232	-0.0345706	-0.065791	0.00195085	0.692496	0.721294	0.0123891	-0.00558711
0.71594	-0.696279	0.0299525	-0.0415682	0.998851	-0.0172945	-0.0445772	0.00331975	0.777099	-0.599424	0.157478	-0.109583	0.836825	-0.325391	-0.045454	0.437925	0.784338	-0.555691	-0.251059	0.113977	0.814974	-0.27837	-0.12162	-0.493493	0.999495	-0.0224444	-0.0224654	-0.000862056	0.691283	0.722076	-0.0102631	0.0250778	0.997233	-0.0345754	-0.0657792	0.00194408	0.692502	0.721288	0.0123918	-0.0055734
0.715958	-0.69626	0.0299615	-0.0415704	0.998849	-0.0173356	-0.0445941	0.00331523	0.778622	-0.596103	0.159659	-0.113653	0.833605	-0.335238	-0.0507488	0.436053	0.785646	-0.551635	-0.253514	0.11912	0.813145	-0.28829	-0.119392	-0.491355	0.999494	-0.0224776	-0.0224836	-0.000875358	0.691278	0.722082	-0.0102506	0.0250646	0.997232	-0.034601	-0.0657872	0.00193952	0.692494	0.721296	0.0123851	-0.00558495
0.715964	-0.696254	0.0299653	-0.0415623	0.99885	-0.0173422	-0.0445793	0.0033219	0.778616	-0.596109	0.159666	-0.113659	0.832366	-0.339903	-0.0537617	0.434444	0.787053	-0.547611	-0.255364	0.124335	0.810917	-0.298352	-0.117456	-0.489493	0.999494	-0.0224953	-0.0224693	-0.000887606	0.691272	0.722086	-0.0102621	0.0250746	0.997233	-0.0346096	-0.065757	0.00194351	0.692496	0.721294	0.0123522	-0.00557159
0.715961	-0.696258	0.0299614	-0.041556	0.998851	-0.0173286	-0.0445649	0.00331476	0.782072	-0.588415	0.165006	-0.122079	0.826595	-0.355244	-0.0609752	0.432231	0.788131	-0.543659	-0.257107	0.131072	0.807509	-0.309015	-0.114609	-0.489186	0.999494	-0.0225004	-0.0224708	-0.000887815	0.691266	0.722093	-0.0102444	0.0250742	0.997236	-0.0345848	-0.0657359	0.00194607	0.692508	0.721283	0.012332	-0.00557204
0.715961	-0.696258	0.0299614	-0.041556	0.998851	-0.0173325	-0.044567	0.0033164	0.78401	-0.584677	0.166828	-0.125094	0.823516	-0.363886	-0.0646375	0.430383	0.788131	-0.543659	-0.257107	0.131072	0.807509	-0.309015	-0.114609	-0.489186	0.999494	-0.0225004	-0.0224708	-0.000887815	0.691266	0.722093	-0.0102502	0.0250704	0.997238	-0.0345823	-0.0657025	0.00194906	0.69252	0.721273	0.0123039	-0.00554891
0.715957	-0.69626	0.0299789	-0.0415765	0.99885	-0.0173359	-0.0445808	0.00330993	0.786359	-0.58033	0.168582	-0.128205	0.820352	-0.373282	-0.0681652	0.427828	0.789615	-0.536881	-0.261193	0.141581	0.802319	-0.326273	-0.109295	-0.487735	0.999493	-0.0224968	-0.0224915	-0.000887511	0.691262	0.722096	-0.0102556	0.025081	0.997235	-0.0345904	-0.0657431	0.00195065	0.692518	0.721274	0.0123088	-0.00555574
0.715968	-0.696249	0.0299581	-0.0415825	0.99885	-0.0173437	-0.0445802	0.00333123	0.788318	-0.576001	0.169886	-0.133851	0.81596	-0.38304	-0.073415	0.426731	0.790666	-0.533063	-0.263548	0.145717	0.800677	-0.334152	-0.107223	-0.485554	0.999494	-0.0225082	-0.0224589	-0.000856513	0.691275	0.722082	-0.010256	0.0251048	0.997236	-0.0346113	-0.0657127	0.00196464	0.692512	0.72128	0.0122829	-0.00553898
0.715962	-0.696255	0.0299694	-0.0415855	0.998849	-0.0173383	-0.0445952	0.00332699	0.790004	-0.572322	0.169843	-0.139625	0.81141	-0.391065	-0.0782883	0.427262	0.791927	-0.528777	-0.266066	0.14985	0.798503	-0.342657	-0.105525	-0.483573	0.999495	-0.0224893	-0.02245	-0.000872106	0.691297	0.722061	-0.0102643	0.0251151	0.997235	-0.0345959	-0.0657466	0.00193704	0.692521	0.721271	0.0123181	-0.00552658
0.715948	-0.696271	0.0299503	-0.0415772	0.99885	-0.0173178	-0.0445757	0.00333478	0.792062	-0.568514	0.169889	-0.143414	0.808446	-0.395824	-0.0789744	0.42837	0.792894	-0.524731	-0.268167	0.155124	0.795545	-0.35175	-0.103102	-0.482443	0.999495	-0.0224782	-0.0224495	-0.000865316	0.69129	0.722068	-0.0102501	0.0251025	0.997239	-0.0345737	-0.0656839	0.00195169	0.692526	0.721267	0.0122967	-0.00551755
0.71596	-0.696259	0.0299451	-0.0415733	0.998851	-0.0173297	-0.0445614	0.00333794	0.794376	-0.564104	0.171048	-0.146611	0.80467	-0.405747	-0.0847625	0.425077	0.793749	-0.520859	-0.270367	0.159908	0.792828	-0.360729	-0.100743	-0.48078	0.999495	-0.0224862	-0.0224136	-0.000866651	0.691285	0.722072	-0.0102861	0.0251433	0.997239	-0.0345878	-0.0656778	0.00195807	0.692533	0.72126	0.0123096	-0.0055266
0.715963	-0.696256	0.0299335	-0.0415739	0.99885	-0.0173317	-0.0445675	0.00336504	0.79616	-0.559845	0.172564	-0.151406	0.801084	-0.412709	-0.0892537	0.424227	0.79481	-0.516638	-0.272684	0.164332	0.790075	-0.370216	-0.0987198	-0.478513	0.999496	-0.0224998	-0.0223854	-0.000869382	0.691283	0.722073	-0.0102974	0.0251572	0.997238	-0.0345894	-0.0656894	0.00197334	0.692535	0.721258	0.0123212	-0.00554889
0.715969	-0.69625	0.0299289	-0.0415721	0.99885	-0.0173373	-0.0445711	0.00337336	0.79792	-0.555845	0.173759	-0.155461	0.79795	-0.418757	-0.0928855	0.423428	0.796114	-0.511796	-0.274853	0.169478	0.786556	-0.381084	-0.0966156	-0.476204	0.999496	-0.0225095	-0.022373	-0.000869355	0.691274	0.722081	-0.0103046	0.0251686	0.997239	-0.0346072	-0.0656662	0.001974	0.692533	0.72126	0.012318	-0.00553188
0.715976	-0.696244	0.0299305	-0.0415607	0.99885	-0.0173464	-0.0445642	0.0033641	0.800243	-0.551221	0.175005	-0.158555	0.795163	-0.424226	-0.093289	0.423138	0.797398	-0.507094	-0.275846	0.175844	0.782129	-0.391889	-0.0941334	-0.475222	0.999495	-0.0225294	-0.0223919	-0.000869979	0.691273	0.722082	-0.0103004	0.0251472	0.99724	-0.0346194	-0.0656535	0.00197221	0.692532	0.721261	0.012304	-0.00552927
0.715974	-0.696246	0.0299359	-0.0415617	0.99885	-0.0173499	-0.0445653	0.00335926	0.802507	-0.546354	0.176036	-0.162761	0.791278	-0.432474	-0.0983586	0.420916	0.79849	-0.50267	-0.277339	0.181162	0.77865	-0.401186	-0.0912206	-0.473743	0.999495	-0.022519	-0.0224125	-0.000873021	0.691277	0.722079	-0.0103019	0.0251357	0.997241	-0.0346258	-0.0656326	0.0019714	0.692521	0.721272	0.0122958	-0.00552968
0.715985	-0.696235	0.0299302	-0.0415522	0.99885	-0.0173693	-0.0445689	0.00335581	0.804635	-0.541363	0.176778	-0.168042	0.78653	-0.44037	-0.101742	0.420825	0.79972	-0.497766	-0.27994	0.185234	0.776018	-0.409939	-0.0876657	-0.471233	0.999495	-0.0225356	-0.0223731	-0.00088131	0.691271	0.722083	-0.0103266	0.0251786	0.997242	-0.034635	-0.065608	0.00197066	0.692524	0.72127	0.0122682	-0.0055218
0.715982	-0.696239	0.0299171	-0.0415464	0.99885	-0.0173634	-0.0445555	0.00336104	0.804636	-0.541362	0.176787	-0.168029	0.78653	-0.44037	-0.101742	0.420825	0.800833	-0.492326	-0.283797	0.189053	0.774627	-0.416622	-0.0859716	-0.467962	0.999496	-0.0225298	-0.0223597	-0.000875878	0.691271	0.722083	-0.0103266	0.0251786	0.997243	-0.034629	-0.0655947	0.001976	0.692524	0.72127	0.0122682	-0.0055218
0.715982	-0.696239	0.0299171	-0.0415464	0.99885	-0.0173556	-0.0445557	0.00336665	0.806988	-0.536063	0.177716	-0.172695	0.782031	-0.448611	-0.104418	0.419848	0.800833	-0.492326	-0.283797	0.189053	0.772938	-0.419022	-0.0829321	-0.469158	0.999496	-0.0225124	-0.0223695	-0.000870585	0.691289	0.722066	-0.0103246	0.0251612	0.997243	-0.034629	-0.0655947	0.001976	0.69252	0.721273	0.0122736	-0.0055318
0.715998	-0.696222	0.0299189	-0.0415509	0.99885	-0.0173711	-0.0445571	0.00337362	0.809262	-0.53042	0.179428	-0.177639	0.77739	-0.457505	-0.107292	0.418141	0.801832	-0.486825	-0.288359	0.192136	0.769953	-0.428015	-0.0777147	-0.466836	0.999495	-0.0225367	-0.02238	-0.000863943	0.691281	0.722073	-0.0103261	0.025182	0.997243	-0.0346462	-0.0655976	0.00198955	0.692538	0.721256	0.012275	-0.00553484
0.715995	-0.696226	0.0299132	-0.041543	0.998851	-0.0173669	-0.0445474	0.0033721	0.809262	-0.530418	0.179437	-0.177634	0.77739	-0.457505	-0.107292	0.418141	0.803015	-0.481055	-0.292411	0.195574	0.768576	-0.434737	-0.0763259	-0.463109	0.999495	-0.0225325	-0.0223703	-0.000865317	0.691281	0.722073	-0.0103261	0.025182	0.997244	-0.0346261	-0.0655796	0.0019961	0.69255	0.721245	0.0122642	-0.00553425
0.715995	-0.696226	0.0299132	-0.041543	0.998851	-0.017353	-0.0445523	0.00338291	0.811303	-0.524501	0.181498	-0.183697	0.7722	-0.466496	-0.110654	0.416945	0.803015	-0.481055	-0.292411	0.195574	0.767037	-0.437082	-0.072338	-0.464091	0.999496	-0.0225059	-0.0223601	-0.000869558	0.69131	0.722046	-0.0103337	0.0251826	0.997244	-0.0346261	-0.0655796	0.0019961	0.692546	0.721248	0.0122624	-0.00553678
0.715994	-0.696228	0.0299084	-0.041538	0.998851	-0.0173426	-0.0445504	0.00337346	0.813241	-0.518385	0.183454	-0.19042	0.766348	-0.475554	-0.113198	0.416828	0.803018	-0.481052	-0.292406	0.195577	0.765994	-0.439317	-0.0686462	-0.464265	0.999496	-0.022503	-0.0223651	-0.000875185	0.69132	0.722037	-0.0103338	0.0251694	0.997245	-0.0346237	-0.0655727	0.00199615	0.69254	0.721254	0.0122485	-0.0055575
0.715982	-0.696241	0.0299071	-0.0415304	0.998851	-0.0173293	-0.0445587	0.00336689	0.81551	-0.512025	0.184869	-0.196462	0.759696	-0.485077	-0.11252	0.418211	0.803029	-0.481038	-0.292402	0.195571	0.765229	-0.441776	-0.0653728	-0.463665	0.999497	-0.0224765	-0.022376	-0.000880545	0.691317	0.722039	-0.010323	0.0251633	0.997246	-0.0346063	-0.0655663	0.0019915	0.692546	0.721249	0.0122508	-0.00554294
0.715987	-0.696234	0.0299138	-0.0415333	0.99885	-0.0173367	-0.0445661	0.00338396	0.817665	-0.505662	0.185811	-0.202989	0.752769	-0.494487	-0.111939	0.419871	0.811615	-0.46023	-0.297267	0.202735	0.756893	-0.465082	-0.0680725	-0.454068	0.999496	-0.0224779	-0.0223819	-0.000880292	0.691322	0.722035	-0.0103215	0.0251676	0.997246	-0.0346393	-0.0655502	0.00198946	0.692522	0.721272	0.0122366	-0.00551959
0.715979	-0.696242	0.0299262	-0.0415288	0.998851	-0.017329	-0.0445563	0.00338263	0.81989	-0.49942	0.18698	-0.208325	0.746975	-0.502992	-0.111468	0.420241	0.814509	-0.453173	-0.299165	0.204229	0.75395	-0.47435	-0.0679497	-0.449371	0.999496	-0.0224663	-0.0223974	-0.000898378	0.691315	0.722041	-0.010307	0.0251947	0.997246	-0.034619	-0.0655536	0.00197463	0.692526	0.721268	0.0122287	-0.0055248
0.715975	-0.696247	0.029907	-0.0415401	0.998851	-0.0173028	-0.0445574	0.00339388	0.82227	-0.493189	0.188688	-0.21221	0.742423	-0.510859	-0.110954	0.418951	0.816272	-0.447133	-0.300443	0.208581	0.749921	-0.483922	-0.0654188	-0.446272	0.999497	-0.022466	-0.0223697	-0.00086749	0.691313	0.722042	-0.0103238	0.0252029	0.997249	-0.0345879	-0.0655237	0.00200338	0.692542	0.721254	0.0122066	-0.00551126
0.715984	-0.696236	0.0299245	-0.041552	0.99885	-0.0173133	-0.0445747	0.00341349	0.825384	-0.481626	0.191689	-0.22368	0.732959	-0.52543	-0.114724	0.416572	0.818909	-0.436247	-0.301717	0.219189	0.739961	-0.502764	-0.0595069	-0.442882	0.999496	-0.0224736	-0.0224139	-0.000877519	0.691341	0.722017	-0.0102821	0.0251683	0.997251	-0.0346051	-0.065487	0.00199105	0.692519	0.721276	0.0121685	-0.00546826
0.715982	-0.696238	0.0299221	-0.0415483	0.99885	-0.0173263	-0.0445647	0.0034083	0.826665	-0.476174	0.193218	-0.229239	0.728211	-0.532169	-0.116609	0.415822	0.820151	-0.43038	-0.302989	0.224326	0.73488	-0.512329	-0.0561366	-0.440816	0.999496	-0.0224686	-0.0224127	-0.000893535	0.691324	0.722033	-0.0102662	0.0251829	0.997253	-0.0346032	-0.065466	0.00200072	0.692536	0.72126	0.0121504	-0.00544699
0.715981	-0.69624	0.0299266	-0.041541	0.99885	-0.0173392	-0.0445615	0.00340321	0.828104	-0.470435	0.195231	-0.234135	0.723809	-0.538911	-0.118468	0.414296	0.821247	-0.424144	-0.304845	0.229617	0.72972	-0.522005	-0.0526826	-0.438456	0.999496	-0.0224693	-0.022408	-0.000898613	0.69132	0.722036	-0.0102696	0.0251925	0.997251	-0.0345949	-0.0654985	0.00198193	0.692537	0.721259	0.0121906	-0.00547162
0.715977	-0.696245	0.0299229	-0.0415274	0.998851	-0.0173233	-0.0445447	0.00339176	0.829417	-0.46468	0.197643	-0.238907	0.719569	-0.545479	-0.120824	0.412401	0.822592	-0.417611	-0.30702	0.233843	0.725268	-0.531242	-0.0500383	-0.435045	0.999496	-0.0224626	-0.0223988	-0.000907835	0.691325	0.722032	-0.0102614	0.0251776	0.997253	-0.0345892	-0.0654682	0.0019895	0.692542	0.721254	0.0121603	-0.00546316
0.715976	-0.696245	0.0299279	-0.0415292	0.998851	-0.0173329	-0.0445473	0.00338688	0.830675	-0.459115	0.200321	-0.24303	0.715791	-0.551713	-0.123087	0.410007	0.824068	-0.4112	-0.308809	0.237621	0.720898	-0.540046	-0.0481391	-0.431671	0.999496	-0.0224734	-0.022407	-0.00091216	0.691313	0.722044	-0.0102515	0.0251715	0.997252	-0.034585	-0.0654782	0.00198986	0.692545	0.721251	0.0121576	-0.00546356
0.715976	-0.696246	0.0299232	-0.0415361	0.998851	-0.0173302	-0.0445457	0.00340609	0.832111	-0.453275	0.203055	-0.246782	0.71191	-0.558264	-0.124767	0.40738	0.824971	-0.404847	-0.31032	0.243359	0.715276	-0.549277	-0.045255	-0.429683	0.999496	-0.0224736	-0.022402	-0.000907141	0.691311	0.722046	-0.0102502	0.025185	0.997254	-0.0345974	-0.0654415	0.00201013	0.692543	0.721255	0.0121072	-0.00544623
0.715964	-0.696258	0.0299146	-0.0415412	0.998852	-0.0173178	-0.0445296	0.00340482	0.833496	-0.447219	0.206118	-0.250589	0.707849	-0.565223	-0.126637	0.404272	0.825822	-0.398623	-0.312254	0.248224	0.710535	-0.557744	-0.0425583	-0.426907	0.999496	-0.0224391	-0.0224149	-0.000903565	0.691322	0.722036	-0.0102237	0.0251581	0.997255	-0.0345845	-0.0654431	0.00202046	0.692538	0.721259	0.0121098	-0.00545225
0.715962	-0.696261	0.0299191	-0.0415349	0.998853	-0.017306	-0.0445261	0.00340292	0.83449	-0.441242	0.209302	-0.255194	0.703279	-0.572375	-0.129439	0.401287	0.825826	-0.398621	-0.312251	0.248217	0.710535	-0.557744	-0.0425583	-0.426907	0.999496	-0.0224567	-0.0224171	-0.000897535	0.691299	0.722058	-0.0102334	0.0251748	0.997255	-0.0345806	-0.0654416	0.0020128	0.69256	0.721238	0.0121311	-0.00542674
0.715961	-0.696262	0.0299241	-0.0415292	0.998852	-0.0172845	-0.044538	0.00339626	0.835135	-0.435456	0.212309	-0.260485	0.698158	-0.579476	-0.13262	0.398992	0.825829	-0.398622	-0.312248	0.24821	0.710535	-0.557744	-0.0425583	-0.426907	0.999496	-0.0224405	-0.022423	-0.000895562	0.691312	0.722047	-0.0102297	0.0251382	0.997254	-0.0345916	-0.0654586	0.00199547	0.692548	0.721249	0.0121273	-0.00545284
0.715961	-0.696261	0.0299192	-0.0415454	0.998852	-0.0172853	-0.0445461	0.00341119	0.83514	-0.435458	0.212296	-0.260476	0.698158	-0.579476	-0.13262	0.398992	0.828729	-0.381946	-0.316192	0.259517	0.698749	-0.579088	-0.0368474	-0.418389	0.999496	-0.0224537	-0.0224215	-0.000872984	0.691303	0.722055	-0.0102425	0.0251393	0.997253	-0.0345921	-0.065467	0.00201027	0.692548	0.721249	0.0121273	-0.00545284
0.715961	-0.696261	0.0299192	-0.0415454	0.998852	-0.0173024	-0.0445437	0.00341666	0.83563	-0.429724	0.215337	-0.265875	0.692964	-0.586549	-0.135853	0.396617	0.828729	-0.381946	-0.316192	0.259517	0.698749	-0.579088	-0.0368474	-0.418389	0.999496	-0.0224537	-0.0224215	-0.000872984	0.691288	0.722068	-0.0102495	0.0251594	0.997253	-0.0345921	-0.065467	0.00201027	0.692553	0.721244	0.0121365	-0.00546323
0.715959	-0.696262	0.0299156	-0.0415481	0.998852	-0.0173044	-0.0445413	0.00341425	0.836201	-0.423599	0.218999	-0.270872	0.688015	-0.593703	-0.139008	0.393483	0.829776	-0.376229	-0.317401	0.263023	0.69499	-0.58576	-0.0355028	-0.415468	0.999496	-0.0224628	-0.0224047	-0.00087193	0.691291	0.722065	-0.0102503	0.0251844	0.997256	-0.0345785	-0.0654342	0.00200659	0.692559	0.721239	0.0121133	-0.00543983
0.715958	-0.696263	0.029913	-0.0415579	0.998852	-0.0173031	-0.0445465	0.00342304	0.836205	-0.423599	0.218991	-0.270866	0.688015	-0.593703	-0.139008	0.393483	0.830804	-0.370815	-0.31812	0.266573	0.691391	-0.591068	-0.0354186	-0.413959	0.999496	-0.0224616	-0.0224098	-0.000863137	0.691291	0.722065	-0.0102503	0.0251844	0.997255	-0.034577	-0.0654395	0.00201527	0.692559	0.721239	0.0121133	-0.00543983
0.715958	-0.696263	0.029913	-0.0415579	0.998852	-0.0173135	-0.0445371	0.00341156	0.83657	-0.417564	0.222519	-0.276182	0.68292	-0.600493	-0.142313	0.390866	0.830804	-0.370815	-0.31812	0.266573	0.691311	-0.5922	-0.0340088	-0.412591	0.999496	-0.0224549	-0.0224247	-0.000859673	0.691287	0.722069	-0.010242	0.0251734	0.997255	-0.034577	-0.0654395	0.00201527	0.69256	0.721238	0.0121175	-0.00543271
0.715955	-0.696266	0.0299006	-0.0415592	0.998852	-0.0173194	-0.0445318	0.00342957	0.83691	-0.411442	0.225964	-0.281493	0.677852	-0.607027	-0.145686	0.388343	0.8321	-0.365188	-0.31835	0.27	0.687284	-0.598779	-0.0327512	-0.409918	0.999496	-0.022454	-0.0224461	-0.000842002	0.69129	0.722067	-0.0102275	0.0251362	0.997257	-0.0345746	-0.0654095	0.00201933	0.692559	0.72124	0.0121072	-0.00541792
0.715955	-0.696266	0.0299006	-0.0415592	0.998852	-0.0173194	-0.0445318	0.00342957	0.83691	-0.411442	0.225964	-0.281493	0.677852	-0.607027	-0.145686	0.388343	0.833842	-0.35908	-0.318627	0.27248	0.683674	-0.604085	-0.034125	-0.408051	0.999496	-0.022454	-0.0224461	-0.000842002	0.69129	0.722067	-0.0102275	0.0251362	0.997257	-0.0345746	-0.0654095	0.00201933	0.692559	0.72124	0.0121072	-0.00541792
0.715955	-0.696266	0.0299006	-0.0415592	0.998852	-0.0172997	-0.0445463	0.00343847	0.837289	-0.404653	0.230666	-0.286351	0.672637	-0.614051	-0.148462	0.385305	0.833842	-0.35908	-0.318627	0.27248	0.683265	-0.605308	-0.0319495	-0.407101	0.999495	-0.022454	-0.0224717	-0.000842519	0.691285	0.722074	-0.0101989	0.0251182	0.997257	-0.0345746	-0.0654095	0.00201933	0.692563	0.721235	0.0121077	-0.00541737
0.715975	-0.696245	0.0298955	-0.0415756	0.998851	-0.0173217	-0.0445412	0.00346291	0.837671	-0.397211	0.236168	-0.291128	0.667223	-0.621248	-0.150624	0.382332	0.833825	-0.359103	-0.31863	0.272498	0.68273	-0.606282	-0.0292784	-0.406748	0.999494	-0.0224868	-0.0224784	-0.000817617	0.691289	0.72207	-0.010188	0.0251164	0.997256	-0.0346035	-0.0654179	0.00203483	0.692553	0.721245	0.0120976	-0.00544005
0.715973	-0.696248	0.0298858	-0.0415877	0.998851	-0.017318	-0.044543	0.00347833	0.837677	-0.397211	0.236161	-0.291115	0.667223	-0.621248	-0.150624	0.382332	0.838107	-0.344048	-0.322207	0.274573	0.676728	-0.618067	-0.0338202	-0.398609	0.999494	-0.0224835	-0.0224802	-0.000802129	0.691289	0.72207	-0.010188	0.0251164	0.997258	-0.0345941	-0.0653863	0.00205837	0.692557	0.721242	0.0120679	-0.00542226
0.715973	-0.696248	0.0298858	-0.0415877	0.998851	-0.0173224	-0.0445527	0.00346811	0.838033	-0.389681	0.241654	-0.295724	0.662082	-0.62803	-0.152065	0.379608	0.838107	-0.344048	-0.322207	0.274573	0.675952	-0.619016	-0.0305593	-0.398716	0.999494	-0.0224818	-0.0224733	-0.000821623	0.691294	0.722065	-0.0101828	0.025133	0.997258	-0.0345941	-0.0653863	0.00205837	0.692562	0.721237	0.0120674	-0.00542443
0.715973	-0.696246	0.0298898	-0.0415937	0.99885	-0.0173278	-0.0445638	0.00347302	0.838533	-0.381512	0.247731	-0.299901	0.657312	-0.635083	-0.153451	0.375585	0.838104	-0.344051	-0.322213	0.274572	0.67475	-0.620348	-0.0262149	-0.39899	0.999494	-0.022475	-0.02248	-0.000820656	0.691302	0.722056	-0.0101826	0.0251551	0.997258	-0.0345952	-0.0653933	0.00205965	0.692567	0.721232	0.0120536	-0.00543767
0.715977	-0.696244	0.029888	-0.0415795	0.998851	-0.0173324	-0.0445526	0.00346428	0.838526	-0.381516	0.247742	-0.299906	0.657312	-0.635083	-0.153451	0.375585	0.839224	-0.330168	-0.326779	0.28268	0.666445	-0.633322	-0.0244723	-0.392627	0.999494	-0.0224794	-0.0224687	-0.000829437	0.691302	0.722056	-0.0101826	0.0251551	0.99726	-0.0346087	-0.065356	0.00206299	0.692562	0.721238	0.0120264	-0.00542827
0.715977	-0.696244	0.029888	-0.0415795	0.998851	-0.0173176	-0.0445515	0.00346342	0.838515	-0.372872	0.254448	-0.305147	0.65165	-0.642432	-0.155401	0.372135	0.839224	-0.330168	-0.326779	0.28268	0.664367	-0.634871	-0.020337	-0.393881	0.999494	-0.0224913	-0.0224708	-0.000831997	0.691305	0.722053	-0.0101756	0.0251549	0.99726	-0.0346087	-0.065356	0.00206299	0.692563	0.721237	0.0120372	-0.00541483
0.715978	-0.69624	0.0299031	-0.0415933	0.998849	-0.0173245	-0.0445814	0.00347586	0.837665	-0.364528	0.261694	-0.311371	0.645781	-0.648979	-0.158693	0.369608	0.839217	-0.330176	-0.326795	0.282673	0.662211	-0.636376	-0.0160455	-0.395278	0.999494	-0.0224862	-0.0224917	-0.000838931	0.691309	0.722049	-0.0101722	0.0251673	0.997259	-0.0346154	-0.0653535	0.00207204	0.692563	0.721237	0.0120186	-0.00541116
0.715982	-0.696237	0.029902	-0.0415849	0.99885	-0.0173296	-0.0445746	0.00347074	0.83766	-0.364533	0.2617	-0.311374	0.645781	-0.648979	-0.158693	0.369608	0.839672	-0.316434	-0.332277	0.290538	0.654143	-0.649027	-0.0137119	-0.388166	0.999494	-0.0224912	-0.0224849	-0.000844134	0.691309	0.722049	-0.0101722	0.0251673	0.997262	-0.0346192	-0.0653188	0.00207151	0.692564	0.721236	0.0119956	-0.00539481
0.715982	-0.696237	0.029902	-0.0415849	0.99885	-0.017321	-0.0445616	0.00347179	0.836487	-0.356495	0.269444	-0.317177	0.64073	-0.654442	-0.162857	0.366946	0.839672	-0.316434	-0.332277	0.290538	0.652082	-0.650494	-0.00958882	-0.3893	0.999494	-0.0224854	-0.0224809	-0.000838083	0.691308	0.72205	-0.0101767	0.0251598	0.997262	-0.0346192	-0.0653188	0.00207151	0.692565	0.721236	0.0119996	-0.00540024
0.71598	-0.696239	0.0299001	-0.0415891	0.99885	-0.0173213	-0.0445683	0.00348065	0.835542	-0.347961	0.277597	-0.322076	0.636325	-0.65943	-0.167458	0.363594	0.839671	-0.316431	-0.332281	0.29054	0.650072	-0.652124	-0.00565905	-0.390012	0.999494	-0.0224745	-0.0224815	-0.000837953	0.691303	0.722055	-0.0101729	0.0251577	0.997264	-0.0346069	-0.0652822	0.00209883	0.692573	0.721228	0.0119673	-0.00538992
0.71598	-0.696239	0.0299001	-0.0415891	0.998851	-0.0173203	-0.0445526	0.00348777	0.83479	-0.33911	0.285432	-0.326586	0.632182	-0.66387	-0.171765	0.36072	0.839671	-0.316431	-0.332281	0.29054	0.650072	-0.652124	-0.00565905	-0.390012	0.999494	-0.0224745	-0.0224815	-0.000837953	0.691303	0.722055	-0.01018	0.0251589	0.997264	-0.0346069	-0.0652822	0.00209883	0.692572	0.72123	0.0119527	-0.00538848
0.715969	-0.69625	0.0299033	-0.0415882	0.998851	-0.0172975	-0.0445623	0.00348789	0.83401	-0.330688	0.29243	-0.330996	0.628276	-0.66748	-0.176033	0.358822	0.841027	-0.29483	-0.342041	0.29792	0.634923	-0.673377	0.001034	-0.378728	0.999494	-0.0224767	-0.0224781	-0.000862655	0.691292	0.722065	-0.010175	0.0251818	0.997266	-0.0345935	-0.0652709	0.00210887	0.692569	0.721233	0.0119344	-0.00539157
0.715984	-0.696234	0.0299255	-0.0415797	0.99885	-0.0173346	-0.0445649	0.00345979	0.833088	-0.322737	0.299148	-0.335134	0.624506	-0.670691	-0.180781	0.357049	0.840867	-0.287703	-0.346082	0.30066	0.629347	-0.680628	0.00509929	-0.375024	0.999494	-0.022491	-0.0224636	-0.000882609	0.691298	0.72206	-0.0102179	0.0251385	0.997267	-0.0346134	-0.0652329	0.00208848	0.692568	0.721234	0.0119062	-0.00536964
0.715977	-0.696241	0.0299243	-0.041603	0.99885	-0.0173051	-0.0445756	0.00348642	0.832029	-0.314578	0.306821	-0.338568	0.620673	-0.674226	-0.186039	0.354364	0.840859	-0.287694	-0.346102	0.300667	0.627504	-0.681303	0.00780005	-0.376835	0.999495	-0.022474	-0.0224687	-0.000870007	0.691302	0.722055	-0.0102323	0.0251659	0.997268	-0.0346093	-0.0652199	0.00210409	0.692569	0.721234	0.0119025	-0.00532238
0.71597	-0.696249	0.0299051	-0.0415981	0.998851	-0.0173168	-0.0445519	0.00349761	0.832031	-0.314579	0.306836	-0.338551	0.620747	-0.670993	-0.187806	0.359404	0.840865	-0.287677	-0.346094	0.300678	0.627504	-0.681303	0.00780005	-0.376835	0.999495	-0.0224638	-0.0224517	-0.000859406	0.691314	0.722043	-0.0102353	0.0251639	0.99727	-0.034589	-0.0652013	0.00211789	0.692576	0.721227	0.0118994	-0.00532334
0.715981	-0.696237	0.0299028	-0.041597	0.998851	-0.0173318	-0.044541	0.00349988	0.828986	-0.298056	0.323056	-0.345803	0.610592	-0.682542	-0.198182	0.349339	0.838241	-0.268716	-0.357707	0.311753	0.613936	-0.697576	0.0194606	-0.368906	0.999496	-0.0224609	-0.0224184	-0.000843535	0.691336	0.722022	-0.0102495	0.0251651	0.997271	-0.0346084	-0.0651805	0.00211139	0.692563	0.72124	0.011898	-0.00532048
0.715972	-0.696245	0.0299127	-0.0416078	0.998851	-0.0173129	-0.0445561	0.00351652	0.827677	-0.289241	0.33177	-0.348166	0.605801	-0.687129	-0.203437	0.345648	0.837185	-0.262476	-0.361562	0.315437	0.609826	-0.701919	0.0247355	-0.367164	0.999496	-0.0224455	-0.0224323	-0.00082681	0.691333	0.722026	-0.0102739	0.0251515	0.997271	-0.0345864	-0.0651858	0.0021195	0.692576	0.721227	0.011888	-0.00532134
0.715978	-0.696239	0.0299183	-0.0416052	0.99885	-0.0173387	-0.0445619	0.0035035	0.826195	-0.280595	0.340084	-0.350731	0.601076	-0.691412	-0.208242	0.342479	0.83661	-0.255589	-0.365451	0.318125	0.605622	-0.706385	0.028677	-0.365267	0.999496	-0.0224582	-0.0224177	-0.000825961	0.691329	0.722028	-0.010307	0.0251624	0.997272	-0.0345921	-0.0651717	0.00211994	0.692583	0.72122	0.0118728	-0.00531523
0.71595	-0.696265	0.0299718	-0.0416161	0.998849	-0.0173003	-0.0446071	0.00347344	0.826212	-0.280537	0.340068	-0.350753	0.601076	-0.691412	-0.208242	0.342479	0.836431	-0.247984	-0.369757	0.319636	0.60144	-0.711154	0.0320042	-0.362637	0.999496	-0.0224127	-0.0224442	-0.000855142	0.691333	0.722024	-0.01032	0.0251754	0.997274	-0.0345372	-0.0651733	0.00210064	0.692599	0.721206	0.0118244	-0.00529822
0.715954	-0.696262	0.0299625	-0.0416177	0.998849	-0.0173246	-0.0445942	0.00346733	0.821913	-0.263426	0.356833	-0.357402	0.591386	-0.699426	-0.218571	0.336589	0.836321	-0.24056	-0.374156	0.320477	0.597484	-0.715694	0.0353585	-0.359924	0.999497	-0.0224217	-0.0224005	-0.000842719	0.691332	0.722024	-0.0103491	0.02519	0.997274	-0.0345563	-0.0651603	0.00212926	0.692595	0.72121	0.0118123	-0.00530895
0.715957	-0.696258	0.0299586	-0.0416174	0.998848	-0.0173453	-0.0446083	0.00343232	0.819106	-0.255074	0.365316	-0.361313	0.586385	-0.702982	-0.224413	0.334077	0.835725	-0.233432	-0.378777	0.321873	0.593149	-0.720387	0.0395491	-0.357286	0.999497	-0.0224313	-0.0223825	-0.00083497	0.691324	0.722032	-0.0103712	0.0251933	0.997276	-0.0345464	-0.0651361	0.00213104	0.692595	0.721211	0.0118101	-0.00529788
0.715967	-0.696247	0.029973	-0.0416323	0.998847	-0.0173635	-0.044624	0.00341664	0.815635	-0.246942	0.374053	-0.365846	0.581083	-0.706198	-0.231196	0.331928	0.83493	-0.226334	-0.38302	0.323976	0.588448	-0.725358	0.0442053	-0.354444	0.999497	-0.0224386	-0.0224127	-0.000840379	0.691331	0.722024	-0.0103476	0.0252061	0.997274	-0.034561	-0.0651569	0.00213115	0.692622	0.721185	0.0118377	-0.00519435
0.715964	-0.696251	0.0299689	-0.0416247	0.998848	-0.017357	-0.0446097	0.00341517	0.811975	-0.238349	0.383372	-0.370016	0.575942	-0.709265	-0.238256	0.329344	0.83428	-0.219643	-0.386206	0.326463	0.583756	-0.730105	0.0483023	-0.351914	0.999497	-0.0224482	-0.0223805	-0.000833397	0.691331	0.722024	-0.0103628	0.0251996	0.997274	-0.0345556	-0.0651592	0.00211652	0.692624	0.721182	0.0118757	-0.00520552
0.715959	-0.696257	0.0299682	-0.0416139	0.998848	-0.017342	-0.0446037	0.00342445	0.808325	-0.229812	0.392541	-0.373775	0.571258	-0.711826	-0.245198	0.326874	0.833449	-0.213211	-0.388982	0.329539	0.578901	-0.734985	0.0520293	-0.349234	0.999498	-0.022436	-0.0223582	-0.000830109	0.691338	0.722017	-0.0103722	0.0252059	0.997275	-0.0345479	-0.0651509	0.00210939	0.692631	0.721176	0.0118792	-0.0051934
0.715951	-0.696265	0.0299733	-0.0416189	0.998849	-0.0173293	-0.0446022	0.00340091	0.80479	-0.221687	0.401169	-0.377136	0.567052	-0.713949	-0.251158	0.325035	0.83269	-0.20634	-0.391669	0.332635	0.573982	-0.740156	0.0551243	-0.345939	0.999498	-0.0224264	-0.0223507	-0.000842836	0.691333	0.722021	-0.0103644	0.0252215	0.997276	-0.0345167	-0.0651451	0.00210746	0.692639	0.721168	0.0118834	-0.0051832
0.715953	-0.696262	0.029964	-0.0416247	0.998849	-0.0173374	-0.0445911	0.00341847	0.801281	-0.213929	0.409226	-0.380418	0.563255	-0.715718	-0.256841	0.323303	0.832687	-0.206339	-0.391667	0.332646	0.573713	-0.740082	0.05694	-0.346252	0.999499	-0.0224137	-0.0223389	-0.000843133	0.69134	0.722015	-0.0103706	0.0252374	0.997276	-0.0345204	-0.0651428	0.00211826	0.692641	0.721167	0.0118718	-0.00518884
0.71595	-0.696265	0.029964	-0.0416305	0.998848	-0.0173248	-0.0446084	0.00343439	0.797906	-0.206591	0.416522	-0.383635	0.559785	-0.717256	-0.262386	0.321463	0.83088	-0.193326	-0.396239	0.339497	0.564236	-0.750202	0.0604964	-0.339373	0.999499	-0.0224142	-0.0223255	-0.000830736	0.691327	0.722027	-0.0103782	0.025233	0.997279	-0.0344993	-0.065119	0.00212103	0.692658	0.72115	0.0118388	-0.00518378
0.715955	-0.696259	0.029969	-0.0416306	0.998849	-0.0173371	-0.0445945	0.00341733	0.794679	-0.199703	0.423271	-0.386583	0.556421	-0.718801	-0.267328	0.319775	0.829677	-0.187141	-0.39825	0.343527	0.559417	-0.754997	0.0633677	-0.33618	0.9995	-0.0224107	-0.022306	-0.00081972	0.691348	0.722006	-0.0103983	0.0252344	0.997281	-0.0344921	-0.0650908	0.0021207	0.692667	0.721142	0.0118137	-0.00516616
0.715959	-0.696256	0.0299695	-0.0416281	0.998849	-0.0173417	-0.0445931	0.0034152	0.794676	-0.199706	0.42327	-0.386586	0.556421	-0.718801	-0.267328	0.319775	0.828517	-0.180924	-0.40043	0.347105	0.555074	-0.759448	0.0653698	-0.332955	0.9995	-0.0224085	-0.0222731	-0.000820167	0.691353	0.722001	-0.0104216	0.0252556	0.997282	-0.0344969	-0.0650617	0.00213613	0.692669	0.721141	0.0117817	-0.00515932
0.715959	-0.696256	0.0299695	-0.0416281	0.998849	-0.0173219	-0.0445891	0.00340846	0.791579	-0.193108	0.42958	-0.389324	0.553155	-0.720365	-0.271936	0.318032	0.828517	-0.180924	-0.40043	0.347105	0.555074	-0.759448	0.0653698	-0.332955	0.9995	-0.0224085	-0.0222731	-0.000820167	0.691351	0.722002	-0.0104126	0.0252559	0.997282	-0.0344969	-0.0650617	0.00213613	0.692675	0.721136	0.0117835	-0.00514841
0.715949	-0.696265	0.029971	-0.0416388	0.998849	-0.0173117	-0.044601	0.00341855	0.788537	-0.186576	0.435434	-0.392168	0.54989	-0.721836	-0.276778	0.316176	0.827192	-0.17496	-0.402706	0.350671	0.551241	-0.763307	0.0670856	-0.330144	0.999501	-0.0223907	-0.0222491	-0.000811583	0.691353	0.721999	-0.0104296	0.025276	0.997284	-0.0344871	-0.0650376	0.00216741	0.692679	0.721132	0.0117295	-0.00517475
0.715947	-0.696267	0.0299868	-0.0416361	0.998849	-0.0173097	-0.0446102	0.00340544	0.788537	-0.186565	0.43543	-0.392178	0.54989	-0.721836	-0.276778	0.316176	0.825689	-0.169069	-0.40527	0.354131	0.547901	-0.766625	0.0685809	-0.327699	0.999501	-0.0224095	-0.0222507	-0.000820146	0.691338	0.722014	-0.010439	0.0252775	0.997286	-0.0344701	-0.0650227	0.00215055	0.69269	0.721121	0.0117154	-0.00515497
0.715947	-0.696267	0.0299868	-0.0416361	0.998849	-0.0173144	-0.0446112	0.00338441	0.78599	-0.180013	0.440408	-0.394785	0.546226	-0.723699	-0.280517	0.314973	0.825689	-0.169069	-0.40527	0.354131	0.547901	-0.766625	0.0685809	-0.327699	0.999501	-0.0224095	-0.0222507	-0.000820146	0.691331	0.722021	-0.010419	0.0252673	0.997286	-0.0344701	-0.0650227	0.00215055	0.692711	0.721102	0.0117435	-0.00515284
0.715945	-0.696269	0.0299927	-0.041631	0.998849	-0.0173155	-0.0445977	0.00337349	0.783589	-0.173598	0.445048	-0.397222	0.542598	-0.725383	-0.284605	0.313699	0.823661	-0.16292	-0.408557	0.35794	0.544795	-0.769635	0.0705814	-0.32539	0.999501	-0.0224082	-0.0222481	-0.000827077	0.69133	0.722022	-0.0104155	0.0252856	0.997288	-0.0344682	-0.0649877	0.00215401	0.692708	0.721105	0.011702	-0.00514484
0.715942	-0.696271	0.0299992	-0.041636	0.998849	-0.0173224	-0.0446088	0.00338201	0.781689	-0.166639	0.449378	-0.399064	0.539203	-0.726949	-0.288443	0.31242	0.821489	-0.155822	-0.412447	0.361612	0.542017	-0.772411	0.0725573	-0.32301	0.999501	-0.0224062	-0.0222437	-0.00083661	0.691333	0.722018	-0.0104302	0.0253003	0.997288	-0.0344609	-0.0649962	0.00213599	0.692719	0.721094	0.0117199	-0.00514242
0.715933	-0.69628	0.0300089	-0.0416444	0.998848	-0.0173042	-0.0446226	0.0033984	0.781697	-0.166625	0.449373	-0.399061	0.540081	-0.72361	-0.290148	0.317041	0.819045	-0.147881	-0.416864	0.365404	0.539043	-0.775148	0.0746839	-0.320938	0.999502	-0.0223986	-0.0222302	-0.000833274	0.691327	0.722023	-0.0104453	0.0253094	0.997289	-0.0344437	-0.0649846	0.00213999	0.692725	0.721089	0.0117031	-0.00512091
0.715937	-0.696275	0.0300173	-0.0416403	0.998848	-0.0173108	-0.0446256	0.0033895	0.781694	-0.166624	0.44937	-0.399071	0.540081	-0.72361	-0.290148	0.317041	0.815965	-0.139214	-0.422204	0.369547	0.533281	-0.781585	0.0777966	-0.314141	0.999501	-0.0224049	-0.0222332	-0.000842339	0.691327	0.722023	-0.0104453	0.0253094	0.997289	-0.0344504	-0.0649875	0.00213117	0.692725	0.721089	0.0117031	-0.00512091
0.715937	-0.696275	0.0300173	-0.0416403	0.998848	-0.0173105	-0.0446255	0.00341168	0.777601	-0.151344	0.459258	-0.401887	0.531676	-0.730781	-0.295371	0.309898	0.815965	-0.139214	-0.422204	0.369547	0.535697	-0.777981	0.0777336	-0.318955	0.999502	-0.0224204	-0.0222114	-0.000837229	0.691307	0.722041	-0.0104784	0.0253151	0.997289	-0.0344504	-0.0649875	0.00213117	0.692723	0.721091	0.0117049	-0.00512198
0.715922	-0.69629	0.0300167	-0.0416567	0.998847	-0.0172803	-0.0446497	0.00341214	0.775194	-0.143535	0.463803	-0.404176	0.527526	-0.731868	-0.300771	0.309229	0.815958	-0.139195	-0.422222	0.369548	0.5382	-0.773823	0.0783488	-0.324655	0.999502	-0.0224039	-0.0222119	-0.000820219	0.691307	0.722042	-0.0104736	0.0253088	0.997289	-0.0344282	-0.0649988	0.00214274	0.692728	0.721085	0.0117292	-0.00510628
0.715933	-0.696279	0.0300244	-0.0416475	0.998847	-0.0173118	-0.0446432	0.00339808	0.775186	-0.143541	0.4638	-0.404193	0.528852	-0.727148	-0.303931	0.314956	0.808246	-0.119229	-0.435659	0.377789	0.528285	-0.784112	0.0856399	-0.314243	0.999502	-0.0224233	-0.0222007	-0.000834091	0.691312	0.722037	-0.0104899	0.0253268	0.997288	-0.0344716	-0.0649864	0.00211858	0.692705	0.721108	0.0117353	-0.00510229
0.715914	-0.696297	0.030032	-0.04165	0.998848	-0.0172902	-0.0446462	0.00337967	0.775192	-0.143517	0.463805	-0.404184	0.530017	-0.722055	-0.307247	0.321431	0.808247	-0.119212	-0.435674	0.377775	0.530641	-0.779716	0.0855599	-0.321157	0.999502	-0.0224196	-0.0221991	-0.000832411	0.691293	0.722054	-0.0104716	0.0253546	0.997289	-0.0344461	-0.0649933	0.00211442	0.692694	0.721118	0.0117337	-0.00512012
0.715921	-0.696288	0.0300488	-0.0416692	0.998846	-0.0172995	-0.0446689	0.00339366	0.775203	-0.143516	0.463781	-0.404191	0.531833	-0.715836	-0.312034	0.327668	0.808234	-0.11923	-0.435691	0.377778	0.530641	-0.779716	0.0855599	-0.321157	0.999501	-0.0224307	-0.0222246	-0.000831228	0.691298	0.722049	-0.0104812	0.0253332	0.997288	-0.0344625	-0.0649913	0.00212473	0.692705	0.721108	0.0117188	-0.00510377
0.715921	-0.696288	0.0300488	-0.0416692	0.998846	-0.0172934	-0.0446736	0.00339542	0.775203	-0.143516	0.463781	-0.404191	0.533721	-0.709316	-0.316891	0.334056	0.808234	-0.11923	-0.435691	0.377778	0.530641	-0.779716	0.0855599	-0.321157	0.999501	-0.0224307	-0.0222246	-0.000831228	0.691298	0.722049	-0.0104789	0.0253249	0.997288	-0.0344625	-0.0649913	0.00212473	0.69271	0.721103	0.011743	-0.00508812
0.715932	-0.696276	0.0300455	-0.0416851	0.998846	-0.0173079	-0.0446665	0.00339401	0.77521	-0.143532	0.463765	-0.40419	0.535808	-0.702727	-0.321873	0.339827	0.789702	-0.0804844	-0.463821	0.393399	0.5154	-0.793447	0.100481	-0.307748	0.999501	-0.0224343	-0.0222146	-0.00083741	0.691304	0.722043	-0.0104703	0.0253526	0.99729	-0.0344589	-0.0649623	0.00212816	0.692722	0.721092	0.0117222	-0.00505793
0.715937	-0.696271	0.0300441	-0.0416946	0.998846	-0.0173147	-0.0446585	0.00341847	0.775215	-0.143538	0.463757	-0.404189	0.538016	-0.696286	-0.326952	0.344712	0.786138	-0.0715821	-0.46899	0.39612	0.513896	-0.794319	0.101893	-0.30755	0.999501	-0.022445	-0.0221986	-0.000833003	0.691294	0.722053	-0.0104619	0.0253576	0.997289	-0.0344567	-0.0649753	0.00215559	0.692735	0.72108	0.0117154	-0.00508031
0.715929	-0.696281	0.0300431	-0.0416695	0.998847	-0.0173132	-0.0446467	0.00339658	0.775201	-0.143528	0.463779	-0.404193	0.54011	-0.690061	-0.331892	0.349205	0.786155	-0.0715725	-0.468979	0.396102	0.518276	-0.788775	0.101207	-0.314612	0.999503	-0.0224196	-0.0221619	-0.000847449	0.691298	0.722048	-0.0104786	0.0253642	0.997293	-0.0344358	-0.064939	0.00212886	0.692739	0.721075	0.0117109	-0.0050646
0.715935	-0.696274	0.0300316	-0.0416844	0.998847	-0.017316	-0.0446386	0.0034119	0.757472	-0.064268	0.499851	-0.415036	0.491537	-0.742178	-0.336506	0.307127	0.780076	-0.0547201	-0.477299	0.400839	0.512703	-0.794521	0.103097	-0.308616	0.999503	-0.0224408	-0.0221436	-0.000839267	0.691295	0.72205	-0.0104764	0.025399	0.997293	-0.0344464	-0.0649232	0.00215799	0.692736	0.721079	0.0117207	-0.00505044
0.715936	-0.696275	0.0300126	-0.0416703	0.998848	-0.0173156	-0.0446152	0.00341542	0.757461	-0.0642792	0.499869	-0.415033	0.491537	-0.742178	-0.336506	0.307127	0.776607	-0.0466279	-0.480751	0.404459	0.506697	-0.800177	0.105237	-0.30315	0.999504	-0.0224373	-0.022103	-0.000827593	0.691298	0.722047	-0.010494	0.0254055	0.997295	-0.034446	-0.0648999	0.00216192	0.692736	0.721079	0.0117207	-0.00505044
0.715936	-0.696275	0.0300126	-0.0416703	0.998848	-0.0173212	-0.0446151	0.00342076	0.755096	-0.0549639	0.503616	-0.41615	0.486768	-0.744011	-0.339854	0.306601	0.776607	-0.0466279	-0.480751	0.404459	0.511591	-0.794673	0.104237	-0.309685	0.999504	-0.0224373	-0.022103	-0.000827593	0.691293	0.722052	-0.0104842	0.0253949	0.997295	-0.034446	-0.0648999	0.00216192	0.692733	0.721081	0.0117277	-0.00507712
0.715937	-0.696273	0.0300172	-0.0416794	0.998849	-0.0173273	-0.0446077	0.0033873	0.755102	-0.054963	0.503607	-0.416149	0.488197	-0.739521	-0.343841	0.310717	0.772469	-0.0387823	-0.484273	0.408983	0.510176	-0.794846	0.106977	-0.310638	0.999503	-0.0224676	-0.0220828	-0.000844646	0.691268	0.722076	-0.0104814	0.0254178	0.997295	-0.0344433	-0.0649011	0.0021678	0.692744	0.721071	0.0117079	-0.00506005
0.715935	-0.696275	0.0300141	-0.0416816	0.998849	-0.0173137	-0.0446072	0.00340359	0.755103	-0.0549637	0.503608	-0.416145	0.488197	-0.739521	-0.343841	0.310717	0.772468	-0.0387785	-0.484274	0.408985	0.515202	-0.789284	0.106709	-0.31656	0.999504	-0.0224659	-0.0220481	-0.000822435	0.69128	0.722063	-0.0105102	0.0254216	0.997295	-0.034441	-0.0649006	0.00217159	0.692746	0.721069	0.0117208	-0.00506151
0.715928	-0.696282	0.0300192	-0.0416861	0.998849	-0.0173092	-0.0446002	0.00340177	0.755107	-0.0549532	0.503608	-0.41614	0.491105	-0.732022	-0.348909	0.318154	0.772465	-0.0387732	-0.484283	0.40898	0.515202	-0.789284	0.106709	-0.31656	0.999504	-0.0224557	-0.0220548	-0.000822653	0.691279	0.722064	-0.0104899	0.0254162	0.997297	-0.0344243	-0.0648812	0.00220723	0.692752	0.721063	0.011677	-0.00506918
0.715921	-0.696289	0.0300243	-0.0416905	0.998849	-0.017299	-0.0446069	0.00340136	0.755111	-0.0549428	0.503607	-0.416135	0.491105	-0.732022	-0.348909	0.318154	0.76373	-0.00924895	-0.490498	0.419574	0.503895	-0.798208	0.107922	-0.311939	0.999504	-0.0224513	-0.0220495	-0.00082951	0.691275	0.722068	-0.0104939	0.0254292	0.9973	-0.0344039	-0.0648369	0.00221535	0.69276	0.721056	0.0116346	-0.00503957
0.715921	-0.696289	0.0300243	-0.0416905	0.998849	-0.0173054	-0.0446081	0.00340651	0.755111	-0.0549428	0.503607	-0.416135	0.492522	-0.729394	-0.349277	0.321577	0.76373	-0.00924895	-0.490498	0.419574	0.503895	-0.798208	0.107922	-0.311939	0.999504	-0.0224513	-0.0220495	-0.00082951	0.691284	0.722059	-0.0104796	0.02543	0.9973	-0.0344039	-0.0648369	0.00221535	0.692767	0.72105	0.0116477	-0.0050587
0.715924	-0.696287	0.0300131	-0.0416832	0.99885	-0.0173029	-0.0445811	0.0034211	0.755106	-0.0549525	0.503615	-0.416134	0.49399	-0.726975	-0.349472	0.324579	0.761327	0.00130728	-0.491535	0.422815	0.501274	-0.800022	0.107191	-0.311769	0.999505	-0.0224455	-0.0220129	-0.000807726	0.691293	0.722051	-0.0105028	0.0254224	0.997301	-0.0344077	-0.0648239	0.00221844	0.692769	0.721048	0.0116621	-0.00505888
0.715932	-0.696279	0.0300335	-0.0416664	0.99885	-0.0173128	-0.0445793	0.00338258	0.755095	-0.0549453	0.50361	-0.41616	0.495175	-0.724826	-0.349439	0.327601	0.758967	0.0118809	-0.49214	0.426176	0.498594	-0.802035	0.106463	-0.311143	0.999506	-0.0224508	-0.0219932	-0.000841063	0.691297	0.722046	-0.0105203	0.0254378	0.9973	-0.0344238	-0.0648246	0.00219392	0.692768	0.721048	0.0116501	-0.00506495
0.715932	-0.696279	0.0300335	-0.0416664	0.99885	-0.0173128	-0.0445793	0.00338258	0.755095	-0.0549453	0.50361	-0.41616	0.495175	-0.724826	-0.349439	0.327601	0.758967	0.0118809	-0.49214	0.426176	0.503679	-0.79755	0.106763	-0.314361	0.999506	-0.0224531	-0.021979	-0.000852665	0.691295	0.722047	-0.0105223	0.025456	0.9973	-0.0344238	-0.0648246	0.00219392	0.692768	0.721048	0.0116501	-0.00506495
0.715932	-0.696277	0.0300348	-0.0416851	0.99885	-0.0173209	-0.0445703	0.00340054	0.755108	-0.0549473	0.503598	-0.416152	0.496199	-0.722542	-0.349894	0.330596	0.758955	0.0118795	-0.49215	0.426187	0.508393	-0.793672	0.106344	-0.316723	0.999506	-0.0224609	-0.0219848	-0.000833108	0.691287	0.722055	-0.0105194	0.0254661	0.997301	-0.0344027	-0.0648317	0.00218597	0.692783	0.721034	0.0116452	-0.00504919
0.715932	-0.696277	0.0300348	-0.0416851	0.998851	-0.017338	-0.0445574	0.00341028	0.745782	-0.0148887	0.52181	-0.413886	0.475479	-0.748301	-0.346848	0.306043	0.758955	0.0118795	-0.49215	0.426187	0.508393	-0.793672	0.106344	-0.316723	0.999506	-0.0224609	-0.0219848	-0.000833108	0.691283	0.722059	-0.0105065	0.0254564	0.997301	-0.0344027	-0.0648317	0.00218597	0.692789	0.721029	0.0116472	-0.00505258
0.715923	-0.696286	0.0300322	-0.0416901	0.99885	-0.0173309	-0.0445738	0.00342528	0.745785	-0.0148821	0.521814	-0.413875	0.476304	-0.746113	-0.347838	0.308964	0.758951	0.0118911	-0.492156	0.426185	0.512692	-0.790422	0.105744	-0.318117	0.999506	-0.0224445	-0.021992	-0.000817276	0.691291	0.722052	-0.0105063	0.0254328	0.997304	-0.0344146	-0.0647701	0.00220277	0.692779	0.721039	0.0116117	-0.0050217
0.715926	-0.696282	0.0300447	-0.0416986	0.998849	-0.0173353	-0.0445842	0.00343742	0.744343	-0.0101098	0.52471	-0.412954	0.475018	-0.747107	-0.349421	0.306747	0.758945	0.0118802	-0.492166	0.426185	0.516701	-0.787732	0.105168	-0.318493	0.999506	-0.0224545	-0.0219662	-0.000819477	0.691287	0.722054	-0.010525	0.0254693	0.997305	-0.0344242	-0.0647529	0.00220016	0.692773	0.721045	0.0115891	-0.00501863
0.71593	-0.696278	0.0300382	-0.0417004	0.998849	-0.0173411	-0.0445809	0.0034433	0.744015	-0.0056062	0.524986	-0.41328	0.473242	-0.748312	-0.349513	0.306451	0.750974	0.053941	-0.485945	0.443831	0.487889	-0.81194	0.0952748	-0.306006	0.999507	-0.0224707	-0.021898	-0.000807648	0.691289	0.722051	-0.010562	0.0255037	0.997308	-0.0344607	-0.0646822	0.00222125	0.692752	0.721067	0.011517	-0.00500457
0.715931	-0.696278	0.0300158	-0.0417033	0.99885	-0.0173442	-0.0445559	0.00344834	0.744015	-0.00562272	0.524996	-0.413268	0.477165	-0.745925	-0.352527	0.302712	0.750998	0.0559925	-0.484792	0.444796	0.489672	-0.812468	0.0925838	-0.302564	0.999509	-0.0224724	-0.021838	-0.000804304	0.691309	0.722031	-0.0105764	0.0255203	0.997309	-0.0344646	-0.0646646	0.00222436	0.692758	0.72106	0.0115273	-0.00500669
0.715935	-0.696274	0.0300254	-0.0416819	0.998852	-0.017359	-0.0445137	0.00342645	0.744001	-0.00561726	0.525	-0.413286	0.481301	-0.74527	-0.354342	0.295573	0.747328	0.0594489	-0.48599	0.4492	0.488158	-0.815688	0.09284	-0.2962	0.99951	-0.0224674	-0.0217865	-0.000795874	0.691312	0.722027	-0.0106352	0.0255297	0.997313	-0.0344734	-0.0646046	0.00219803	0.692758	0.721061	0.0115088	-0.00497463
0.715919	-0.69629	0.0300309	-0.0416817	0.998852	-0.0173422	-0.0445167	0.00342614	0.744002	-0.00559745	0.525007	-0.413276	0.4837	-0.745377	-0.354293	0.291417	0.745411	0.0628276	-0.485751	0.452174	0.487278	-0.817637	0.09219	-0.292457	0.999511	-0.0224515	-0.0217414	-0.000798411	0.6913	0.722036	-0.0106578	0.0255825	0.997315	-0.0344518	-0.0645769	0.0022005	0.692741	0.721078	0.0115027	-0.00495815
0.715923	-0.696288	0.0300277	-0.0416664	0.998852	-0.0173582	-0.044509	0.00341499	0.743991	-0.00560106	0.525015	-0.413285	0.486716	-0.745161	-0.354729	0.286375	0.745421	0.0628262	-0.48574	0.452169	0.491383	-0.816443	0.0913542	-0.289168	0.999512	-0.0224638	-0.0217064	-0.000795451	0.6913	0.722037	-0.0106653	0.0255713	0.997318	-0.0344547	-0.0645346	0.00218593	0.692745	0.721074	0.0114858	-0.00493169
0.715915	-0.696295	0.0300248	-0.0416788	0.998853	-0.0173405	-0.0445099	0.0034055	0.744	-0.00559682	0.525014	-0.413271	0.490266	-0.744836	-0.354812	0.281012	0.743106	0.0726473	-0.48211	0.458351	0.485328	-0.821491	0.0894162	-0.285681	0.999512	-0.0224582	-0.0216745	-0.000785684	0.6913	0.722035	-0.0106749	0.0255974	0.997321	-0.03446	-0.0644831	0.00218122	0.692743	0.721077	0.0114766	-0.00488986
0.715907	-0.696303	0.0300219	-0.0416911	0.998852	-0.0173299	-0.0445166	0.00341633	0.744008	-0.00559258	0.525014	-0.413258	0.490266	-0.744836	-0.354812	0.281012	0.741877	0.0781698	-0.48023	0.461398	0.479822	-0.82506	0.0882968	-0.285046	0.999513	-0.0224478	-0.0216812	-0.000774649	0.6913	0.722035	-0.0106749	0.0255974	0.997322	-0.0344461	-0.0644851	0.00218099	0.692745	0.721075	0.0114807	-0.0048787
0.715907	-0.696303	0.0300219	-0.0416911	0.998853	-0.0173235	-0.0444972	0.0034177	0.744008	-0.00559258	0.525014	-0.413258	0.494312	-0.744001	-0.355149	0.275658	0.741877	0.0781698	-0.48023	0.461398	0.479822	-0.82506	0.0882968	-0.285046	0.999513	-0.0224543	-0.0216519	-0.000765927	0.691293	0.722041	-0.0106897	0.0256067	0.997322	-0.0344461	-0.0644851	0.00218099	0.692743	0.721076	0.0114976	-0.00487072
0.715909	-0.6963	0.0300345	-0.0416923	0.998853	-0.0173377	-0.0445017	0.00340878	0.74401	-0.00558575	0.525005	-0.413265	0.498213	-0.742971	-0.35566	0.270711	0.741225	0.0826514	-0.478066	0.463905	0.482988	-0.824522	0.090685	-0.280469	0.999514	-0.0224515	-0.0216265	-0.000781506	0.691306	0.722029	-0.0106953	0.0256124	0.997321	-0.0344365	-0.0645023	0.00216565	0.692741	0.721078	0.0115236	-0.00489049
0.715916	-0.696293	0.030047	-0.0416834	0.998853	-0.0173423	-0.0445096	0.00339729	0.744005	-0.00558397	0.524999	-0.413282	0.501222	-0.742063	-0.35645	0.266576	0.741232	0.0826351	-0.478064	0.463898	0.482988	-0.824522	0.090685	-0.280469	0.999513	-0.0224827	-0.0216107	-0.000813868	0.691296	0.722038	-0.0106868	0.0256382	0.99732	-0.0344477	-0.0645046	0.00215065	0.692732	0.721087	0.011523	-0.00489405
0.715909	-0.6963	0.0300521	-0.0416878	0.998853	-0.0173255	-0.0445072	0.00339345	0.744008	-0.00557368	0.524999	-0.413276	0.503178	-0.741568	-0.357063	0.26343	0.742882	0.0879771	-0.473042	0.465422	0.483493	-0.825221	0.0881089	-0.278354	0.999514	-0.0224809	-0.0215985	-0.000799582	0.691282	0.722051	-0.0107054	0.0256439	0.997321	-0.0344444	-0.06449	0.00216298	0.692741	0.721078	0.0115004	-0.00489444
0.715906	-0.696303	0.0300506	-0.041694	0.998854	-0.0173445	-0.0444694	0.00340391	0.744012	-0.00557229	0.524998	-0.41327	0.505037	-0.741852	-0.357307	0.258699	0.742877	0.0879813	-0.473046	0.465425	0.487356	-0.824722	0.0864713	-0.273571	0.999515	-0.0224919	-0.021506	-0.000796055	0.691262	0.722067	-0.0107698	0.0256744	0.997322	-0.0344261	-0.0644877	0.00215565	0.69274	0.721079	0.0115083	-0.00489589
0.715909	-0.6963	0.0300522	-0.0416805	0.998854	-0.0173719	-0.0444637	0.00338955	0.765313	0.0360458	0.476253	-0.431486	0.473572	-0.769353	-0.312641	0.293398	0.747191	0.0909626	-0.463709	0.467339	0.485212	-0.825395	0.0787702	-0.277648	0.999516	-0.022499	-0.0214672	-0.000802966	0.691261	0.722067	-0.0107825	0.0256939	0.997322	-0.03442	-0.0645012	0.00214141	0.692749	0.72107	0.0115252	-0.00491515
0.71592	-0.69629	0.0300501	-0.041674	0.998853	-0.0173957	-0.0444902	0.00338212	0.765308	0.0360342	0.476252	-0.431496	0.468821	-0.772352	-0.310674	0.295229	0.747197	0.0909528	-0.463698	0.467342	0.484894	-0.824498	0.0805142	-0.280356	0.999517	-0.0225047	-0.0213988	-0.000752728	0.691285	0.722045	-0.0108594	0.0256559	0.997322	-0.0344108	-0.0644928	0.00216659	0.692782	0.721038	0.0115156	-0.0049358
0.715931	-0.696277	0.0300623	-0.0416871	0.998853	-0.0174053	-0.0444767	0.00337885	0.76105	0.0279109	0.483168	-0.43194	0.47058	-0.768487	-0.319087	0.293541	0.743282	0.0915313	-0.467778	0.469401	0.483177	-0.825529	0.0858438	-0.278698	0.999517	-0.022512	-0.0214037	-0.000776293	0.691287	0.722042	-0.0108217	0.0257084	0.997321	-0.0344274	-0.0645108	0.0021671	0.692781	0.721039	0.0115249	-0.00493353
0.715928	-0.69628	0.0300561	-0.0416916	0.998852	-0.0174001	-0.0445061	0.00339655	0.759368	0.0239035	0.486	-0.431964	0.46999	-0.767549	-0.321802	0.293976	0.742221	0.090493	-0.468089	0.470968	0.481825	-0.826013	0.0877377	-0.279016	0.999518	-0.0225112	-0.0213631	-0.000761148	0.691269	0.722058	-0.0108513	0.0257266	0.997322	-0.0344443	-0.064487	0.00218159	0.692775	0.721045	0.0115114	-0.00493763
0.715923	-0.696285	0.03005	-0.0416887	0.998853	-0.0173929	-0.0444764	0.00339402	0.75769	0.015654	0.487694	-0.433376	0.468959	-0.766396	-0.324334	0.295843	0.742222	0.0905017	-0.468087	0.470967	0.479538	-0.828413	0.0869235	-0.276079	0.999519	-0.022525	-0.021317	-0.000753467	0.691256	0.72207	-0.0108726	0.0257357	0.997322	-0.0344354	-0.0644804	0.00217144	0.692781	0.721039	0.0115461	-0.00493459
0.715923	-0.696285	0.0300548	-0.0416904	0.998853	-0.0174041	-0.0444727	0.00338107	0.757692	0.015657	0.48769	-0.433378	0.465166	-0.769647	-0.322916	0.29494	0.742221	0.0904986	-0.468091	0.470966	0.479538	-0.828413	0.0869235	-0.276079	0.999518	-0.0225383	-0.0213179	-0.000754498	0.691258	0.722068	-0.0108625	0.0257424	0.997322	-0.0344207	-0.0644995	0.00217628	0.692801	0.721019	0.0115647	-0.00495302
0.715928	-0.696281	0.0300435	-0.0416905	0.998853	-0.0174215	-0.044466	0.00339898	0.758106	7.66494e-05	0.487221	-0.433465	0.47011	-0.76298	-0.327759	0.299051	0.745878	0.079158	-0.464516	0.470771	0.48108	-0.825012	0.0848878	-0.284096	0.999519	-0.0225347	-0.0212753	-0.00073448	0.691263	0.722061	-0.0108871	0.0257627	0.997323	-0.0344281	-0.0644784	0.00219509	0.692799	0.721021	0.0115497	-0.00495601
0.715934	-0.696273	0.0300527	-0.0417095	0.998853	-0.0174243	-0.0444636	0.00339821	0.758119	7.43476e-05	0.487201	-0.433464	0.465212	-0.767202	-0.326422	0.297366	0.745866	0.0791442	-0.464526	0.470782	0.48108	-0.825012	0.0848878	-0.284096	0.999519	-0.0225388	-0.0212842	-0.000738518	0.691269	0.722055	-0.0108877	0.0257805	0.997322	-0.0344437	-0.064477	0.00218665	0.6928	0.72102	0.0115538	-0.00494326
0.715917	-0.696289	0.0300636	-0.0417287	0.998852	-0.0174067	-0.0445	0.00341304	0.758774	-0.0182474	0.487336	-0.431778	0.471547	-0.760339	-0.331957	0.298885	0.745851	0.0791547	-0.464552	0.470779	0.48108	-0.825012	0.0848878	-0.284096	0.999519	-0.0225365	-0.0212815	-0.000743452	0.691256	0.722068	-0.0108889	0.025781	0.997322	-0.0344205	-0.0644982	0.00219175	0.692807	0.721013	0.011557	-0.004948
0.715922	-0.696285	0.0300544	-0.0417086	0.998854	-0.0174189	-0.044447	0.00341391	0.758761	-0.018257	0.487349	-0.431787	0.465819	-0.765703	-0.331769	0.294348	0.745865	0.0791559	-0.464534	0.470774	0.48108	-0.825012	0.0848878	-0.284096	0.99952	-0.0225274	-0.0212426	-0.000719309	0.691271	0.722053	-0.0109052	0.0257857	0.997326	-0.0344255	-0.0644288	0.00220398	0.692809	0.721012	0.0115196	-0.00492387
0.715911	-0.696296	0.0300456	-0.0417187	0.998854	-0.0173952	-0.0444541	0.00340703	0.760131	-0.0408238	0.486221	-0.429096	0.475268	-0.756379	-0.338432	0.295761	0.745857	0.079174	-0.464541	0.470777	0.462586	-0.837599	0.0876287	-0.277062	0.999521	-0.0225063	-0.0212286	-0.000708765	0.691271	0.722052	-0.0109248	0.0257968	0.997328	-0.0344101	-0.0643965	0.00222803	0.6928	0.721022	0.0114864	-0.00489744
0.715916	-0.69629	0.0300549	-0.0417205	0.998854	-0.0174083	-0.0444513	0.00340172	0.760132	-0.0408239	0.486211	-0.429105	0.469185	-0.762386	-0.337748	0.290791	0.745856	0.0791614	-0.464544	0.470777	0.455579	-0.842558	0.0881551	-0.273447	0.999521	-0.0225132	-0.0212311	-0.000701871	0.69128	0.722044	-0.0109228	0.0257847	0.997328	-0.0344188	-0.0644043	0.00222268	0.692806	0.721016	0.0114869	-0.00490332
0.715911	-0.696295	0.0300549	-0.0417274	0.998854	-0.0173959	-0.0444509	0.00341483	0.763131	-0.0675424	0.483599	-0.423321	0.481885	-0.751331	-0.342853	0.292814	0.745851	0.0791666	-0.46455	0.470779	0.447356	-0.848447	0.0888673	-0.268537	0.999521	-0.0225109	-0.0212385	-0.000698276	0.691272	0.722052	-0.0109201	0.0257778	0.997328	-0.0344118	-0.0644093	0.00222732	0.692808	0.721014	0.0114912	-0.00491231
0.715909	-0.696297	0.0300627	-0.0417238	0.998854	-0.0174041	-0.0444497	0.00340779	0.763129	-0.0675345	0.483599	-0.423326	0.474882	-0.757583	-0.344078	0.286646	0.745853	0.0791643	-0.464555	0.470771	0.438126	-0.854892	0.0901736	-0.262821	0.999521	-0.0225065	-0.0212271	-0.000695769	0.691276	0.722049	-0.0109254	0.0257728	0.99733	-0.0344024	-0.064377	0.0022017	0.692802	0.72102	0.0114852	-0.004886
0.715904	-0.696301	0.0300568	-0.0417423	0.998854	-0.0174084	-0.0444525	0.0034158	0.763141	-0.0675354	0.483594	-0.42331	0.467513	-0.764012	-0.344556	0.281068	0.74584	0.0791725	-0.464562	0.470783	0.428295	-0.861377	0.0916116	-0.257295	0.999521	-0.0225008	-0.0212361	-0.00067832	0.691275	0.72205	-0.0109255	0.0257653	0.997328	-0.0343909	-0.0644128	0.00222111	0.692805	0.721016	0.0115218	-0.00491602
0.715904	-0.6963	0.0300722	-0.041752	0.998853	-0.017426	-0.0444672	0.00341659	0.763148	-0.0675263	0.48358	-0.423315	0.459678	-0.770575	-0.344351	0.276282	0.745834	0.079162	-0.464575	0.470781	0.417649	-0.86805	0.0918272	-0.252244	0.999521	-0.0225048	-0.0212384	-0.000669477	0.691265	0.722059	-0.0109399	0.0257721	0.997325	-0.0344056	-0.0644479	0.00219555	0.692785	0.721035	0.0115544	-0.00491232
0.715896	-0.696309	0.0300697	-0.0417457	0.998853	-0.0174075	-0.0444697	0.00342595	0.763145	-0.0675182	0.48359	-0.42331	0.451905	-0.776891	-0.344118	0.27167	0.783356	-0.0608218	-0.463451	0.409715	0.517222	-0.797519	0.0943906	-0.295864	0.999521	-0.0224987	-0.021233	-0.000678195	0.691265	0.722059	-0.0109297	0.0257656	0.997325	-0.0343905	-0.064458	0.00220541	0.692782	0.721037	0.011588	-0.00493028
0.715892	-0.696314	0.0300682	-0.0417423	0.998855	-0.0174057	-0.0444399	0.00341588	0.763144	-0.0675146	0.483596	-0.423307	0.444902	-0.782309	-0.344741	0.26685	0.783359	-0.0608162	-0.463451	0.409712	0.517222	-0.797519	0.0943906	-0.295864	0.999521	-0.0224927	-0.0212295	-0.000679319	0.69128	0.722045	-0.0109274	0.0257552	0.997326	-0.0343845	-0.0644545	0.00220407	0.692782	0.721037	0.011588	-0.00493028
0.715892	-0.696314	0.0300682	-0.0417423	0.998855	-0.0174229	-0.0444284	0.00342732	0.763144	-0.0675146	0.483596	-0.423307	0.438823	-0.787175	-0.344892	0.262373	0.783359	-0.0608162	-0.463451	0.409712	0.508273	-0.804877	0.0961672	-0.290832	0.999522	-0.02247	-0.0212128	-0.000688781	0.691294	0.722031	-0.0109214	0.0257773	0.997325	-0.0343819	-0.0644707	0.00221694	0.692782	0.721037	0.011597	-0.00494774
0.715889	-0.696315	0.0300758	-0.0417471	0.998855	-0.0174254	-0.0444293	0.00343432	0.763147	-0.0675079	0.48359	-0.423308	0.433482	-0.792009	-0.343542	0.258444	0.792129	-0.0987376	-0.45792	0.391269	0.530865	-0.785694	0.0957555	-0.302818	0.999522	-0.0224693	-0.0212141	-0.000698259	0.69129	0.722035	-0.010921	0.0257741	0.997324	-0.0343793	-0.0644793	0.00221475	0.692791	0.721028	0.011595	-0.00496137
0.715895	-0.696309	0.0300861	-0.0417398	0.998854	-0.0174246	-0.0444364	0.00341081	0.791866	-0.20322	0.440566	-0.370879	0.539881	-0.712392	-0.330097	0.303416	0.798705	-0.136096	-0.450858	0.374535	0.545051	-0.772069	0.0964823	-0.312281	0.999522	-0.0224827	-0.0212076	-0.000722496	0.691286	0.722039	-0.0109069	0.0257778	0.997327	-0.0343827	-0.0644397	0.00223066	0.692785	0.721035	0.0115591	-0.00494686
0.715883	-0.696324	0.0300954	-0.0417042	0.998856	-0.0174163	-0.044409	0.00336709	0.79449	-0.21626	0.434452	-0.36506	0.55056	-0.702729	-0.327614	0.309393	0.802284	-0.15347	-0.446749	0.364969	0.553168	-0.764617	0.0951262	-0.316728	0.999523	-0.0224831	-0.021168	-0.000766467	0.691257	0.722065	-0.0109035	0.0258047	0.997329	-0.0343604	-0.0644157	0.0022029	0.692786	0.721034	0.0115524	-0.00493414
0.715879	-0.696328	0.0300915	-0.0417007	0.998856	-0.0174106	-0.0444038	0.00336743	0.794489	-0.216257	0.434458	-0.365056	0.547936	-0.707257	-0.325696	0.305738	0.805514	-0.170558	-0.442157	0.355745	0.562286	-0.756101	0.0948436	-0.32117	0.999523	-0.022461	-0.0211666	-0.000768797	0.691269	0.722054	-0.010898	0.0258044	0.997332	-0.0343488	-0.0643789	0.00221542	0.692803	0.721018	0.0115381	-0.00492539
0.715878	-0.696329	0.030096	-0.0416951	0.998856	-0.0174011	-0.0444055	0.00337531	0.794487	-0.216253	0.434461	-0.365061	0.545683	-0.711626	-0.322869	0.30261	0.808276	-0.187397	-0.436841	0.347479	0.571144	-0.747208	0.0943344	-0.326459	0.999523	-0.0224815	-0.0211474	-0.000772367	0.691264	0.722059	-0.0109117	0.0258075	0.997331	-0.0343409	-0.0643895	0.00221279	0.692812	0.721009	0.0115421	-0.0049417
0.71588	-0.696327	0.0300997	-0.0417047	0.998853	-0.0173902	-0.0444733	0.00346456	0.8015	-0.251306	0.418399	-0.345521	0.572542	-0.693581	-0.307809	0.310474	0.810768	-0.203843	-0.430676	0.340031	0.579161	-0.738476	0.0916411	-0.332909	0.999523	-0.0224816	-0.0211571	-0.000759384	0.691248	0.722074	-0.0109259	0.0258139	0.997331	-0.0343406	-0.0644018	0.00220572	0.692813	0.721008	0.0115439	-0.00493042
0.715876	-0.696331	0.0301055	-0.0416929	0.998854	-0.0173713	-0.0444561	0.00345716	0.803158	-0.262694	0.413157	-0.339456	0.580401	-0.688698	-0.302478	0.311988	0.8135	-0.219321	-0.423852	0.332363	0.587907	-0.729313	0.0886282	-0.338544	0.999523	-0.0224674	-0.0211531	-0.000787341	0.69125	0.722072	-0.0109115	0.0258104	0.997331	-0.0343485	-0.0643945	0.00218932	0.692793	0.721027	0.0115431	-0.00492929
0.715883	-0.696323	0.0301097	-0.0416986	0.998854	-0.0173989	-0.0444602	0.0034369	0.803158	-0.262701	0.413147	-0.339462	0.578476	-0.693041	-0.298263	0.309997	0.816206	-0.233955	-0.417032	0.32428	0.597033	-0.719847	0.085028	-0.343717	0.999523	-0.022472	-0.0211714	-0.000787619	0.691249	0.722074	-0.0108969	0.0257992	0.997331	-0.0343498	-0.0643848	0.00219581	0.692806	0.721015	0.0115278	-0.00492518
0.715883	-0.696323	0.0301084	-0.041718	0.998853	-0.0173987	-0.044473	0.00345149	0.807457	-0.284322	0.401911	-0.325026	0.59788	-0.675674	-0.290358	0.318899	0.818693	-0.247922	-0.410618	0.315704	0.605876	-0.710354	0.0801723	-0.349119	0.999522	-0.0224831	-0.0211962	-0.000784227	0.69124	0.722082	-0.0108811	0.0257984	0.997334	-0.0343424	-0.0643525	0.00223515	0.69281	0.721012	0.0114759	-0.00490076
0.71588	-0.696325	0.0301074	-0.0417207	0.998852	-0.0174095	-0.044487	0.00345262	0.809117	-0.295889	0.395756	-0.318052	0.604533	-0.673689	-0.280361	0.319502	0.820826	-0.26134	-0.404959	0.30652	0.614933	-0.700571	0.0753973	-0.354081	0.999522	-0.0224754	-0.0211979	-0.000774086	0.691245	0.722078	-0.0108949	0.0257764	0.997333	-0.0343383	-0.0643578	0.00224764	0.692824	0.720998	0.0114729	-0.0049156
0.715886	-0.696319	0.0301051	-0.0417207	0.998851	-0.0174335	-0.044497	0.00344069	0.81008	-0.308087	0.389914	-0.31116	0.612917	-0.667001	-0.274503	0.32263	0.821863	-0.27472	-0.400248	0.298114	0.624021	-0.690266	0.0724557	-0.359	0.999522	-0.0224892	-0.0211829	-0.000764143	0.691226	0.722096	-0.0108977	0.0257951	0.997334	-0.0343328	-0.0643447	0.00224223	0.692839	0.720984	0.0114782	-0.00489819
0.71588	-0.696327	0.0300862	-0.041716	0.998852	-0.0174279	-0.0444794	0.00344483	0.810503	-0.320699	0.384436	-0.304049	0.62168	-0.659431	-0.268943	0.32609	0.822035	-0.288013	-0.396351	0.290194	0.632959	-0.679494	0.0703206	-0.364288	0.999523	-0.022491	-0.0211701	-0.000762464	0.691235	0.722088	-0.0109	0.0257844	0.997336	-0.0343205	-0.064322	0.00227217	0.692839	0.720984	0.0114429	-0.00490937
0.715879	-0.696325	0.0300966	-0.0417379	0.998852	-0.0174127	-0.0444943	0.00342951	0.810921	-0.333094	0.379033	-0.296292	0.631045	-0.651169	-0.263508	0.329127	0.821171	-0.31442	-0.389633	0.27387	0.651035	-0.656359	0.0652144	-0.375625	0.999522	-0.0225112	-0.0211678	-0.000753275	0.691206	0.722114	-0.0109117	0.0258178	0.997336	-0.0343178	-0.0643313	0.0022593	0.692841	0.720983	0.0114482	-0.00489937
0.715891	-0.696314	0.0300857	-0.0417335	0.998852	-0.0174331	-0.0444921	0.00344875	0.810913	-0.333111	0.379036	-0.296292	0.630115	-0.654477	-0.259177	0.327784	0.820422	-0.327769	-0.385864	0.265677	0.660608	-0.643656	0.0627455	-0.38127	0.999522	-0.0225289	-0.0211652	-0.000761781	0.691217	0.722104	-0.0108968	0.0258	0.997336	-0.0343337	-0.0643206	0.00226434	0.692841	0.720983	0.0114492	-0.00489226
0.715891	-0.696314	0.030089	-0.0417343	0.998851	-0.0174385	-0.044498	0.00344986	0.810913	-0.33311	0.379034	-0.296295	0.630174	-0.6554	-0.257255	0.327341	0.819289	-0.341517	-0.38193	0.257413	0.670095	-0.630268	0.0597218	-0.387515	0.999522	-0.0225253	-0.0211493	-0.000766475	0.691224	0.722097	-0.0109063	0.0258082	0.997336	-0.0343344	-0.0643235	0.00226253	0.692849	0.720975	0.0114518	-0.00488391
0.715897	-0.696308	0.0300939	-0.0417256	0.998852	-0.017445	-0.0444889	0.00344224	0.81193	-0.38133	0.356551	-0.261206	0.67142	-0.612281	-0.239163	0.342211	0.818376	-0.355161	-0.37766	0.247981	0.679826	-0.616198	0.0545621	-0.393902	0.999522	-0.0225367	-0.0211542	-0.000775423	0.691224	0.722097	-0.0108972	0.0258084	0.997332	-0.0343554	-0.0643629	0.00226739	0.692848	0.720976	0.0114738	-0.00491604
0.715897	-0.696308	0.0300903	-0.0417353	0.998851	-0.0174607	-0.0444886	0.0034475	0.81214	-0.392462	0.350914	-0.251517	0.682105	-0.601486	-0.231712	0.345336	0.817059	-0.368637	-0.373528	0.238744	0.68993	-0.601572	0.0502472	-0.399479	0.999522	-0.022521	-0.021151	-0.000773759	0.691236	0.722085	-0.0109026	0.0258258	0.997333	-0.034358	-0.0643476	0.00227613	0.692835	0.720988	0.0114722	-0.00490614
0.715902	-0.696303	0.0300958	-0.0417245	0.998851	-0.0174662	-0.0444932	0.0034414	0.812094	-0.403374	0.345338	-0.241939	0.693087	-0.589832	-0.224669	0.348213	0.815605	-0.382079	-0.369161	0.22918	0.699981	-0.58651	0.0459344	-0.404873	0.999522	-0.0225311	-0.0211515	-0.000794178	0.691238	0.722082	-0.0109012	0.0258512	0.997333	-0.0343701	-0.0643506	0.00227692	0.69284	0.720983	0.0114724	-0.00492587
0.715888	-0.696317	0.0301092	-0.0417242	0.998851	-0.0174616	-0.0445008	0.00343494	0.812103	-0.403352	0.345339	-0.241943	0.695059	-0.588449	-0.223483	0.347386	0.813597	-0.395536	-0.36499	0.219985	0.709693	-0.57123	0.0423106	-0.410172	0.999523	-0.0225073	-0.0211545	-0.000797313	0.691247	0.722074	-0.0109148	0.025839	0.997333	-0.0343534	-0.0643578	0.00226923	0.692833	0.72099	0.0114812	-0.00493009
0.715892	-0.696313	0.0300934	-0.0417334	0.998851	-0.0174535	-0.0445061	0.00347042	0.811326	-0.433645	0.327864	-0.214961	0.722749	-0.555115	-0.207667	0.355465	0.80892	-0.422144	-0.356667	0.200579	0.729187	-0.538456	0.0334379	-0.420991	0.999523	-0.022491	-0.0211596	-0.000801485	0.691258	0.722063	-0.0108993	0.0258736	0.997334	-0.034344	-0.0643511	0.0022688	0.692829	0.720994	0.0114919	-0.00491321
0.715901	-0.696303	0.030105	-0.0417333	0.99885	-0.0174824	-0.0445042	0.00347079	0.811026	-0.443321	0.32105	-0.206472	0.734595	-0.540807	-0.198199	0.35863	0.806601	-0.434757	-0.352611	0.18986	0.739084	-0.521274	0.0282486	-0.425711	0.999522	-0.022517	-0.0211737	-0.000805166	0.691255	0.722067	-0.0108781	0.0258554	0.997333	-0.0343569	-0.0643591	0.00226053	0.692837	0.720986	0.0115031	-0.00491489
0.715893	-0.69631	0.0301016	-0.0417463	0.99885	-0.0174688	-0.0445217	0.00348797	0.811012	-0.452347	0.313911	-0.197742	0.744451	-0.528288	-0.190469	0.361145	0.8066	-0.434746	-0.352624	0.189864	0.74031	-0.517883	0.0246434	-0.427938	0.999522	-0.022509	-0.021188	-0.000795437	0.691254	0.722067	-0.0108617	0.0258502	0.99733	-0.0343531	-0.0643948	0.00225654	0.692828	0.720994	0.0115383	-0.00490486
0.715889	-0.696317	0.0300899	-0.0417321	0.998851	-0.0174577	-0.0445	0.00348715	0.811039	-0.460627	0.306917	-0.189312	0.753874	-0.516167	-0.182508	0.363231	0.80661	-0.434737	-0.35261	0.189867	0.741874	-0.513585	0.0205595	-0.430618	0.999522	-0.0224979	-0.0211659	-0.000796094	0.691266	0.722055	-0.010867	0.0258683	0.997332	-0.0343454	-0.0643764	0.00225501	0.69283	0.720992	0.011518	-0.0049026
0.715889	-0.696315	0.0300949	-0.0417393	0.998851	-0.0174685	-0.0444992	0.00349189	0.810854	-0.468905	0.299548	-0.181426	0.762578	-0.503878	-0.174339	0.366315	0.806606	-0.434739	-0.352617	0.189865	0.743747	-0.508554	0.0161031	-0.433537	0.999522	-0.0225028	-0.0211866	-0.000791049	0.69126	0.722061	-0.0108697	0.0258679	0.997333	-0.0343327	-0.0643596	0.00224863	0.692844	0.720979	0.0115096	-0.00487785
0.715901	-0.696303	0.0300906	-0.0417285	0.998851	-0.017495	-0.0444842	0.0034989	0.810578	-0.477035	0.29252	-0.172724	0.771217	-0.49131	-0.164621	0.369781	0.79843	-0.47834	-0.337328	0.141102	0.778106	-0.445626	-0.00205462	-0.442679	0.999522	-0.0225169	-0.0211841	-0.000782349	0.691265	0.722058	-0.0108692	0.0258349	0.997334	-0.0343389	-0.0643417	0.00226145	0.692857	0.720967	0.0114828	-0.00487949
0.715907	-0.696296	0.0301187	-0.0417378	0.99885	-0.0174947	-0.0445125	0.0034664	0.810446	-0.48472	0.285589	-0.163287	0.780394	-0.478061	-0.154744	0.372152	0.79636	-0.487909	-0.332806	0.130368	0.785781	-0.426186	-0.00980539	-0.448127	0.999521	-0.0225187	-0.021222	-0.000802191	0.69127	0.722053	-0.0108516	0.0258369	0.997332	-0.0343269	-0.0643807	0.00223315	0.692868	0.720956	0.0115145	-0.00486628
0.715904	-0.6963	0.0301068	-0.0417326	0.998849	-0.0175039	-0.0445113	0.00346902	0.809843	-0.49257	0.278573	-0.154684	0.78898	-0.464226	-0.145423	0.375308	0.796366	-0.487902	-0.332799	0.130376	0.78706	-0.419758	-0.0143632	-0.451812	0.999521	-0.022517	-0.0212128	-0.000795796	0.691281	0.722043	-0.0108572	0.0258284	0.997333	-0.034338	-0.0643654	0.00225963	0.692854	0.72097	0.0114857	-0.00488951
0.715903	-0.696301	0.0301111	-0.0417268	0.99885	-0.0174945	-0.0445145	0.00345432	0.80872	-0.501035	0.270639	-0.147275	0.796601	-0.449654	-0.136292	0.380345	0.796368	-0.487903	-0.332795	0.13037	0.788626	-0.413309	-0.0186842	-0.454858	0.999521	-0.0225086	-0.0212117	-0.000812059	0.691279	0.722044	-0.0108603	0.0258391	0.997332	-0.0343428	-0.0643721	0.00224965	0.692838	0.720985	0.0114884	-0.00489592
0.715893	-0.696311	0.0301003	-0.0417308	0.99885	-0.0174842	-0.0445042	0.00347273	0.807404	-0.509021	0.263648	-0.139591	0.80404	-0.435392	-0.127182	0.384418	0.789734	-0.513359	-0.320966	0.0988099	0.806723	-0.36866	-0.0328727	-0.46066	0.999522	-0.0224888	-0.0211955	-0.000808854	0.691287	0.722036	-0.0108481	0.0258615	0.997333	-0.0343094	-0.064372	0.00225777	0.692856	0.720968	0.0114985	-0.00489555
0.715898	-0.696307	0.0301012	-0.0417223	0.998851	-0.0174977	-0.0444793	0.00345931	0.806159	-0.516519	0.256804	-0.131789	0.811085	-0.421331	-0.117681	0.388293	0.785031	-0.529077	-0.311956	0.080542	0.817605	-0.33063	-0.0483589	-0.4689	0.999522	-0.0224922	-0.021187	-0.00082381	0.691294	0.722029	-0.0108544	0.0258766	0.997334	-0.0342965	-0.0643666	0.0022557	0.692865	0.720959	0.0114997	-0.00489857
0.715906	-0.696299	0.0301041	-0.0417201	0.99885	-0.0175118	-0.0444906	0.00344295	0.803459	-0.529992	0.245626	-0.115022	0.82549	-0.393805	-0.0986692	0.392107	0.782512	-0.537012	-0.306557	0.0729072	0.822223	-0.311438	-0.0553124	-0.473177	0.999522	-0.022501	-0.0211919	-0.000820665	0.691293	0.722029	-0.0108559	0.0258798	0.997334	-0.0343087	-0.0643671	0.00225381	0.692858	0.720966	0.0114991	-0.00488984
0.715915	-0.69629	0.0301074	-0.0417184	0.99885	-0.0175141	-0.0444978	0.00342805	0.801816	-0.536735	0.239867	-0.1071	0.831837	-0.379916	-0.088735	0.394763	0.779846	-0.544608	-0.301819	0.0644064	0.8264	-0.291937	-0.0628311	-0.477376	0.999521	-0.0225172	-0.0211928	-0.000826127	0.691273	0.722049	-0.0108554	0.0258674	0.997334	-0.0343049	-0.0643651	0.00225031	0.692873	0.720951	0.0114872	-0.00489521
0.715915	-0.696289	0.0301089	-0.041722	0.99885	-0.0175178	-0.0444926	0.00344981	0.799927	-0.543449	0.234012	-0.100097	0.837285	-0.366748	-0.0792682	0.397702	0.777044	-0.55199	-0.297416	0.0552614	0.830404	-0.272377	-0.0707013	-0.480875	0.999521	-0.0225148	-0.0211979	-0.000813344	0.691282	0.722041	-0.0108579	0.02584	0.997333	-0.0343141	-0.0643792	0.00223156	0.692869	0.720955	0.0115139	-0.00489852
0.715929	-0.696275	0.0301105	-0.0417096	0.99885	-0.0175402	-0.0444913	0.00344047	0.795514	-0.557329	0.22104	-0.087657	0.845658	-0.343796	-0.0661466	0.402855	0.770857	-0.566159	-0.289668	0.036544	0.838391	-0.233856	-0.0855941	-0.484856	0.999522	-0.0225099	-0.0211963	-0.00084175	0.691301	0.722023	-0.0108289	0.0258704	0.997333	-0.0343123	-0.0643765	0.00221957	0.692884	0.720941	0.0115337	-0.00488717
0.715919	-0.696286	0.0300988	-0.0417152	0.998851	-0.0175272	-0.0444778	0.00344137	0.792799	-0.564805	0.21332	-0.0834315	0.851651	-0.327535	-0.0532688	0.405676	0.767508	-0.573215	-0.285558	0.0285157	0.841196	-0.215298	-0.0922822	-0.48736	0.999522	-0.0225007	-0.0211943	-0.000826382	0.691278	0.722045	-0.0108414	0.0258669	0.997333	-0.034309	-0.0643805	0.00221996	0.692878	0.720945	0.0115435	-0.00488947
0.715915	-0.69629	0.0300867	-0.0417105	0.998852	-0.0175128	-0.0444628	0.00344444	0.790238	-0.571895	0.205432	-0.0791026	0.855131	-0.314311	-0.0443035	0.409874	0.764288	-0.57992	-0.281255	0.0212865	0.843184	-0.197423	-0.0988213	-0.490203	0.999522	-0.0224976	-0.0211733	-0.000827598	0.691274	0.722048	-0.0108511	0.0258785	0.997335	-0.0343019	-0.0643523	0.00222759	0.692889	0.720936	0.0115253	-0.00487917
0.715914	-0.696293	0.0300824	-0.0417052	0.998853	-0.0175125	-0.0444431	0.00343064	0.787802	-0.578505	0.19751	-0.0754356	0.858412	-0.301503	-0.0356422	0.413466	0.761079	-0.585778	-0.278255	0.0140236	0.844949	-0.18067	-0.104816	-0.492375	0.999522	-0.0224993	-0.0211759	-0.000824286	0.691261	0.722061	-0.0108464	0.0258666	0.997336	-0.0342942	-0.0643461	0.00223465	0.692885	0.72094	0.0115188	-0.00487964
0.71592	-0.696287	0.0300779	-0.041704	0.998853	-0.0175211	-0.0444392	0.00343295	0.787796	-0.578512	0.197511	-0.0754336	0.860925	-0.297262	-0.0305726	0.411714	0.758395	-0.590784	-0.275237	0.00748193	0.845996	-0.165283	-0.110527	-0.494729	0.999522	-0.0224997	-0.0211758	-0.000831117	0.691266	0.722056	-0.010837	0.0258705	0.997338	-0.0342863	-0.0643133	0.00224404	0.692898	0.720928	0.011494	-0.00486382
0.715909	-0.696297	0.0300892	-0.0417149	0.998853	-0.0174946	-0.0444508	0.00341416	0.783018	-0.590811	0.182595	-0.066969	0.865053	-0.273574	-0.0178428	0.420146	0.755545	-0.595156	-0.273754	0.000192139	0.847134	-0.149988	-0.115566	-0.4965	0.999522	-0.0224714	-0.021194	-0.000826318	0.691277	0.722046	-0.0108245	0.0258635	0.997337	-0.0342606	-0.0643508	0.0022482	0.692922	0.720905	0.0114941	-0.00488251
0.715928	-0.696279	0.0300958	-0.0416902	0.998853	-0.0175112	-0.0444342	0.0033878	0.777927	-0.602701	0.169489	-0.0534241	0.870766	-0.247338	-0.00223717	0.424953	0.748916	-0.603467	-0.273295	-0.016208	0.850325	-0.118027	-0.124195	-0.497587	0.999522	-0.0225031	-0.0212033	-0.00085614	0.691265	0.722058	-0.0108131	0.0258514	0.997337	-0.0342893	-0.0643216	0.00221783	0.692918	0.720908	0.0115102	-0.00486026
0.715924	-0.696281	0.030108	-0.0417093	0.998851	-0.0175256	-0.0444722	0.00339594	0.777934	-0.602698	0.169469	-0.0534325	0.876747	-0.232698	0.00945407	0.420806	0.745107	-0.607345	-0.274426	-0.0252598	0.853949	-0.108957	-0.124132	-0.493447	0.999521	-0.0224988	-0.0212254	-0.000851342	0.691274	0.722049	-0.0108198	0.0258353	0.997336	-0.0342692	-0.0643598	0.00223106	0.69293	0.720897	0.0115162	-0.00487737
0.715915	-0.696289	0.0301055	-0.0417146	0.998852	-0.0175042	-0.0444599	0.00339998	0.772351	-0.61514	0.151821	-0.0450156	0.878473	-0.205592	0.0255078	0.430542	0.741412	-0.610647	-0.27606	-0.0347865	0.855087	-0.0828658	-0.130892	-0.494799	0.999521	-0.0224957	-0.0212238	-0.000848026	0.691265	0.722058	-0.0108302	0.0258495	0.997336	-0.0342568	-0.0643619	0.00223642	0.692917	0.720909	0.0115252	-0.00488908
0.715908	-0.696296	0.03011	-0.0417208	0.998852	-0.0174975	-0.044468	0.00339415	0.768934	-0.621874	0.142682	-0.0406752	0.880155	-0.187252	0.0370024	0.43462	0.73797	-0.614037	-0.276248	-0.0452348	0.856868	-0.0619678	-0.13462	-0.493776	0.999521	-0.0224881	-0.0212474	-0.000848796	0.691264	0.722059	-0.0108305	0.0258277	0.997335	-0.0342545	-0.064373	0.00222326	0.69291	0.720915	0.0115375	-0.00488953
0.71591	-0.696293	0.0301156	-0.0417307	0.998851	-0.0174864	-0.0444791	0.0033949	0.764876	-0.629356	0.132695	-0.035604	0.882102	-0.166778	0.0487181	0.437845	0.731522	-0.617605	-0.278063	-0.0782368	0.86258	-0.0112096	-0.148322	-0.48356	0.999521	-0.0224799	-0.0212568	-0.000855729	0.691273	0.722051	-0.0108264	0.0258234	0.997333	-0.0342471	-0.0644099	0.00222144	0.69291	0.720915	0.0115662	-0.00490338
0.715911	-0.696292	0.0301202	-0.041733	0.998851	-0.0175002	-0.0444799	0.00339851	0.756189	-0.643473	0.116561	-0.0230997	0.885047	-0.126214	0.0697792	0.442598	0.729748	-0.617874	-0.277159	-0.0942523	0.863211	0.0130642	-0.159125	-0.478932	0.99952	-0.0224899	-0.0212692	-0.000875015	0.691269	0.722055	-0.010803	0.0258244	0.997334	-0.0342421	-0.0644041	0.00220702	0.692903	0.720921	0.0115563	-0.00487418
0.715926	-0.696277	0.0301314	-0.0417208	0.998851	-0.0175131	-0.0444745	0.00337854	0.751969	-0.649781	0.109806	-0.0164174	0.886326	-0.106963	0.0792384	0.443516	0.728149	-0.617891	-0.27587	-0.109111	0.861954	0.0345537	-0.171535	-0.475832	0.99952	-0.0224936	-0.0212726	-0.000906086	0.691275	0.722049	-0.0107965	0.0258545	0.997332	-0.0342709	-0.0644146	0.0021959	0.692893	0.720931	0.0115693	-0.00489032
0.715907	-0.696297	0.0301209	-0.0417213	0.998851	-0.0174761	-0.0444876	0.00338283	0.748006	-0.655501	0.103526	-0.00937111	0.887821	-0.0877394	0.0889803	0.442897	0.726382	-0.619024	-0.273906	-0.118973	0.862161	0.0488031	-0.180929	-0.470703	0.999521	-0.0224626	-0.0212787	-0.00089006	0.69129	0.722034	-0.0108002	0.0258376	0.997334	-0.0342331	-0.064412	0.00218761	0.692895	0.720929	0.0115865	-0.00486343
0.715899	-0.696305	0.0301322	-0.0417096	0.998852	-0.0174679	-0.0444733	0.00337608	0.74336	-0.661654	0.0980962	-0.00259915	0.888136	-0.0766967	0.0925488	0.443584	0.72542	-0.622581	-0.26891	-0.117668	0.859724	0.0534394	-0.184733	-0.473172	0.999521	-0.0224726	-0.0212565	-0.000912594	0.691264	0.72206	-0.0108059	0.0258354	0.997333	-0.0342183	-0.064437	0.00218014	0.692901	0.720923	0.0115806	-0.00491592
0.715907	-0.696297	0.0301412	-0.0417103	0.998852	-0.017482	-0.0444777	0.00335331	0.733554	-0.67412	0.0861442	0.00626575	0.887974	-0.0375219	0.10908	0.445191	0.723649	-0.628337	-0.262114	-0.113228	0.852995	0.0546606	-0.187014	-0.484188	0.999521	-0.022464	-0.0212831	-0.000962178	0.691259	0.722065	-0.010757	0.0258349	0.997333	-0.0342339	-0.0644279	0.00217969	0.692905	0.72092	0.0115792	-0.00489495
0.715912	-0.696292	0.030137	-0.0417018	0.998852	-0.0174776	-0.044465	0.00335722	0.728909	-0.679851	0.0799612	0.0100591	0.887611	-0.0081884	0.124494	0.443374	0.723188	-0.629009	-0.26109	-0.1148	0.8531	0.0559351	-0.188273	-0.483367	0.999521	-0.0224656	-0.0212815	-0.000965425	0.691263	0.722061	-0.010746	0.0258277	0.997331	-0.0342477	-0.0644403	0.002184	0.692898	0.720926	0.0115952	-0.00491428
0.715903	-0.696302	0.0301407	-0.0416921	0.998853	-0.0174549	-0.0444618	0.00335274	0.72544	-0.683947	0.0755185	0.0158301	0.886859	0.00930133	0.134365	0.441973	0.722956	-0.629744	-0.259777	-0.115207	0.852162	0.056951	-0.189123	-0.48457	0.999521	-0.022457	-0.0212747	-0.000974799	0.691253	0.722071	-0.0107428	0.0258218	0.997333	-0.0342305	-0.0644282	0.00217154	0.692908	0.720916	0.0115773	-0.00491192
0.715914	-0.69629	0.0301595	-0.0416882	0.998853	-0.0174688	-0.0444621	0.00332693	0.722882	-0.686634	0.0741067	0.0220038	0.886821	0.0220026	0.142103	0.43917	0.722654	-0.631109	-0.257357	-0.115067	0.850702	0.0585301	-0.189955	-0.486618	0.99952	-0.0224748	-0.0212814	-0.00100258	0.691246	0.722077	-0.0107368	0.0258309	0.99733	-0.0342504	-0.0644562	0.00215395	0.692908	0.720916	0.0116026	-0.00494312
0.715908	-0.696297	0.0301445	-0.0416795	0.998854	-0.0174651	-0.0444331	0.00333624	0.719964	-0.689699	0.0729202	0.0254906	0.885345	0.03195	0.147164	0.43987	0.72283	-0.634638	-0.249804	-0.11113	0.846489	0.0605311	-0.191768	-0.492969	0.99952	-0.0224686	-0.0212875	-0.000983676	0.691257	0.722069	-0.0107348	0.0257951	0.997332	-0.0342406	-0.0644394	0.00215865	0.6929	0.720924	0.011599	-0.00489695
0.7159	-0.696305	0.0301356	-0.0416949	0.998854	-0.017461	-0.0444467	0.00335663	0.719549	-0.690498	0.0698614	0.0240897	0.882704	0.0338845	0.148667	0.444504	0.723985	-0.635425	-0.245632	-0.108378	0.845383	0.0624103	-0.193101	-0.49411	0.999521	-0.0224567	-0.0212831	-0.000973972	0.691261	0.722065	-0.0107537	0.0257895	0.997331	-0.0342246	-0.0644607	0.0021797	0.69289	0.720934	0.01159	-0.00492729
0.715914	-0.696291	0.0301373	-0.0416872	0.998853	-0.0174654	-0.0444629	0.00334447	0.720108	-0.690135	0.0677538	0.0238149	0.88061	0.0358204	0.148654	0.448491	0.72645	-0.633684	-0.243627	-0.10659	0.844331	0.0629829	-0.19331	-0.495751	0.999521	-0.0224453	-0.0212961	-0.000976718	0.691275	0.722051	-0.0107504	0.0257826	0.997329	-0.0342532	-0.0644752	0.00215668	0.692853	0.720969	0.0116256	-0.00492775
0.715899	-0.696307	0.0301317	-0.0416763	0.998853	-0.0174562	-0.0444499	0.00334821	0.722568	-0.687773	0.0653868	0.0242408	0.879399	0.0365737	0.146661	0.451453	0.72957	-0.63126	-0.241911	-0.103525	0.842869	0.0633345	-0.19353	-0.498103	0.999522	-0.0223975	-0.0212996	-0.00098094	0.691276	0.722051	-0.0107517	0.0257735	0.99733	-0.0342058	-0.064487	0.00215686	0.692875	0.720947	0.0116181	-0.00492689
0.715884	-0.696324	0.0300431	-0.0417171	0.998854	-0.0174312	-0.0444357	0.00343473	0.723398	-0.687137	0.0622304	0.0257981	0.878416	0.0359365	0.144538	0.454096	0.729445	-0.630816	-0.244972	-0.0998541	0.841329	0.0626868	-0.194515	-0.500399	0.999525	-0.0224662	-0.0211026	-0.000749528	0.691234	0.722083	-0.0110604	0.0258812	0.997336	-0.0341561	-0.0644127	0.00222196	0.692868	0.720955	0.0115692	-0.00487448
