FULLBODY	1																																						
Frames:	118																																						
0.426413	0.549693	-0.444447	0.564337	0.47059	0.522485	-0.408297	0.582106	0.727693	0.219637	-0.588131	0.276267	0.689895	0.0792073	-0.673489	0.253344	-0.00509573	0.653186	0.0389365	0.756179	0.0606934	0.641776	0.186341	0.741429	0.689022	0.15486	-0.690822	0.155021	0.417274	0.601484	-0.449257	0.512121	0.0571134	0.743341	-0.0921096	0.660075	0.401481	0.633325	-0.445472	0.48915
0.420613	0.557959	-0.447292	0.558298	0.468269	0.529703	-0.407886	0.577726	0.728165	0.230825	-0.58431	0.274004	0.690182	0.0911685	-0.671963	0.252591	-0.0140079	0.657138	0.0331579	0.752911	0.0525871	0.648055	0.183803	0.737208	0.68943	0.150715	-0.691726	0.153252	0.417657	0.600074	-0.448927	0.513749	0.0535118	0.74208	-0.0879945	0.662352	0.398449	0.634019	-0.441819	0.494018
0.420033	0.558447	-0.44678	0.558657	0.466978	0.53128	-0.408112	0.577163	0.728298	0.230868	-0.584391	0.27344	0.690256	0.0916123	-0.671931	0.252314	-0.0145709	0.657274	0.0325131	0.752809	0.0516609	0.648577	0.183398	0.736915	0.689245	0.150953	-0.691762	0.153685	0.417318	0.600332	-0.448734	0.513892	0.0534324	0.742018	-0.0875533	0.662487	0.398409	0.63418	-0.441885	0.493784
0.419957	0.55859	-0.446702	0.558633	0.466603	0.531728	-0.408158	0.577022	0.728049	0.231879	-0.58421	0.273634	0.690306	0.0922226	-0.671786	0.252341	-0.0150415	0.657328	0.0324503	0.752756	0.0511995	0.648582	0.183425	0.736936	0.689391	0.150695	-0.69172	0.153473	0.417396	0.600267	-0.448759	0.513883	0.0537675	0.741891	-0.0876743	0.662586	0.398445	0.634246	-0.442026	0.493544
0.419898	0.55882	-0.446833	0.558343	0.465868	0.532655	-0.408159	0.576759	0.72783	0.233278	-0.583915	0.273659	0.69025	0.0935701	-0.671693	0.252247	-0.0164542	0.657506	0.0326135	0.752563	0.0498699	0.648533	0.184024	0.736921	0.689507	0.150311	-0.691791	0.153011	0.417693	0.60008	-0.448795	0.513828	0.0541705	0.741862	-0.0875813	0.662598	0.399091	0.633993	-0.442747	0.492702
0.41938	0.559574	-0.446803	0.558	0.465209	0.533624	-0.408226	0.576348	0.727644	0.234858	-0.583566	0.273544	0.690169	0.0950434	-0.671614	0.252128	-0.0180087	0.657681	0.0324992	0.75238	0.0483418	0.648475	0.184686	0.736909	0.689578	0.149701	-0.691961	0.152517	0.417639	0.600113	-0.448668	0.513945	0.0542154	0.741954	-0.0871305	0.66255	0.399313	0.634062	-0.443119	0.492097
0.41938	0.559574	-0.446803	0.558	0.465209	0.533624	-0.408226	0.576348	0.727644	0.234858	-0.583566	0.273544	0.690169	0.0950434	-0.671614	0.252128	-0.0180087	0.657681	0.0324992	0.75238	0.0483418	0.648475	0.184686	0.736909	0.689578	0.149701	-0.691961	0.152517	0.417639	0.600113	-0.448668	0.513945	0.0542154	0.741954	-0.0871305	0.66255	0.399313	0.634062	-0.443119	0.492097
0.418786	0.560576	-0.446652	0.557561	0.464859	0.534223	-0.408301	0.576023	0.727648	0.235586	-0.583365	0.273334	0.690148	0.0957265	-0.671591	0.251988	-0.0189056	0.657732	0.0323468	0.752319	0.0476703	0.648469	0.184872	0.736911	0.689631	0.149801	-0.691818	0.152828	0.417287	0.600396	-0.448355	0.514174	0.0541756	0.741708	-0.0862107	0.66295	0.399898	0.634075	-0.444236	0.490596
0.418629	0.561	-0.446599	0.557296	0.464	0.535686	-0.408594	0.575148	0.727666	0.237485	-0.582832	0.272782	0.690211	0.0972972	-0.671452	0.251583	-0.0205212	0.657944	0.0316114	0.752123	0.0460605	0.648545	0.185323	0.736834	0.689582	0.149934	-0.691782	0.153081	0.41714	0.600522	-0.448244	0.514242	0.0546325	0.741162	-0.0848194	0.663701	0.400027	0.634227	-0.444592	0.489972
0.418583	0.561654	-0.44617	0.557014	0.463168	0.537275	-0.408783	0.574201	0.727777	0.239645	-0.582051	0.272266	0.690537	0.0992073	-0.671045	0.251027	-0.0223638	0.658235	0.0310512	0.751839	0.0442213	0.648695	0.185612	0.736741	0.689555	0.150261	-0.691652	0.15347	0.416951	0.600677	-0.448089	0.514348	0.0549874	0.740845	-0.0836594	0.664173	0.400085	0.63469	-0.445106	0.488857
0.418172	0.562788	-0.445943	0.556361	0.462629	0.538908	-0.408742	0.573133	0.727986	0.241691	-0.581142	0.271839	0.691122	0.100997	-0.670467	0.250249	-0.024609	0.658462	0.0303766	0.751598	0.0419952	0.648869	0.186335	0.736535	0.689495	0.151027	-0.691375	0.154236	0.416646	0.601024	-0.447719	0.514513	0.054988	0.740302	-0.0822125	0.664959	0.400494	0.634969	-0.445794	0.487532
0.417989	0.563242	-0.445935	0.556045	0.462053	0.540655	-0.408665	0.572007	0.728366	0.243842	-0.579895	0.271563	0.691546	0.101755	-0.670111	0.249722	-0.0264947	0.658574	0.030301	0.751438	0.0390831	0.648618	0.186703	0.736823	0.689495	0.151027	-0.691375	0.154236	0.416646	0.601024	-0.447719	0.514513	0.0551415	0.740185	-0.0815288	0.66516	0.400446	0.63539	-0.44594	0.486888
0.417389	0.564364	-0.445843	0.555432	0.461961	0.541388	-0.408768	0.571313	0.728866	0.245062	-0.578913	0.271218	0.691224	0.100628	-0.670549	0.249893	-0.0268898	0.658541	0.0301818	0.751459	0.036918	0.648	0.187659	0.737236	0.689474	0.152006	-0.690948	0.155278	0.415883	0.601816	-0.446896	0.51492	0.054669	0.739985	-0.0805442	0.665542	0.400416	0.635655	-0.446097	0.486422
0.417199	0.564909	-0.446145	0.554777	0.461649	0.543115	-0.409429	0.569451	0.731372	0.244625	-0.577606	0.267627	0.689047	0.0896038	-0.674324	0.249944	-0.02428	0.656426	0.0268301	0.753522	0.0341634	0.645911	0.189129	0.738825	0.689426	0.15223	-0.690892	0.155519	0.41549	0.602191	-0.446474	0.515166	0.0551206	0.739422	-0.0789444	0.666322	0.400574	0.63607	-0.446698	0.485197
0.41621	0.566309	-0.445827	0.554348	0.461908	0.545033	-0.409873	0.567084	0.733951	0.243747	-0.57637	0.264009	0.68442	0.0707944	-0.678558	0.257131	-0.0237834	0.650751	0.0267436	0.758447	0.0371978	0.639706	0.191695	0.743401	0.689561	0.152683	-0.690467	0.156361	0.414949	0.602641	-0.445798	0.515659	0.055254	0.738976	-0.0769207	0.667042	0.400659	0.636688	-0.447476	0.483596
0.415533	0.567875	-0.446038	0.553083	0.461874	0.546923	-0.410426	0.564888	0.737884	0.240823	-0.574568	0.25962	0.674725	0.0431349	-0.68248	0.277682	-0.0202899	0.64164	0.0289275	0.766191	0.0463387	0.627583	0.201913	0.750482	0.689946	0.151994	-0.690302	0.15606	0.41468	0.602741	-0.444715	0.516694	0.0560153	0.737629	-0.0739786	0.668799	0.401081	0.637642	-0.448828	0.480728
0.415162	0.568654	-0.446367	0.552295	0.461874	0.546923	-0.410426	0.564888	0.737884	0.240823	-0.574568	0.25962	0.667772	0.0257102	-0.684243	0.291945	-0.0202899	0.64164	0.0289275	0.766191	0.0463387	0.627583	0.201913	0.750482	0.690453	0.151455	-0.689993	0.15571	0.414558	0.602733	-0.443892	0.517507	0.0560153	0.737629	-0.0739786	0.668799	0.402644	0.637441	-0.450577	0.478045
0.412582	0.57153	-0.447042	0.55071	0.46247	0.549388	-0.410398	0.562022	0.744557	0.230616	-0.571226	0.257201	0.649745	-0.0119191	-0.684488	0.330403	-0.0159564	0.620901	0.0491379	0.782185	0.0713879	0.600259	0.231074	0.762363	0.692024	0.149547	-0.689126	0.154413	0.413993	0.603062	-0.441476	0.51964	0.0588157	0.735778	-0.0721703	0.670793	0.421748	0.628001	-0.469601	0.455213
0.408281	0.575974	-0.446303	0.549885	0.46241	0.5519	-0.409752	0.560078	0.748816	0.222264	-0.567935	0.259466	0.624295	-0.0525198	-0.680587	0.379868	-0.00717984	0.605776	0.0646556	0.792971	0.101048	0.57746	0.256605	0.768429	0.693257	0.14974	-0.68765	0.155272	0.412516	0.604691	-0.437825	0.522004	0.063267	0.7336	-0.0713692	0.672856	0.433245	0.623634	-0.484878	0.433904
0.407056	0.578576	-0.447176	0.547348	0.461716	0.553831	-0.409742	0.558749	0.75126	0.216872	-0.565847	0.261519	0.608713	-0.0741133	-0.677286	0.406521	-0.00224628	0.598479	0.0737717	0.797732	0.121025	0.565642	0.269331	0.769976	0.695161	0.14834	-0.685678	0.156822	0.41289	0.606294	-0.435583	0.521724	0.0747014	0.730596	-0.0707662	0.675012	0.436179	0.623053	-0.488022	0.428238
0.4089	0.579229	-0.446975	0.545442	0.459359	0.560382	-0.410793	0.553363	0.756519	0.195841	-0.561984	0.271109	0.552267	-0.142452	-0.65967	0.489432	0.0216723	0.58151	0.0945939	0.807731	0.196745	0.528891	0.312156	0.76428	0.698421	0.142629	-0.683908	0.155353	0.415489	0.607595	-0.435255	0.51841	0.0687449	0.734985	-0.0591322	0.671993	0.432049	0.631617	-0.477115	0.432152
0.407849	0.583469	-0.447998	0.540853	0.458569	0.562982	-0.410708	0.551439	0.758762	0.187119	-0.560027	0.275021	0.508148	-0.187859	-0.640288	0.544542	0.0321541	0.577634	0.0998991	0.809522	0.227488	0.515757	0.327366	0.758337	0.701823	0.135822	-0.681211	0.157954	0.417042	0.61037	-0.435387	0.513774	0.0648412	0.7376	-0.0535805	0.669978	0.433105	0.634577	-0.470007	0.43454
0.408733	0.585194	-0.449321	0.53721	0.457242	0.568574	-0.410472	0.546962	0.761552	0.171242	-0.555172	0.287225	0.484104	-0.209083	-0.628591	0.571665	0.0550828	0.571059	0.111287	0.811464	0.294283	0.486945	0.358537	0.74009	0.703679	0.131055	-0.679739	0.160044	0.418076	0.61155	-0.436076	0.510937	0.0604903	0.741636	-0.0466027	0.666442	0.435561	0.634839	-0.468019	0.433848
0.414273	0.586933	-0.453287	0.527653	0.457211	0.574503	-0.41204	0.539562	0.764532	0.150883	-0.548533	0.303047	0.434418	-0.247121	-0.600866	0.623836	0.0871566	0.56288	0.116936	0.81357	0.362329	0.454728	0.390839	0.713572	0.708242	0.119215	-0.676688	0.162091	0.42221	0.612421	-0.437662	0.505105	0.0627412	0.742161	-0.0451864	0.665747	0.444124	0.632166	-0.467627	0.429472
0.41753	0.58773	-0.455724	0.522071	0.457327	0.577917	-0.413738	0.534496	0.766104	0.139381	-0.543958	0.312678	0.409714	-0.263393	-0.584677	0.648777	0.104883	0.558577	0.118844	0.814167	0.395991	0.43834	0.406343	0.69709	0.710863	0.111274	-0.675814	0.1599	0.425803	0.611465	-0.438433	0.502573	0.0692117	0.743149	-0.0434275	0.664119	0.448377	0.630558	-0.467504	0.427545
0.424168	0.589627	-0.462586	0.508366	0.459299	0.583358	-0.418546	0.523027	0.770104	0.108669	-0.533939	0.331723	0.358537	-0.290485	-0.552457	0.694162	0.137069	0.549653	0.12931	0.813863	0.460308	0.404056	0.430558	0.66293	0.71662	0.090668	-0.674916	0.150744	0.433488	0.607965	-0.439511	0.499297	0.0755462	0.743475	-0.0428246	0.663102	0.454671	0.628344	-0.4657	0.426125
0.427444	0.590736	-0.46702	0.500216	0.460867	0.585529	-0.421999	0.516405	0.770826	0.0939148	-0.528134	0.34363	0.333525	-0.301321	-0.53609	0.714545	0.153058	0.544555	0.134504	0.813598	0.489654	0.386545	0.441083	0.645188	0.722274	0.0714275	-0.67286	0.1431	0.4387	0.604684	-0.443547	0.495142	0.0797599	0.743359	-0.0429905	0.662727	0.45772	0.62699	-0.464951	0.425672
0.430289	0.591909	-0.47132	0.492293	0.462537	0.587374	-0.426142	0.509367	0.771692	0.0772138	-0.522107	0.354872	0.309367	-0.310745	-0.519115	0.733655	0.167604	0.54029	0.140635	0.812538	0.51743	0.369852	0.450502	0.626517	0.722274	0.0714275	-0.67286	0.1431	0.4387	0.604684	-0.443547	0.495142	0.0863457	0.742576	-0.044806	0.66266	0.46098	0.625215	-0.464478	0.42528
0.435805	0.592969	-0.47911	0.47845	0.46378	0.589209	-0.431106	0.501885	0.772272	0.0584189	-0.516592	0.365124	0.285493	-0.319222	-0.502529	0.751036	0.182187	0.535525	0.145986	0.811609	0.543197	0.353164	0.457614	0.608936	0.72564	0.0565372	-0.671473	0.139188	0.434453	0.609954	-0.461847	0.475293	0.0923942	0.741916	-0.047121	0.662423	0.462892	0.624316	-0.462937	0.426204
0.440831	0.59238	-0.486431	0.467053	0.467867	0.591926	-0.443805	0.483488	0.769537	0.00684595	-0.497474	0.400358	0.221253	-0.337446	-0.453756	0.794533	0.229059	0.5206	0.159476	0.806892	0.60356	0.309107	0.476539	0.559534	0.727759	0.0512455	-0.67093	0.132638	0.422832	0.622357	-0.484736	0.445999	0.101429	0.741344	-0.0511312	0.661443	0.461065	0.626553	-0.451905	0.436614
0.4433	0.591686	-0.489588	0.462273	0.468974	0.592267	-0.447507	0.47856	0.767905	-0.010535	-0.491442	0.410725	0.201631	-0.342231	-0.438479	0.806201	0.241754	0.516469	0.167244	0.804266	0.61975	0.295558	0.480981	0.545173	0.730102	0.0516627	-0.669554	0.126414	0.416217	0.629038	-0.496529	0.429573	0.104182	0.740062	-0.0522385	0.662363	0.460878	0.627233	-0.448642	0.439193
0.446913	0.590836	-0.495938	0.453021	0.471723	0.591888	-0.453147	0.47096	0.763433	-0.0431025	-0.479912	0.430112	0.164255	-0.350175	-0.409836	0.826094	0.266339	0.507499	0.178077	0.799873	0.647253	0.268574	0.489056	0.51938	0.736816	0.0525953	-0.665736	0.105502	0.40093	0.642299	-0.518074	0.397878	0.111081	0.738638	-0.0557701	0.662543	0.460792	0.627565	-0.444324	0.443181
0.449426	0.589775	-0.499806	0.447634	0.472915	0.591353	-0.456186	0.46749	0.76046	-0.0585996	-0.474797	0.439129	0.146676	-0.353169	-0.396945	0.834382	0.276913	0.503513	0.183751	0.797514	0.658237	0.256643	0.492929	0.507819	0.739964	0.0548411	-0.663851	0.0935257	0.39373	0.647845	-0.527813	0.382997	0.116168	0.737289	-0.0586665	0.662924	0.460627	0.627493	-0.443266	0.444512
0.455573	0.585961	-0.506916	0.438337	0.475152	0.589552	-0.462347	0.461404	0.753929	-0.0877508	-0.466414	0.454256	0.114978	-0.359505	-0.37331	0.847452	0.296324	0.495848	0.194947	0.792668	0.676429	0.234188	0.499062	0.488403	0.746735	0.0628261	-0.658711	0.0673712	0.383806	0.654668	-0.546489	0.354194	0.126647	0.734681	-0.0641316	0.663394	0.465535	0.623207	-0.446252	0.442436
0.459868	0.581191	-0.517423	0.427798	0.479966	0.584642	-0.469534	0.455373	0.746292	-0.113313	-0.460225	0.467334	0.0731181	-0.367664	-0.344315	0.86077	0.321759	0.482053	0.208318	0.787845	0.69647	0.205249	0.504119	0.467619	0.756951	0.0676459	-0.649721	0.0176863	0.380724	0.654949	-0.574734	0.309471	0.136044	0.731557	-0.0691025	0.664485	0.468783	0.618333	-0.448271	0.443802
0.461933	0.578386	-0.521096	0.424907	0.48179	0.582291	-0.472	0.453907	0.737486	-0.135619	-0.456781	0.478615	0.0601983	-0.370096	-0.335895	0.864048	0.328978	0.477543	0.212595	0.786466	0.701924	0.197812	0.50467	0.462041	0.759572	0.068065	-0.646848	0.00209718	0.380055	0.65468	-0.58275	0.295559	0.147315	0.727996	-0.0757901	0.665264	0.470485	0.615885	-0.449233	0.444432
0.464988	0.573332	-0.528511	0.419228	0.485854	0.577067	-0.476004	0.452062	0.727974	-0.153603	-0.453949	0.490296	0.037365	-0.374605	-0.319626	0.869548	0.342978	0.469363	0.219661	0.783463	0.711182	0.18373	0.504724	0.453561	0.762688	0.0719631	-0.64239	-0.0214989	0.379887	0.653455	-0.595416	0.272328	0.157227	0.724152	-0.0823434	0.666411	0.475682	0.608481	-0.452559	0.445721
0.467934	0.567143	-0.535678	0.415254	0.490288	0.570802	-0.479829	0.451184	0.727974	-0.153603	-0.453949	0.490296	0.0193651	-0.379131	-0.303859	0.873816	0.357056	0.462179	0.224331	0.780114	0.718678	0.173731	0.505519	0.444714	0.763793	0.0771781	-0.639625	-0.0392892	0.384741	0.648713	-0.604833	0.255582	0.171332	0.71876	-0.0893923	0.667861	0.481	0.600346	-0.456628	0.446894
0.470749	0.560004	-0.541566	0.414123	0.495415	0.563987	-0.4835	0.450233	0.710524	-0.183002	-0.448107	0.510751	0.0124832	-0.381272	-0.296155	0.875653	0.364506	0.458436	0.226031	0.778384	0.725927	0.163017	0.50684	0.435395	0.762747	0.080461	-0.639474	-0.0530607	0.393339	0.643123	-0.605554	0.254916	0.187848	0.711598	-0.0947902	0.670341	0.485059	0.59287	-0.461117	0.447878
0.472189	0.556377	-0.544753	0.41319	0.50062	0.556757	-0.487564	0.44909	0.707161	-0.188726	-0.446282	0.514916	-0.00447113	-0.385574	-0.276839	0.880155	0.383976	0.448808	0.232398	0.772738	0.729501	0.157376	0.507975	0.430142	0.761561	0.0813755	-0.640368	-0.0577178	0.403425	0.636802	-0.598868	0.270349	0.196234	0.707091	-0.0957864	0.672562	0.487653	0.586476	-0.466095	0.448326
0.473415	0.549863	-0.549967	0.4136	0.503119	0.55328	-0.489725	0.448244	0.704127	-0.194436	-0.44497	0.518075	-0.00957384	-0.38672	-0.272513	0.880961	0.383976	0.448808	0.232398	0.772738	0.73269	0.15218	0.509995	0.42416	0.756898	0.0818985	-0.645465	-0.0614279	0.403425	0.636802	-0.598868	0.270349	0.204978	0.702394	-0.0960847	0.674829	0.489067	0.582775	-0.469235	0.448336
0.473557	0.543604	-0.552718	0.41802	0.507314	0.546597	-0.494206	0.446793	0.6987	-0.205887	-0.444823	0.521116	-0.0206979	-0.388695	-0.266306	0.881799	0.395835	0.44143	0.238847	0.76903	0.738575	0.140723	0.513382	0.413694	0.749344	0.0858642	-0.654209	-0.0558703	0.409557	0.625137	-0.599494	0.286486	0.222492	0.69342	-0.0952899	0.678665	0.492247	0.573326	-0.47502	0.450939
0.473557	0.543604	-0.552718	0.41802	0.507314	0.546597	-0.494206	0.446793	0.696138	-0.210717	-0.445696	0.521867	-0.0206979	-0.388695	-0.266306	0.881799	0.395835	0.44143	0.238847	0.76903	0.741025	0.135573	0.514645	0.409441	0.749344	0.0858642	-0.654209	-0.0558703	0.409557	0.625137	-0.599494	0.286486	0.229281	0.689743	-0.0952382	0.680158	0.492247	0.573326	-0.47502	0.450939
0.473654	0.540609	-0.552928	0.421504	0.509033	0.543385	-0.496515	0.446197	0.693834	-0.213887	-0.447074	0.522467	-0.0262243	-0.389431	-0.26497	0.881729	0.397517	0.439778	0.240011	0.768746	0.742951	0.132035	0.515414	0.406126	0.745673	0.0853832	-0.658488	-0.0554576	0.409185	0.621952	-0.600202	0.292406	0.235592	0.686785	-0.0966143	0.680799	0.493669	0.567835	-0.477317	0.453897
0.471831	0.534109	-0.550328	0.43502	0.512041	0.534883	-0.501613	0.447324	0.689985	-0.210979	-0.451631	0.524822	-0.0286989	-0.393035	-0.268527	0.878973	0.396814	0.437307	0.242435	0.769758	0.746462	0.127824	0.513595	0.403331	0.733588	0.0916537	-0.67116	-0.0547106	0.412751	0.609143	-0.601944	0.310234	0.255332	0.679683	-0.100799	0.680203	0.510439	0.538949	-0.497639	0.448711
0.470813	0.529512	-0.549174	0.443124	0.512366	0.532583	-0.502711	0.448463	0.689359	-0.210079	-0.452548	0.525216	-0.0241282	-0.39608	-0.268554	0.877734	0.396241	0.43561	0.243729	0.770605	0.747275	0.127731	0.512155	0.403686	0.730702	0.0962422	-0.673896	-0.0517287	0.412044	0.606425	-0.599792	0.320496	0.260619	0.677013	-0.1004	0.680919	0.521426	0.519911	-0.514718	0.439174
0.469755	0.528121	-0.549192	0.445878	0.512412	0.529244	-0.504299	0.450574	0.689159	-0.210953	-0.452701	0.524995	-0.0255185	-0.396868	-0.267121	0.877776	0.395757	0.43494	0.243602	0.771273	0.748689	0.127419	0.50938	0.404675	0.726147	0.100389	-0.678595	-0.0462763	0.41109	0.6058	-0.599281	0.323843	0.269385	0.676711	-0.1005	0.677786	0.52934	0.506119	-0.527012	0.431162
0.471417	0.523896	-0.548682	0.449719	0.512793	0.525126	-0.505606	0.453486	0.687533	-0.218157	-0.45339	0.523587	-0.0272893	-0.400579	-0.262844	0.877328	0.39521	0.433749	0.241502	0.772883	0.750287	0.129048	0.506699	0.404564	0.723027	0.0966941	-0.682555	-0.044733	0.409373	0.60382	-0.600642	0.327177	0.278993	0.676172	-0.108869	0.673129	0.532938	0.492797	-0.534279	0.433214
0.474243	0.521106	-0.547865	0.450984	0.514311	0.521998	-0.506066	0.454862	0.686645	-0.22152	-0.454255	0.522589	-0.0270172	-0.406285	-0.258704	0.875942	0.395489	0.432617	0.240699	0.773625	0.751718	0.129736	0.504799	0.404063	0.719941	0.10157	-0.68541	-0.0397828	0.407906	0.603088	-0.600378	0.330824	0.280809	0.67338	-0.11229	0.674608	0.524621	0.498911	-0.523033	0.449774
0.472969	0.522058	-0.543453	0.456524	0.516753	0.517621	-0.504025	0.459341	0.684608	-0.226764	-0.456704	0.520875	-0.0281618	-0.409096	-0.257637	0.874912	0.397342	0.432261	0.238202	0.773647	0.754617	0.132513	0.500117	0.403579	0.717391	0.109659	-0.68723	-0.0322509	0.405094	0.605474	-0.598235	0.333788	0.267857	0.678048	-0.107563	0.675969	0.52475	0.495661	-0.521715	0.454721
0.474938	0.520339	-0.544257	0.455484	0.516369	0.517387	-0.502979	0.461179	0.683496	-0.22827	-0.456676	0.521702	-0.0292676	-0.410099	-0.256025	0.874879	0.398426	0.431787	0.237337	0.77362	0.755184	0.133269	0.499021	0.403626	0.7166	0.113345	-0.68768	-0.027101	0.402097	0.607828	-0.597097	0.335169	0.265345	0.679562	-0.106464	0.675612	0.523593	0.495811	-0.519474	0.458441
0.475983	0.51979	-0.544279	0.454993	0.516109	0.516464	-0.501065	0.464576	0.681223	-0.230403	-0.455814	0.524484	-0.0306115	-0.41132	-0.252726	0.875219	0.399462	0.429797	0.236156	0.774554	0.756658	0.132133	0.496326	0.404561	0.716426	0.114628	-0.687732	-0.0248788	0.400658	0.608747	-0.597059	0.335291	0.267208	0.676653	-0.104791	0.678056	0.523552	0.495403	-0.520092	0.458229
0.476389	0.520009	-0.541525	0.457597	0.515508	0.517262	-0.497499	0.468175	0.679532	-0.231038	-0.454841	0.527235	-0.0328708	-0.411116	-0.250778	0.875793	0.395141	0.426646	0.238183	0.777885	0.757656	0.129625	0.492183	0.408547	0.714503	0.118129	-0.689265	-0.0211152	0.397277	0.610223	-0.597719	0.335456	0.266456	0.676236	-0.0997374	0.679528	0.522208	0.496573	-0.52232	0.455955
0.475743	0.520772	-0.540198	0.458967	0.515185	0.517655	-0.496406	0.469254	0.679262	-0.231204	-0.455168	0.527229	-0.0331889	-0.411235	-0.251089	0.875636	0.391896	0.426452	0.237836	0.779737	0.757004	0.130025	0.490895	0.411169	0.71403	0.119432	-0.68956	-0.0200954	0.396329	0.610683	-0.597767	0.335654	0.26487	0.67663	-0.0964257	0.680234	0.521764	0.497076	-0.522999	0.455137
0.475263	0.521669	-0.538167	0.460829	0.51461	0.518174	-0.494286	0.471544	0.678798	-0.230431	-0.456753	0.526793	-0.0335612	-0.41191	-0.253041	0.874742	0.382589	0.427364	0.233908	0.785031	0.753623	0.134109	0.488096	0.41932	0.713772	0.121607	-0.689532	-0.0169425	0.392829	0.613117	-0.596914	0.336848	0.265563	0.676785	-0.0956589	0.679917	0.522842	0.493435	-0.527957	0.452127
0.473503	0.523339	-0.535819	0.463474	0.514614	0.518197	-0.493053	0.472803	0.678391	-0.230109	-0.457923	0.526443	-0.0332645	-0.412997	-0.253768	0.87403	0.375058	0.428104	0.22917	0.789645	0.751042	0.13731	0.485827	0.425505	0.713617	0.124965	-0.689168	-0.0134995	0.390951	0.614882	-0.59621	0.337062	0.265829	0.676847	-0.0963076	0.67966	0.521562	0.489191	-0.531548	0.454007
0.472062	0.524418	-0.534403	0.465356	0.514537	0.518792	-0.490723	0.474656	0.67833	-0.230196	-0.459548	0.525066	-0.032433	-0.415019	-0.254672	0.87284	0.352014	0.432715	0.223382	0.79934	0.741212	0.147139	0.482301	0.443103	0.713617	0.124965	-0.689168	-0.0134995	0.390587	0.615444	-0.59594	0.336936	0.263639	0.677002	-0.0962078	0.680373	0.522261	0.48517	-0.535227	0.453195
0.468683	0.526545	-0.532491	0.468551	0.514058	0.519371	-0.48864	0.476685	0.678363	-0.230816	-0.459659	0.524653	-0.0320002	-0.415758	-0.254192	0.872644	0.336628	0.435301	0.22044	0.805357	0.734121	0.15365	0.48049	0.454518	0.713492	0.129125	-0.688591	-0.00995781	0.388672	0.617616	-0.594464	0.337784	0.261739	0.677488	-0.0950027	0.680791	0.521717	0.482779	-0.538162	0.452898
0.468281	0.526441	-0.531822	0.469828	0.512525	0.521285	-0.48575	0.479194	0.678589	-0.232579	-0.459393	0.523816	-0.030331	-0.417633	-0.251989	0.872447	0.298392	0.44025	0.213548	0.819475	0.714869	0.168857	0.476576	0.483037	0.713139	0.130634	-0.688685	-0.00899895	0.387983	0.61854	-0.593698	0.338232	0.261239	0.678266	-0.0940825	0.680337	0.51851	0.48778	-0.533549	0.456667
0.468281	0.526441	-0.531822	0.469828	0.512525	0.521285	-0.48575	0.479194	0.678589	-0.232579	-0.459393	0.523816	-0.030331	-0.417633	-0.251989	0.872447	0.298392	0.44025	0.213548	0.819475	0.714869	0.168857	0.476576	0.483037	0.713139	0.130634	-0.688685	-0.00899895	0.387983	0.61854	-0.593698	0.338232	0.261239	0.678266	-0.0940825	0.680337	0.51851	0.48778	-0.533549	0.456667
0.468883	0.524966	-0.53024	0.472657	0.511383	0.522328	-0.484561	0.48048	0.678904	-0.232802	-0.459491	0.523222	-0.0295249	-0.418452	-0.251632	0.872185	0.276124	0.442062	0.212071	0.826658	0.702293	0.177164	0.47414	0.500588	0.711857	0.132685	-0.689614	-0.00931533	0.388537	0.618428	-0.592973	0.33907	0.261412	0.678629	-0.092696	0.680099	0.513536	0.495568	-0.527633	0.460757
0.469355	0.523945	-0.530271	0.473287	0.508984	0.523073	-0.482261	0.484515	0.678405	-0.234036	-0.461048	0.521946	-0.0290053	-0.420384	-0.251632	0.871273	0.2261	0.440708	0.204272	0.84435	0.672112	0.195384	0.465021	0.542076	0.711675	0.13294	-0.689738	-0.0103658	0.38949	0.617922	-0.592618	0.33952	0.260987	0.679201	-0.0914909	0.679854	0.513336	0.496716	-0.528633	0.458591
0.473128	0.5187	-0.534575	0.470458	0.506991	0.521161	-0.483223	0.487695	0.678041	-0.234962	-0.461955	0.521201	-0.0289846	-0.423391	-0.250944	0.870016	0.170589	0.432111	0.19509	0.863782	0.635715	0.210406	0.448964	0.591631	0.711715	0.130832	-0.689991	-0.0160665	0.393044	0.616753	-0.591237	0.339958	0.264456	0.678985	-0.0971915	0.677935	0.516565	0.494838	-0.535783	0.448589
0.476309	0.514679	-0.537429	0.468407	0.506304	0.519369	-0.484749	0.488805	0.677339	-0.237479	-0.464384	0.518809	-0.0284774	-0.42543	-0.25057	0.869145	0.141582	0.423541	0.190888	0.874145	0.616371	0.216502	0.437135	0.618164	0.712291	0.128074	-0.689782	-0.0209509	0.396541	0.615081	-0.591264	0.338876	0.268254	0.677209	-0.101508	0.677586	0.519147	0.492774	-0.540676	0.44196
0.484848	0.500569	-0.550034	0.460234	0.507322	0.509445	-0.491457	0.491488	0.678249	-0.244183	-0.467827	0.511362	-0.0226952	-0.433963	-0.246836	0.86616	0.0637209	0.38617	0.166937	0.904955	0.555386	0.226861	0.387887	0.699732	0.715882	0.112664	-0.687801	-0.0418337	0.412635	0.604572	-0.595955	0.330247	0.279779	0.672261	-0.120299	0.674772	0.527079	0.486109	-0.556395	0.419893
0.487549	0.495669	-0.555143	0.456536	0.50808	0.504669	-0.495566	0.491507	0.679508	-0.246905	-0.468702	0.507568	-0.0191386	-0.437191	-0.245073	0.865122	0.0425389	0.371245	0.156693	0.914229	0.534903	0.227502	0.368316	0.725579	0.718912	0.0999769	-0.685514	-0.0569273	0.424269	0.596112	-0.600552	0.322465	0.284135	0.670299	-0.12685	0.673703	0.529026	0.484872	-0.560951	0.412752
0.49339	0.485443	-0.565018	0.449073	0.509458	0.493884	-0.505332	0.491091	0.682948	-0.253542	-0.469937	0.498455	-0.0100895	-0.443824	-0.240964	0.86305	0.00956775	0.339866	0.133779	0.930861	0.496792	0.222695	0.324986	0.773297	0.720652	0.0921442	-0.68405	-0.0651637	0.430118	0.591305	-0.603655	0.317738	0.293226	0.666849	-0.139945	0.670631	0.532056	0.483345	-0.569161	0.399186
0.499192	0.474705	-0.577091	0.438667	0.511935	0.481278	-0.516936	0.488948	0.686995	-0.261923	-0.471053	0.487384	-0.000415489	-0.451768	-0.235335	0.860537	-0.00849042	0.301969	0.115275	0.946284	0.467096	0.211029	0.27315	0.81405	0.724783	0.0750639	-0.680057	-0.0811005	0.442269	0.580578	-0.610867	0.306871	0.301865	0.662737	-0.153581	0.667885	0.532295	0.485719	-0.573767	0.389268
0.504147	0.464654	-0.588521	0.428458	0.512666	0.468322	-0.528794	0.488083	0.690623	-0.272631	-0.471911	0.475408	0.00902253	-0.460596	-0.228145	0.857741	-0.0108327	0.2627	0.100331	0.959586	0.449165	0.195977	0.228251	0.841276	0.728697	0.0565489	-0.675332	-0.098642	0.456357	0.56775	-0.618874	0.293927	0.308137	0.660459	-0.166602	0.664145	0.532431	0.48939	-0.575451	0.381931
0.510686	0.454059	-0.597934	0.418933	0.513245	0.45469	-0.541159	0.48681	0.69202	-0.279024	-0.472273	0.469267	0.0175785	-0.470747	-0.21894	0.85449	0.00330849	0.224718	0.0884754	0.970393	0.447239	0.183183	0.203672	0.851433	0.732101	0.0377351	-0.669994	-0.1171	0.474899	0.549124	-0.629396	0.277118	0.309227	0.660783	-0.172802	0.661728	0.531625	0.494294	-0.574738	0.377789
0.514163	0.448705	-0.603004	0.413142	0.513756	0.447626	-0.546987	0.486304	0.693678	-0.292258	-0.473852	0.457013	0.0213592	-0.476126	-0.214567	0.852531	0.0162972	0.206493	0.0844621	0.974659	0.453204	0.160377	0.160594	0.86203	0.733328	0.0264692	-0.667136	-0.12829	0.500978	0.520585	-0.642595	0.255114	0.311395	0.659832	-0.18557	0.658194	0.53232	0.494913	-0.575331	0.375088
0.521923	0.434708	-0.61826	0.39545	0.514893	0.428345	-0.565021	0.481827	0.696469	-0.313765	-0.47417	0.437772	0.0311337	-0.489545	-0.200189	0.848116	0.0792994	0.15362	0.079103	0.981761	0.483439	0.12296	0.101817	0.860698	0.733525	-0.00577637	-0.659377	-0.164712	0.529729	0.487342	-0.653801	0.233299	0.316128	0.658391	-0.20465	0.651692	0.535958	0.493534	-0.577775	0.367897
0.523766	0.428349	-0.627144	0.385846	0.517476	0.415343	-0.577928	0.475087	0.70117	-0.329291	-0.470412	0.422659	0.041207	-0.496167	-0.187803	0.84667	0.139795	0.123191	0.0708234	0.979931	0.514121	0.0958139	0.067937	0.849637	0.731682	-0.020187	-0.656072	-0.18386	0.555506	0.457696	-0.660297	0.214325	0.31901	0.657294	-0.210217	0.64962	0.538419	0.492224	-0.579602	0.363156
0.523803	0.426056	-0.630639	0.382624	0.519539	0.408644	-0.584772	0.470246	0.704649	-0.336106	-0.467715	0.414422	0.0486289	-0.499189	-0.181973	0.845772	0.172726	0.110837	0.0627899	0.976698	0.531624	0.0828936	0.0546688	0.84114	0.730813	-0.0245758	-0.655009	-0.190454	0.564627	0.447971	-0.661274	0.207931	0.326562	0.655166	-0.217321	0.645667	0.539865	0.491592	-0.580454	0.360494
0.520444	0.424447	-0.636773	0.378817	0.525169	0.394981	-0.597162	0.459985	0.708767	-0.342215	-0.464796	0.405588	0.0678769	-0.504608	-0.171233	0.843471	0.238036	0.0891306	0.0512146	0.965801	0.573357	0.0570866	0.0340045	0.816607	0.729587	-0.0244681	-0.654962	-0.195266	0.571189	0.441767	-0.661257	0.203285	0.32918	0.654951	-0.218387	0.644195	0.54156	0.492657	-0.579987	0.357235
0.520444	0.424447	-0.636773	0.378817	0.525169	0.394981	-0.597162	0.459985	0.708767	-0.342215	-0.464796	0.405588	0.0678769	-0.504608	-0.171233	0.843471	0.238036	0.0891306	0.0512146	0.965801	0.573357	0.0570866	0.0340045	0.816607	0.729587	-0.0244681	-0.654962	-0.195266	0.571189	0.441767	-0.661257	0.203285	0.32918	0.654951	-0.218387	0.644195	0.54156	0.492657	-0.579987	0.357235
0.516776	0.425052	-0.640993	0.376034	0.528077	0.388353	-0.603218	0.454363	0.718553	-0.352512	-0.457703	0.387201	0.0900364	-0.508738	-0.161284	0.840873	0.268405	0.0800982	0.0452477	0.958903	0.597648	0.0437118	0.024738	0.800184	0.730378	-0.0159186	-0.655154	-0.192532	0.575071	0.442324	-0.657907	0.201992	0.331007	0.65613	-0.214654	0.643313	0.542451	0.495083	-0.578095	0.355591
0.51543	0.426376	-0.641049	0.376286	0.532851	0.376168	-0.614646	0.443596	0.72852	-0.361494	-0.449619	0.369355	0.100262	-0.510466	-0.15629	0.83961	0.320015	0.0623013	0.0305013	0.94487	0.648522	0.0225068	0.0114554	0.760777	0.731171	-0.0106477	-0.655028	-0.190298	0.572146	0.452771	-0.651857	0.20671	0.332144	0.6577	-0.209561	0.642803	0.542991	0.495926	-0.577259	0.35495
0.51813	0.425114	-0.643386	0.369965	0.535298	0.365487	-0.625471	0.434351	0.735599	-0.369725	-0.444217	0.353367	0.117568	-0.51499	-0.147806	0.836132	0.356129	0.0470504	0.0151569	0.933128	0.69532	0.00916493	0.00543757	0.718621	0.733304	-0.00291437	-0.652955	-0.189489	0.572798	0.45685	-0.648865	0.205339	0.331609	0.660003	-0.204987	0.642192	0.543736	0.498217	-0.573672	0.356415
0.521929	0.421321	-0.644928	0.366261	0.537529	0.356737	-0.633251	0.427544	0.739484	-0.37504	-0.442585	0.341506	0.129228	-0.519962	-0.142997	0.832161	0.383254	0.0400112	0.00671805	0.922752	0.725566	0.00510435	0.00363545	0.688124	0.733731	-0.0023467	-0.652207	-0.190419	0.573926	0.459624	-0.645807	0.205641	0.332715	0.660111	-0.205438	0.641365	0.544169	0.498172	-0.572966	0.356952
0.526303	0.416422	-0.646068	0.363586	0.540273	0.350487	-0.637882	0.422339	0.740882	-0.377012	-0.442134	0.336859	0.137475	-0.523046	-0.139791	0.829447	0.39984	0.0427554	0.00990816	0.915534	0.74166	0.003893	0.00537863	0.670743	0.73397	-0.00137792	-0.65169	-0.191275	0.576337	0.459132	-0.644265	0.204832	0.3334	0.660009	-0.206764	0.640688	0.544858	0.49786	-0.571481	0.358713
0.528537	0.414541	-0.64555	0.363413	0.543055	0.347305	-0.639777	0.418516	0.744197	-0.380135	-0.439454	0.329467	0.144303	-0.523249	-0.136225	0.828752	0.408671	0.0493944	0.0132167	0.911248	0.748057	0.00583312	0.00881959	0.66355	0.733999	-0.00250045	-0.651118	-0.19309	0.577719	0.458394	-0.643635	0.204571	0.33289	0.660307	-0.211909	0.638963	0.544839	0.497966	-0.569927	0.361058
0.531256	0.411079	-0.646846	0.36107	0.545683	0.345605	-0.640667	0.415129	0.747588	-0.382206	-0.435155	0.325071	0.149727	-0.52186	-0.132557	0.82926	0.41194	0.0536183	0.0163387	0.909485	0.74966	0.00925843	0.0110312	0.661666	0.733683	-0.00514954	-0.65046	-0.19643	0.58098	0.45567	-0.642979	0.203484	0.333049	0.659918	-0.214517	0.638412	0.544484	0.498065	-0.56881	0.363213
0.533392	0.409117	-0.64742	0.359115	0.547536	0.345522	-0.640269	0.41337	0.750329	-0.383857	-0.430462	0.323052	0.152817	-0.520442	-0.128986	0.830151	0.41304	0.0579587	0.0187134	0.908674	0.749346	0.0109194	0.0141914	0.661937	0.73314	-0.00530632	-0.650785	-0.197371	0.582386	0.454255	-0.642783	0.203246	0.33256	0.660082	-0.215759	0.638078	0.544249	0.498023	-0.567636	0.365454
0.533392	0.409117	-0.64742	0.359115	0.547536	0.345522	-0.640269	0.41337	0.750329	-0.383857	-0.430462	0.323052	0.152817	-0.520442	-0.128986	0.830151	0.41304	0.0579587	0.0187134	0.908674	0.749346	0.0109194	0.0141914	0.661937	0.73314	-0.00530632	-0.650785	-0.197371	0.582386	0.454255	-0.642783	0.203246	0.33256	0.660082	-0.215759	0.638078	0.544249	0.498023	-0.567636	0.365454
0.532372	0.410417	-0.647497	0.359006	0.548326	0.346696	-0.639042	0.413238	0.751279	-0.385008	-0.427535	0.323361	0.152227	-0.518839	-0.127303	0.831521	0.412975	0.0620764	0.022028	0.908357	0.749247	0.0122642	0.0169289	0.661961	0.732817	-0.00454938	-0.651059	-0.197688	0.582741	0.454281	-0.642266	0.203803	0.331825	0.65996	-0.2174	0.63803	0.544354	0.497624	-0.56714	0.366607
0.532059	0.411109	-0.647571	0.358544	0.548618	0.347506	-0.638245	0.413402	0.751581	-0.384385	-0.426248	0.325096	0.152026	-0.518247	-0.127192	0.831944	0.412571	0.0628398	0.0231702	0.90846	0.749599	0.0115366	0.0205506	0.661473	0.732796	-0.00376777	-0.651287	-0.197032	0.582171	0.454893	-0.642115	0.204541	0.330936	0.66	-0.217293	0.638487	0.544288	0.497574	-0.566813	0.367279
0.532311	0.411583	-0.647342	0.358041	0.548656	0.34861	-0.637244	0.413966	0.751581	-0.384385	-0.426248	0.325096	0.151623	-0.517663	-0.127386	0.832351	0.412402	0.0632207	0.0244804	0.908476	0.749607	0.0113563	0.0228505	0.661391	0.732747	-0.00273941	-0.651555	-0.196344	0.581717	0.455406	-0.641946	0.20522	0.330772	0.659942	-0.217352	0.638612	0.544199	0.497659	-0.566408	0.367921
0.532603	0.413312	-0.64689	0.356426	0.54798	0.352034	-0.634051	0.416857	0.75033	-0.380659	-0.426313	0.332206	0.147288	-0.515032	-0.129527	0.834429	0.41298	0.0660732	0.0300268	0.907844	0.750345	0.0081592	0.0328682	0.660178	0.732836	-0.000424029	-0.651792	-0.195238	0.580587	0.456989	-0.641538	0.206177	0.330163	0.659846	-0.216492	0.639318	0.543966	0.497881	-0.565625	0.369166
0.531641	0.415255	-0.646553	0.356217	0.547209	0.354271	-0.63245	0.418403	0.749858	-0.379466	-0.426696	0.334139	0.144528	-0.513593	-0.131825	0.835437	0.413222	0.0670616	0.0332539	0.907549	0.750696	0.00692409	0.0358586	0.659638	0.733083	0.00174578	-0.651885	-0.193987	0.579834	0.45819	-0.641176	0.206755	0.329988	0.659843	-0.215991	0.639581	0.543486	0.498646	-0.564755	0.370172
0.531641	0.415255	-0.646553	0.356217	0.546618	0.355805	-0.631575	0.419195	0.749312	-0.376715	-0.427535	0.337389	0.144528	-0.513593	-0.131825	0.835437	0.413321	0.0677505	0.0344905	0.907406	0.751419	0.00477318	0.040128	0.658587	0.733083	0.00174578	-0.651885	-0.193987	0.579834	0.45819	-0.641176	0.206755	0.328381	0.660823	-0.214339	0.639951	0.543486	0.498646	-0.564755	0.370172
0.529794	0.419589	-0.644917	0.356854	0.545714	0.359552	-0.629383	0.420472	0.748857	-0.373467	-0.427929	0.341487	0.140686	-0.510314	-0.135878	0.837451	0.413676	0.0698846	0.0361444	0.907018	0.752024	0.0056313	0.0445959	0.657601	0.733322	0.00455747	-0.652305	-0.191616	0.578294	0.460574	-0.64057	0.207648	0.32713	0.661522	-0.213315	0.640212	0.542025	0.500571	-0.562668	0.372884
0.529557	0.420385	-0.644804	0.356475	0.54564	0.360557	-0.628867	0.420478	0.748911	-0.372649	-0.427589	0.342684	0.13999	-0.509372	-0.136127	0.838101	0.413519	0.0705542	0.0364566	0.907025	0.75224	0.00669728	0.045127	0.657308	0.733237	0.0046177	-0.652439	-0.191482	0.578063	0.460808	-0.64053	0.207894	0.326751	0.661692	-0.212419	0.640527	0.54172	0.500953	-0.562383	0.373244
0.529259	0.421228	-0.644719	0.356075	0.54564	0.360557	-0.628867	0.420478	0.748911	-0.372649	-0.427589	0.342684	0.139544	-0.508376	-0.136307	0.83875	0.413519	0.0705542	0.0364566	0.907025	0.75224	0.00669728	0.045127	0.657308	0.73318	0.00439225	-0.652463	-0.191624	0.578063	0.460808	-0.64053	0.207894	0.326751	0.661692	-0.212419	0.640527	0.541806	0.500894	-0.562461	0.373082
0.529114	0.421769	-0.644593	0.355878	0.54562	0.362553	-0.627883	0.420259	0.74944	-0.371213	-0.426438	0.344517	0.139543	-0.507497	-0.136453	0.839258	0.412968	0.0720305	0.0365747	0.907156	0.752593	0.00897008	0.0458909	0.656823	0.733161	0.00409094	-0.652453	-0.191737	0.578595	0.460007	-0.640765	0.207466	0.326201	0.662289	-0.212214	0.640259	0.541653	0.501101	-0.562383	0.373142
0.529272	0.422452	-0.644198	0.355549	0.545789	0.363284	-0.627447	0.420059	0.749817	-0.370515	-0.425843	0.345182	0.140167	-0.505825	-0.136814	0.840105	0.412812	0.0732337	0.0369021	0.907117	0.752703	0.00955957	0.046416	0.656652	0.733256	0.00349183	-0.652286	-0.191955	0.578818	0.459708	-0.640762	0.207513	0.326168	0.662268	-0.212318	0.640262	0.541862	0.501043	-0.562568	0.372638
0.529047	0.423078	-0.643768	0.355918	0.546273	0.364723	-0.626484	0.41962	0.75056	-0.369474	-0.424585	0.346231	0.140311	-0.505047	-0.136843	0.840544	0.412633	0.0756742	0.0376459	0.906967	0.752591	0.0118939	0.0481228	0.65662	0.733217	0.00308005	-0.65221	-0.192368	0.578818	0.459708	-0.640762	0.207513	0.326463	0.662348	-0.212525	0.639961	0.542049	0.500828	-0.562754	0.372373
0.529374	0.423871	-0.642502	0.356775	0.546782	0.365672	-0.625895	0.41901	0.751212	-0.368823	-0.423357	0.347015	0.140631	-0.503682	-0.136471	0.84137	0.412506	0.0776769	0.0380269	0.90684	0.752454	0.0136905	0.0489901	0.656678	0.733428	0.00283688	-0.651961	-0.192411	0.579438	0.45921	-0.640712	0.207042	0.325991	0.662743	-0.212492	0.639803	0.541832	0.501125	-0.562552	0.372595
0.529669	0.424553	-0.641425	0.357463	0.547311	0.366327	-0.625457	0.4184	0.75166	-0.368585	-0.421873	0.348102	0.140909	-0.502522	-0.13554	0.842167	0.413215	0.0786736	0.0376195	0.906448	0.752483	0.0146854	0.0489038	0.65663	0.733612	0.00392198	-0.652057	-0.191361	0.578996	0.459921	-0.640423	0.207593	0.324732	0.663607	-0.21221	0.639641	0.542093	0.501032	-0.562308	0.37271
0.529635	0.424995	-0.641019	0.357715	0.547533	0.366712	-0.625125	0.418268	0.75166	-0.368585	-0.421873	0.348102	0.140695	-0.501921	-0.134922	0.84266	0.413676	0.0791482	0.0377974	0.906189	0.752823	0.0146048	0.0492965	0.656212	0.733659	0.00399562	-0.652	-0.191374	0.578968	0.460121	-0.640281	0.207667	0.324034	0.663996	-0.212312	0.639559	0.542053	0.501128	-0.561997	0.373107
0.529767	0.425376	-0.640523	0.357956	0.547533	0.366712	-0.625125	0.418268	0.75166	-0.368585	-0.421873	0.348102	0.140695	-0.501921	-0.134922	0.84266	0.413676	0.0791482	0.0377974	0.906189	0.752823	0.0146048	0.0492965	0.656212	0.733816	0.00405712	-0.651847	-0.191294	0.578804	0.460295	-0.640295	0.207696	0.324034	0.663996	-0.212312	0.639559	0.542009	0.501181	-0.561766	0.373448
0.529767	0.425376	-0.640523	0.357956	0.547794	0.36703	-0.624683	0.418309	0.751794	-0.36852	-0.420512	0.349527	0.140492	-0.501378	-0.134393	0.843102	0.414281	0.0796037	0.0380995	0.90586	0.753243	0.0149269	0.0500379	0.655667	0.733816	0.00405712	-0.651847	-0.191294	0.578804	0.460295	-0.640295	0.207696	0.323486	0.664173	-0.212345	0.639641	0.542009	0.501181	-0.561766	0.373448
0.530459	0.426873	-0.63758	0.360395	0.549616	0.367548	-0.622277	0.419049	0.751528	-0.368553	-0.419225	0.351604	0.139204	-0.499849	-0.132389	0.844539	0.417847	0.0838589	0.0414632	0.903688	0.75465	0.0179203	0.0569969	0.653402	0.733994	0.00451023	-0.651786	-0.190808	0.578986	0.459789	-0.640724	0.206981	0.322427	0.664416	-0.21197	0.640048	0.541665	0.501574	-0.561224	0.374232
0.530497	0.427547	-0.636567	0.36133	0.550118	0.368512	-0.620539	0.42012	0.751108	-0.368904	-0.417637	0.354014	0.137838	-0.498957	-0.131919	0.845364	0.419562	0.0871007	0.043941	0.902469	0.755275	0.0191642	0.0599079	0.652383	0.734251	0.00374213	-0.65129	-0.191527	0.579959	0.458297	-0.641418	0.205411	0.321688	0.664768	-0.211571	0.640186	0.541475	0.501736	-0.56108	0.374507
0.529617	0.429709	-0.634881	0.363018	0.550636	0.371244	-0.618452	0.420114	0.750536	-0.368618	-0.416172	0.357236	0.135485	-0.497146	-0.130992	0.846954	0.421049	0.0905476	0.0425566	0.901503	0.757084	0.0215927	0.0625731	0.649956	0.734265	0.00375605	-0.651334	-0.191324	0.580195	0.457538	-0.642037	0.204502	0.320725	0.665098	-0.21069	0.640616	0.5413	0.501914	-0.560941	0.374729
0.529151	0.43072	-0.633984	0.364065	0.550879	0.372516	-0.617458	0.42013	0.750526	-0.368407	-0.415011	0.358821	0.134492	-0.495822	-0.130483	0.847966	0.421878	0.0919094	0.0433608	0.900939	0.757559	0.0231477	0.0635943	0.649249	0.734179	0.00461345	-0.651575	-0.190813	0.579744	0.457502	-0.642458	0.204539	0.319955	0.665391	-0.209615	0.64105	0.541038	0.502195	-0.560846	0.374872
0.528181	0.432812	-0.632662	0.365291	0.550904	0.375531	-0.615988	0.419571	0.750956	-0.367377	-0.412311	0.362076	0.132946	-0.492557	-0.129644	0.850238	0.422108	0.0941578	0.0432472	0.900605	0.758061	0.0242454	0.0648449	0.648499	0.733946	0.00539477	-0.651873	-0.19067	0.579479	0.457659	-0.642481	0.204866	0.319884	0.665448	-0.208349	0.641439	0.540623	0.502272	-0.561141	0.374927
0.528206	0.433317	-0.632597	0.364768	0.550929	0.376622	-0.615408	0.419411	0.751399	-0.366676	-0.41084	0.363536	0.132523	-0.490827	-0.129357	0.851348	0.422149	0.0951593	0.0440513	0.900441	0.75792	0.0246559	0.0656812	0.648564	0.733979	0.00541317	-0.651866	-0.190571	0.579479	0.457659	-0.642481	0.204866	0.319955	0.665298	-0.208134	0.641629	0.540476	0.502193	-0.561099	0.375309
0.528713	0.433663	-0.63227	0.36419	0.550929	0.376622	-0.615408	0.419411	0.751399	-0.366676	-0.41084	0.363536	0.132523	-0.490827	-0.129357	0.851348	0.422149	0.0951593	0.0440513	0.900441	0.75792	0.0246559	0.0656812	0.648564	0.733837	0.00556563	-0.652081	-0.190373	0.578535	0.458216	-0.642669	0.2057	0.319955	0.665298	-0.208134	0.641629	0.540267	0.502142	-0.56082	0.376093
0.529252	0.434127	-0.63178	0.363703	0.551475	0.378104	-0.614485	0.418714	0.751876	-0.366075	-0.408347	0.365957	0.132162	-0.488302	-0.128152	0.853036	0.421994	0.0969667	0.0452226	0.900263	0.756965	0.0249276	0.0675981	0.649472	0.733616	0.0063849	-0.652459	-0.189906	0.578535	0.458216	-0.642669	0.2057	0.319216	0.665211	-0.208307	0.642031	0.540088	0.502018	-0.560511	0.376975
0.528808	0.43595	-0.630819	0.363836	0.552095	0.379448	-0.613464	0.418177	0.752134	-0.365863	-0.406081	0.368153	0.130765	-0.485835	-0.126898	0.854846	0.422229	0.0990418	0.0465906	0.899857	0.755559	0.0250882	0.0705019	0.650792	0.733281	0.00763262	-0.653004	-0.18928	0.577794	0.458689	-0.642695	0.206644	0.318335	0.665571	-0.207998	0.642195	0.54001	0.501538	-0.560346	0.37797
0.529319	0.43705	-0.629737	0.363649	0.552237	0.380819	-0.613028	0.417381	0.752241	-0.365724	-0.404393	0.369927	0.129808	-0.484084	-0.125897	0.856132	0.422185	0.100905	0.047552	0.89962	0.754676	0.0248429	0.0732076	0.651527	0.733273	0.00818211	-0.653125	-0.188867	0.576876	0.459465	-0.64275	0.207311	0.317293	0.665809	-0.207705	0.642559	0.539831	0.501289	-0.560131	0.378873
0.529324	0.437627	-0.629204	0.363869	0.552427	0.381413	-0.612579	0.417248	0.752241	-0.365724	-0.404393	0.369927	0.129579	-0.483502	-0.125535	0.856549	0.422425	0.101558	0.0481202	0.899404	0.75437	0.0248878	0.074149	0.651773	0.733014	0.00915157	-0.653555	-0.188341	0.576496	0.45976	-0.642734	0.207763	0.316748	0.666096	-0.207671	0.642541	0.539688	0.501258	-0.560101	0.379163
0.528969	0.438692	-0.628702	0.363971	0.552828	0.382356	-0.611538	0.41738	0.75238	-0.365267	-0.403185	0.37141	0.129242	-0.48237	-0.124834	0.85734	0.422529	0.103225	0.0494625	0.899093	0.754532	0.024865	0.0766448	0.651297	0.732973	0.00892591	-0.653475	-0.188792	0.577171	0.4586	-0.64327	0.206794	0.315913	0.666474	-0.207371	0.642657	0.539731	0.500935	-0.560535	0.378886
0.529875	0.438657	-0.628011	0.363887	0.553315	0.383035	-0.610588	0.417503	0.752361	-0.365238	-0.401897	0.372872	0.12847	-0.481568	-0.123709	0.85807	0.422757	0.103837	0.0503476	0.898866	0.754784	0.0245226	0.0774416	0.650925	0.732673	0.009083	-0.653763	-0.188952	0.577515	0.458009	-0.643573	0.206196	0.314923	0.666573	-0.207329	0.643055	0.539769	0.500827	-0.560738	0.378675
0.530032	0.438839	-0.627634	0.364092	0.553672	0.383079	-0.610156	0.417622	0.751933	-0.365717	-0.400744	0.374501	0.127847	-0.481126	-0.122968	0.858517	0.423129	0.104063	0.0508583	0.898636	0.754695	0.0242083	0.0775571	0.651026	0.732658	0.00934505	-0.653702	-0.189204	0.577712	0.457951	-0.643527	0.20592	0.314346	0.666721	-0.206834	0.643343	0.539729	0.500834	-0.560942	0.37842
0.530122	0.439164	-0.62742	0.363935	0.554174	0.383175	-0.60951	0.417811	0.751451	-0.366455	-0.399527	0.376046	0.126468	-0.48021	-0.121532	0.859438	0.423844	0.10492	0.0513479	0.898171	0.754351	0.0235859	0.0780412	0.651389	0.732829	0.00926179	-0.653514	-0.189197	0.577326	0.45842	-0.64347	0.206135	0.314055	0.666885	-0.206865	0.643304	0.539939	0.500606	-0.56126	0.377951
0.530122	0.439164	-0.62742	0.363935	0.554174	0.383175	-0.60951	0.417811	0.751451	-0.366455	-0.399527	0.376046	0.126468	-0.48021	-0.121532	0.859438	0.423844	0.10492	0.0513479	0.898171	0.754351	0.0235859	0.0780412	0.651389	0.732829	0.00926179	-0.653514	-0.189197	0.577326	0.45842	-0.64347	0.206135	0.314055	0.666885	-0.206865	0.643304	0.539939	0.500606	-0.56126	0.377951
0.530489	0.43907	-0.627334	0.363664	0.554551	0.383173	-0.609425	0.417437	0.751277	-0.36706	-0.398418	0.376979	0.12598	-0.479683	-0.120147	0.859999	0.425086	0.10538	0.0514416	0.897525	0.753431	0.0232756	0.0785219	0.652407	0.732819	0.00965723	-0.653644	-0.188765	0.577106	0.45859	-0.643519	0.206222	0.312576	0.667506	-0.206588	0.64347	0.540039	0.500502	-0.561119	0.378155
