FULLBODY	1																																						
Frames:	132																																						
0.426354	0.555484	-0.451228	0.55322	0.472715	0.526134	-0.411501	0.574796	0.730097	0.224346	-0.586225	0.270123	0.685692	0.0854781	-0.675891	0.256303	0.0142471	0.653837	0.0105963	0.756427	0.0740659	0.65558	0.173615	0.731155	0.696859	0.135266	-0.691889	0.131834	0.423549	0.600082	-0.459542	0.499328	0.0368791	0.739893	-0.100144	0.664206	0.384166	0.641661	-0.439059	0.497912
0.416678	0.566029	-0.449598	0.551228	0.464267	0.537786	-0.409794	0.572111	0.72647	0.245718	-0.581207	0.272144	0.683553	0.106433	-0.673986	0.259171	-0.0147783	0.660226	0.00334365	0.750915	0.0477828	0.662626	0.172508	0.727244	0.695249	0.142797	-0.69132	0.135331	0.421314	0.600544	-0.456108	0.503792	0.03621	0.737694	-0.0937446	0.667614	0.386699	0.642539	-0.444997	0.489475
0.416954	0.565851	-0.449839	0.551006	0.464267	0.537786	-0.409794	0.572111	0.72647	0.245718	-0.581207	0.272144	0.683553	0.106433	-0.673986	0.259171	-0.0147783	0.660226	0.00334365	0.750915	0.0477828	0.662626	0.172508	0.727244	0.695313	0.142608	-0.691337	0.135114	0.421513	0.600421	-0.45618	0.503707	0.03621	0.737694	-0.0937446	0.667614	0.386699	0.642539	-0.444997	0.489475
0.416954	0.565851	-0.449839	0.551006	0.464308	0.537886	-0.410225	0.571675	0.726724	0.245302	-0.581325	0.271591	0.683683	0.106014	-0.674042	0.258855	-0.0148554	0.660257	0.00328787	0.750886	0.0478408	0.662684	0.172516	0.727186	0.695313	0.142608	-0.691337	0.135114	0.421513	0.600421	-0.45618	0.503707	0.0363036	0.73771	-0.0939146	0.667567	0.386716	0.642549	-0.445006	0.48944
0.417433	0.565605	-0.4503	0.550518	0.464413	0.537864	-0.410515	0.571401	0.726936	0.245078	-0.581396	0.271072	0.683926	0.105729	-0.674077	0.258237	-0.0148999	0.660328	0.00304144	0.750824	0.0479351	0.662854	0.172429	0.727046	0.695368	0.142257	-0.691423	0.134761	0.42155	0.600463	-0.4561	0.503698	0.0364162	0.737738	-0.094124	0.667501	0.386936	0.642472	-0.44506	0.489318
0.417772	0.565232	-0.450254	0.550682	0.46399	0.538721	-0.41164	0.570128	0.727012	0.24539	-0.581385	0.270607	0.684067	0.105884	-0.674012	0.25797	-0.0142437	0.660451	0.00173996	0.750732	0.0484581	0.663441	0.171353	0.72673	0.695389	0.142407	-0.69135	0.134869	0.421665	0.600396	-0.456116	0.503668	0.0365326	0.73781	-0.0944726	0.667365	0.386979	0.642474	-0.445032	0.489306
0.418107	0.564834	-0.450309	0.550791	0.463825	0.53906	-0.412325	0.569446	0.727179	0.245711	-0.581484	0.269654	0.684279	0.10611	-0.674114	0.257049	-0.0142941	0.660658	0.000844321	0.75055	0.0487447	0.663892	0.170705	0.726451	0.695557	0.142424	-0.691166	0.134928	0.421939	0.600272	-0.456203	0.503506	0.0365914	0.737881	-0.0946979	0.667252	0.387119	0.642484	-0.445063	0.489155
0.41845	0.56448	-0.45071	0.550565	0.463667	0.539421	-0.412847	0.568854	0.727185	0.246224	-0.58165	0.268809	0.684473	0.106627	-0.674276	0.255888	-0.0142975	0.660798	1.27E-05	0.750427	0.0486504	0.664178	0.170345	0.72628	0.695714	0.141896	-0.691206	0.134473	0.422265	0.600066	-0.456365	0.503333	0.0369467	0.73794	-0.0951946	0.667097	0.387362	0.642457	-0.445186	0.488884
0.41868	0.564186	-0.45095	0.550495	0.463491	0.539662	-0.413328	0.56842	0.727214	0.246784	-0.581852	0.267778	0.684612	0.107125	-0.674471	0.254793	-0.0150738	0.661029	-0.000479239	0.750209	0.0483223	0.664511	0.17007	0.726063	0.695785	0.141783	-0.691165	0.134433	0.422431	0.600044	-0.456432	0.503159	0.0373972	0.737984	-0.095624	0.666962	0.387638	0.642414	-0.445408	0.488522
0.418808	0.564075	-0.451274	0.550246	0.463212	0.539951	-0.413974	0.567902	0.7273	0.247213	-0.582146	0.266509	0.684663	0.107468	-0.674826	0.253566	-0.0161667	0.661229	-0.00103193	0.75001	0.0474709	0.664874	0.170057	0.725789	0.695831	0.141462	-0.691213	0.134284	0.422501	0.600051	-0.456525	0.503008	0.0373903	0.738058	-0.0957712	0.666859	0.38769	0.642464	-0.445442	0.488382
0.418854	0.564047	-0.451262	0.55025	0.462989	0.540232	-0.414419	0.567493	0.727323	0.247827	-0.582333	0.265463	0.684806	0.10808	-0.674999	0.252459	-0.0171061	0.661365	-0.00159989	0.749868	0.0466112	0.665193	0.169609	0.725657	0.695732	0.142112	-0.691081	0.134788	0.422462	0.600133	-0.456362	0.50309	0.0373966	0.738046	-0.0956433	0.66689	0.387746	0.642507	-0.445463	0.488263
0.418942	0.56406	-0.451353	0.550095	0.462688	0.540673	-0.414596	0.567189	0.727273	0.248639	-0.582389	0.264719	0.684948	0.108835	-0.675088	0.251509	-0.0179686	0.661523	-0.00227522	0.749706	0.0454062	0.665294	0.169401	0.72569	0.695864	0.141493	-0.691213	0.134082	0.422314	0.600289	-0.456182	0.503192	0.0373159	0.738054	-0.0956342	0.666887	0.387761	0.6426	-0.44552	0.488077
0.418808	0.56414	-0.451614	0.5499	0.462405	0.541249	-0.414881	0.566661	0.72712	0.249378	-0.582294	0.264653	0.685121	0.109667	-0.674935	0.251088	-0.0192072	0.661508	-0.00228148	0.749689	0.0439722	0.665051	0.169694	0.725932	0.695954	0.141395	-0.691107	0.134259	0.421787	0.600718	-0.455558	0.503686	0.0379634	0.7378	-0.0955542	0.667143	0.388238	0.64258	-0.446206	0.487096
0.419233	0.563813	-0.451947	0.549638	0.462481	0.541604	-0.41519	0.566033	0.726835	0.249974	-0.582077	0.265348	0.685348	0.110308	-0.674544	0.25124	-0.0195025	0.661387	-0.00289271	0.749785	0.043193	0.664801	0.168934	0.726385	0.695912	0.141099	-0.691324	0.133676	0.422263	0.600376	-0.455803	0.503474	0.0380259	0.737967	-0.0958062	0.666918	0.388397	0.642612	-0.446355	0.48679
0.4195	0.563586	-0.452075	0.549562	0.462684	0.541657	-0.415282	0.56575	0.726817	0.249895	-0.581995	0.265653	0.685389	0.110169	-0.674437	0.251474	-0.0191748	0.661314	-0.00343702	0.749856	0.0433055	0.664607	0.168189	0.726729	0.695993	0.140859	-0.691342	0.133414	0.422509	0.600251	-0.455921	0.50331	0.0379979	0.737976	-0.0960165	0.66688	0.388433	0.642619	-0.446335	0.48677
0.419845	0.563487	-0.452309	0.549208	0.463315	0.541615	-0.41526	0.565289	0.727009	0.249028	-0.5819	0.266151	0.685282	0.109275	-0.674401	0.252252	-0.0193957	0.6612	-0.00357448	0.749951	0.0429348	0.664201	0.168309	0.727094	0.696071	0.140742	-0.69132	0.133246	0.422742	0.600117	-0.456045	0.503162	0.0380581	0.737754	-0.0963365	0.667076	0.38867	0.642501	-0.446499	0.486587
0.42026	0.563369	-0.452228	0.549078	0.463834	0.541792	-0.41501	0.564877	0.727152	0.24829	-0.581688	0.266909	0.685144	0.108074	-0.674324	0.253348	-0.0194094	0.661343	-0.00348367	0.749825	0.0427692	0.663615	0.169223	0.727426	0.696098	0.140435	-0.691454	0.132728	0.422782	0.600085	-0.456013	0.503195	0.0378336	0.73797	-0.0966655	0.666802	0.388567	0.642571	-0.446421	0.486649
0.420609	0.563369	-0.452007	0.548993	0.464058	0.54239	-0.414466	0.564518	0.727078	0.248135	-0.581233	0.268243	0.684897	0.107148	-0.674197	0.254742	-0.0194453	0.661236	-0.00275641	0.749921	0.0430397	0.662761	0.171239	0.727717	0.696083	0.140521	-0.691432	0.132828	0.4227	0.600142	-0.456014	0.503195	0.0384428	0.737733	-0.0969516	0.666987	0.38891	0.642518	-0.447146	0.485778
0.42102	0.563183	-0.452046	0.548837	0.464194	0.542611	-0.414444	0.564211	0.726936	0.248197	-0.580938	0.269209	0.684811	0.106927	-0.674005	0.255574	-0.019623	0.66125	-0.00212839	0.749906	0.0431465	0.662319	0.172418	0.727835	0.69615	0.140222	-0.691471	0.13259	0.422709	0.600127	-0.456142	0.503091	0.0386772	0.737783	-0.0971623	0.666888	0.389107	0.642443	-0.447522	0.485372
0.421824	0.562735	-0.451848	0.548841	0.464202	0.543526	-0.4142	0.563503	0.726511	0.248527	-0.580374	0.27126	0.684653	0.106603	-0.673635	0.257101	-0.0191779	0.661127	-0.0018383	0.750026	0.0436862	0.661484	0.174215	0.728134	0.696207	0.13982	-0.691564	0.132232	0.422764	0.600102	-0.456333	0.502901	0.0391144	0.737798	-0.0974966	0.666798	0.389217	0.642513	-0.448001	0.48475
0.421597	0.563126	-0.451072	0.549253	0.464095	0.544546	-0.413627	0.563026	0.726208	0.248805	-0.579896	0.272835	0.684263	0.106402	-0.673558	0.258423	-0.0183887	0.660649	-0.00175806	0.750468	0.0440994	0.660753	0.175978	0.728349	0.696006	0.139969	-0.691698	0.132435	0.422227	0.600497	-0.456185	0.503013	0.039374	0.737624	-0.0968385	0.66707	0.389664	0.642496	-0.448767	0.483704
0.421587	0.563332	-0.451004	0.549105	0.463912	0.545189	-0.413227	0.562848	0.726035	0.249326	-0.579447	0.273772	0.683869	0.106557	-0.673562	0.259389	-0.0176609	0.660163	-0.00172588	0.750913	0.0438101	0.660185	0.176623	0.728725	0.696102	0.139811	-0.691644	0.13238	0.422011	0.600657	-0.456245	0.50295	0.0391855	0.737905	-0.0964293	0.66683	0.389834	0.642512	-0.449001	0.483327
0.420837	0.563988	-0.450231	0.549642	0.463279	0.54735	-0.412129	0.562077	0.726051	0.251424	-0.577685	0.275528	0.681671	0.105113	-0.675149	0.26163	-0.0139216	0.658448	-0.00479999	0.752482	0.0439765	0.657199	0.18068	0.730417	0.696778	0.138773	-0.691115	0.132675	0.421048	0.60132	-0.456283	0.50293	0.0404091	0.738042	-0.096228	0.666634	0.390571	0.642586	-0.450021	0.481683
0.417226	0.567083	-0.449015	0.550203	0.46165	0.550717	-0.410933	0.561003	0.726847	0.254538	-0.575273	0.275617	0.677069	0.0983684	-0.678582	0.267259	-0.0143357	0.655341	-0.00360244	0.755188	0.0460595	0.649496	0.19419	0.733705	0.698326	0.134853	-0.690405	0.132277	0.420999	0.601244	-0.457793	0.501689	0.0417157	0.737781	-0.0926885	0.667344	0.391595	0.643377	-0.451782	0.478135
0.411651	0.573195	-0.448719	0.548308	0.457846	0.556797	-0.409857	0.558902	0.730158	0.256957	-0.573486	0.268249	0.664059	0.0639733	-0.68749	0.286864	-0.0212779	0.643222	0.00776463	0.765344	0.0667264	0.627375	0.233041	0.740027	0.702021	0.125513	-0.688706	0.130757	0.419754	0.602235	-0.457954	0.501396	0.0444602	0.735755	-0.0820371	0.670789	0.394441	0.645224	-0.455946	0.469272
0.409409	0.575705	-0.448866	0.547235	0.456559	0.559254	-0.409625	0.55767	0.731982	0.256994	-0.572277	0.265809	0.65744	0.0491709	-0.689548	0.299799	-0.0241103	0.637776	0.0129444	0.769736	0.0821069	0.616604	0.249199	0.742266	0.703453	0.123306	-0.687156	0.133291	0.419474	0.603002	-0.456214	0.502293	0.0455342	0.735216	-0.0778099	0.671811	0.396341	0.645367	-0.457723	0.465731
0.405277	0.581286	-0.448951	0.544335	0.454073	0.564253	-0.409221	0.554955	0.735187	0.255827	-0.56944	0.264181	0.641165	0.0135118	-0.69159	0.332307	-0.025089	0.624371	0.0239452	0.780358	0.124693	0.591493	0.279818	0.745848	0.703953	0.123564	-0.686188	0.135383	0.419862	0.603122	-0.454774	0.503131	0.0490476	0.7336	-0.0713497	0.674043	0.398302	0.646304	-0.459219	0.461264
0.399831	0.589346	-0.44825	0.540259	0.450076	0.573218	-0.407525	0.550251	0.73993	0.249761	-0.564664	0.266979	0.604514	-0.0485131	-0.687765	0.398984	-0.0137361	0.604217	0.0423371	0.795575	0.204932	0.545145	0.327996	0.7438	0.705944	0.12607	-0.682231	0.142513	0.423785	0.602474	-0.450129	0.504792	0.0520955	0.732408	-0.0641299	0.675834	0.404353	0.643079	-0.467382	0.452219
0.398173	0.592171	-0.447796	0.538768	0.448822	0.576468	-0.406758	0.548444	0.741641	0.243717	-0.564827	0.267471	0.588641	-0.0719014	-0.684419	0.424149	-0.00599525	0.597127	0.0483276	0.800667	0.234785	0.527295	0.343022	0.741061	0.706895	0.126222	-0.680663	0.145136	0.42511	0.602466	-0.448459	0.505174	0.0553981	0.730637	-0.0561016	0.678199	0.407941	0.639875	-0.472954	0.447726
0.398173	0.592171	-0.447796	0.538768	0.448822	0.576468	-0.406758	0.548444	0.741641	0.243717	-0.564827	0.267471	0.588641	-0.0719014	-0.684419	0.424149	-0.00599525	0.597127	0.0483276	0.800667	0.234785	0.527295	0.343022	0.741061	0.706895	0.126222	-0.680663	0.145136	0.42511	0.602466	-0.448459	0.505174	0.0553981	0.730637	-0.0561016	0.678199	0.407941	0.639875	-0.472954	0.447726
0.396656	0.596284	-0.448574	0.534687	0.446594	0.582738	-0.405917	0.544244	0.748948	0.224964	-0.561878	0.269744	0.550909	-0.120061	-0.672589	0.479278	0.0175865	0.580977	0.0581846	0.811647	0.299416	0.489126	0.372482	0.729633	0.708766	0.124568	-0.677641	0.151447	0.427448	0.603191	-0.445259	0.505166	0.0579127	0.731742	-0.0514584	0.677165	0.415403	0.634187	-0.478614	0.442918
0.396656	0.596284	-0.448574	0.534687	0.445671	0.585611	-0.406172	0.541721	0.752096	0.215166	-0.559656	0.273571	0.529587	-0.14454	-0.663709	0.508072	0.0296616	0.573013	0.0653472	0.816398	0.332599	0.4694	0.386328	0.720966	0.708766	0.124568	-0.677641	0.151447	0.427448	0.603191	-0.445259	0.505166	0.0595516	0.732664	-0.0495214	0.67617	0.415403	0.634187	-0.478614	0.442918
0.398802	0.599622	-0.450172	0.527973	0.445168	0.589793	-0.408339	0.535938	0.757046	0.191693	-0.554784	0.286966	0.482609	-0.193564	-0.640819	0.564776	0.051989	0.558485	0.0850531	0.823503	0.398213	0.428038	0.413749	0.697869	0.711866	0.118321	-0.672546	0.164098	0.432941	0.603955	-0.441548	0.502829	0.0561159	0.737749	-0.0411687	0.671477	0.423744	0.633406	-0.467468	0.448009
0.401463	0.600001	-0.452117	0.523847	0.445587	0.591172	-0.41048	0.532423	0.759894	0.175464	-0.552216	0.29467	0.458121	-0.216469	-0.625827	0.592964	0.0653791	0.551589	0.0938358	0.826239	0.430128	0.407743	0.426993	0.682943	0.712982	0.113767	-0.67141	0.1671	0.43539	0.6038	-0.440407	0.5019	0.0580095	0.739378	-0.0404353	0.669568	0.431051	0.629333	-0.468328	0.445874
0.410931	0.599091	-0.458678	0.511703	0.44691	0.593902	-0.416097	0.523847	0.764957	0.139865	-0.546107	0.311523	0.408998	-0.259547	-0.590719	0.645296	0.096592	0.53824	0.106783	0.8304	0.492177	0.365869	0.448577	0.650139	0.716348	0.0980191	-0.670512	0.16629	0.443865	0.600117	-0.440357	0.498928	0.0685046	0.741771	-0.043135	0.665749	0.443908	0.622822	-0.46944	0.441208
0.421001	0.5997	-0.469713	0.492431	0.451387	0.597182	-0.426005	0.508079	0.767311	0.105132	-0.537584	0.333442	0.337353	-0.310676	-0.534069	0.710242	0.142049	0.515771	0.1322	0.834461	0.549726	0.323231	0.464057	0.614796	0.726485	0.0690175	-0.665229	0.157879	0.457959	0.590236	-0.443398	0.495271	0.0821325	0.741969	-0.0473887	0.663695	0.463379	0.611852	-0.474534	0.43097
0.424415	0.599495	-0.474564	0.485042	0.453093	0.597855	-0.429656	0.502665	0.768691	0.0643237	-0.529903	0.35239	0.314748	-0.324404	-0.51542	0.728037	0.155106	0.507719	0.145795	0.83481	0.600704	0.281384	0.474069	0.578996	0.729103	0.0598473	-0.663658	0.156155	0.459295	0.589636	-0.448498	0.49013	0.0954134	0.741371	-0.0517827	0.662257	0.468502	0.608752	-0.47549	0.428762
0.431189	0.598351	-0.481642	0.473364	0.456809	0.598603	-0.43752	0.491504	0.768722	0.0438256	-0.525344	0.362159	0.273037	-0.346804	-0.47957	0.758413	0.183707	0.492635	0.1664	0.834191	0.622472	0.260787	0.478573	0.561682	0.732413	0.0443367	-0.662247	0.151773	0.459859	0.58923	-0.47301	0.466476	0.100106	0.74143	-0.0530502	0.661397	0.475566	0.604601	-0.47502	0.427377
0.433882	0.597627	-0.48473	0.468641	0.458877	0.59852	-0.44069	0.486826	0.766727	0.00623792	-0.515809	0.382142	0.253456	-0.3558	-0.462224	0.771696	0.198363	0.485846	0.174836	0.83309	0.658098	0.221751	0.485082	0.53144	0.73418	0.0393903	-0.661249	0.148925	0.458237	0.590546	-0.487977	0.450724	0.107573	0.741422	-0.0566674	0.659932	0.478015	0.603111	-0.473585	0.428341
0.43834	0.595901	-0.490828	0.460269	0.46316	0.596964	-0.446217	0.479591	0.762575	-0.0261075	-0.505732	0.402533	0.216174	-0.371011	-0.430067	0.794142	0.224967	0.474186	0.191141	0.829459	0.684165	0.188151	0.490784	0.505617	0.73983	0.0322052	-0.658136	0.135909	0.448559	0.599098	-0.51551	0.417284	0.112958	0.74139	-0.0619229	0.658595	0.481626	0.600525	-0.470029	0.431831
0.443522	0.593705	-0.497331	0.45107	0.467306	0.594269	-0.451882	0.473573	0.757464	-0.0580863	-0.494537	0.422264	0.179988	-0.381323	-0.400113	0.8137	0.24756	0.463433	0.207414	0.825181	0.705056	0.159213	0.493351	0.483893	0.746992	0.0288363	-0.654	0.115996	0.432556	0.613594	-0.537905	0.38348	0.11948	0.740927	-0.0675891	0.657406	0.486269	0.596288	-0.469067	0.433543
0.449266	0.59067	-0.503268	0.442708	0.47018	0.591228	-0.457253	0.469361	0.750828	-0.0873399	-0.483735	0.441169	0.145876	-0.387944	-0.37283	0.830191	0.26991	0.453178	0.217037	0.821385	0.720616	0.135892	0.494993	0.466077	0.753991	0.0319157	-0.649282	0.0944015	0.416823	0.62593	-0.560087	0.347524	0.12792	0.740556	-0.0738242	0.655563	0.491069	0.591491	-0.469934	0.433764
0.45352	0.587758	-0.510353	0.434051	0.471582	0.589525	-0.459916	0.46749	0.746945	-0.100951	-0.478958	0.449979	0.114241	-0.391999	-0.349973	0.843092	0.288596	0.443589	0.225666	0.817934	0.726953	0.125894	0.495303	0.458656	0.761014	0.0354403	-0.644317	0.0667673	0.400357	0.63704	-0.578621	0.314788	0.131807	0.740031	-0.0762844	0.655104	0.495831	0.586522	-0.472069	0.432775
0.454649	0.586581	-0.513873	0.430292	0.475363	0.585478	-0.464722	0.463982	0.73903	-0.125246	-0.470484	0.46561	0.0994489	-0.393205	-0.339536	0.848655	0.296964	0.43986	0.230713	0.815541	0.738006	0.111468	0.495428	0.44438	0.764451	0.0370983	-0.641584	0.0510738	0.395146	0.639417	-0.588367	0.298044	0.140827	0.737928	-0.0807116	0.65507	0.497944	0.584179	-0.473203	0.432279
0.457772	0.582717	-0.521324	0.423211	0.476943	0.583685	-0.466909	0.462421	0.734992	-0.135842	-0.466657	0.472827	0.0722707	-0.394157	-0.321806	0.857821	0.310963	0.430901	0.237116	0.813267	0.74365	0.103165	0.494695	0.437744	0.770181	0.0396132	-0.636359	0.017298	0.389398	0.640456	-0.605062	0.268487	0.146114	0.736372	-0.083965	0.655254	0.496371	0.58417	-0.470446	0.437084
0.459902	0.580183	-0.524933	0.419907	0.481077	0.579561	-0.47091	0.459258	0.727043	-0.154213	-0.460212	0.485625	0.0596563	-0.393938	-0.314179	0.861711	0.317466	0.427219	0.239953	0.811863	0.754327	0.0901861	0.493393	0.423582	0.772343	0.042118	-0.633804	0.00204863	0.388518	0.63939	-0.611799	0.256781	0.156892	0.731711	-0.0895277	0.657243	0.493891	0.585462	-0.467999	0.440776
0.463175	0.575348	-0.532135	0.413855	0.483034	0.577662	-0.472541	0.45792	0.723192	-0.161703	-0.457206	0.49174	0.0362181	-0.393241	-0.300114	0.868321	0.330527	0.421463	0.243011	0.808744	0.759365	0.0854689	0.492852	0.416121	0.77474	0.0506577	-0.629817	-0.0232609	0.393052	0.634282	-0.62096	0.240011	0.161945	0.729498	-0.0906299	0.658326	0.495874	0.581479	-0.469823	0.441879
0.463175	0.575348	-0.532135	0.413855	0.48479	0.575905	-0.474016	0.456749	0.719286	-0.168767	-0.454612	0.497467	0.0362181	-0.393241	-0.300114	0.868321	0.330527	0.421463	0.243011	0.808744	0.763797	0.0802751	0.49277	0.409082	0.77474	0.0506577	-0.629817	-0.0232609	0.393052	0.634282	-0.62096	0.240011	0.166651	0.727736	-0.0917899	0.65894	0.495874	0.581479	-0.469823	0.441879
0.464794	0.57273	-0.535685	0.411083	0.486571	0.574087	-0.475615	0.455482	0.719286	-0.168767	-0.454612	0.497467	0.0261658	-0.393332	-0.29385	0.87078	0.33597	0.419695	0.245272	0.806735	0.767767	0.074671	0.493073	0.40229	0.775169	0.0543715	-0.62844	-0.034929	0.399526	0.629878	-0.623435	0.234438	0.172827	0.725367	-0.094162	0.659627	0.495991	0.579857	-0.470103	0.443579
0.46914	0.566544	-0.543085	0.404963	0.490476	0.569988	-0.478916	0.452975	0.707584	-0.186555	-0.450091	0.511801	0.0100332	-0.3945	-0.281802	0.874561	0.34569	0.417148	0.249949	0.802503	0.775469	0.068069	0.493933	0.387355	0.77355	0.0568999	-0.628619	-0.0567601	0.41452	0.618688	-0.626901	0.228895	0.188012	0.718672	-0.0996564	0.661989	0.494523	0.577217	-0.468846	0.449946
0.473944	0.555478	-0.55323	0.400946	0.494631	0.565117	-0.482656	0.450584	0.700856	-0.195651	-0.449063	0.518521	-0.00180582	-0.396795	-0.272615	0.876488	0.356044	0.415722	0.250274	0.798606	0.781512	0.0638989	0.494536	0.374953	0.768379	0.0544977	-0.632923	-0.0776607	0.440527	0.599051	-0.623606	0.241223	0.202234	0.712306	-0.10693	0.663542	0.501363	0.563308	-0.475141	0.453387
0.475115	0.55166	-0.555997	0.401004	0.498663	0.559349	-0.486987	0.448673	0.695844	-0.203198	-0.448338	0.522977	-0.0100005	-0.399269	-0.264733	0.877725	0.364488	0.415631	0.251029	0.794597	0.785733	0.062502	0.495446	0.365035	0.765676	0.0518468	-0.63589	-0.0818349	0.446043	0.593073	-0.622816	0.247813	0.215491	0.705966	-0.113086	0.665122	0.503872	0.55804	-0.477698	0.454433
0.475949	0.544653	-0.559753	0.404354	0.503653	0.55245	-0.491269	0.446975	0.692375	-0.21137	-0.448328	0.524349	-0.0143463	-0.404059	-0.257041	0.877759	0.37195	0.416505	0.24971	0.791089	0.78871	0.062537	0.496088	0.357662	0.759269	0.0529733	-0.643759	-0.0792376	0.448003	0.585989	-0.624384	0.25701	0.226266	0.700058	-0.112506	0.667882	0.511745	0.544737	-0.486899	0.452004
0.4763	0.538489	-0.558946	0.413216	0.509483	0.544746	-0.494715	0.446022	0.69037	-0.221448	-0.447999	0.523112	-0.016395	-0.408756	-0.249647	0.877682	0.377079	0.419205	0.249148	0.787403	0.789822	0.0648321	0.498367	0.351581	0.751772	0.063339	-0.652661	-0.0697235	0.444611	0.58478	-0.622324	0.27031	0.235796	0.693783	-0.110377	0.671478	0.515902	0.534606	-0.493834	0.451852
0.479645	0.530941	-0.55692	0.421762	0.515081	0.5368	-0.497608	0.446007	0.689866	-0.227336	-0.447388	0.521773	-0.0202815	-0.411732	-0.241708	0.878432	0.379887	0.421942	0.248186	0.784891	0.791529	0.0679777	0.499224	0.345884	0.744824	0.0684211	-0.660387	-0.0666708	0.447016	0.578621	-0.622472	0.279111	0.244857	0.687687	-0.110029	0.674556	0.521472	0.522677	-0.502437	0.449924
0.482575	0.524061	-0.555287	0.429112	0.517855	0.532712	-0.498751	0.44642	0.689398	-0.238448	-0.446742	0.517971	-0.0223897	-0.412834	-0.238699	0.878686	0.380827	0.422798	0.247758	0.78411	0.792485	0.0690103	0.499474	0.343119	0.741608	0.0694171	-0.663965	-0.0659507	0.447883	0.575739	-0.622628	0.283302	0.249083	0.684814	-0.110324	0.675882	0.52322	0.514707	-0.507405	0.451506
0.483873	0.520664	-0.554635	0.432616	0.522062	0.524866	-0.501544	0.447684	0.689699	-0.242028	-0.447477	0.515268	-0.021625	-0.415856	-0.235968	0.878018	0.380506	0.424697	0.248559	0.782985	0.793961	0.070495	0.499683	0.339077	0.736946	0.0685231	-0.669342	-0.064778	0.448072	0.571124	-0.623513	0.290311	0.257056	0.680263	-0.112266	0.677171	0.524228	0.510513	-0.510438	0.451681
0.487275	0.513166	-0.554316	0.43813	0.523716	0.521081	-0.503073	0.448456	0.689699	-0.242028	-0.447477	0.515268	-0.0181786	-0.418246	-0.236366	0.876853	0.379857	0.425535	0.249211	0.782638	0.794507	0.0707369	0.499891	0.337436	0.733971	0.0676182	-0.673006	-0.061466	0.446584	0.568462	-0.624396	0.295877	0.260944	0.678289	-0.113333	0.677486	0.526164	0.5053	-0.515082	0.450016
0.48872	0.510321	-0.553985	0.440256	0.525712	0.515643	-0.505515	0.44966	0.689806	-0.242883	-0.450387	0.512179	-0.0131329	-0.422041	-0.236978	0.874957	0.378674	0.426304	0.250056	0.782524	0.795257	0.070256	0.500548	0.334786	0.733971	0.0676182	-0.673006	-0.061466	0.445845	0.567445	-0.625003	0.297655	0.269941	0.674707	-0.115621	0.677152	0.529698	0.494711	-0.525027	0.446126
0.492007	0.505224	-0.553035	0.443655	0.526783	0.511977	-0.505492	0.452612	0.689813	-0.246632	-0.451633	0.509271	-0.0141025	-0.423874	-0.234841	0.874632	0.376977	0.426358	0.252136	0.782646	0.795463	0.0690216	0.500518	0.3346	0.730392	0.0658928	-0.677438	-0.0571249	0.443587	0.566425	-0.626314	0.300205	0.276113	0.673125	-0.119207	0.675614	0.528825	0.489778	-0.528071	0.449002
0.494648	0.501747	-0.552108	0.445813	0.527842	0.509969	-0.504987	0.454206	0.689247	-0.248702	-0.451864	0.508828	-0.0144635	-0.426483	-0.232511	0.87398	0.376462	0.425287	0.252986	0.783202	0.795598	0.068617	0.500002	0.335132	0.728096	0.0672609	-0.680066	-0.0535014	0.441131	0.566078	-0.627668	0.301648	0.277086	0.672514	-0.120835	0.675535	0.519114	0.498751	-0.517158	0.462943
0.495238	0.500735	-0.551136	0.447497	0.529009	0.507382	-0.503892	0.456953	0.687986	-0.250512	-0.452689	0.508912	-0.0143843	-0.427378	-0.232122	0.873648	0.373896	0.423085	0.255283	0.784877	0.795258	0.0666306	0.498912	0.337952	0.727011	0.069458	-0.681196	-0.0510129	0.439934	0.566435	-0.628028	0.301977	0.274247	0.671476	-0.119284	0.677997	0.51715	0.500351	-0.515017	0.465792
0.495713	0.499821	-0.55013	0.449226	0.52885	0.507065	-0.502926	0.45855	0.687456	-0.250436	-0.453215	0.509198	-0.0142226	-0.428047	-0.232308	0.873273	0.372118	0.422224	0.256488	0.785792	0.794528	0.0655918	0.498648	0.340255	0.726164	0.0712064	-0.68206	-0.0490825	0.438715	0.567002	-0.628334	0.302051	0.271714	0.672164	-0.11877	0.678425	0.514908	0.502417	-0.512402	0.468924
0.496087	0.499197	-0.549249	0.450584	0.52885	0.507065	-0.502926	0.45855	0.687456	-0.250436	-0.453215	0.509198	-0.0142226	-0.428047	-0.232308	0.873273	0.372118	0.422224	0.256488	0.785792	0.794528	0.0655918	0.498648	0.340255	0.725646	0.0725889	-0.682594	-0.0472755	0.437451	0.567713	-0.62865	0.30189	0.271714	0.672164	-0.11877	0.678425	0.514908	0.502417	-0.512402	0.468924
0.495967	0.499179	-0.548508	0.451636	0.527988	0.507228	-0.500317	0.462203	0.686457	-0.250325	-0.45384	0.510042	-0.0139592	-0.428982	-0.232583	0.872746	0.366463	0.420135	0.259218	0.788668	0.792526	0.0630209	0.498196	0.346021	0.725545	0.0736706	-0.682686	-0.0457916	0.436138	0.568547	-0.628941	0.301615	0.268112	0.673173	-0.117674	0.679048	0.511778	0.505291	-0.508047	0.473975
0.495486	0.499574	-0.548303	0.451976	0.527732	0.507171	-0.499159	0.463808	0.685996	-0.250452	-0.453873	0.510571	-0.0140909	-0.429212	-0.232285	0.87271	0.362826	0.418632	0.260633	0.79068	0.791611	0.0613468	0.497418	0.34952	0.725579	0.0746485	-0.682627	-0.0445264	0.434704	0.569547	-0.629202	0.301253	0.267347	0.673363	-0.118051	0.679097	0.510546	0.50655	-0.506586	0.475522
0.49542	0.499719	-0.548575	0.451559	0.52723	0.507375	-0.498483	0.464881	0.685656	-0.250623	-0.454024	0.510809	-0.0142793	-0.429596	-0.23193	0.872612	0.358695	0.416885	0.261718	0.793126	0.790656	0.0599568	0.496386	0.353368	0.725712	0.075604	-0.682455	-0.0433781	0.433608	0.570278	-0.629684	0.30044	0.26653	0.67334	-0.117949	0.679457	0.509771	0.507452	-0.506298	0.475699
0.495183	0.500623	-0.548626	0.450755	0.525749	0.508342	-0.497907	0.466117	0.685034	-0.250626	-0.455525	0.510306	-0.0145512	-0.430833	-0.232638	0.871809	0.349612	0.414221	0.263204	0.79807	0.787358	0.0585211	0.494821	0.363036	0.725853	0.0775912	-0.682151	-0.04228	0.432835	0.571101	-0.630482	0.298313	0.266372	0.673217	-0.117833	0.679662	0.514176	0.503379	-0.512646	0.46843
0.494378	0.501644	-0.54838	0.450803	0.524831	0.508857	-0.497862	0.466638	0.684732	-0.250176	-0.456707	0.509875	-0.0145051	-0.431552	-0.23378	0.871148	0.344344	0.413442	0.262897	0.800861	0.784928	0.0583876	0.494243	0.369056	0.72597	0.078685	-0.68192	-0.0419599	0.432278	0.572455	-0.630413	0.296666	0.266179	0.67418	-0.118075	0.67874	0.515285	0.502593	-0.514774	0.465714
0.49314	0.503178	-0.548813	0.449921	0.523139	0.509398	-0.498512	0.467252	0.684295	-0.249243	-0.459434	0.508468	-0.0138995	-0.433657	-0.23574	0.869583	0.329505	0.412593	0.260944	0.808147	0.77901	0.0605654	0.492647	0.38311	0.727099	0.0792535	-0.680575	-0.0431547	0.433196	0.572211	-0.630843	0.294876	0.267377	0.673797	-0.118688	0.678543	0.516561	0.502457	-0.518091	0.460742
0.492509	0.503488	-0.550237	0.448524	0.52228	0.509512	-0.499156	0.467403	0.685027	-0.249204	-0.461738	0.505403	-0.0111806	-0.43617	-0.237535	0.867876	0.3077	0.412945	0.259976	0.816829	0.770594	0.0652709	0.49181	0.400058	0.728619	0.0786611	-0.678826	-0.0460718	0.435157	0.572168	-0.630861	0.292021	0.267983	0.673327	-0.1194	0.678645	0.514608	0.506037	-0.517703	0.459445
0.492504	0.502526	-0.552088	0.447332	0.521961	0.509443	-0.499883	0.467057	0.687143	-0.250405	-0.462705	0.501035	-0.00685337	-0.438687	-0.237572	0.866641	0.280382	0.411894	0.257408	0.827932	0.75972	0.0703098	0.489834	0.421835	0.729758	0.0771014	-0.677442	-0.0508039	0.438247	0.571201	-0.631081	0.2888	0.266972	0.674077	-0.121455	0.677934	0.509254	0.513153	-0.51353	0.462191
0.492819	0.500535	-0.555086	0.445504	0.521598	0.508825	-0.50054	0.467432	0.689642	-0.252766	-0.462902	0.49621	-0.00168718	-0.441464	-0.236163	0.865641	0.249036	0.40664	0.256426	0.840756	0.747038	0.0743663	0.485	0.44853	0.730722	0.0743336	-0.676193	-0.0572998	0.441985	0.56975	-0.631152	0.285798	0.267624	0.673844	-0.12306	0.677619	0.504735	0.519467	-0.510701	0.463228
0.492819	0.500535	-0.555086	0.445504	0.521598	0.508825	-0.50054	0.467432	0.689642	-0.252766	-0.462902	0.49621	-0.00168718	-0.441464	-0.236163	0.865641	0.249036	0.40664	0.256426	0.840756	0.747038	0.0743663	0.485	0.44853	0.730722	0.0743336	-0.676193	-0.0572998	0.441985	0.56975	-0.631152	0.285798	0.268685	0.673637	-0.12479	0.677088	0.504735	0.519467	-0.510701	0.463228
0.492923	0.499386	-0.556858	0.444466	0.521581	0.507983	-0.50121	0.467649	0.689642	-0.252766	-0.462902	0.49621	0.000954017	-0.442887	-0.235023	0.865225	0.232162	0.401492	0.256024	0.848149	0.740283	0.0754733	0.480693	0.463918	0.731112	0.0733182	-0.675554	-0.0610425	0.445321	0.56983	-0.629228	0.284702	0.270787	0.672957	-0.12777	0.676371	0.50369	0.521613	-0.511088	0.461525
0.494497	0.495289	-0.561384	0.441599	0.521516	0.50474	-0.503652	0.468608	0.69223	-0.256443	-0.462468	0.491098	0.00648075	-0.445948	-0.232459	0.864321	0.199332	0.38733	0.256462	0.862826	0.725937	0.0742491	0.469299	0.497254	0.732423	0.0695848	-0.673562	-0.0709163	0.447985	0.569057	-0.628556	0.283552	0.272863	0.672317	-0.130781	0.675598	0.506868	0.521036	-0.517397	0.451561
0.496749	0.48968	-0.568043	0.436785	0.521394	0.499881	-0.507976	0.469284	0.694895	-0.259863	-0.463156	0.484849	0.0124428	-0.450559	-0.231529	0.862111	0.169188	0.366561	0.255366	0.87852	0.718996	0.0716234	0.461444	0.514767	0.732888	0.0627588	-0.672326	-0.0831564	0.454792	0.565763	-0.627749	0.281083	0.277421	0.671008	-0.139184	0.67336	0.511284	0.518413	-0.523717	0.442219
0.498844	0.485847	-0.57217	0.433277	0.521334	0.496681	-0.511102	0.469355	0.697044	-0.26275	-0.465737	0.477682	0.0158071	-0.453409	-0.231322	0.860616	0.156215	0.354681	0.254843	0.88592	0.706515	0.0638868	0.443488	0.547789	0.732958	0.0588262	-0.671769	-0.0896555	0.458757	0.563167	-0.627773	0.279796	0.27987	0.671712	-0.151303	0.669016	0.512498	0.517817	-0.525676	0.439176
0.507201	0.47112	-0.58699	0.419804	0.521859	0.483883	-0.522983	0.46905	0.699326	-0.266031	-0.469513	0.468751	0.0286566	-0.463815	-0.230584	0.854918	0.132929	0.313953	0.250642	0.906059	0.697134	0.0451845	0.408558	0.587403	0.734762	0.0391481	-0.667305	-0.115307	0.480024	0.544232	-0.63465	0.265722	0.28466	0.669011	-0.164958	0.66647	0.510332	0.522461	-0.524594	0.437489
0.511288	0.464428	-0.5931	0.413671	0.522391	0.478629	-0.52792	0.468318	0.702714	-0.270107	-0.472554	0.458178	0.0338794	-0.467435	-0.229665	0.853001	0.132181	0.299341	0.248039	0.911811	0.698251	0.0396418	0.394955	0.595723	0.735286	0.030719	-0.665527	-0.124434	0.488099	0.535551	-0.638669	0.258934	0.286705	0.668035	-0.178803	0.662993	0.511188	0.522218	-0.525411	0.435797
0.519888	0.449958	-0.604744	0.401919	0.523557	0.467458	-0.539577	0.465003	0.707558	-0.2748	-0.474641	0.445603	0.0465039	-0.474815	-0.22698	0.849039	0.142542	0.270966	0.238344	0.921657	0.707991	0.0314498	0.363473	0.604688	0.735827	0.0111492	-0.661598	-0.143953	0.50549	0.515664	-0.647235	0.244249	0.28893	0.666241	-0.194301	0.659461	0.512251	0.522147	-0.525923	0.434013
0.525498	0.437786	-0.614629	0.392972	0.526417	0.455357	-0.551742	0.459474	0.713042	-0.279852	-0.475679	0.432417	0.0597404	-0.481399	-0.224174	0.845241	0.172728	0.241511	0.217786	0.929735	0.728534	0.0322109	0.325603	0.601817	0.735566	-0.00469841	-0.657956	-0.161292	0.522416	0.496474	-0.653624	0.231023	0.292901	0.664209	-0.209502	0.655091	0.515655	0.519199	-0.52902	0.429733
0.527569	0.43223	-0.619664	0.388414	0.528415	0.448867	-0.558301	0.455626	0.715999	-0.283125	-0.475528	0.42551	0.0666236	-0.484896	-0.221411	0.843454	0.195011	0.226272	0.205126	0.932038	0.743298	0.0338084	0.30353	0.595176	0.73567	-0.0120401	-0.655506	-0.170167	0.53022	0.487644	-0.65611	0.224921	0.295825	0.663158	-0.217094	0.652364	0.518317	0.516583	-0.531778	0.426265
0.530431	0.424308	-0.62755	0.380509	0.532421	0.436316	-0.571289	0.446974	0.721376	-0.290618	-0.475522	0.411141	0.0801766	-0.492194	-0.215418	0.83959	0.252007	0.194258	0.173214	0.932069	0.779666	0.0410375	0.253045	0.571318	0.735335	-0.0236309	-0.651762	-0.184201	0.544122	0.472614	-0.658817	0.215702	0.301379	0.660718	-0.225323	0.649501	0.523262	0.511714	-0.537466	0.418898
0.530525	0.421722	-0.631024	0.377495	0.536502	0.424068	-0.583455	0.438078	0.726157	-0.298087	-0.475608	0.397035	0.0930655	-0.499882	-0.208888	0.835358	0.317759	0.163135	0.126307	0.925453	0.817975	0.0482542	0.199734	0.537302	0.733978	-0.0274063	-0.651128	-0.191198	0.55247	0.464909	-0.658193	0.213116	0.307685	0.660019	-0.231105	0.64521	0.529293	0.505108	-0.544142	0.410639
0.531184	0.419561	-0.633306	0.375148	0.538731	0.417952	-0.589564	0.433012	0.728186	-0.3017	-0.476325	0.389662	0.0997363	-0.503915	-0.206239	0.832819	0.347692	0.1481	0.104029	0.919975	0.835482	0.0491579	0.174748	0.518668	0.733788	-0.027486	-0.650853	-0.192846	0.55247	0.464909	-0.658193	0.213116	0.311645	0.65919	-0.23513	0.642697	0.53328	0.500633	-0.547705	0.406199
0.532381	0.416541	-0.636366	0.371621	0.540617	0.412154	-0.595899	0.427513	0.728186	-0.3017	-0.476325	0.389662	0.106211	-0.507522	-0.204527	0.830247	0.373572	0.134701	0.0858835	0.913742	0.835482	0.0491579	0.174748	0.518668	0.733835	-0.0276264	-0.650294	-0.194529	0.556704	0.463572	-0.655006	0.214824	0.311645	0.65919	-0.23513	0.642697	0.535929	0.497832	-0.549496	0.40373
0.532992	0.413843	-0.639244	0.36881	0.542055	0.406484	-0.602708	0.421532	0.732836	-0.306515	-0.477488	0.375507	0.112879	-0.510716	-0.202888	0.827807	0.394314	0.126779	0.076013	0.907009	0.864242	0.0463049	0.140094	0.480952	0.733565	-0.0286246	-0.649844	-0.196893	0.558547	0.463372	-0.653304	0.215652	0.315129	0.658304	-0.239377	0.640334	0.537946	0.495613	-0.550587	0.402288
0.533833	0.409511	-0.64381	0.364461	0.54567	0.395338	-0.61466	0.410056	0.735496	-0.308857	-0.47761	0.36816	0.127086	-0.516106	-0.199559	0.823201	0.4228	0.122373	0.0664492	0.895461	0.874566	0.042653	0.131383	0.464816	0.73331	-0.0307273	-0.648918	-0.200546	0.562899	0.460843	-0.65138	0.215575	0.317562	0.657928	-0.242088	0.638497	0.5411	0.491918	-0.552237	0.400327
0.535092	0.406403	-0.646333	0.361618	0.547598	0.390564	-0.61934	0.404986	0.741292	-0.312348	-0.476745	0.354457	0.134094	-0.517811	-0.198391	0.821299	0.431989	0.122603	0.065391	0.89111	0.886884	0.0419467	0.128169	0.441871	0.732884	-0.0324458	-0.648585	-0.202893	0.564488	0.459918	-0.650567	0.215849	0.320553	0.65679	-0.245922	0.636706	0.541997	0.490742	-0.552804	0.399774
0.537056	0.401308	-0.651044	0.355899	0.550622	0.383715	-0.625978	0.397153	0.747083	-0.315618	-0.473615	0.343426	0.14651	-0.519529	-0.194977	0.818907	0.441591	0.125721	0.066948	0.885838	0.89146	0.0446421	0.129611	0.431865	0.732053	-0.0334523	-0.648689	-0.205385	0.566234	0.45941	-0.649055	0.216905	0.325976	0.653307	-0.249771	0.636038	0.542884	0.489137	-0.554218	0.398577
0.537666	0.400203	-0.651974	0.354518	0.552034	0.381563	-0.627569	0.394747	0.749384	-0.316883	-0.471851	0.339654	0.151065	-0.519702	-0.193311	0.818364	0.44354	0.127333	0.0672421	0.884611	0.891981	0.046608	0.13042	0.430335	0.731893	-0.0338499	-0.64862	-0.206104	0.566433	0.459608	-0.648592	0.217353	0.327558	0.652521	-0.25083	0.635616	0.542678	0.488961	-0.554638	0.39849
0.539541	0.399139	-0.651804	0.353178	0.553419	0.380097	-0.629176	0.391651	0.752169	-0.318531	-0.469092	0.335755	0.156437	-0.519508	-0.190796	0.818069	0.443327	0.129675	0.0665902	0.884427	0.89166	0.0518786	0.130926	0.430243	0.731496	-0.0339209	-0.648683	-0.207299	0.565352	0.461383	-0.647706	0.219042	0.329033	0.651183	-0.250859	0.636214	0.542479	0.488153	-0.555639	0.398357
0.541423	0.399859	-0.649517	0.353697	0.554265	0.380982	-0.628664	0.390416	0.752636	-0.318904	-0.467827	0.336119	0.156862	-0.518881	-0.189614	0.81866	0.440848	0.132517	0.0668806	0.885223	0.890301	0.0555839	0.131637	0.432374	0.731219	-0.028095	-0.650592	-0.203124	0.561396	0.466374	-0.64605	0.223493	0.327321	0.651649	-0.249187	0.637276	0.541535	0.488408	-0.554983	0.40024
0.542624	0.40162	-0.647261	0.353997	0.553919	0.383555	-0.627076	0.390941	0.752292	-0.31762	-0.467289	0.338844	0.154887	-0.517148	-0.190296	0.819973	0.437449	0.134294	0.0675587	0.886589	0.888949	0.0577427	0.133955	0.434157	0.731673	-0.0219119	-0.651811	-0.198286	0.556772	0.472056	-0.644379	0.227913	0.325652	0.651939	-0.246903	0.638722	0.540609	0.488719	-0.553769	0.402784
0.544185	0.4034	-0.644529	0.35456	0.553584	0.385149	-0.625983	0.391601	0.752117	-0.316348	-0.467209	0.340529	0.152576	-0.514963	-0.192528	0.821259	0.435821	0.13494	0.0686631	0.887207	0.888415	0.0573485	0.135159	0.434927	0.731584	-0.0172192	-0.653179	-0.194542	0.553116	0.47609	-0.643494	0.230904	0.324198	0.652466	-0.245327	0.63953	0.539717	0.489105	-0.552536	0.405199
0.544568	0.404354	-0.643432	0.354879	0.552708	0.388671	-0.623416	0.393449	0.751432	-0.313586	-0.467478	0.344205	0.15118	-0.513918	-0.193865	0.821857	0.432221	0.135386	0.0716007	0.888667	0.887284	0.0555521	0.138457	0.436429	0.731444	-0.0150405	-0.653911	-0.192778	0.551575	0.477598	-0.643203	0.232284	0.322093	0.653071	-0.243169	0.640799	0.53933	0.489288	-0.55206	0.406142
0.544507	0.406605	-0.641355	0.356157	0.551728	0.391678	-0.621049	0.395579	0.750505	-0.310973	-0.467823	0.34811	0.147872	-0.511828	-0.196088	0.823235	0.428731	0.134825	0.0752928	0.890136	0.886351	0.0527294	0.140898	0.437892	0.730868	-0.0132364	-0.654993	-0.191418	0.550061	0.478479	-0.643465	0.233331	0.320679	0.65342	-0.241174	0.641905	0.538381	0.489927	-0.551358	0.40758
0.544844	0.407564	-0.640044	0.356905	0.550836	0.394602	-0.618866	0.397334	0.74948	-0.308719	-0.468139	0.351879	0.144644	-0.510189	-0.197806	0.824414	0.425976	0.13421	0.0791106	0.891221	0.885574	0.0493264	0.143422	0.43904	0.730617	-0.0123319	-0.65555	-0.190529	0.549068	0.478939	-0.643862	0.233632	0.319561	0.653638	-0.239628	0.642819	0.537608	0.490574	-0.550894	0.40845
0.545024	0.408631	-0.638434	0.35829	0.54992	0.396904	-0.617201	0.398897	0.748603	-0.306893	-0.468158	0.355301	0.14193	-0.508476	-0.199166	0.825616	0.424028	0.134279	0.0822615	0.891853	0.885004	0.0471239	0.14566	0.439694	0.730603	-0.0109532	-0.655975	-0.189197	0.547775	0.480267	-0.643642	0.234545	0.318278	0.654041	-0.238543	0.643449	0.536812	0.491491	-0.549923	0.4097
0.544022	0.410464	-0.637099	0.36009	0.549608	0.397845	-0.616318	0.399753	0.748452	-0.305952	-0.467956	0.356694	0.140767	-0.507477	-0.199734	0.826292	0.423555	0.134116	0.0836209	0.891976	0.884886	0.0464135	0.146204	0.439826	0.730597	-0.00953956	-0.65639	-0.187854	0.546828	0.481463	-0.643329	0.235161	0.317449	0.654494	-0.238132	0.643551	0.535966	0.49274	-0.548573	0.411114
0.542995	0.412228	-0.63591	0.361723	0.549038	0.39974	-0.614078	0.402086	0.747542	-0.305411	-0.467336	0.359864	0.138174	-0.505898	-0.200012	0.827629	0.423743	0.13237	0.0856616	0.891954	0.885755	0.0444213	0.145995	0.43835	0.73088	-0.00790331	-0.656508	-0.186413	0.545704	0.483129	-0.642755	0.235921	0.31487	0.656398	-0.235708	0.64377	0.535489	0.493835	-0.547502	0.411848
0.542682	0.412851	-0.63546	0.362272	0.548807	0.400217	-0.613545	0.402741	0.747111	-0.30542	-0.46738	0.360693	0.137143	-0.505714	-0.199962	0.827925	0.423743	0.13237	0.0856616	0.891954	0.886408	0.0437676	0.145358	0.437306	0.730951	-0.00728966	-0.656627	-0.185737	0.545296	0.483727	-0.642578	0.236122	0.314382	0.656468	-0.235316	0.64408	0.535227	0.494526	-0.546757	0.412349
0.540751	0.415487	-0.634492	0.363838	0.548476	0.400859	-0.612457	0.404206	0.746078	-0.305421	-0.467793	0.362293	0.135206	-0.50565	-0.200061	0.828259	0.424656	0.129379	0.0869014	0.891839	0.887922	0.0422582	0.144135	0.434781	0.731341	-0.00575195	-0.656582	-0.184412	0.545101	0.484464	-0.64211	0.236336	0.312486	0.657816	-0.234312	0.643994	0.535294	0.495607	-0.545022	0.413261
0.540115	0.416247	-0.634488	0.363923	0.54824	0.401379	-0.611396	0.405614	0.745142	-0.305334	-0.468087	0.363908	0.133479	-0.505395	-0.200475	0.828594	0.425493	0.127652	0.0882251	0.891559	0.889327	0.0406954	0.143236	0.432348	0.731765	-0.00480725	-0.6564	-0.183398	0.544759	0.485474	-0.641524	0.236641	0.31152	0.658664	-0.233112	0.644031	0.535069	0.496211	-0.544376	0.41368
0.539441	0.418175	-0.633269	0.364833	0.548134	0.402089	-0.609618	0.407725	0.744007	-0.305138	-0.468008	0.366488	0.131065	-0.504806	-0.200435	0.829349	0.426709	0.126013	0.0894968	0.891084	0.891058	0.0380239	0.142473	0.429268	0.732296	-0.0035382	-0.65623	-0.181913	0.544141	0.486834	-0.64091	0.236934	0.31076	0.659317	-0.230933	0.644515	0.532302	0.500555	-0.540782	0.416718
0.539019	0.418951	-0.632772	0.365429	0.548032	0.402375	-0.609042	0.40844	0.744007	-0.305138	-0.468008	0.366488	0.130162	-0.504565	-0.200685	0.829577	0.427546	0.124751	0.0904856	0.890761	0.891493	0.0373812	0.142066	0.428555	0.732624	-0.00233592	-0.65616	-0.180864	0.543839	0.487693	-0.6404	0.23724	0.310353	0.659488	-0.229976	0.644878	0.529379	0.504107	-0.537714	0.420118
0.53823	0.420235	-0.631859	0.366695	0.548088	0.402604	-0.607927	0.409798	0.742807	-0.30495	-0.468271	0.368734	0.128276	-0.504002	-0.201047	0.830125	0.427206	0.123881	0.0914959	0.890942	0.891843	0.037384	0.141913	0.427878	0.732624	-0.00233592	-0.65616	-0.180864	0.543839	0.487693	-0.6404	0.23724	0.30957	0.659451	-0.227944	0.646013	0.524864	0.509917	-0.532674	0.42516
0.537597	0.421156	-0.631255	0.367605	0.548051	0.403325	-0.60676	0.410868	0.742479	-0.304498	-0.467566	0.370658	0.126748	-0.502844	-0.200911	0.831095	0.426594	0.122786	0.0921813	0.891316	0.892464	0.0375701	0.140548	0.427017	0.733086	-0.000764663	-0.656111	-0.179175	0.54314	0.48906	-0.639884	0.237419	0.308662	0.660433	-0.226627	0.645907	0.523248	0.512339	-0.530578	0.426858
0.53692	0.422503	-0.63026	0.368756	0.547824	0.404195	-0.605717	0.411852	0.742131	-0.304216	-0.466766	0.37259	0.125571	-0.501522	-0.200743	0.832112	0.425634	0.122523	0.092744	0.891752	0.892433	0.0378966	0.140381	0.427107	0.733381	0.000163424	-0.655969	-0.178485	0.542911	0.489907	-0.63932	0.237715	0.308758	0.660693	-0.22531	0.646056	0.524003	0.512041	-0.530998	0.425766
0.53674	0.42307	-0.629901	0.36898	0.54731	0.405311	-0.604975	0.41253	0.741866	-0.303328	-0.466229	0.37451	0.124233	-0.50024	-0.201119	0.832993	0.424652	0.122244	0.0930268	0.892229	0.892298	0.0387134	0.139659	0.427552	0.733405	0.000711354	-0.656109	-0.177869	0.542617	0.490293	-0.639171	0.237992	0.307999	0.66116	-0.224836	0.646106	0.523808	0.512587	-0.530163	0.426389
0.536486	0.423706	-0.629401	0.369472	0.54704	0.405989	-0.604615	0.412748	0.741633	-0.302966	-0.46611	0.37541	0.123526	-0.499708	-0.201337	0.833365	0.424368	0.12207	0.0929148	0.8924	0.89215	0.0393656	0.139395	0.427888	0.733439	0.00134881	-0.656221	-0.17731	0.542427	0.490631	-0.638956	0.238305	0.307426	0.661571	-0.224115	0.646209	0.523869	0.512686	-0.529963	0.426443
0.536072	0.424464	-0.628827	0.37018	0.546843	0.406713	-0.604199	0.412905	0.741425	-0.302665	-0.465886	0.376342	0.122772	-0.499086	-0.201505	0.833808	0.424283	0.122108	0.0927039	0.892457	0.892053	0.0397712	0.13931	0.42808	0.733468	0.00202993	-0.656284	-0.176951	0.542249	0.491179	-0.638533	0.238717	0.307141	0.66202	-0.223594	0.646065	0.524308	0.512352	-0.530134	0.426091
0.535912	0.425119	-0.627984	0.37109	0.546666	0.407425	-0.603714	0.413148	0.741308	-0.302293	-0.465515	0.37733	0.121955	-0.49827	-0.201595	0.834394	0.424193	0.122469	0.0927634	0.892444	0.892032	0.0400817	0.139182	0.428136	0.733539	0.00270598	-0.656306	-0.176569	0.541916	0.491836	-0.638143	0.239162	0.307128	0.662207	-0.223405	0.645944	0.52472	0.512016	-0.530266	0.425825
0.536775	0.42565	-0.626141	0.372346	0.54636	0.408307	-0.603203	0.413427	0.741308	-0.302293	-0.465515	0.37733	0.120515	-0.496259	-0.201542	0.835814	0.423982	0.12267	0.0924041	0.892554	0.892096	0.0405325	0.139084	0.427992	0.733778	0.00364909	-0.656356	-0.175367	0.541016	0.492832	-0.637865	0.23989	0.306974	0.662303	-0.223075	0.646034	0.525618	0.511176	-0.530414	0.425542
0.536587	0.426294	-0.62534	0.373225	0.546182	0.409713	-0.60213	0.413837	0.741477	-0.300743	-0.463378	0.38085	0.12005	-0.49514	-0.201392	0.83658	0.42394	0.122933	0.0928844	0.892488	0.892278	0.0410868	0.139399	0.427458	0.733785	0.00447189	-0.65654	-0.174626	0.540542	0.493385	-0.637649	0.240395	0.306229	0.66305	-0.222446	0.645838	0.526134	0.510689	-0.530474	0.425413
0.536258	0.427146	-0.624501	0.374128	0.546185	0.410558	-0.601312	0.414184	0.741529	-0.30021	-0.462514	0.382216	0.119438	-0.493917	-0.201242	0.837426	0.424016	0.123308	0.0930438	0.892383	0.892267	0.0410053	0.13967	0.4274	0.733781	0.00548418	-0.656686	-0.174065	0.540294	0.493881	-0.637323	0.240798	0.305941	0.663408	-0.222201	0.645691	0.526493	0.510369	-0.530469	0.425359
0.536255	0.427798	-0.623476	0.375097	0.546361	0.411359	-0.600316	0.414601	0.741619	-0.299574	-0.461494	0.383771	0.118674	-0.492507	-0.201122	0.838394	0.42412	0.123741	0.093272	0.89225	0.892218	0.0410872	0.14011	0.427351	0.733803	0.00608348	-0.656692	-0.173928	0.540163	0.494267	-0.637053	0.241013	0.305688	0.663488	-0.221717	0.645895	0.526515	0.510393	-0.53022	0.425616
0.53724	0.428081	-0.621735	0.376251	0.546641	0.412741	-0.598714	0.415176	0.741666	-0.298927	-0.459106	0.387034	0.116911	-0.4896	-0.200248	0.84055	0.424203	0.124179	0.0941659	0.892056	0.892256	0.0408586	0.141037	0.426988	0.733847	0.00753457	-0.657049	-0.172331	0.538015	0.49654	-0.63644	0.24276	0.304718	0.664009	-0.220808	0.646129	0.525928	0.511221	-0.52915	0.426677
0.537369	0.429219	-0.619815	0.377936	0.546629	0.414273	-0.597489	0.415429	0.741489	-0.299031	-0.456359	0.390526	0.114764	-0.486742	-0.198467	0.842925	0.424212	0.124643	0.094958	0.891903	0.892223	0.0405768	0.141828	0.426822	0.733591	0.00977907	-0.657675	-0.170913	0.537667	0.4971	-0.636128	0.243201	0.304241	0.664204	-0.220174	0.64637	0.525226	0.512137	-0.528284	0.427516
0.536888	0.430374	-0.618694	0.379142	0.546413	0.415857	-0.596213	0.415964	0.741226	-0.299075	-0.454323	0.393355	0.112385	-0.484386	-0.19735	0.844863	0.424106	0.125331	0.095593	0.891789	0.8922	0.0405337	0.142537	0.426638	0.733677	0.010898	-0.657822	-0.16991	0.536666	0.498309	-0.635719	0.244006	0.303373	0.66493	-0.218274	0.646676	0.524868	0.51258	-0.527906	0.42789
0.537299	0.430725	-0.618035	0.379234	0.546512	0.416558	-0.595294	0.416449	0.740891	-0.299075	-0.453175	0.395307	0.111442	-0.483235	-0.196672	0.845804	0.423945	0.125197	0.096086	0.891832	0.892349	0.040517	0.142914	0.426201	0.733891	0.0119798	-0.657964	-0.168353	0.535602	0.499219	-0.635676	0.244595	0.302355	0.665331	-0.217627	0.646958	0.524509	0.513019	-0.527214	0.428657
0.536338	0.432042	-0.617194	0.380465	0.54667	0.41731	-0.594109	0.417179	0.740395	-0.299072	-0.452874	0.39658	0.110046	-0.482812	-0.19654	0.846259	0.423753	0.125294	0.0969835	0.891812	0.892231	0.0400284	0.143493	0.4263	0.73381	0.0129355	-0.658117	-0.168042	0.5352	0.49992	-0.635305	0.245006	0.301712	0.665746	-0.217219	0.646968	0.524028	0.513527	-0.526724	0.429239
0.536027	0.432413	-0.617174	0.380513	0.546678	0.417556	-0.59366	0.417562	0.740128	-0.299017	-0.452768	0.397241	0.109342	-0.482617	-0.19645	0.846482	0.423428	0.12524	0.0972396	0.891946	0.892136	0.0398524	0.143747	0.42643	0.73385	0.0131271	-0.658132	-0.167792	0.53473	0.500388	-0.6352	0.245348	0.301533	0.665694	-0.21687	0.647222	0.523822	0.513764	-0.526607	0.42935
0.535948	0.432869	-0.616725	0.380833	0.546673	0.417994	-0.592945	0.418145	0.739637	-0.29894	-0.452681	0.398312	0.108449	-0.482343	-0.196406	0.846764	0.422793	0.125231	0.0978073	0.892187	0.891785	0.0396887	0.143829	0.427151	0.733843	0.0137678	-0.658299	-0.167113	0.534287	0.500613	-0.635295	0.245612	0.300938	0.666021	-0.216191	0.64739	0.523375	0.514286	-0.526333	0.429607
0.535763	0.433232	-0.616319	0.381339	0.546593	0.418391	-0.592433	0.418579	0.739386	-0.298817	-0.452648	0.398906	0.107816	-0.482156	-0.196459	0.846939	0.422447	0.125436	0.0979352	0.892308	0.891517	0.0398335	0.144165	0.427584	0.733727	0.0140458	-0.658431	-0.167081	0.534233	0.500686	-0.635285	0.245605	0.300585	0.666314	-0.215941	0.647336	0.523377	0.514322	-0.526367	0.429521
0.535448	0.433721	-0.615791	0.382078	0.546386	0.418894	-0.591787	0.419258	0.738691	-0.298728	-0.452745	0.400148	0.106443	-0.481989	-0.196437	0.847212	0.421509	0.126412	0.0982121	0.892583	0.891041	0.0399765	0.145034	0.428267	0.733908	0.0146048	-0.658327	-0.166645	0.533766	0.501273	-0.635171	0.245718	0.300384	0.666402	-0.215606	0.64745	0.523652	0.514087	-0.526745	0.429001
0.534968	0.434501	-0.615183	0.382842	0.546149	0.419512	-0.591128	0.41988	0.738126	-0.298817	-0.452696	0.40118	0.105343	-0.481849	-0.196208	0.847483	0.420682	0.126504	0.0982466	0.892956	0.890727	0.0404469	0.145129	0.428845	0.733778	0.0155332	-0.658664	-0.165804	0.533196	0.501658	-0.635258	0.245945	0.299707	0.666957	-0.21487	0.647437	0.524917	0.512792	-0.527795	0.427714
0.534551	0.435053	-0.614709	0.383557	0.546018	0.420087	-0.590394	0.420507	0.73747	-0.299139	-0.452575	0.40228	0.104116	-0.481849	-0.195684	0.847755	0.419517	0.126444	0.098611	0.893473	0.890319	0.0405721	0.145064	0.429701	0.73372	0.0161391	-0.658806	-0.165436	0.533045	0.501796	-0.635279	0.245937	0.299793	0.666825	-0.214328	0.647712	0.525682	0.512111	-0.528606	0.426587
0.534551	0.435053	-0.614709	0.383557	0.546018	0.420087	-0.590394	0.420507	0.73747	-0.299139	-0.452575	0.40228	0.104116	-0.481849	-0.195684	0.847755	0.419517	0.126444	0.098611	0.893473	0.890319	0.0405721	0.145064	0.429701	0.73372	0.0161391	-0.658806	-0.165436	0.533045	0.501796	-0.635279	0.245937	0.299793	0.666825	-0.214328	0.647712	0.525682	0.512111	-0.528606	0.426587
0.534273	0.435346	-0.61445	0.384028	0.545824	0.420379	-0.590302	0.420596	0.73712	-0.299321	-0.452598	0.402762	0.102876	-0.481833	-0.195361	0.84799	0.418071	0.12652	0.0986889	0.89413	0.890056	0.0403308	0.145166	0.430233	0.733544	0.0170837	-0.65905	-0.165148	0.532582	0.502317	-0.63516	0.24618	0.299877	0.666793	-0.213783	0.647887	0.52567	0.512223	-0.528905	0.426097
0.534248	0.43551	-0.614097	0.384443	0.544981	0.421227	-0.590424	0.42067	0.736612	-0.298995	-0.452824	0.403678	0.102418	-0.481836	-0.195456	0.848022	0.417573	0.126692	0.098669	0.894341	0.889376	0.0404796	0.145402	0.431545	0.733381	0.0171107	-0.659204	-0.165258	0.532634	0.502211	-0.63519	0.246208	0.299639	0.666918	-0.212941	0.648146	0.525721	0.512231	-0.528806	0.426147
0.533421	0.436389	-0.61364	0.385321	0.544538	0.421752	-0.590053	0.421238	0.736151	-0.299091	-0.453188	0.404039	0.102206	-0.482345	-0.195474	0.847754	0.416949	0.126847	0.0985054	0.894628	0.888927	0.0406775	0.145225	0.432509	0.733337	0.0173235	-0.659222	-0.165359	0.532883	0.501931	-0.635277	0.246014	0.298475	0.667382	-0.2129	0.648218	0.525626	0.512335	-0.528051	0.427075
