FULLBODY	1																																						
Frames:	108																																						
0.435183	0.549894	-0.467101	0.538562	0.479071	0.507653	-0.419938	0.580027	0.737641	0.220149	-0.580717	0.264928	0.679403	0.0923571	-0.67696	0.267595	0.0505696	0.643097	-0.0113642	0.764028	0.290518	0.668467	-0.020785	0.684339	0.707444	0.12096	-0.687829	0.108547	0.42654	0.594425	-0.47097	0.492858	0.0469071	0.735384	-0.110726	0.666896	0.428976	0.592513	-0.510366	0.452145
0.424575	0.55745	-0.465876	0.54032	0.471666	0.511075	-0.415447	0.586291	0.732725	0.231075	-0.57938	0.272097	0.67447	0.106699	-0.676747	0.27517	0.0360393	0.642893	-0.00772715	0.765069	0.277681	0.669113	-0.0181189	0.689096	0.706392	0.120212	-0.687989	0.115024	0.425521	0.593973	-0.467942	0.49715	0.0481249	0.735287	-0.101482	0.668385	0.431331	0.591681	-0.506409	0.45543
0.424508	0.557551	-0.466024	0.540141	0.471583	0.5113	-0.415593	0.586058	0.732824	0.231224	-0.579285	0.271906	0.674529	0.106824	-0.676711	0.275066	0.0358138	0.642997	-0.00796816	0.764989	0.277521	0.669233	-0.0183459	0.689037	0.706392	0.120212	-0.687989	0.115024	0.42559	0.593903	-0.467936	0.497181	0.0482029	0.735408	-0.101279	0.668277	0.431434	0.591619	-0.506528	0.455281
0.424762	0.557538	-0.466122	0.53987	0.471462	0.511776	-0.415985	0.585462	0.73287	0.231794	-0.579105	0.27168	0.674828	0.107439	-0.676412	0.274829	0.0355787	0.643232	-0.00870511	0.764795	0.277317	0.669405	-0.0190001	0.688934	0.706392	0.120212	-0.687989	0.115024	0.425717	0.593765	-0.468019	0.497158	0.0481524	0.735541	-0.101055	0.668169	0.431428	0.591687	-0.506505	0.455224
0.424769	0.557623	-0.466234	0.53968	0.47157	0.511813	-0.416097	0.585263	0.732927	0.232047	-0.578992	0.27155	0.674942	0.10771	-0.676333	0.274636	0.0354391	0.643334	-0.009024	0.764712	0.277108	0.669558	-0.0192535	0.688863	0.705903	0.119329	-0.688776	0.114236	0.425926	0.593571	-0.468125	0.497111	0.0483046	0.735492	-0.100969	0.668224	0.431514	0.591642	-0.506591	0.455105
0.424665	0.55785	-0.466605	0.539206	0.4721	0.511431	-0.415841	0.585352	0.73321	0.231998	-0.578921	0.270981	0.675173	0.107713	-0.676302	0.274143	0.0352413	0.643509	-0.00952942	0.764568	0.276753	0.669746	-0.0196518	0.688811	0.705743	0.119178	-0.688998	0.114039	0.426211	0.593342	-0.46825	0.497022	0.0484311	0.735666	-0.101203	0.667988	0.431532	0.591696	-0.506476	0.455146
0.424809	0.557817	-0.466649	0.539088	0.472202	0.511546	-0.415858	0.585156	0.733541	0.231594	-0.578964	0.270337	0.675302	0.107479	-0.676356	0.273785	0.0349093	0.643591	-0.00954156	0.764513	0.276496	0.669875	-0.0194938	0.688794	0.705716	0.11829	-0.68932	0.113188	0.426345	0.593248	-0.468228	0.497041	0.0485975	0.735604	-0.101483	0.668001	0.431499	0.591776	-0.506426	0.45513
0.425375	0.557445	-0.466606	0.539064	0.472217	0.51192	-0.416104	0.584642	0.733676	0.231732	-0.578845	0.270107	0.675557	0.107685	-0.676204	0.273451	0.0347374	0.643707	-0.00968373	0.764422	0.276065	0.670063	-0.0194006	0.688787	0.705604	0.117936	-0.689572	0.112715	0.426519	0.593135	-0.468278	0.496979	0.048833	0.735878	-0.101533	0.667676	0.431492	0.592011	-0.506585	0.454653
0.426104	0.556898	-0.466162	0.539437	0.471562	0.513017	-0.416605	0.583853	0.73385	0.232001	-0.578605	0.269917	0.675746	0.108151	-0.675936	0.27346	0.0344627	0.643808	-0.00998377	0.764345	0.276061	0.670074	-0.0195391	0.688774	0.705567	0.117425	-0.689757	0.112344	0.426818	0.59295	-0.468501	0.496733	0.0498313	0.736023	-0.101911	0.667384	0.431342	0.592454	-0.507082	0.453663
0.426634	0.556479	-0.466306	0.539327	0.471236	0.513689	-0.417262	0.583055	0.733567	0.233109	-0.578378	0.27022	0.675858	0.108998	-0.675718	0.273387	0.0344498	0.643968	-0.0106439	0.764202	0.276035	0.670306	-0.0198509	0.688549	0.705713	0.116581	-0.689836	0.111818	0.426902	0.592997	-0.46863	0.496482	0.0504708	0.736528	-0.102286	0.666721	0.432029	0.592038	-0.507815	0.452732
0.427169	0.556276	-0.466332	0.539091	0.471431	0.513925	-0.417378	0.582605	0.733488	0.23353	-0.578228	0.270391	0.675898	0.109462	-0.67569	0.273173	0.0341762	0.64439	-0.0109229	0.763855	0.275458	0.670628	-0.0202213	0.688457	0.705821	0.1166	-0.689749	0.111653	0.427136	0.592965	-0.468615	0.496334	0.0502818	0.737086	-0.102991	0.66601	0.432038	0.592024	-0.507056	0.453592
0.426748	0.556737	-0.466351	0.538931	0.471566	0.514089	-0.417254	0.582441	0.733854	0.23317	-0.578452	0.269227	0.67583	0.109125	-0.676029	0.272637	0.0341409	0.644582	-0.0111593	0.763691	0.275165	0.670819	-0.020378	0.688383	0.705821	0.1166	-0.689749	0.111653	0.42716	0.593035	-0.46843	0.496404	0.0494019	0.737305	-0.102912	0.665845	0.432162	0.591962	-0.507004	0.453612
0.425662	0.557923	-0.466262	0.538641	0.471668	0.514534	-0.417284	0.581943	0.734145	0.233622	-0.578221	0.268537	0.675775	0.109461	-0.6761	0.272461	0.0337748	0.645021	-0.0113045	0.763334	0.274785	0.671197	-0.0203718	0.688166	0.706538	0.116317	-0.689154	0.111095	0.427383	0.592987	-0.468158	0.496527	0.0495303	0.737276	-0.102078	0.665997	0.433376	0.591305	-0.508458	0.45168
0.425336	0.5585	-0.466049	0.538484	0.471405	0.515086	-0.41736	0.581614	0.73422	0.234267	-0.577878	0.268508	0.675798	0.109952	-0.675939	0.272605	0.0335054	0.645332	-0.011196	0.763085	0.274617	0.67139	-0.0201723	0.688051	0.707165	0.115963	-0.688606	0.110872	0.427934	0.592828	-0.467839	0.496542	0.0504156	0.737248	-0.101553	0.666041	0.434944	0.590347	-0.510741	0.448841
0.424412	0.559729	-0.466611	0.53745	0.470151	0.517195	-0.417545	0.580624	0.735565	0.23626	-0.575752	0.267646	0.6744	0.110398	-0.675809	0.276186	0.0338604	0.645045	-0.0118195	0.763302	0.276087	0.671817	-0.0198849	0.687053	0.70823	0.114588	-0.687852	0.110181	0.428457	0.592938	-0.46735	0.49642	0.054623	0.738045	-0.100142	0.66504	0.439771	0.588404	-0.516811	0.439645
0.424711	0.559711	-0.46678	0.537086	0.470316	0.518578	-0.417819	0.579058	0.736994	0.237424	-0.573451	0.267626	0.671826	0.106116	-0.677259	0.280554	0.0355778	0.64501	-0.0140173	0.763217	0.275582	0.67189	-0.0140239	0.687329	0.709847	0.11255	-0.686548	0.110008	0.428931	0.593411	-0.466597	0.496154	0.0571753	0.738482	-0.100019	0.664358	0.442956	0.587529	-0.519643	0.434247
0.424854	0.560071	-0.467222	0.536212	0.471001	0.520038	-0.418368	0.57679	0.740198	0.23591	-0.571605	0.264046	0.669468	0.100461	-0.679282	0.283366	0.0363182	0.644369	-0.0142845	0.763718	0.27686	0.671332	-0.010244	0.687428	0.710804	0.111969	-0.685416	0.111474	0.429396	0.594368	-0.465498	0.495638	0.0597656	0.739571	-0.099695	0.662966	0.446138	0.586823	-0.52113	0.430143
0.425792	0.56029	-0.466919	0.535503	0.472005	0.522139	-0.419019	0.57359	0.74395	0.233503	-0.569881	0.259328	0.657973	0.0718054	-0.685949	0.302306	0.0424961	0.637756	-0.013439	0.768948	0.290969	0.665918	0.0071052	0.686906	0.711966	0.110862	-0.684149	0.112939	0.430379	0.595082	-0.464528	0.494838	0.0612275	0.740439	-0.0984017	0.662056	0.448742	0.586749	-0.521128	0.427529
0.427485	0.560628	-0.466939	0.533779	0.47315	0.524472	-0.419554	0.570117	0.746118	0.232787	-0.568255	0.257304	0.644129	0.0413963	-0.690513	0.326459	0.0491649	0.630263	-0.00941203	0.774766	0.29971	0.662494	0.0170336	0.686284	0.713183	0.109651	-0.682762	0.114815	0.43148	0.595922	-0.462916	0.494379	0.0615145	0.741088	-0.097108	0.661495	0.452073	0.586317	-0.520794	0.425012
0.428571	0.560865	-0.466982	0.532621	0.473608	0.52598	-0.419813	0.568153	0.750978	0.228949	-0.565263	0.253163	0.635241	0.022674	-0.691869	0.342451	0.0514957	0.625019	-0.00406269	0.778898	0.326492	0.653137	0.0471572	0.681609	0.713957	0.10879	-0.681963	0.115566	0.432364	0.596121	-0.462093	0.494137	0.0623566	0.74269	-0.0952777	0.659883	0.453775	0.586101	-0.520319	0.424078
0.43073	0.561746	-0.467146	0.529799	0.475068	0.528702	-0.419935	0.564304	0.75603	0.221801	-0.561395	0.253098	0.613035	-0.0175098	-0.689798	0.384787	0.0590144	0.612502	0.0110173	0.788186	0.366243	0.638321	0.0826511	0.671997	0.716135	0.106087	-0.679968	0.11636	0.434992	0.595942	-0.460438	0.493592	0.0643442	0.744242	-0.09424	0.65809	0.458057	0.585129	-0.520022	0.42117
0.431482	0.562447	-0.467339	0.528272	0.475789	0.530006	-0.419965	0.562448	0.758263	0.217112	-0.559401	0.254891	0.598446	-0.0402953	-0.68717	0.409922	0.0662204	0.606371	0.0187876	0.792197	0.389531	0.629106	0.103855	0.664609	0.717197	0.104285	-0.679115	0.116429	0.436709	0.595602	-0.45963	0.493237	0.0657834	0.744975	-0.0933489	0.657245	0.460912	0.584209	-0.520521	0.418708
0.434722	0.563822	-0.468847	0.522785	0.478955	0.534439	-0.420465	0.555144	0.765531	0.190235	-0.553547	0.267132	0.544085	-0.115353	-0.669329	0.492609	0.089234	0.588597	0.0491859	0.80198	0.472865	0.592757	0.173858	0.62834	0.720871	0.097892	-0.675974	0.117561	0.442587	0.59431	-0.457087	0.491919	0.0716783	0.74736	-0.0921879	0.654077	0.471322	0.580439	-0.52245	0.409868
0.437794	0.56458	-0.471151	0.517303	0.481512	0.537228	-0.421795	0.5492	0.767567	0.18	-0.550648	0.274276	0.497699	-0.16708	-0.648504	0.551201	0.112539	0.57658	0.0654031	0.806606	0.531871	0.563159	0.227036	0.590271	0.723234	0.0913539	-0.674259	0.118163	0.447455	0.592767	-0.456005	0.490379	0.0730968	0.748259	-0.0914674	0.652993	0.479815	0.576792	-0.524246	0.402807
0.439663	0.565056	-0.472785	0.513695	0.482741	0.538559	-0.422732	0.546088	0.772464	0.152146	-0.544723	0.288837	0.473224	-0.19137	-0.634057	0.580869	0.128332	0.570006	0.0705796	0.808482	0.560695	0.547849	0.254034	0.566523	0.724319	0.0870097	-0.673709	0.11793	0.45012	0.591829	-0.455729	0.489328	0.0752565	0.749666	-0.0891837	0.651447	0.483913	0.57507	-0.524777	0.399664
0.444319	0.565743	-0.477195	0.504778	0.485188	0.541049	-0.426172	0.538735	0.775088	0.123411	-0.536816	0.309575	0.421457	-0.235003	-0.60004	0.638044	0.156964	0.559439	0.0856566	0.809354	0.617398	0.513326	0.299646	0.515294	0.726796	0.0759641	-0.672732	0.115887	0.455064	0.589955	-0.455351	0.487365	0.0782464	0.750499	-0.0885372	0.650222	0.493194	0.570506	-0.525733	0.393558
0.453145	0.56475	-0.484742	0.490654	0.48966	0.54347	-0.434024	0.52583	0.776902	0.0916843	-0.52766	0.331048	0.341721	-0.288338	-0.541733	0.711768	0.198955	0.543243	0.106951	0.80862	0.689245	0.461286	0.356018	0.430591	0.730487	0.0572761	-0.671337	0.111423	0.464671	0.584348	-0.456507	0.483963	0.081801	0.752333	-0.0903898	0.647405	0.508854	0.560387	-0.528101	0.384894
0.455849	0.56432	-0.487415	0.485974	0.491023	0.544181	-0.436858	0.521457	0.77636	0.0592698	-0.518066	0.354062	0.315468	-0.303315	-0.520847	0.732938	0.21384	0.537793	0.112699	0.807682	0.709404	0.44428	0.370536	0.402572	0.732028	0.0530504	-0.670049	0.111152	0.465438	0.584414	-0.455457	0.484134	0.0882201	0.752631	-0.0941316	0.645681	0.513676	0.557017	-0.528886	0.382294
0.460878	0.563593	-0.491744	0.477642	0.492239	0.544752	-0.439307	0.517644	0.776444	0.0392944	-0.513397	0.363337	0.266668	-0.328864	-0.479248	0.768803	0.242487	0.526132	0.125404	0.805393	0.727685	0.427243	0.383333	0.375491	0.734226	0.0437536	-0.668608	0.109368	0.461545	0.588255	-0.458848	0.479991	0.0914216	0.752598	-0.0954983	0.645072	0.521795	0.551169	-0.530526	0.37747
0.463102	0.563304	-0.49343	0.474079	0.494762	0.54555	-0.444031	0.510316	0.774331	0.00206174	-0.503441	0.383348	0.243859	-0.339748	-0.45896	0.783875	0.256619	0.519629	0.131405	0.80428	0.759065	0.393579	0.403498	0.325738	0.734614	0.0387245	-0.668935	0.106622	0.457375	0.591471	-0.465014	0.47406	0.0968802	0.752869	-0.0970342	0.643729	0.524549	0.549201	-0.530725	0.376242
0.468401	0.561681	-0.496781	0.467251	0.49977	0.544456	-0.449352	0.501876	0.768606	-0.052259	-0.486334	0.412302	0.180277	-0.36235	-0.404892	0.819918	0.295583	0.501834	0.151225	0.798702	0.792326	0.347865	0.426131	0.263859	0.735854	0.0340736	-0.669752	0.0937555	0.445597	0.598419	-0.493235	0.447278	0.101069	0.75336	-0.0995524	0.642124	0.529336	0.546081	-0.528111	0.377755
0.473884	0.558075	-0.501469	0.460994	0.503386	0.542409	-0.452143	0.497957	0.765904	-0.0692751	-0.480359	0.421719	0.143293	-0.372084	-0.371902	0.838278	0.318339	0.489478	0.164587	0.794973	0.800476	0.333124	0.433078	0.246394	0.737771	0.0328751	-0.669672	0.0784324	0.43795	0.603179	-0.512346	0.42647	0.102745	0.753007	-0.102104	0.641871	0.527185	0.549089	-0.522013	0.384811
0.476791	0.555568	-0.50419	0.458047	0.505311	0.541135	-0.4534	0.496249	0.759407	-0.100959	-0.469184	0.439289	0.127077	-0.375911	-0.356542	0.845825	0.327619	0.483813	0.171928	0.793115	0.813559	0.305145	0.445517	0.21569	0.738982	0.0325045	-0.669398	0.0689636	0.435571	0.603693	-0.523028	0.415059	0.107614	0.751057	-0.109157	0.642197	0.52653	0.550248	-0.519273	0.387747
0.476791	0.555568	-0.50419	0.458047	0.505311	0.541135	-0.4534	0.496249	0.759407	-0.100959	-0.469184	0.439289	0.127077	-0.375911	-0.356542	0.845825	0.327619	0.483813	0.171928	0.793115	0.813559	0.305145	0.445517	0.21569	0.738982	0.0325045	-0.669398	0.0689636	0.435571	0.603693	-0.523028	0.415059	0.107614	0.751057	-0.109157	0.642197	0.52653	0.550248	-0.519273	0.387747
0.47866	0.553065	-0.510494	0.452105	0.509393	0.53787	-0.455887	0.493337	0.752344	-0.127518	-0.458719	0.455296	0.0983442	-0.380852	-0.329804	0.858201	0.345388	0.473387	0.184452	0.789043	0.822626	0.278494	0.457371	0.191153	0.738982	0.0325045	-0.669398	0.0689636	0.432158	0.603152	-0.544194	0.391535	0.11067	0.750714	-0.114542	0.64114	0.528996	0.547976	-0.519729	0.386999
0.482576	0.548767	-0.518409	0.444103	0.512576	0.534244	-0.46002	0.490133	0.745884	-0.1515	-0.449966	0.467157	0.0730917	-0.383635	-0.307934	0.867559	0.360139	0.464327	0.194858	0.785322	0.828436	0.257307	0.466947	0.171601	0.744586	0.0320428	-0.666151	0.0284186	0.429568	0.60098	-0.564752	0.367899	0.121251	0.747606	-0.122967	0.641298	0.533123	0.543322	-0.521918	0.384945
0.487506	0.54278	-0.52597	0.437132	0.516274	0.529699	-0.4642	0.487235	0.740565	-0.171504	-0.442558	0.475701	0.0522891	-0.385408	-0.289034	0.874749	0.373348	0.455553	0.203845	0.782003	0.833192	0.240192	0.473164	0.15561	0.746774	0.0304784	-0.66433	0.0081078	0.430984	0.594191	-0.585571	0.343942	0.130832	0.74472	-0.130607	0.641262	0.535772	0.539925	-0.524316	0.382782
0.489227	0.540017	-0.529856	0.433926	0.518389	0.527249	-0.46611	0.485822	0.738655	-0.180715	-0.439658	0.477945	0.0360266	-0.387146	-0.273747	0.879706	0.378881	0.451804	0.207987	0.780425	0.83534	0.232969	0.475337	0.148285	0.747555	0.0295293	-0.663541	-0.00171338	0.432149	0.590308	-0.594757	0.33324	0.134695	0.743119	-0.133978	0.641624	0.53628	0.538284	-0.525082	0.383331
0.492727	0.531243	-0.540041	0.428202	0.525361	0.518691	-0.472518	0.481333	0.734932	-0.20545	-0.432091	0.480587	0.0253106	-0.38911	-0.259575	0.883501	0.394265	0.441004	0.216215	0.776737	0.841113	0.215278	0.479036	0.12926	0.74767	0.0296337	-0.662977	-0.0239306	0.435056	0.581186	-0.613046	0.311647	0.150159	0.736634	-0.144506	0.643382	0.531834	0.541283	-0.521975	0.389498
0.492964	0.528726	-0.543053	0.427233	0.527772	0.515514	-0.474827	0.479835	0.734147	-0.212632	-0.429756	0.480755	0.0212319	-0.39008	-0.253167	0.885038	0.397991	0.437424	0.218634	0.776185	0.84312	0.210467	0.479332	0.122856	0.746696	0.0306147	-0.663853	-0.0284155	0.435429	0.579548	-0.615329	0.309671	0.155448	0.733328	-0.146131	0.645531	0.528738	0.543415	-0.520146	0.393171
0.492933	0.520856	-0.551557	0.426041	0.532572	0.508747	-0.479146	0.477454	0.732504	-0.225523	-0.425551	0.481127	0.0142224	-0.393186	-0.236438	0.888425	0.404176	0.430718	0.221093	0.776042	0.847018	0.201203	0.479503	0.110252	0.74242	0.0334728	-0.668083	-0.0368524	0.450617	0.566603	-0.614371	0.313774	0.163316	0.729308	-0.147508	0.647826	0.525806	0.54219	-0.52213	0.396155
0.4929	0.51845	-0.553521	0.426467	0.536309	0.502608	-0.483788	0.475087	0.730711	-0.234586	-0.423043	0.481733	0.012279	-0.394057	-0.233118	0.888946	0.406183	0.426681	0.222201	0.776908	0.850379	0.195119	0.478636	0.0984413	0.740826	0.0294994	-0.669775	-0.0413217	0.454305	0.561847	-0.614926	0.315913	0.173635	0.725311	-0.149627	0.649143	0.52613	0.539807	-0.524969	0.395225
0.494034	0.512746	-0.556554	0.4281	0.539366	0.497009	-0.488212	0.472985	0.728939	-0.238649	-0.423452	0.482061	0.0100287	-0.396467	-0.229177	0.888927	0.402624	0.426241	0.221963	0.779067	0.852357	0.193913	0.477471	0.088918	0.737712	0.0265023	-0.673282	-0.0420817	0.458813	0.55489	-0.616375	0.318855	0.185385	0.721206	-0.153073	0.649664	0.544046	0.516695	-0.546896	0.371408
0.495464	0.504397	-0.557109	0.435578	0.541751	0.492257	-0.492331	0.470956	0.727847	-0.239805	-0.425441	0.481386	0.0103678	-0.399791	-0.230063	0.887204	0.394996	0.4291	0.221531	0.781521	0.853242	0.196604	0.475802	0.0832896	0.734067	0.0293327	-0.677503	-0.035706	0.4571	0.553161	-0.615567	0.325807	0.1968	0.717509	-0.156054	0.64969	0.557817	0.493811	-0.567906	0.349962
0.495748	0.501974	-0.557058	0.438112	0.543803	0.488419	-0.494959	0.469831	0.727446	-0.239335	-0.427425	0.480468	0.0113296	-0.400608	-0.230815	0.886628	0.387805	0.433133	0.219375	0.783503	0.853015	0.201912	0.474282	0.081571	0.733332	0.0287494	-0.678328	-0.0356073	0.457106	0.552077	-0.615968	0.326877	0.206009	0.715347	-0.15996	0.648268	0.562405	0.485169	-0.575372	0.342431
0.49773	0.496673	-0.558396	0.440199	0.544458	0.486907	-0.495836	0.469717	0.727491	-0.239701	-0.428111	0.479605	0.0120359	-0.401266	-0.231329	0.886187	0.384616	0.435394	0.218115	0.784174	0.852378	0.205109	0.47392	0.0823487	0.731303	0.0274896	-0.680633	-0.0343238	0.457034	0.549296	-0.617967	0.327887	0.211475	0.714192	-0.163869	0.646804	0.566397	0.476896	-0.582453	0.33543
0.498735	0.494469	-0.559759	0.439811	0.545704	0.483781	-0.49762	0.469614	0.727781	-0.240918	-0.428309	0.478377	0.0126293	-0.402024	-0.230797	0.885974	0.380098	0.438853	0.215108	0.785279	0.851126	0.211352	0.472557	0.0872072	0.730314	0.0263854	-0.681753	-0.0340341	0.456802	0.547933	-0.619001	0.328541	0.223197	0.70964	-0.171827	0.64581	0.56942	0.467446	-0.59129	0.328072
0.500153	0.491593	-0.562347	0.43812	0.547896	0.480295	-0.499264	0.468896	0.727936	-0.244873	-0.42785	0.476541	0.0139959	-0.404081	-0.2278	0.885793	0.378328	0.44066	0.21279	0.785753	0.849415	0.21599	0.472211	0.0941231	0.729457	0.0220103	-0.682624	-0.0378346	0.458776	0.543946	-0.621395	0.327896	0.226212	0.705286	-0.172906	0.649233	0.561111	0.476302	-0.585599	0.339654
0.501209	0.489727	-0.564257	0.436545	0.550573	0.476971	-0.501047	0.467247	0.728745	-0.249603	-0.426717	0.473858	0.0153929	-0.406089	-0.223738	0.885887	0.378904	0.440596	0.212763	0.785518	0.847624	0.217903	0.473006	0.101578	0.728609	0.0214683	-0.683387	-0.0406303	0.461031	0.54151	-0.621695	0.328197	0.220403	0.70538	-0.169614	0.651992	0.552099	0.487143	-0.577057	0.353389
0.501209	0.489727	-0.564257	0.436545	0.550573	0.476971	-0.501047	0.467247	0.728745	-0.249603	-0.426717	0.473858	0.0153929	-0.406089	-0.223738	0.885887	0.378904	0.440596	0.212763	0.785518	0.847624	0.217903	0.473006	0.101578	0.727895	0.0220927	-0.684072	-0.0415487	0.462388	0.540179	-0.62163	0.328602	0.220403	0.70538	-0.169614	0.651992	0.552099	0.487143	-0.577057	0.353389
0.504065	0.486514	-0.568346	0.431515	0.553022	0.474298	-0.502755	0.465236	0.730079	-0.254513	-0.424826	0.470882	0.0185869	-0.407698	-0.21972	0.886092	0.383064	0.436502	0.212236	0.785929	0.845784	0.21499	0.475317	0.111812	0.727058	0.0222936	-0.684861	-0.0430643	0.463939	0.538795	-0.621481	0.328972	0.217759	0.705255	-0.172697	0.652206	0.54832	0.491071	-0.571921	0.362079
0.505264	0.484932	-0.571044	0.42832	0.554062	0.472964	-0.50368	0.464356	0.730766	-0.257041	-0.423511	0.469626	0.0202237	-0.408386	-0.217296	0.886338	0.386904	0.433246	0.212542	0.785767	0.844206	0.212171	0.477357	0.120122	0.726609	0.0209671	-0.685108	-0.0471895	0.467218	0.536428	-0.620758	0.329563	0.217967	0.704906	-0.17606	0.651614	0.547985	0.491035	-0.570317	0.365152
0.508562	0.481144	-0.576844	0.420852	0.556119	0.469117	-0.506769	0.462435	0.731933	-0.262471	-0.421488	0.466615	0.0237474	-0.410642	-0.212254	0.886429	0.399244	0.423075	0.213561	0.784859	0.840708	0.205098	0.479703	0.145016	0.727082	0.0185211	-0.684417	-0.0508159	0.470223	0.534249	-0.621141	0.328104	0.218117	0.70405	-0.183953	0.650308	0.547438	0.491268	-0.566756	0.371154
0.51105	0.478537	-0.57943	0.417243	0.557189	0.466512	-0.509201	0.461109	0.732594	-0.265117	-0.42058	0.464899	0.0258587	-0.412111	-0.209532	0.886336	0.409887	0.413416	0.212147	0.784904	0.839179	0.199462	0.479235	0.162258	0.728503	0.0124747	-0.682419	-0.0585751	0.474725	0.53152	-0.621175	0.325981	0.217289	0.704095	-0.187561	0.649505	0.547621	0.491222	-0.565176	0.373346
0.513513	0.476183	-0.581241	0.414382	0.558126	0.46342	-0.512047	0.45994	0.733591	-0.268233	-0.419607	0.462412	0.0285542	-0.413922	-0.206507	0.88612	0.426042	0.398562	0.209012	0.784825	0.836108	0.196212	0.47866	0.182507	0.728503	0.0124747	-0.682419	-0.0585751	0.474725	0.53152	-0.621175	0.325981	0.215894	0.704262	-0.190448	0.648949	0.547779	0.49142	-0.563272	0.375724
0.517602	0.473145	-0.582787	0.410587	0.556996	0.458586	-0.517937	0.459561	0.737478	-0.272993	-0.417213	0.455559	0.0353637	-0.416235	-0.201876	0.885858	0.478321	0.351341	0.202114	0.779049	0.824752	0.208079	0.469267	0.237227	0.729402	0.00827756	-0.680997	-0.0643975	0.476568	0.530664	-0.621416	0.324225	0.212818	0.704844	-0.195322	0.647883	0.548779	0.491047	-0.559737	0.380012
0.517371	0.475694	-0.579347	0.412795	0.553241	0.450651	-0.524095	0.464934	0.740626	-0.276584	-0.41442	0.45081	0.0439317	-0.418355	-0.197905	0.885372	0.533721	0.304968	0.230899	0.754203	0.800462	0.229689	0.442177	0.333142	0.730672	0.0106365	-0.679755	-0.0627632	0.474171	0.533118	-0.621397	0.323749	0.210094	0.706128	-0.196707	0.646955	0.550015	0.490263	-0.556903	0.383385
0.516088	0.477419	-0.579773	0.41181	0.553118	0.442459	-0.529931	0.46633	0.740998	-0.279399	-0.414266	0.4486	0.0474092	-0.420812	-0.19539	0.884586	0.551263	0.293115	0.263282	0.735442	0.785389	0.236256	0.418533	0.3901	0.732345	0.013192	-0.678342	-0.0578796	0.471553	0.535238	-0.622299	0.32234	0.208427	0.707118	-0.196119	0.646591	0.551021	0.489439	-0.556198	0.384017
0.515285	0.472053	-0.588238	0.406969	0.556952	0.430026	-0.541071	0.460569	0.740384	-0.283681	-0.417544	0.443862	0.0502835	-0.426626	-0.192841	0.882198	0.591679	0.224926	0.217955	0.742846	0.764374	0.228537	0.39382	0.456518	0.733563	0.0112338	-0.677048	-0.0580155	0.471319	0.535687	-0.622798	0.320968	0.204484	0.709509	-0.197076	0.644937	0.552413	0.489005	-0.554447	0.385101
0.520941	0.464445	-0.591961	0.403105	0.563416	0.423297	-0.543408	0.456169	0.740751	-0.285936	-0.421983	0.437561	0.0528954	-0.431708	-0.1937	0.879381	0.561476	0.297283	0.251888	0.730014	0.774077	0.245583	0.431425	0.392893	0.735882	0.0064844	-0.674272	-0.0615774	0.47441	0.533988	-0.624304	0.316285	0.204586	0.708857	-0.204737	0.643233	0.55353	0.488783	-0.554348	0.383919
0.520867	0.464591	-0.591272	0.404042	0.564718	0.426512	-0.538867	0.456951	0.742392	-0.286782	-0.421666	0.434521	0.0555195	-0.432362	-0.193274	0.878991	0.53908	0.325704	0.259757	0.732009	0.781474	0.255337	0.457545	0.338753	0.736411	0.00443499	-0.673462	-0.0642542	0.476533	0.532689	-0.625013	0.313877	0.205558	0.708662	-0.207568	0.64223	0.553543	0.489321	-0.555039	0.382213
0.521429	0.463952	-0.591605	0.403563	0.569314	0.435409	-0.531124	0.451893	0.74624	-0.288592	-0.418947	0.429329	0.0626258	-0.432305	-0.19163	0.878902	0.483818	0.370701	0.251046	0.751982	0.801101	0.244176	0.490368	0.241154	0.73663	0.00315425	-0.672869	-0.0679271	0.478779	0.531591	-0.625319	0.311702	0.204863	0.709238	-0.208429	0.641537	0.552835	0.491155	-0.556223	0.379153
0.521322	0.463869	-0.592423	0.402597	0.572199	0.437962	-0.530457	0.446535	0.747449	-0.288685	-0.417891	0.428191	0.0649089	-0.431753	-0.19145	0.879047	0.451921	0.39097	0.247105	0.76279	0.809967	0.22374	0.500476	0.208367	0.736511	0.0057484	-0.673042	-0.0673281	0.478516	0.532615	-0.624308	0.312385	0.201758	0.710378	-0.207565	0.64154	0.552995	0.491267	-0.556711	0.378055
0.518927	0.465576	-0.593303	0.402424	0.573964	0.442077	-0.5288	0.442158	0.746907	-0.285207	-0.417731	0.43161	0.0627658	-0.428996	-0.193687	0.880062	0.403777	0.429628	0.25596	0.766073	0.813526	0.225416	0.512716	0.156479	0.73557	0.0138866	-0.674333	-0.0633926	0.475605	0.537851	-0.619975	0.316462	0.197519	0.71247	-0.20625	0.640963	0.553657	0.490793	-0.557124	0.377094
0.516258	0.469295	-0.591173	0.404665	0.570926	0.44729	-0.527345	0.442586	0.744273	-0.281009	-0.418748	0.437883	0.0572811	-0.426481	-0.196681	0.880993	0.388802	0.442489	0.244853	0.770119	0.815351	0.230174	0.514629	0.131835	0.734221	0.0216682	-0.676057	-0.0582824	0.472564	0.54131	-0.617523	0.319894	0.194966	0.713825	-0.205085	0.640611	0.554001	0.490218	-0.55656	0.378167
0.516177	0.471589	-0.589348	0.404765	0.568283	0.45085	-0.525487	0.444581	0.74087	-0.276507	-0.421903	0.443457	0.0511258	-0.425122	-0.201198	0.881009	0.38222	0.444251	0.242294	0.773203	0.819685	0.221558	0.513872	0.122332	0.73387	0.0246709	-0.676551	-0.0557176	0.471246	0.541678	-0.617525	0.321208	0.190702	0.715397	-0.202659	0.640913	0.553992	0.489603	-0.556045	0.379731
0.514992	0.47512	-0.585946	0.407077	0.565638	0.453821	-0.523425	0.447355	0.737743	-0.272264	-0.425425	0.447908	0.0454574	-0.424425	-0.205989	0.880548	0.381401	0.440752	0.247149	0.774072	0.822513	0.214855	0.513052	0.118687	0.733507	0.0282903	-0.677003	-0.0532368	0.470068	0.542939	-0.61654	0.322695	0.190018	0.715984	-0.200733	0.641066	0.553895	0.488909	-0.556484	0.380124
0.515285	0.476711	-0.583557	0.408275	0.563254	0.455486	-0.521493	0.450913	0.734934	-0.269799	-0.427955	0.451593	0.040455	-0.424038	-0.208877	0.880299	0.384413	0.436097	0.24856	0.774767	0.823918	0.211408	0.511681	0.121035	0.7332	0.0304792	-0.677374	-0.0515181	0.46894	0.543948	-0.615888	0.323881	0.189037	0.716055	-0.200446	0.641367	0.552975	0.48936	-0.555663	0.382078
0.51447	0.478736	-0.58109	0.410446	0.562491	0.456196	-0.52062	0.452155	0.733672	-0.268962	-0.428803	0.453336	0.0383471	-0.423921	-0.209636	0.880269	0.385838	0.434396	0.249405	0.774743	0.823847	0.210165	0.51172	0.123491	0.732859	0.0339325	-0.677763	-0.0490236	0.468893	0.543649	-0.616075	0.324094	0.188804	0.716109	-0.200275	0.641429	0.552539	0.489633	-0.555544	0.382532
0.51447	0.478736	-0.58109	0.410446	0.562012	0.456866	-0.519772	0.453049	0.732641	-0.268479	-0.429357	0.454762	0.0370088	-0.423737	-0.210069	0.880312	0.386573	0.433471	0.250492	0.774544	0.82381	0.209335	0.511537	0.12588	0.732859	0.0339325	-0.677763	-0.0490236	0.468893	0.543649	-0.616075	0.324094	0.18864	0.71618	-0.199383	0.641676	0.552539	0.489633	-0.555544	0.382532
0.512677	0.481016	-0.578716	0.413369	0.560903	0.458443	-0.51804	0.45481	0.73125	-0.267172	-0.429329	0.457787	0.0343663	-0.422451	-0.210442	0.880947	0.388767	0.432826	0.249008	0.774285	0.823865	0.210175	0.510467	0.128437	0.73263	0.0367005	-0.678031	-0.0466914	0.467481	0.545388	-0.615127	0.325012	0.186534	0.717138	-0.197538	0.641792	0.551835	0.490822	-0.554245	0.383908
0.512158	0.481484	-0.578397	0.413913	0.560915	0.458472	-0.517538	0.455338	0.73094	-0.267091	-0.429324	0.458334	0.0339401	-0.422188	-0.210495	0.881077	0.388901	0.433515	0.249135	0.773791	0.823527	0.210674	0.510762	0.128615	0.732665	0.0372166	-0.678008	-0.0460724	0.467202	0.545666	-0.615006	0.325174	0.186528	0.717195	-0.197262	0.641815	0.551841	0.491019	-0.554051	0.383927
0.510682	0.482634	-0.577402	0.415782	0.560895	0.45849	-0.517199	0.455729	0.730553	-0.266897	-0.429327	0.459061	0.0328983	-0.421695	-0.210653	0.881315	0.389508	0.434532	0.248731	0.773045	0.823361	0.212123	0.510516	0.12827	0.732698	0.0380983	-0.677949	-0.045678	0.467588	0.545664	-0.614879	0.324863	0.186226	0.717618	-0.19677	0.64158	0.551118	0.492414	-0.552839	0.384924
0.510307	0.482774	-0.576895	0.416783	0.560861	0.457978	-0.517368	0.456094	0.730027	-0.267359	-0.429397	0.459563	0.0322949	-0.421706	-0.210258	0.881426	0.390972	0.434697	0.248109	0.772412	0.823578	0.212215	0.510269	0.127714	0.732879	0.0387155	-0.677749	-0.0452184	0.467821	0.545799	-0.614691	0.324656	0.184909	0.718371	-0.19598	0.641361	0.550909	0.493285	-0.551909	0.385441
0.510082	0.482973	-0.576409	0.417498	0.560699	0.457721	-0.517355	0.456565	0.729375	-0.267388	-0.429837	0.46017	0.0320524	-0.422106	-0.210163	0.881266	0.392472	0.433338	0.247737	0.772535	0.824816	0.211634	0.508778	0.126626	0.733222	0.0388715	-0.677385	-0.0449972	0.468284	0.545671	-0.614564	0.324443	0.184792	0.718682	-0.196008	0.641037	0.550534	0.494248	-0.550883	0.386211
0.509861	0.483258	-0.575884	0.418164	0.560438	0.457584	-0.517342	0.457038	0.729032	-0.267483	-0.43018	0.460337	0.0314644	-0.422771	-0.210229	0.880953	0.393006	0.431844	0.247512	0.773172	0.825389	0.211306	0.508047	0.126376	0.733411	0.0387369	-0.67716	-0.0454044	0.469042	0.545416	-0.614374	0.324138	0.184827	0.718636	-0.19618	0.641026	0.549979	0.495431	-0.54989	0.386901
0.510091	0.483081	-0.575878	0.418097	0.559759	0.457192	-0.517414	0.458179	0.728282	-0.268171	-0.430866	0.460483	0.0311041	-0.423275	-0.210004	0.880778	0.393079	0.430799	0.247295	0.773787	0.826628	0.211037	0.50598	0.127023	0.733434	0.0390143	-0.677141	-0.0450868	0.468996	0.545621	-0.614141	0.324303	0.184212	0.719329	-0.19567	0.640582	0.549822	0.495855	-0.549568	0.387038
0.510739	0.482621	-0.575816	0.417921	0.559499	0.457052	-0.517582	0.458447	0.727896	-0.268592	-0.431095	0.460633	0.0304283	-0.42398	-0.2097	0.880534	0.393218	0.429217	0.24679	0.774756	0.827205	0.210642	0.50508	0.127498	0.733481	0.0390431	-0.677115	-0.0446889	0.469	0.545835	-0.61392	0.324354	0.18392	0.71965	-0.195543	0.640344	0.549838	0.496296	-0.549045	0.387193
0.510754	0.482815	-0.575387	0.418271	0.558726	0.457289	-0.517628	0.459101	0.727463	-0.268744	-0.431754	0.460612	0.0302754	-0.424284	-0.209905	0.880344	0.393057	0.428629	0.246576	0.775231	0.828169	0.210444	0.503328	0.128493	0.733531	0.0389579	-0.677071	-0.044595	0.469246	0.545684	-0.613954	0.324188	0.183985	0.719636	-0.195502	0.640353	0.549642	0.496695	-0.54868	0.387476
0.510265	0.483366	-0.574942	0.418843	0.557979	0.457601	-0.517584	0.459747	0.727081	-0.268938	-0.432124	0.460755	0.0300064	-0.42467	-0.209933	0.880161	0.392741	0.427971	0.245723	0.776026	0.828812	0.211217	0.50175	0.129251	0.733585	0.039076	-0.677038	-0.0441004	0.469047	0.545906	-0.613684	0.324613	0.183681	0.720025	-0.194915	0.640182	0.54912	0.497664	-0.547897	0.388082
0.510347	0.483491	-0.574559	0.419123	0.557588	0.457537	-0.517729	0.460121	0.726557	-0.269143	-0.432531	0.461079	0.0295746	-0.425127	-0.209778	0.879992	0.392312	0.428014	0.245164	0.776395	0.829304	0.211714	0.500648	0.12955	0.733606	0.0399187	-0.677041	-0.042951	0.468642	0.546515	-0.613142	0.325197	0.183304	0.720269	-0.19454	0.64013	0.548193	0.499044	-0.546644	0.389383
0.510138	0.48388	-0.574115	0.419537	0.557312	0.457729	-0.517673	0.460329	0.726035	-0.269538	-0.432787	0.461431	0.0289957	-0.425682	-0.209268	0.879864	0.392309	0.427885	0.244786	0.776587	0.829785	0.211898	0.499776	0.129533	0.73339	0.0395422	-0.677313	-0.0426957	0.468384	0.546515	-0.613193	0.325473	0.182905	0.720696	-0.193806	0.639986	0.547771	0.499646	-0.546029	0.390069
0.509996	0.48404	-0.573884	0.419841	0.557175	0.457803	-0.517832	0.460242	0.726035	-0.269538	-0.432787	0.461431	0.0287501	-0.4259	-0.209057	0.879817	0.392406	0.427836	0.24422	0.776743	0.829884	0.211793	0.499617	0.129686	0.733361	0.0397446	-0.677355	-0.0423335	0.468523	0.546244	-0.613352	0.325427	0.182987	0.720786	-0.193681	0.639899	0.547554	0.499892	-0.545686	0.390537
0.510226	0.483845	-0.573515	0.42029	0.556836	0.457886	-0.518059	0.460314	0.725545	-0.269307	-0.43306	0.46208	0.0287159	-0.426159	-0.209175	0.879665	0.39274	0.42795	0.243583	0.776712	0.829909	0.211608	0.499491	0.130313	0.733197	0.0400689	-0.677544	-0.0418384	0.468207	0.546585	-0.613021	0.325933	0.182789	0.720924	-0.193426	0.639878	0.547108	0.500455	-0.544926	0.391502
0.510226	0.483845	-0.573515	0.42029	0.556836	0.457886	-0.518059	0.460314	0.725545	-0.269307	-0.43306	0.46208	0.0287159	-0.426159	-0.209175	0.879665	0.39274	0.42795	0.243583	0.776712	0.829909	0.211608	0.499491	0.130313	0.733197	0.0400689	-0.677544	-0.0418384	0.468207	0.546585	-0.613021	0.325933	0.182789	0.720924	-0.193426	0.639878	0.547108	0.500455	-0.544926	0.391502
0.510032	0.483886	-0.573492	0.42051	0.556685	0.457916	-0.51817	0.460341	0.725394	-0.269275	-0.433289	0.46212	0.0287647	-0.426568	-0.209517	0.879383	0.393055	0.427689	0.243176	0.776824	0.830179	0.211213	0.499103	0.130719	0.73334	0.0405632	-0.677391	-0.0413389	0.468441	0.546349	-0.613017	0.326001	0.182479	0.721027	-0.19299	0.639982	0.546727	0.500905	-0.544426	0.392154
0.509904	0.483882	-0.57346	0.420714	0.556047	0.45812	-0.518625	0.460397	0.72519	-0.269327	-0.433628	0.462091	0.0285745	-0.426734	-0.209534	0.879305	0.393808	0.426722	0.242112	0.777306	0.830992	0.211175	0.497646	0.131171	0.733255	0.0405222	-0.677486	-0.0413314	0.468403	0.546361	-0.612945	0.326169	0.18295	0.720857	-0.193196	0.639977	0.546602	0.501003	-0.544167	0.392563
0.50988	0.483661	-0.573573	0.420843	0.555989	0.457957	-0.518715	0.460529	0.725063	-0.269335	-0.43392	0.462013	0.0286134	-0.427223	-0.209748	0.879015	0.394386	0.426321	0.241632	0.777383	0.831363	0.211072	0.496997	0.131445	0.733117	0.0406828	-0.677644	-0.041021	0.468246	0.546281	-0.612977	0.326469	0.182697	0.72095	-0.193239	0.639931	0.546803	0.500715	-0.544126	0.392705
0.509681	0.483646	-0.573626	0.421028	0.555714	0.457864	-0.519346	0.460243	0.724696	-0.269296	-0.434323	0.462233	0.0285486	-0.427572	-0.209521	0.878902	0.396447	0.425103	0.240048	0.777492	0.832336	0.211246	0.495221	0.131714	0.732824	0.0408937	-0.677967	-0.0407103	0.468196	0.546102	-0.61302	0.326759	0.182571	0.72112	-0.192666	0.639948	0.547967	0.499173	-0.545458	0.391195
0.509636	0.483576	-0.573561	0.421252	0.555663	0.45783	-0.519586	0.460066	0.724584	-0.269193	-0.43437	0.462424	0.0284172	-0.427489	-0.209548	0.87894	0.397148	0.424944	0.239597	0.777361	0.832592	0.211348	0.494723	0.131803	0.732778	0.0408548	-0.678016	-0.0407507	0.468245	0.545969	-0.613086	0.326788	0.182671	0.721018	-0.192927	0.639956	0.548507	0.49842	-0.545918	0.390756
0.509947	0.483289	-0.57346	0.421342	0.555749	0.457664	-0.519957	0.459707	0.724623	-0.269702	-0.434198	0.462227	0.0281974	-0.427606	-0.209061	0.879006	0.39809	0.424895	0.238508	0.77724	0.832784	0.212696	0.493898	0.131513	0.732547	0.0406242	-0.678279	-0.0407716	0.468098	0.545793	-0.613206	0.327066	0.182021	0.721101	-0.192673	0.640124	0.549451	0.496999	-0.546914	0.389848
0.509991	0.483142	-0.573183	0.421834	0.556167	0.457415	-0.520038	0.459359	0.724752	-0.27004	-0.433983	0.46203	0.0284171	-0.427772	-0.208618	0.879024	0.399054	0.424895	0.237636	0.777013	0.833098	0.212868	0.493256	0.131657	0.732358	0.041313	-0.678482	-0.0400901	0.467895	0.545793	-0.613098	0.32756	0.182413	0.720825	-0.192295	0.640437	0.550395	0.495545	-0.548145	0.388636
0.510551	0.482732	-0.57292	0.421984	0.556417	0.457288	-0.519727	0.459533	0.724948	-0.269992	-0.433861	0.461866	0.0288378	-0.427828	-0.208634	0.878979	0.399054	0.424895	0.237636	0.777013	0.833114	0.213549	0.492913	0.131739	0.732366	0.0409996	-0.678464	-0.0405568	0.467972	0.545601	-0.613148	0.327675	0.182406	0.720791	-0.192554	0.640399	0.550395	0.495545	-0.548145	0.388636
0.511586	0.482071	-0.572455	0.422117	0.557214	0.45672	-0.519345	0.459565	0.725082	-0.26966	-0.433644	0.462053	0.0293233	-0.427615	-0.208598	0.879075	0.400337	0.425022	0.236594	0.776601	0.83318	0.21435	0.492453	0.131736	0.732269	0.0408917	-0.678582	-0.0404537	0.467866	0.545452	-0.61334	0.327716	0.182506	0.720619	-0.192678	0.640527	0.551179	0.494171	-0.549188	0.387799
0.511754	0.481713	-0.572368	0.422438	0.557403	0.456562	-0.519409	0.45942	0.725095	-0.269639	-0.433398	0.462276	0.0291805	-0.427472	-0.208318	0.879216	0.400728	0.42491	0.236448	0.776506	0.833256	0.214728	0.492184	0.13165	0.732145	0.0403881	-0.678733	-0.0406574	0.467676	0.545177	-0.613668	0.32783	0.182886	0.72043	-0.192877	0.640572	0.551572	0.493625	-0.549651	0.387281
0.511325	0.481828	-0.572485	0.422669	0.558155	0.455945	-0.519024	0.459555	0.725094	-0.269514	-0.433168	0.462566	0.0289358	-0.427137	-0.208164	0.879423	0.401995	0.424784	0.236053	0.77604	0.833258	0.21518	0.491972	0.13169	0.732119	0.0402649	-0.67876	-0.0408043	0.467689	0.545142	-0.613685	0.327837	0.182799	0.72033	-0.193288	0.640585	0.552124	0.49289	-0.549849	0.38715
0.511326	0.481592	-0.572351	0.423118	0.558512	0.455665	-0.518994	0.459433	0.724881	-0.270102	-0.432826	0.462875	0.0289157	-0.427102	-0.20746	0.879607	0.403512	0.424643	0.235855	0.775389	0.833278	0.215111	0.492026	0.131478	0.731944	0.0404678	-0.678968	-0.0402927	0.467362	0.545278	-0.613702	0.328047	0.182651	0.720303	-0.192883	0.64078	0.552146	0.492711	-0.54999	0.387145
0.511122	0.481587	-0.572472	0.423207	0.558431	0.455689	-0.519272	0.459193	0.724801	-0.27043	-0.432665	0.46296	0.0285178	-0.427178	-0.206911	0.879712	0.404422	0.424319	0.235434	0.775221	0.833477	0.215219	0.491713	0.131207	0.731893	0.0405721	-0.679045	-0.0398126	0.467079	0.545395	-0.613659	0.328336	0.182981	0.720208	-0.192721	0.640841	0.552288	0.492481	-0.550137	0.387027
0.510946	0.48158	-0.572521	0.423361	0.558509	0.455231	-0.519709	0.459059	0.724626	-0.270943	-0.432677	0.462923	0.0287064	-0.427806	-0.206102	0.879591	0.406719	0.423582	0.234448	0.774721	0.833847	0.215126	0.491262	0.130696	0.731825	0.0395658	-0.679176	-0.0398362	0.467162	0.545026	-0.61394	0.328304	0.182562	0.720411	-0.192566	0.640779	0.551648	0.493047	-0.549586	0.388001
0.510946	0.48158	-0.572521	0.423361	0.558509	0.455231	-0.519709	0.459059	0.724581	-0.271294	-0.432746	0.462724	0.0287064	-0.427806	-0.206102	0.879591	0.406719	0.423582	0.234448	0.774721	0.834047	0.215109	0.491011	0.130391	0.731825	0.0395658	-0.679176	-0.0398362	0.467162	0.545026	-0.61394	0.328304	0.182805	0.720199	-0.192359	0.64101	0.551648	0.493047	-0.549586	0.388001
0.51094	0.481523	-0.572776	0.423088	0.558568	0.45512	-0.519834	0.458955	0.724585	-0.271458	-0.43274	0.462627	0.0288248	-0.427905	-0.205845	0.879599	0.407353	0.423226	0.234487	0.77457	0.83422	0.215412	0.490687	0.130003	0.731735	0.0395218	-0.679307	-0.0392943	0.466793	0.545126	-0.613929	0.328685	0.183616	0.719948	-0.192671	0.640967	0.551399	0.493315	-0.549436	0.388226
0.511482	0.480906	-0.573004	0.422825	0.558605	0.455029	-0.520034	0.458773	0.724762	-0.271512	-0.432631	0.462419	0.0287685	-0.427871	-0.205646	0.879664	0.408283	0.423057	0.233855	0.774364	0.834292	0.215325	0.490693	0.129664	0.731667	0.0394966	-0.679392	-0.0391291	0.466828	0.544994	-0.613997	0.328727	0.18399	0.719815	-0.193108	0.640877	0.550298	0.494614	-0.548322	0.389708
0.511538	0.480792	-0.572875	0.423062	0.558844	0.454924	-0.519969	0.458661	0.724861	-0.271445	-0.432777	0.462167	0.0290956	-0.427881	-0.205909	0.879587	0.408276	0.423736	0.234127	0.773914	0.833807	0.215948	0.491282	0.129517	0.731539	0.0389164	-0.679533	-0.0396314	0.467118	0.544666	-0.614079	0.328704	0.183972	0.719757	-0.192884	0.641015	0.549626	0.49542	-0.547672	0.390546
0.512022	0.480189	-0.573183	0.422745	0.55928	0.454653	-0.519751	0.458645	0.724989	-0.271471	-0.432482	0.462227	0.0293038	-0.427745	-0.205598	0.879719	0.407775	0.424749	0.234543	0.773497	0.833021	0.216303	0.49253	0.129244	0.7315	0.0388322	-0.679579	-0.0396545	0.467357	0.544338	-0.61422	0.328645	0.183977	0.719862	-0.19324	0.640788	0.549506	0.495596	-0.547439	0.390819
0.512756	0.479416	-0.573348	0.422509	0.559963	0.454464	-0.519515	0.458267	0.725047	-0.271867	-0.431996	0.462357	0.0294474	-0.427545	-0.205022	0.879945	0.406941	0.425942	0.235253	0.773064	0.832221	0.216348	0.493976	0.128795	0.731436	0.0380275	-0.679657	-0.0402622	0.46759	0.544083	-0.614393	0.328411	0.184222	0.719559	-0.193559	0.640962	0.549601	0.495537	-0.547501	0.390673
0.513205	0.479006	-0.573423	0.422326	0.56047	0.454297	-0.519539	0.457785	0.725343	-0.271978	-0.4315	0.462292	0.0294908	-0.427157	-0.204662	0.880216	0.406186	0.427061	0.235853	0.772661	0.83135	0.21611	0.495664	0.128341	0.731443	0.0379315	-0.679661	-0.0401576	0.467599	0.543988	-0.614506	0.328346	0.184432	0.719502	-0.193603	0.640952	0.549623	0.4956	-0.547533	0.390516
0.513546	0.478796	-0.572843	0.422938	0.560462	0.45443	-0.519685	0.457497	0.725604	-0.271763	-0.43137	0.462129	0.0300522	-0.427053	-0.204759	0.880225	0.405981	0.427621	0.235678	0.772512	0.831125	0.215863	0.496292	0.127779	0.731305	0.038051	-0.679818	-0.0399048	0.467383	0.544139	-0.61439	0.328618	0.184063	0.71975	-0.193241	0.640889	0.549543	0.495897	-0.547346	0.390513
0.513707	0.4788	-0.572585	0.423086	0.560374	0.454483	-0.519566	0.457688	0.72569	-0.271768	-0.431444	0.461923	0.0304899	-0.427424	-0.204867	0.880005	0.4065	0.427489	0.23554	0.772355	0.831299	0.215892	0.496077	0.127434	0.731351	0.0385103	-0.679769	-0.0394562	0.467231	0.544498	-0.614056	0.328864	0.184028	0.719816	-0.193138	0.640856	0.549453	0.496193	-0.547135	0.39056
0.513847	0.478691	-0.572541	0.423099	0.560236	0.454544	-0.519556	0.457807	0.725646	-0.271891	-0.431653	0.461724	0.0305849	-0.427644	-0.204847	0.879899	0.406692	0.427319	0.235525	0.772352	0.831433	0.215751	0.495945	0.127314	0.731329	0.0386205	-0.679788	-0.0394245	0.467332	0.544471	-0.614014	0.328846	0.184027	0.719927	-0.193101	0.640743	0.549524	0.496177	-0.547079	0.39056
