FULLBODY	1																																						
Frames:	116																																						
0.423103	0.561423	-0.471105	0.532774	0.4736	0.509893	-0.414613	0.586351	0.732869	0.224343	-0.580688	0.274544	0.680591	0.093018	-0.675824	0.267218	0.0390353	0.637023	-0.00215451	0.769853	0.268582	0.661627	-0.0121762	0.699975	0.709275	0.122776	-0.683128	0.123251	0.433363	0.596912	-0.467108	0.487548	0.0491645	0.733808	-0.106093	0.669218	0.434541	0.588943	-0.52165	0.438407
0.419335	0.563724	-0.472089	0.532452	0.472179	0.509922	-0.412727	0.588798	0.731295	0.227584	-0.582849	0.271478	0.679485	0.0964735	-0.677515	0.264511	0.0328711	0.638373	-0.00193159	0.769023	0.26212	0.662775	-0.0118106	0.701343	0.709743	0.123849	-0.68239	0.123575	0.432457	0.598219	-0.464643	0.489103	0.0486771	0.734374	-0.102757	0.669154	0.435797	0.589346	-0.521231	0.437117
0.41948	0.563484	-0.471653	0.532978	0.471831	0.510328	-0.413218	0.588381	0.73139	0.227549	-0.582721	0.271526	0.679443	0.0964267	-0.677416	0.26489	0.0328274	0.638216	-0.00238686	0.769153	0.262309	0.662658	-0.0122292	0.701376	0.709689	0.123943	-0.68241	0.123678	0.432401	0.598225	-0.464759	0.489035	0.0487624	0.734401	-0.102836	0.669106	0.43584	0.58931	-0.521343	0.436989
0.419545	0.563444	-0.471629	0.53299	0.471822	0.510338	-0.413454	0.588213	0.731273	0.22767	-0.58275	0.271677	0.679447	0.0963893	-0.677355	0.26505	0.0328388	0.638197	-0.00264086	0.769168	0.262368	0.662583	-0.0124393	0.701421	0.709661	0.123918	-0.682448	0.123653	0.432399	0.598233	-0.464778	0.489009	0.04867	0.734464	-0.102943	0.669027	0.435838	0.589293	-0.521333	0.437026
0.419587	0.56343	-0.471533	0.533057	0.47181	0.510347	-0.41374	0.588014	0.731251	0.227616	-0.582775	0.271728	0.679435	0.0963562	-0.677312	0.265203	0.0328479	0.638138	-0.00284416	0.769216	0.262469	0.662457	-0.0127077	0.701498	0.709696	0.123984	-0.682404	0.12363	0.432442	0.598181	-0.464773	0.48904	0.0486118	0.734419	-0.102875	0.66909	0.435864	0.589273	-0.52138	0.436969
0.419341	0.563573	-0.471512	0.533119	0.471699	0.510496	-0.414193	0.587654	0.731305	0.227648	-0.582882	0.271327	0.679259	0.0963997	-0.677538	0.265061	0.0330559	0.638064	-0.00348116	0.769266	0.262708	0.662359	-0.0133642	0.701489	0.709703	0.124072	-0.682397	0.123543	0.432509	0.59811	-0.464728	0.489109	0.0485546	0.734326	-0.102839	0.669202	0.435977	0.589151	-0.52148	0.436902
0.419259	0.563714	-0.471773	0.532803	0.471593	0.510578	-0.414469	0.587474	0.731078	0.228483	-0.582905	0.271185	0.679167	0.0972298	-0.677612	0.264803	0.0330079	0.638171	-0.00400736	0.769177	0.262696	0.662487	-0.0135967	0.701368	0.709701	0.12403	-0.682425	0.123442	0.432506	0.598122	-0.464634	0.489187	0.0484887	0.734351	-0.103109	0.669138	0.435974	0.589108	-0.521396	0.437063
0.418955	0.564008	-0.471691	0.532803	0.471457	0.510773	-0.414727	0.587232	0.731048	0.229074	-0.583025	0.27051	0.679123	0.0978759	-0.677845	0.26408	0.0326416	0.638363	-0.00427559	0.769031	0.262543	0.662684	-0.0137034	0.701237	0.709685	0.124134	-0.682407	0.123523	0.432401	0.598181	-0.464625	0.489216	0.0484114	0.734251	-0.102852	0.669293	0.436039	0.589042	-0.521539	0.436917
0.418927	0.564028	-0.471519	0.532957	0.471304	0.510981	-0.415042	0.58695	0.731091	0.229703	-0.583109	0.269678	0.679126	0.0986239	-0.678037	0.263299	0.0321996	0.638536	-0.00462348	0.768904	0.262061	0.662933	-0.0137001	0.701182	0.709688	0.124205	-0.682406	0.123443	0.432333	0.598243	-0.4646	0.489225	0.0482615	0.734327	-0.102863	0.669219	0.435887	0.589133	-0.521448	0.437054
0.419013	0.563941	-0.471365	0.533117	0.471202	0.511109	-0.415113	0.586871	0.731056	0.230152	-0.583098	0.269415	0.679176	0.0991335	-0.678041	0.262971	0.0317414	0.638668	-0.00461271	0.768813	0.261567	0.663084	-0.013558	0.701226	0.709595	0.124532	-0.682402	0.123671	0.432116	0.598391	-0.464414	0.489411	0.0481837	0.734299	-0.102805	0.669264	0.435849	0.589177	-0.521517	0.436951
0.41902	0.563899	-0.471134	0.53336	0.471063	0.511383	-0.415331	0.586589	0.731107	0.23046	-0.583083	0.269044	0.679281	0.0998539	-0.678135	0.262181	0.031117	0.638841	-0.00500206	0.768693	0.260781	0.663233	-0.0138081	0.701373	0.709446	0.124851	-0.682488	0.123726	0.431874	0.598576	-0.464273	0.489533	0.0481691	0.734209	-0.102707	0.669379	0.4358	0.589213	-0.521676	0.436761
0.41907	0.563845	-0.471157	0.533358	0.470969	0.511511	-0.415555	0.586395	0.731271	0.230983	-0.583094	0.268124	0.679456	0.100326	-0.678197	0.261387	0.0299617	0.638937	-0.00502961	0.768659	0.260263	0.663299	-0.013823	0.701503	0.709393	0.124787	-0.68258	0.123589	0.431689	0.598695	-0.464322	0.489504	0.0481135	0.7343	-0.102876	0.669257	0.435679	0.589244	-0.521648	0.436875
0.419083	0.563728	-0.470685	0.533888	0.470581	0.51221	-0.415813	0.585913	0.731479	0.231682	-0.583032	0.267086	0.67971	0.100792	-0.678136	0.260707	0.0291473	0.639	-0.00548671	0.768635	0.258443	0.663542	-0.0140563	0.701942	0.709355	0.125167	-0.682494	0.1239	0.431402	0.598872	-0.464195	0.489661	0.0478265	0.734135	-0.102663	0.669491	0.435653	0.589287	-0.521834	0.43662
0.418989	0.563773	-0.47062	0.533972	0.470503	0.512416	-0.415782	0.585818	0.73151	0.23189	-0.582962	0.266975	0.679804	0.100966	-0.678094	0.260501	0.0289467	0.639056	-0.0056255	0.768595	0.257952	0.663556	-0.0143853	0.702102	0.709336	0.125215	-0.682547	0.123667	0.431408	0.598847	-0.464097	0.489779	0.0476332	0.73414	-0.102722	0.66949	0.435603	0.589317	-0.521821	0.436646
0.419199	0.563591	-0.470654	0.533968	0.470478	0.512532	-0.415779	0.585738	0.731517	0.232136	-0.582801	0.267095	0.67978	0.10099	-0.678069	0.260621	0.0288704	0.639126	-0.00568599	0.768539	0.257496	0.663527	-0.014668	0.702291	0.70933	0.125256	-0.682596	0.123386	0.431547	0.598678	-0.464097	0.489863	0.0475911	0.734116	-0.102992	0.669479	0.435527	0.589336	-0.521756	0.436772
0.419673	0.563076	-0.470909	0.533915	0.470595	0.512496	-0.415879	0.585604	0.731688	0.232293	-0.582383	0.267399	0.67936	0.100551	-0.678315	0.261243	0.0288797	0.639124	-0.00565773	0.768541	0.257284	0.663561	-0.0149289	0.702331	0.709405	0.125318	-0.682582	0.122972	0.431705	0.598563	-0.463934	0.490019	0.0477624	0.734067	-0.103389	0.669458	0.435652	0.589247	-0.521969	0.436513
0.419746	0.56298	-0.471067	0.533819	0.470871	0.512615	-0.416397	0.58491	0.733005	0.230754	-0.581464	0.267125	0.676744	0.0972072	-0.68029	0.264147	0.0304845	0.638174	-0.00709913	0.769256	0.258383	0.664024	-0.0160233	0.701466	0.709373	0.125275	-0.682626	0.122953	0.431815	0.598493	-0.463962	0.489981	0.0481003	0.733872	-0.1037	0.669601	0.435688	0.589242	-0.522065	0.436368
0.420135	0.56257	-0.471435	0.53362	0.471538	0.512878	-0.417359	0.583455	0.73365	0.229392	-0.580675	0.268241	0.673736	0.0874395	-0.682961	0.268324	0.0353296	0.637215	-0.0109509	0.769798	0.260279	0.662868	-0.01307	0.701919	0.709215	0.125406	-0.682668	0.123496	0.431649	0.598576	-0.464023	0.489967	0.0480254	0.73385	-0.103542	0.669654	0.435638	0.589312	-0.521921	0.436496
0.420284	0.56238	-0.471373	0.533757	0.471915	0.512982	-0.417776	0.58276	0.734588	0.227513	-0.580298	0.268093	0.671192	0.0799099	-0.68498	0.27188	0.03646	0.636323	-0.0103803	0.770491	0.261341	0.662016	-0.00754723	0.70241	0.709247	0.125058	-0.682705	0.123464	0.431519	0.598654	-0.464004	0.490005	0.0478627	0.733695	-0.103179	0.669892	0.43552	0.589387	-0.52181	0.436646
0.420458	0.562265	-0.471394	0.533723	0.47229	0.513075	-0.418089	0.582149	0.735755	0.225119	-0.57964	0.268336	0.668391	0.0711421	-0.686635	0.276992	0.0382807	0.633622	-0.00865001	0.772647	0.265649	0.660179	-0.00358664	0.702553	0.709252	0.124842	-0.682721	0.123562	0.431485	0.598616	-0.463998	0.490087	0.0477205	0.73351	-0.102697	0.670178	0.435504	0.589362	-0.521855	0.436642
0.420829	0.562028	-0.471349	0.533721	0.47239	0.513696	-0.418295	0.581372	0.737441	0.220593	-0.578096	0.270783	0.661199	0.0481744	-0.689803	0.290975	0.0465891	0.626094	-0.00678658	0.778325	0.280724	0.653499	0.00990206	0.702877	0.709115	0.125138	-0.682712	0.1241	0.431454	0.598482	-0.463643	0.490614	0.0476884	0.732888	-0.101881	0.670985	0.435344	0.589352	-0.521699	0.437
0.421861	0.561292	-0.471165	0.533843	0.472638	0.513733	-0.418524	0.580973	0.738803	0.216869	-0.576682	0.273085	0.656656	0.0358806	-0.690663	0.300831	0.05049	0.621491	-0.00311644	0.781786	0.290268	0.649714	0.0204284	0.702281	0.709045	0.125008	-0.682758	0.124377	0.431378	0.598307	-0.463095	0.49141	0.0470634	0.732771	-0.101094	0.671276	0.434931	0.58951	-0.521066	0.437954
0.422985	0.560627	-0.47096	0.533833	0.473021	0.514103	-0.419356	0.579732	0.745022	0.197735	-0.571395	0.281691	0.639892	-0.008786	-0.688445	0.341327	0.0657617	0.603105	0.0155845	0.794794	0.331403	0.631378	0.0603183	0.698495	0.708987	0.124511	-0.682833	0.124794	0.431475	0.597934	-0.462729	0.492123	0.0473666	0.732139	-0.100121	0.67209	0.435184	0.589194	-0.521088	0.4381
0.424246	0.559754	-0.470777	0.533909	0.473889	0.513996	-0.419937	0.578697	0.749355	0.180145	-0.567222	0.290298	0.625169	-0.0439545	-0.683552	0.374151	0.0802137	0.589595	0.0323015	0.803057	0.365362	0.614915	0.0918552	0.692787	0.709108	0.123108	-0.683027	0.124438	0.431774	0.597415	-0.462454	0.49275	0.0479279	0.73198	-0.0998752	0.67226	0.435727	0.588685	-0.521155	0.438166
0.425439	0.558701	-0.470482	0.534324	0.475185	0.513859	-0.420433	0.577394	0.75346	0.160145	-0.562213	0.300944	0.606927	-0.0806575	-0.674447	0.412621	0.0959187	0.576331	0.0519357	0.809904	0.4025	0.595657	0.126356	0.683536	0.709195	0.122081	-0.683135	0.124355	0.432279	0.596819	-0.462176	0.49329	0.0490804	0.731824	-0.100413	0.672267	0.436464	0.588068	-0.521264	0.438131
0.426137	0.558115	-0.470536	0.534332	0.476051	0.513545	-0.420712	0.576757	0.755347	0.149664	-0.559678	0.306288	0.583886	-0.119068	-0.662329	0.454115	0.103761	0.569624	0.0624603	0.812934	0.42212	0.585256	0.143423	0.677288	0.709292	0.121345	-0.683206	0.124138	0.432952	0.59615	-0.461977	0.493694	0.0495621	0.731771	-0.100655	0.672253	0.436782	0.587818	-0.521285	0.438125
0.427236	0.557112	-0.470752	0.534311	0.477811	0.512926	-0.421617	0.575189	0.758862	0.127319	-0.555069	0.315938	0.570607	-0.138412	-0.655351	0.475147	0.120872	0.556616	0.0818824	0.817841	0.461176	0.562917	0.178157	0.662346	0.710015	0.118945	-0.683089	0.122967	0.433732	0.595489	-0.462357	0.493453	0.0511986	0.731576	-0.101593	0.672201	0.437555	0.587364	-0.521594	0.437594
0.428484	0.555427	-0.471604	0.534315	0.479355	0.512902	-0.422744	0.573095	0.760836	0.10743	-0.548925	0.329042	0.541969	-0.174877	-0.638717	0.517425	0.136931	0.545201	0.101044	0.820851	0.499158	0.539914	0.214078	0.643044	0.711841	0.11335	-0.682721	0.11969	0.435953	0.593956	-0.462995	0.492745	0.053161	0.731733	-0.102182	0.671789	0.43813	0.587367	-0.521792	0.436778
0.428888	0.554853	-0.47245	0.533839	0.481015	0.512668	-0.423545	0.571319	0.760657	0.0890289	-0.545031	0.341197	0.510059	-0.208945	-0.620502	0.557817	0.152085	0.53393	0.118225	0.823293	0.537825	0.514619	0.248674	0.619736	0.712535	0.111575	-0.682491	0.118537	0.436937	0.593299	-0.463413	0.492271	0.0552001	0.731807	-0.102923	0.67143	0.439059	0.58728	-0.522028	0.435679
0.428113	0.554919	-0.473429	0.533525	0.481582	0.51295	-0.423898	0.570326	0.761594	0.0789345	-0.542592	0.345453	0.492769	-0.225401	-0.610195	0.577958	0.160218	0.527569	0.124495	0.824925	0.537825	0.514619	0.248674	0.619736	0.714813	0.107626	-0.681112	0.116389	0.438864	0.592058	-0.463949	0.491546	0.0566519	0.732022	-0.103669	0.67096	0.439424	0.587552	-0.521894	0.435104
0.428113	0.554919	-0.473429	0.533525	0.482903	0.514067	-0.424477	0.567766	0.762703	0.0562874	-0.538922	0.353099	0.45497	-0.258403	-0.590237	0.614695	0.176071	0.514938	0.136249	0.827813	0.596225	0.474195	0.296266	0.576091	0.714813	0.107626	-0.681112	0.116389	0.438864	0.592058	-0.463949	0.491546	0.0588591	0.732244	-0.101761	0.67082	0.439943	0.588959	-0.52259	0.43183
0.424686	0.55866	-0.473518	0.53228	0.484655	0.51541	-0.425277	0.564448	0.762189	0.0368726	-0.533379	0.364986	0.416616	-0.287494	-0.563602	0.652787	0.191114	0.501263	0.148237	0.830805	0.634508	0.445241	0.32479	0.541914	0.721156	0.0962875	-0.677214	0.109745	0.445902	0.58773	-0.467104	0.4874	0.0612035	0.731659	-0.0998391	0.671537	0.440809	0.591364	-0.526974	0.422227
0.42387	0.561625	-0.474564	0.528868	0.485381	0.518622	-0.428174	0.558662	0.762124	0.0160025	-0.526444	0.37652	0.37629	-0.312633	-0.533124	0.69025	0.208974	0.488258	0.157405	0.832561	0.671505	0.415057	0.348715	0.50518	0.724669	0.0845011	-0.676025	0.103466	0.451177	0.585877	-0.467471	0.484416	0.0716584	0.730843	-0.0872797	0.673139	0.447446	0.58996	-0.534698	0.407231
0.429607	0.55994	-0.47952	0.521503	0.48711	0.520417	-0.433375	0.551431	0.761532	-0.00550997	-0.517861	0.389689	0.335167	-0.334856	-0.50092	0.724302	0.229759	0.475805	0.163745	0.833071	0.689284	0.399726	0.359077	0.485974	0.725911	0.0797679	-0.675202	0.103885	0.458474	0.583154	-0.466856	0.481434	0.075702	0.731974	-0.0868001	0.671527	0.460322	0.584442	-0.541445	0.391623
0.434191	0.557875	-0.482641	0.517022	0.488654	0.52058	-0.436262	0.547621	0.761002	-0.0168327	-0.513776	0.395762	0.31501	-0.344962	-0.483836	0.740049	0.240894	0.470611	0.166614	0.832307	0.721281	0.372686	0.377337	0.445507	0.726023	0.0771908	-0.67529	0.104482	0.46243	0.581709	-0.466374	0.479863	0.0811057	0.734102	-0.0878943	0.668424	0.465926	0.58263	-0.542009	0.386888
0.444806	0.553971	-0.490498	0.504653	0.492486	0.520447	-0.442789	0.539009	0.760469	-0.0402733	-0.504298	0.407123	0.275043	-0.362587	-0.450202	0.768245	0.262129	0.460966	0.170577	0.830483	0.749827	0.346937	0.393163	0.403506	0.726422	0.0682004	-0.675501	0.106571	0.470224	0.57863	-0.465166	0.477176	0.0803463	0.733923	-0.0867312	0.668865	0.478392	0.57754	-0.542012	0.379224
0.450737	0.551926	-0.495447	0.496735	0.494552	0.520125	-0.446599	0.534264	0.759505	-0.0514331	-0.499775	0.413198	0.256416	-0.37002	-0.433746	0.780513	0.273219	0.456858	0.172465	0.828787	0.761919	0.336547	0.400622	0.38173	0.727892	0.060115	-0.674879	0.105347	0.474221	0.576518	-0.463929	0.476981	0.0833466	0.73459	-0.0862753	0.667823	0.482622	0.576422	-0.539948	0.378511
0.466081	0.544403	-0.50515	0.480852	0.499316	0.518813	-0.454412	0.52443	0.756342	-0.0709498	-0.49088	0.426555	0.220048	-0.382281	-0.402098	0.802345	0.29456	0.447348	0.174254	0.826287	0.784177	0.313584	0.412215	0.341775	0.733234	0.0380094	-0.67201	0.0965722	0.479404	0.575052	-0.46206	0.475381	0.0894601	0.736405	-0.0907699	0.664428	0.491436	0.57294	-0.536869	0.376831
0.471065	0.541775	-0.508886	0.474988	0.501991	0.518133	-0.457665	0.519698	0.754405	-0.0800047	-0.487319	0.432426	0.202286	-0.38731	-0.389377	0.810837	0.303887	0.442407	0.17629	0.825137	0.79359	0.302178	0.417017	0.324037	0.736375	0.0281517	-0.669754	0.091592	0.482497	0.573151	-0.466627	0.470056	0.0920054	0.737677	-0.0932658	0.662321	0.495648	0.570855	-0.535814	0.375981
0.471065	0.541775	-0.508886	0.474988	0.504227	0.517977	-0.460412	0.515243	0.754405	-0.0800047	-0.487319	0.432426	0.202286	-0.38731	-0.389377	0.810837	0.303887	0.442407	0.17629	0.825137	0.79359	0.302178	0.417017	0.324037	0.736375	0.0281517	-0.669754	0.091592	0.4848	0.571304	-0.476468	0.459955	0.0937572	0.7391	-0.0954137	0.660179	0.495648	0.570855	-0.535814	0.375981
0.47703	0.539272	-0.513238	0.467136	0.508567	0.517961	-0.463211	0.508441	0.748809	-0.0996261	-0.476751	0.449519	0.154193	-0.395499	-0.357814	0.831729	0.324857	0.432971	0.187677	0.819622	0.813286	0.273247	0.432804	0.276735	0.741861	0.00983354	-0.666341	0.0743971	0.481251	0.574861	-0.49615	0.437912	0.0962575	0.741466	-0.100234	0.656441	0.506536	0.56456	-0.532462	0.375736
0.479792	0.538377	-0.516109	0.462148	0.512804	0.516424	-0.46339	0.505577	0.747623	-0.106288	-0.472354	0.454581	0.12695	-0.395491	-0.339615	0.843879	0.335998	0.428575	0.195395	0.815628	0.821591	0.25606	0.442905	0.251509	0.745873	0.0120627	-0.663364	0.0589591	0.473602	0.582052	-0.511696	0.418429	0.0958632	0.742597	-0.101717	0.654991	0.511148	0.561743	-0.529974	0.377227
0.482011	0.537517	-0.518317	0.458354	0.514373	0.51559	-0.463596	0.504644	0.745751	-0.122699	-0.462379	0.463688	0.113971	-0.39499	-0.330396	0.849607	0.340557	0.426463	0.199342	0.813887	0.824892	0.248836	0.447131	0.240223	0.748196	0.0154475	-0.661305	0.051373	0.469578	0.586302	-0.519109	0.407765	0.101436	0.743283	-0.107951	0.652371	0.513261	0.560356	-0.529533	0.37704
0.484498	0.53618	-0.520736	0.454541	0.515575	0.514831	-0.464256	0.503584	0.745751	-0.122699	-0.462379	0.463688	0.101682	-0.394143	-0.321474	0.854966	0.344182	0.424017	0.202724	0.812804	0.828079	0.242329	0.450369	0.229627	0.749797	0.0191526	-0.659923	0.0440312	0.465571	0.590045	-0.526994	0.396696	0.101436	0.743283	-0.107951	0.652371	0.514872	0.559411	-0.52892	0.377107
0.486091	0.535077	-0.522986	0.451546	0.516631	0.514027	-0.465121	0.502524	0.743133	-0.139605	-0.452753	0.472524	0.0904264	-0.393056	-0.313384	0.859721	0.347399	0.421415	0.205651	0.812054	0.831064	0.23582	0.452822	0.220622	0.75127	0.0217267	-0.658709	0.0349768	0.461886	0.59285	-0.535801	0.384848	0.107816	0.74326	-0.113697	0.650395	0.516505	0.558187	-0.528644	0.377075
0.487419	0.533276	-0.526957	0.447611	0.519335	0.511747	-0.466054	0.501198	0.739643	-0.156869	-0.444879	0.480003	0.0699516	-0.392553	-0.297461	0.867482	0.354566	0.415872	0.210205	0.810646	0.835858	0.223402	0.456699	0.207026	0.755196	0.0240454	-0.65494	0.0123892	0.456666	0.595533	-0.55437	0.359821	0.113324	0.743831	-0.119135	0.647827	0.519949	0.554881	-0.528848	0.376934
0.48854	0.530865	-0.532652	0.442485	0.521829	0.509527	-0.466304	0.500636	0.735936	-0.172379	-0.438041	0.486625	0.0514005	-0.391897	-0.283825	0.873624	0.361207	0.410662	0.215848	0.808886	0.839754	0.21514	0.458596	0.195492	0.757998	0.0274081	-0.651636	-0.00757586	0.454868	0.593097	-0.574193	0.334116	0.123195	0.74232	-0.12683	0.646296	0.523908	0.550442	-0.530115	0.376181
0.492106	0.525725	-0.537778	0.438452	0.524309	0.50665	-0.467968	0.499412	0.734211	-0.179657	-0.43522	0.489123	0.0361038	-0.392502	-0.270986	0.878183	0.367136	0.405756	0.218861	0.807882	0.843201	0.206947	0.460546	0.184613	0.758389	0.031886	-0.650602	-0.0233526	0.452397	0.59023	-0.590016	0.314399	0.128547	0.740751	-0.130764	0.64627	0.527575	0.545691	-0.532384	0.374771
0.492077	0.521988	-0.5431	0.436384	0.527019	0.50344	-0.470405	0.497512	0.730807	-0.193163	-0.431035	0.492765	0.0242022	-0.393988	-0.26063	0.881056	0.371833	0.401594	0.222046	0.806944	0.847227	0.199993	0.460935	0.17248	0.757728	0.0352497	-0.650958	-0.029318	0.454642	0.584618	-0.600255	0.30202	0.142912	0.736209	-0.137549	0.647034	0.529248	0.542528	-0.533232	0.375796
0.490862	0.520612	-0.546231	0.435488	0.528374	0.501692	-0.47184	0.496481	0.728429	-0.204915	-0.428488	0.493761	0.0199782	-0.395291	-0.255994	0.881937	0.374119	0.399766	0.222696	0.806615	0.849056	0.196415	0.461352	0.166372	0.754744	0.0405282	-0.653572	-0.03953	0.458633	0.58014	-0.603002	0.299136	0.146361	0.734467	-0.138211	0.648101	0.529401	0.541377	-0.5333	0.377142
0.490169	0.513526	-0.555615	0.432802	0.533003	0.4952	-0.47695	0.493156	0.726876	-0.214991	-0.427182	0.492896	0.0104834	-0.399235	-0.245693	0.883254	0.378338	0.395804	0.225786	0.805742	0.852151	0.190447	0.462319	0.154373	0.748473	0.035088	-0.659826	-0.0564559	0.483415	0.556626	-0.603135	0.304474	0.157183	0.729112	-0.140144	0.65119	0.521371	0.545081	-0.528219	0.389926
0.490624	0.510343	-0.558555	0.432267	0.534556	0.492977	-0.478858	0.491853	0.72576	-0.224548	-0.426489	0.490874	0.00791704	-0.400543	-0.24244	0.883587	0.379025	0.394669	0.226626	0.80574	0.854897	0.185676	0.46284	0.143019	0.74662	0.030345	-0.661819	-0.0602847	0.489034	0.549044	-0.605146	0.305278	0.169818	0.722615	-0.141973	0.654853	0.519678	0.544763	-0.528281	0.392539
0.491159	0.504232	-0.563534	0.432368	0.538512	0.487746	-0.483355	0.48834	0.7252	-0.233555	-0.425231	0.488585	0.00224457	-0.40212	-0.237463	0.884254	0.378294	0.392759	0.228041	0.806617	0.856868	0.180482	0.463991	0.133847	0.742445	0.0300622	-0.666805	-0.0569474	0.4965	0.537327	-0.609121	0.306169	0.185729	0.715825	-0.145194	0.657281	0.520595	0.53904	-0.534695	0.390536
0.492455	0.500716	-0.564858	0.433251	0.540852	0.484995	-0.485402	0.486461	0.725163	-0.237317	-0.424304	0.487632	-0.000483145	-0.402261	-0.235328	0.884764	0.377102	0.392799	0.22951	0.80674	0.857335	0.179534	0.464582	0.130033	0.740891	0.0297778	-0.668702	-0.0550586	0.498421	0.533873	-0.61016	0.30702	0.192794	0.71219	-0.144874	0.659263	0.523479	0.533419	-0.541047	0.385619
0.494203	0.497133	-0.566015	0.433877	0.543042	0.482628	-0.487149	0.484625	0.725293	-0.2401	-0.423325	0.486927	-0.00253003	-0.402088	-0.233282	0.88538	0.375786	0.393244	0.230977	0.806717	0.857586	0.179349	0.46503	0.126997	0.739544	0.0281715	-0.670301	-0.0545658	0.499348	0.531397	-0.610669	0.308791	0.19978	0.708363	-0.144666	0.661348	0.530468	0.523185	-0.551377	0.375319
0.498549	0.489503	-0.568205	0.434717	0.54708	0.478857	-0.489229	0.48172	0.725273	-0.243955	-0.421621	0.486518	-0.00480234	-0.401579	-0.230472	0.886337	0.374252	0.394521	0.231555	0.806642	0.857639	0.17951	0.465737	0.123774	0.736371	0.0239702	-0.673907	-0.0550641	0.501697	0.524691	-0.612988	0.311841	0.213843	0.701049	-0.144855	0.664694	0.536061	0.511323	-0.564081	0.364691
0.500616	0.485979	-0.569007	0.435247	0.549082	0.47697	-0.489866	0.480667	0.725205	-0.244328	-0.420913	0.487047	-0.00444616	-0.401287	-0.229781	0.886651	0.373101	0.395586	0.232457	0.806394	0.857375	0.180883	0.465986	0.122664	0.734506	0.0229405	-0.675982	-0.0549818	0.503594	0.52005	-0.614949	0.312695	0.219496	0.697359	-0.144179	0.666876	0.536117	0.508525	-0.567423	0.363335
0.503064	0.480196	-0.570853	0.436422	0.552188	0.473844	-0.490344	0.479711	0.725266	-0.244226	-0.420369	0.487477	-0.00244628	-0.400851	-0.229311	0.886977	0.371407	0.397842	0.233423	0.805787	0.856541	0.184079	0.466377	0.12225	0.730231	0.0194773	-0.680503	-0.0574478	0.508113	0.510667	-0.618164	0.314506	0.226556	0.692544	-0.143819	0.669606	0.539312	0.499304	-0.575934	0.357964
0.505021	0.474357	-0.574032	0.436379	0.55377	0.47143	-0.491167	0.479424	0.725611	-0.244211	-0.419851	0.487417	-0.00179713	-0.400528	-0.229423	0.887096	0.370032	0.399275	0.233053	0.805818	0.855807	0.185921	0.466659	0.123517	0.728442	0.0170253	-0.682288	-0.0597129	0.510699	0.504913	-0.619224	0.317507	0.235368	0.688381	-0.148364	0.669867	0.542583	0.4897	-0.583538	0.35395
0.50757	0.468941	-0.576604	0.435883	0.554881	0.469044	-0.492522	0.479089	0.72565	-0.244316	-0.42011	0.487082	-0.00138562	-0.400922	-0.228847	0.887067	0.368445	0.399878	0.23284	0.806307	0.85567	0.186887	0.466218	0.124673	0.724399	0.0123117	-0.686237	-0.064591	0.513225	0.500082	-0.619339	0.32084	0.242884	0.684495	-0.153731	0.669956	0.545463	0.481637	-0.588551	0.352283
0.508767	0.465268	-0.578278	0.436207	0.55558	0.467624	-0.493182	0.47899	0.725617	-0.244676	-0.420586	0.48654	0.000733972	-0.402818	-0.228274	0.886357	0.36782	0.399539	0.232573	0.806837	0.85603	0.187066	0.465357	0.125147	0.721974	0.0109946	-0.688594	-0.0668577	0.515807	0.49584	-0.619383	0.323187	0.24674	0.681798	-0.15831	0.67023	0.545881	0.478262	-0.588545	0.356223
0.508923	0.463403	-0.580158	0.435513	0.556471	0.464741	-0.49501	0.478875	0.725766	-0.245833	-0.421068	0.485317	0.00188351	-0.403787	-0.227466	0.886122	0.367526	0.398094	0.231539	0.807983	0.856898	0.186584	0.463707	0.126046	0.720641	0.00795261	-0.689866	-0.0685435	0.515788	0.494424	-0.618999	0.326109	0.247753	0.680486	-0.160213	0.670738	0.543787	0.479577	-0.584354	0.36446
0.508386	0.463265	-0.580554	0.435759	0.556905	0.462293	-0.497201	0.478468	0.726002	-0.247312	-0.42169	0.483669	0.00432253	-0.406233	-0.225667	0.885455	0.367917	0.396463	0.230143	0.809004	0.857606	0.185997	0.462065	0.128111	0.720114	0.00769695	-0.690459	-0.0681361	0.51559	0.493968	-0.619081	0.326957	0.247508	0.679647	-0.16225	0.671189	0.542418	0.480978	-0.581632	0.368981
0.506844	0.463327	-0.581144	0.436703	0.556718	0.460596	-0.499299	0.47814	0.725938	-0.249349	-0.422509	0.482001	0.00661377	-0.409054	-0.223513	0.884688	0.368997	0.395131	0.227914	0.809795	0.857635	0.185594	0.461014	0.132225	0.720172	0.00824605	-0.690611	-0.0658817	0.513092	0.496321	-0.617796	0.329742	0.246105	0.679876	-0.164207	0.670997	0.539665	0.484181	-0.575912	0.377697
0.505307	0.464119	-0.582046	0.436441	0.556338	0.45917	-0.500987	0.478187	0.725713	-0.251849	-0.423073	0.480542	0.00762969	-0.411515	-0.221571	0.884027	0.370168	0.393731	0.226258	0.810406	0.856196	0.187168	0.460916	0.139477	0.720389	0.0087619	-0.690493	-0.0646677	0.511936	0.497778	-0.617057	0.330725	0.243204	0.681075	-0.165589	0.670499	0.53583	0.489592	-0.568194	0.387739
0.504631	0.464306	-0.583722	0.434783	0.556448	0.457429	-0.502469	0.478173	0.725183	-0.255204	-0.423126	0.479526	0.00837017	-0.414034	-0.218279	0.883663	0.374896	0.391253	0.223442	0.810215	0.852994	0.189024	0.461811	0.152978	0.72079	0.00932299	-0.690101	-0.0642992	0.511966	0.498678	-0.616526	0.330312	0.239023	0.682987	-0.16604	0.669946	0.531161	0.496472	-0.558722	0.399014
0.504425	0.464741	-0.584812	0.43309	0.556611	0.456599	-0.503118	0.478093	0.724852	-0.257148	-0.422978	0.479118	0.00846376	-0.415284	-0.216214	0.883583	0.379322	0.388951	0.221745	0.809729	0.851179	0.188445	0.462016	0.162865	0.721045	0.0095518	-0.689825	-0.0643749	0.512179	0.499908	-0.615718	0.329629	0.236518	0.684097	-0.166319	0.669633	0.528682	0.501063	-0.551817	0.406114
0.504926	0.464779	-0.584949	0.432279	0.556953	0.454581	-0.504847	0.477796	0.724074	-0.261581	-0.422527	0.478291	0.00874175	-0.418049	-0.211677	0.883375	0.395803	0.381223	0.215483	0.807203	0.844909	0.18498	0.463785	0.191871	0.721815	0.0107349	-0.689061	-0.0637422	0.511997	0.500979	-0.615083	0.329473	0.232591	0.685279	-0.166452	0.669767	0.52821	0.502398	-0.549515	0.408195
0.507172	0.463772	-0.585408	0.430105	0.557535	0.450887	-0.507654	0.477643	0.723267	-0.266777	-0.421566	0.477491	0.00958245	-0.421135	-0.206041	0.883233	0.418966	0.369631	0.210583	0.802181	0.83428	0.193469	0.462374	0.22969	0.722886	0.0116795	-0.687999	-0.0628961	0.511542	0.502968	-0.614276	0.328653	0.229323	0.687145	-0.167435	0.668736	0.527377	0.504989	-0.546267	0.410429
0.510416	0.462388	-0.58521	0.428022	0.557906	0.446248	-0.511446	0.477521	0.722667	-0.272361	-0.421017	0.475727	0.0104348	-0.424843	-0.200274	0.882774	0.44493	0.355662	0.210416	0.794523	0.81653	0.2089	0.458552	0.281726	0.724315	0.0109193	-0.686437	-0.0636628	0.511087	0.504849	-0.613752	0.327454	0.227471	0.688608	-0.169417	0.667363	0.528832	0.505048	-0.546233	0.408525
0.51264	0.461504	-0.584403	0.427419	0.558169	0.440648	-0.515087	0.478499	0.722876	-0.276901	-0.420699	0.473062	0.0128166	-0.428432	-0.195697	0.882034	0.468842	0.343753	0.239073	0.777731	0.790938	0.245518	0.448493	0.336142	0.725931	0.00855428	-0.684588	-0.0655071	0.510887	0.506083	-0.614211	0.324991	0.22613	0.689956	-0.171339	0.665935	0.530481	0.504656	-0.546842	0.40605
0.514451	0.460545	-0.584508	0.426132	0.557852	0.437295	-0.517396	0.479454	0.723203	-0.279282	-0.420594	0.471253	0.0146715	-0.430452	-0.193656	0.881472	0.479611	0.337747	0.251556	0.769818	0.777143	0.257834	0.441054	0.36748	0.72793	0.00608454	-0.6824	-0.0664126	0.510228	0.507459	-0.615027	0.322326	0.22518	0.690683	-0.171929	0.66535	0.531971	0.503985	-0.548169	0.403132
0.514451	0.460545	-0.584508	0.426132	0.558003	0.433667	-0.519634	0.480153	0.723771	-0.281363	-0.420724	0.469022	0.0168148	-0.432574	-0.19173	0.880816	0.491317	0.332145	0.253535	0.764204	0.765006	0.259663	0.432809	0.400022	0.72793	0.00608454	-0.6824	-0.0664126	0.510228	0.507459	-0.615027	0.322326	0.224816	0.691111	-0.172818	0.664799	0.531971	0.503985	-0.548169	0.403132
0.515855	0.459242	-0.585383	0.424637	0.558768	0.429981	-0.522477	0.479493	0.72457	-0.283239	-0.421279	0.466153	0.0195676	-0.434938	-0.190385	0.879886	0.499239	0.324367	0.251554	0.763064	0.755784	0.263326	0.426333	0.421533	0.728867	0.00432684	-0.681349	-0.0670579	0.510106	0.507805	-0.615597	0.320882	0.225068	0.691464	-0.174754	0.66384	0.532704	0.503626	-0.548787	0.401771
0.519537	0.455075	-0.587713	0.421403	0.56002	0.426875	-0.525077	0.477964	0.725808	-0.28475	-0.421997	0.462642	0.0228866	-0.437151	-0.189495	0.878901	0.499349	0.323526	0.251428	0.763391	0.750786	0.26762	0.425163	0.428878	0.730684	-0.000329673	-0.679075	-0.0704162	0.511355	0.507272	-0.616708	0.317588	0.225123	0.692069	-0.177194	0.662542	0.533335	0.503374	-0.549159	0.400741
0.519537	0.455075	-0.587713	0.421403	0.561733	0.424779	-0.526791	0.47593	0.727573	-0.285898	-0.422341	0.458834	0.0265997	-0.43898	-0.18891	0.87801	0.49514	0.326855	0.250357	0.765064	0.751097	0.267072	0.428599	0.425239	0.730684	-0.000329673	-0.679075	-0.0704162	0.511355	0.507272	-0.616708	0.317588	0.224975	0.692525	-0.180195	0.661305	0.533759	0.503388	-0.549116	0.400217
0.521932	0.452287	-0.589479	0.418973	0.565918	0.424293	-0.525404	0.472931	0.732071	-0.287307	-0.421393	0.451613	0.0348036	-0.440624	-0.188371	0.877015	0.478411	0.342305	0.2533	0.767977	0.758456	0.267123	0.447123	0.391754	0.731935	-0.00449368	-0.677121	-0.0758805	0.514114	0.505714	-0.617411	0.314237	0.224208	0.692562	-0.186047	0.659906	0.534689	0.5034	-0.548859	0.399312
0.522566	0.451307	-0.590278	0.418113	0.568654	0.427144	-0.521967	0.470884	0.734765	-0.286677	-0.420171	0.448767	0.040581	-0.440972	-0.188586	0.876546	0.459868	0.356865	0.250821	0.773471	0.774096	0.258606	0.463726	0.344756	0.732218	-0.00445308	-0.676646	-0.0773707	0.516004	0.505388	-0.61657	0.31331	0.223746	0.692772	-0.188182	0.659236	0.534877	0.504116	-0.548636	0.398463
0.522585	0.451403	-0.590395	0.417821	0.569904	0.429929	-0.520307	0.468669	0.734772	-0.285042	-0.420262	0.449713	0.0415302	-0.4407	-0.189095	0.876529	0.437492	0.368999	0.244497	0.782727	0.796778	0.24038	0.474996	0.285903	0.731628	0.00150482	-0.677262	-0.0776788	0.516956	0.506182	-0.614773	0.313991	0.220555	0.694675	-0.188097	0.658333	0.534627	0.505075	-0.548749	0.397426
0.522177	0.451802	-0.590669	0.417512	0.570121	0.431779	-0.519577	0.467513	0.734606	-0.283489	-0.420648	0.450604	0.0408818	-0.440079	-0.190289	0.876612	0.42441	0.375769	0.246041	0.786218	0.808849	0.231529	0.478322	0.251726	0.731402	0.00309658	-0.677495	-0.0777334	0.517161	0.506882	-0.613781	0.314464	0.21905	0.695067	-0.187409	0.658617	0.534232	0.505896	-0.548236	0.397622
0.520503	0.453783	-0.591085	0.416864	0.569894	0.435516	-0.518295	0.465743	0.734117	-0.280125	-0.421634	0.452578	0.0394657	-0.438343	-0.193364	0.876874	0.399235	0.387218	0.244949	0.794149	0.829185	0.210286	0.484976	0.18174	0.731083	0.00541544	-0.677787	-0.0780537	0.518396	0.506593	-0.613037	0.314348	0.216706	0.696062	-0.186783	0.65852	0.533778	0.506678	-0.547493	0.398258
0.519157	0.455526	-0.591156	0.416543	0.569304	0.437948	-0.518099	0.4644	0.733456	-0.276175	-0.423227	0.454586	0.037385	-0.436325	-0.197764	0.876991	0.377406	0.396243	0.244209	0.800574	0.8433	0.190807	0.488097	0.11916	0.730836	0.00788505	-0.678088	-0.0775446	0.51831	0.507284	-0.612033	0.31533	0.21651	0.696367	-0.187935	0.657934	0.533849	0.506705	-0.546849	0.399013
0.518407	0.456748	-0.590899	0.416503	0.568369	0.43975	-0.517794	0.464183	0.732464	-0.272982	-0.425537	0.455956	0.034949	-0.435277	-0.20187	0.876676	0.364427	0.402288	0.24469	0.80342	0.852967	0.174196	0.485955	0.0771447	0.73057	0.0103809	-0.678482	-0.0763039	0.517722	0.508123	-0.611326	0.316317	0.21516	0.696706	-0.187923	0.658021	0.533368	0.507065	-0.545936	0.400447
0.517776	0.457528	-0.590403	0.417135	0.56767	0.441051	-0.517364	0.464284	0.731947	-0.271411	-0.42656	0.456767	0.0338793	-0.434825	-0.203785	0.876499	0.364213	0.403071	0.245831	0.802776	0.855396	0.172496	0.483867	0.0664485	0.73057	0.0103809	-0.678482	-0.0763039	0.517269	0.508153	-0.611432	0.316802	0.214662	0.696704	-0.187177	0.658398	0.5331	0.507174	-0.545701	0.400984
0.516328	0.459275	-0.588647	0.419484	0.56617	0.442686	-0.516518	0.465499	0.731172	-0.269162	-0.427485	0.458471	0.0325577	-0.433951	-0.206022	0.876459	0.368948	0.402034	0.246945	0.80079	0.856774	0.17364	0.481149	0.0654491	0.730095	0.0124969	-0.679148	-0.0745879	0.516522	0.508626	-0.611339	0.31744	0.213972	0.697036	-0.186079	0.658583	0.533061	0.506645	-0.545683	0.401729
0.515608	0.460126	-0.587792	0.420634	0.56525	0.442492	-0.516662	0.46664	0.730805	-0.268416	-0.427426	0.459548	0.0321631	-0.433607	-0.206415	0.876552	0.372153	0.400562	0.246948	0.800043	0.856192	0.175589	0.479744	0.0771336	0.729679	0.0132541	-0.67973	-0.0732105	0.515158	0.509294	-0.611219	0.318816	0.214009	0.696779	-0.186358	0.658764	0.532936	0.506388	-0.54555	0.402399
0.515186	0.460631	-0.587514	0.420986	0.56515	0.44188	-0.516949	0.467025	0.73098	-0.268815	-0.427386	0.459073	0.0320765	-0.433638	-0.205993	0.876639	0.375538	0.395122	0.246515	0.801299	0.856402	0.17443	0.478365	0.0855386	0.729628	0.0130461	-0.679791	-0.0731868	0.514785	0.509045	-0.611415	0.319439	0.215374	0.696219	-0.187299	0.658645	0.532358	0.50568	-0.545407	0.404245
0.514837	0.460733	-0.587697	0.421046	0.565276	0.441642	-0.516958	0.467086	0.731208	-0.269111	-0.427205	0.458706	0.0331366	-0.433954	-0.205464	0.876567	0.375326	0.393661	0.246011	0.802272	0.856777	0.173836	0.477686	0.0867723	0.729317	0.0122058	-0.680062	-0.0739112	0.51467	0.508623	-0.611733	0.319687	0.215967	0.696068	-0.187735	0.658485	0.532483	0.504871	-0.546073	0.404191
0.514813	0.460562	-0.587754	0.421183	0.565268	0.441759	-0.516892	0.467059	0.731642	-0.269238	-0.427029	0.458102	0.0334728	-0.433816	-0.205534	0.876606	0.375335	0.394285	0.245985	0.801969	0.856599	0.173216	0.478286	0.0864694	0.72913	0.0124899	-0.680279	-0.073718	0.514659	0.508375	-0.611913	0.319755	0.21665	0.696136	-0.188371	0.658008	0.532558	0.504579	-0.546523	0.403849
0.512852	0.461522	-0.587151	0.423361	0.564263	0.44229	-0.516901	0.467762	0.731054	-0.267494	-0.427384	0.459728	0.0326401	-0.432829	-0.206813	0.876825	0.37553	0.397292	0.245607	0.800509	0.85531	0.173594	0.480454	0.0864531	0.728396	0.0136726	-0.6811	-0.0731717	0.514457	0.508323	-0.61174	0.320493	0.215972	0.696408	-0.187489	0.658194	0.534066	0.502742	-0.548138	0.401956
0.512324	0.461766	-0.586774	0.424256	0.563891	0.442249	-0.51669	0.468481	0.730554	-0.266984	-0.427772	0.460457	0.0318793	-0.43266	-0.207335	0.876813	0.375799	0.397643	0.245266	0.800312	0.855051	0.174043	0.480632	0.0871201	0.728276	0.0145559	-0.681273	-0.0725903	0.514309	0.508557	-0.611523	0.320774	0.215161	0.696813	-0.187047	0.658157	0.534689	0.502109	-0.548548	0.401359
0.511137	0.462622	-0.586233	0.425501	0.56273	0.44248	-0.51624	0.470151	0.729434	-0.266627	-0.428808	0.461476	0.0302758	-0.433089	-0.207774	0.876554	0.37629	0.397144	0.245134	0.80037	0.855206	0.174665	0.47985	0.088648	0.728023	0.0162218	-0.681673	-0.0710002	0.513363	0.509455	-0.610948	0.321958	0.214784	0.6969	-0.186	0.658484	0.535444	0.501338	-0.548858	0.400892
0.510277	0.463408	-0.585703	0.426406	0.561628	0.442608	-0.516313	0.471268	0.728265	-0.266835	-0.430057	0.462039	0.0289363	-0.434065	-0.208145	0.876029	0.37606	0.395604	0.244508	0.801431	0.855733	0.174172	0.478809	0.0901546	0.727845	0.0170362	-0.681949	-0.0699779	0.512975	0.509726	-0.610722	0.322575	0.213618	0.697331	-0.185272	0.658613	0.535647	0.501186	-0.548169	0.401753
0.509607	0.464051	-0.585551	0.426718	0.56067	0.442672	-0.516146	0.472529	0.727336	-0.266755	-0.431062	0.462612	0.027982	-0.434667	-0.208512	0.875674	0.375035	0.394348	0.244803	0.80244	0.856213	0.173448	0.477903	0.0917823	0.727727	0.0174379	-0.682126	-0.0693861	0.512673	0.509924	-0.610502	0.323159	0.213193	0.697496	-0.184405	0.65882	0.535303	0.501554	-0.54734	0.402881
0.508659	0.465025	-0.58538	0.427023	0.559849	0.443015	-0.515981	0.47336	0.726845	-0.266179	-0.43153	0.463279	0.027337	-0.434707	-0.208832	0.875598	0.374316	0.393645	0.244731	0.803142	0.856219	0.172608	0.477851	0.0935632	0.727506	0.0182734	-0.682447	-0.0683207	0.512151	0.510331	-0.610165	0.323978	0.214044	0.697052	-0.183657	0.659222	0.534063	0.502768	-0.546048	0.404763
0.507908	0.465855	-0.585189	0.427273	0.559623	0.443107	-0.515759	0.473784	0.726557	-0.266096	-0.431776	0.463548	0.0268455	-0.434793	-0.209418	0.875431	0.373864	0.393738	0.244537	0.803366	0.8561	0.172643	0.477892	0.094375	0.727395	0.0189564	-0.682632	-0.0674565	0.512169	0.510317	-0.610032	0.324222	0.214228	0.696774	-0.183228	0.659576	0.531635	0.505412	-0.543174	0.408515
0.507908	0.465855	-0.585189	0.427273	0.559452	0.443068	-0.515563	0.474235	0.726279	-0.265931	-0.43206	0.463814	0.0268455	-0.434793	-0.209418	0.875431	0.373864	0.393738	0.244537	0.803366	0.855798	0.172819	0.478214	0.0951621	0.727395	0.0189564	-0.682632	-0.0674565	0.512169	0.510317	-0.610032	0.324222	0.213919	0.696911	-0.182404	0.65976	0.531635	0.505412	-0.543174	0.408515
0.507736	0.466132	-0.585077	0.427328	0.559221	0.443127	-0.515393	0.474638	0.726064	-0.26558	-0.43227	0.464156	0.0264131	-0.434732	-0.209607	0.875428	0.373446	0.394004	0.244397	0.803473	0.855552	0.172963	0.478426	0.096034	0.727342	0.0189699	-0.682691	-0.0674342	0.512249	0.510241	-0.610017	0.324243	0.214019	0.696927	-0.182281	0.659744	0.530547	0.506623	-0.541803	0.410247
0.50746	0.466454	-0.584848	0.427619	0.55912	0.443126	-0.515153	0.475017	0.725732	-0.265485	-0.432522	0.464494	0.0255259	-0.434775	-0.209718	0.875407	0.372558	0.394186	0.244209	0.803853	0.85548	0.173426	0.478243	0.0967488	0.727331	0.0195544	-0.682755	-0.0667257	0.512013	0.510532	-0.609813	0.324541	0.214054	0.696814	-0.182164	0.659884	0.52962	0.507701	-0.54048	0.411854
0.50746	0.466454	-0.584848	0.427619	0.559151	0.44307	-0.514889	0.47532	0.725399	-0.265645	-0.432682	0.464774	0.0255259	-0.434775	-0.209718	0.875407	0.372558	0.394186	0.244209	0.803853	0.855527	0.173748	0.477937	0.09727	0.727331	0.0195544	-0.682755	-0.0667257	0.512013	0.510532	-0.609813	0.324541	0.21414	0.696865	-0.182133	0.659811	0.52962	0.507701	-0.54048	0.411854
0.507348	0.466598	-0.584633	0.427888	0.559258	0.443019	-0.514365	0.475808	0.725011	-0.265891	-0.432651	0.465268	0.0247122	-0.434806	-0.209257	0.875525	0.372054	0.394045	0.244189	0.804162	0.855565	0.174056	0.477642	0.0978299	0.727264	0.020315	-0.682847	-0.0662916	0.512173	0.510636	-0.609584	0.324557	0.213922	0.697049	-0.181812	0.659776	0.529417	0.508155	-0.539967	0.412228
0.507529	0.46647	-0.584596	0.427864	0.559251	0.443064	-0.514107	0.476053	0.724953	-0.265889	-0.432536	0.465466	0.0247644	-0.434863	-0.209109	0.875531	0.372033	0.393975	0.244348	0.804157	0.855638	0.174014	0.477486	0.0980309	0.727182	0.0202907	-0.682926	-0.0663787	0.512203	0.510673	-0.609546	0.324522	0.213917	0.697008	-0.181861	0.659808	0.529484	0.508231	-0.539816	0.412246
0.507746	0.466322	-0.584531	0.427857	0.559289	0.443161	-0.513819	0.476229	0.724842	-0.26582	-0.43253	0.465684	0.0250037	-0.4349	-0.209072	0.875515	0.372135	0.393826	0.244387	0.804171	0.855691	0.173872	0.477409	0.0981975	0.727248	0.0201459	-0.682856	-0.0664156	0.512259	0.510679	-0.609559	0.3244	0.213642	0.697196	-0.182144	0.65962	0.529484	0.508368	-0.539547	0.41243
0.507592	0.466451	-0.584528	0.427902	0.55959	0.443012	-0.513172	0.476712	0.724644	-0.265448	-0.432541	0.466195	0.0250642	-0.434728	-0.209164	0.875576	0.372462	0.393488	0.244521	0.804145	0.855671	0.173676	0.477409	0.0987157	0.727394	0.0204476	-0.682729	-0.0660406	0.512397	0.510597	-0.609661	0.32412	0.213348	0.697541	-0.182748	0.659183	0.529744	0.508267	-0.539448	0.41235
0.507208	0.466737	-0.584818	0.42765	0.559756	0.442905	-0.512828	0.476987	0.724473	-0.265436	-0.432654	0.466362	0.0248452	-0.434685	-0.209181	0.8756	0.372681	0.393319	0.244699	0.804072	0.855604	0.173649	0.477439	0.0991922	0.72737	0.0204395	-0.68274	-0.0661889	0.512321	0.510746	-0.609581	0.324157	0.213245	0.697717	-0.182729	0.659036	0.5299	0.508222	-0.539489	0.412151
0.507063	0.466948	-0.584814	0.427597	0.559889	0.442954	-0.512313	0.477338	0.724303	-0.264992	-0.432802	0.466741	0.0242299	-0.434354	-0.209508	0.875703	0.373258	0.3932	0.244565	0.803903	0.855328	0.174111	0.477505	0.100443	0.727382	0.0210388	-0.682719	-0.0660929	0.512661	0.510597	-0.609612	0.323793	0.212836	0.697833	-0.182436	0.659126	0.530161	0.508126	-0.539653	0.411718
0.506003	0.467925	-0.585007	0.427521	0.559878	0.44292	-0.512327	0.477368	0.724278	-0.264154	-0.433179	0.466904	0.0242892	-0.434059	-0.210496	0.875611	0.373543	0.393162	0.244064	0.803941	0.855084	0.174631	0.477416	0.102027	0.727263	0.0212054	-0.682823	-0.0662759	0.513279	0.510147	-0.609704	0.32335	0.212545	0.698016	-0.182158	0.659103	0.529944	0.508503	-0.539381	0.411888
0.505485	0.468457	-0.58549	0.426889	0.559593	0.442945	-0.512553	0.477436	0.724209	-0.263625	-0.433307	0.467191	0.0243569	-0.433812	-0.210821	0.875653	0.374196	0.392531	0.243319	0.804172	0.855252	0.175404	0.476549	0.103338	0.727363	0.0218357	-0.682722	-0.0660063	0.513569	0.510172	-0.609406	0.323412	0.213027	0.697853	-0.181832	0.65921	0.530046	0.508521	-0.539653	0.411379
0.505749	0.468478	-0.58573	0.426224	0.559282	0.443005	-0.512829	0.477448	0.724102	-0.263653	-0.433374	0.467279	0.0241148	-0.434096	-0.210731	0.875541	0.374657	0.392046	0.24248	0.804447	0.855425	0.17572	0.475968	0.104043	0.72729	0.0221815	-0.68281	-0.0657899	0.513735	0.510386	-0.608948	0.323673	0.213046	0.697857	-0.181552	0.659276	0.529886	0.508857	-0.539298	0.411634
0.505895	0.468438	-0.585644	0.426212	0.558705	0.442749	-0.513948	0.477158	0.723714	-0.263799	-0.434229	0.467005	0.0238858	-0.43434	-0.211051	0.875349	0.375676	0.391008	0.241218	0.804857	0.855868	0.176863	0.474423	0.105507	0.727471	0.0220931	-0.682618	-0.0658035	0.513983	0.510226	-0.608973	0.323486	0.212663	0.698041	-0.181272	0.659282	0.529799	0.509049	-0.538995	0.411905
0.505958	0.468391	-0.585819	0.425949	0.558384	0.442321	-0.514782	0.477032	0.723462	-0.264152	-0.434934	0.466539	0.0235372	-0.434914	-0.211302	0.875013	0.377333	0.390087	0.239881	0.804928	0.856171	0.177803	0.473233	0.106804	0.727655	0.021976	-0.682445	-0.0656134	0.514187	0.510251	-0.608774	0.323498	0.212756	0.698198	-0.181256	0.659091	0.529885	0.509216	-0.538594	0.412115
0.506225	0.467862	-0.586279	0.425581	0.558019	0.441914	-0.515803	0.476732	0.723268	-0.264634	-0.435547	0.465995	0.0232908	-0.435833	-0.211346	0.874551	0.37885	0.389279	0.238951	0.804883	0.856371	0.178266	0.472477	0.107777	0.727761	0.0217383	-0.682318	-0.0658303	0.515008	0.509866	-0.608451	0.323404	0.213068	0.698154	-0.181443	0.658986	0.530035	0.509383	-0.538091	0.41237
0.506348	0.467613	-0.586439	0.425487	0.557714	0.441357	-0.516901	0.476416	0.723115	-0.264964	-0.43627	0.465367	0.0232765	-0.436163	-0.211434	0.874366	0.380154	0.388799	0.238046	0.804769	0.856432	0.1788	0.471921	0.108839	0.727861	0.0214385	-0.682196	-0.0660853	0.515346	0.509665	-0.608304	0.323462	0.21338	0.69831	-0.181652	0.658661	0.530171	0.509315	-0.538117	0.412247
0.506505	0.46695	-0.587045	0.425193	0.557674	0.440792	-0.51776	0.476053	0.72305	-0.265048	-0.436919	0.464811	0.0235551	-0.436749	-0.211764	0.873986	0.38131	0.388414	0.236985	0.804721	0.856523	0.179401	0.471342	0.109635	0.727958	0.0208483	-0.682059	-0.0666245	0.515995	0.509199	-0.608141	0.323465	0.214424	0.698	-0.182384	0.658449	0.530531	0.509097	-0.538302	0.41181
0.506834	0.466254	-0.587617	0.424774	0.557773	0.440158	-0.518539	0.475675	0.723212	-0.265481	-0.437142	0.464103	0.0240994	-0.437335	-0.211547	0.873731	0.382477	0.388586	0.236455	0.804239	0.856405	0.180472	0.471068	0.109977	0.72804	0.0198498	-0.681915	-0.0674901	0.516795	0.508511	-0.608146	0.323262	0.215509	0.697622	-0.183305	0.658239	0.530783	0.508913	-0.53859	0.411337
0.50726	0.465491	-0.588143	0.424375	0.558254	0.439246	-0.519366	0.475053	0.72348	-0.266231	-0.437338	0.463068	0.0248344	-0.438102	-0.211055	0.873445	0.383554	0.388777	0.235563	0.803896	0.856532	0.181545	0.470505	0.109637	0.728019	0.0190309	-0.681859	-0.0685078	0.517792	0.507705	-0.608161	0.322905	0.21624	0.697628	-0.184175	0.65775	0.531049	0.5087	-0.538762	0.411032
0.507646	0.465079	-0.588257	0.424206	0.558565	0.438798	-0.519723	0.474709	0.72366	-0.266992	-0.437418	0.462274	0.025453	-0.438505	-0.210654	0.873321	0.384101	0.38893	0.235218	0.803662	0.85659	0.181899	0.470374	0.109154	0.728078	0.0187348	-0.681778	-0.0687711	0.518132	0.507395	-0.608205	0.322763	0.216357	0.697604	-0.184685	0.657594	0.531294	0.508481	-0.538827	0.4109
