FULLBODY	1																																						
Frames:	138																																						
0.433304	0.551172	-0.455993	0.548204	0.475798	0.520801	-0.419625	0.571225	0.733597	0.217641	-0.590812	0.255753	0.700323	0.0674326	-0.672217	0.230488	0.0158245	0.655315	0.0232863	0.754831	0.0763322	0.642954	0.175239	0.741671	0.696955	0.125133	-0.696176	0.118045	0.431159	0.587634	-0.461384	0.505879	0.0539546	0.729491	-0.113767	0.672301	0.394311	0.624505	-0.467557	0.485699
0.410838	0.57312	-0.460448	0.539197	0.463961	0.535647	-0.418215	0.56826	0.72673	0.242946	-0.584403	0.267045	0.692415	0.0971955	-0.671963	0.244091	0.00364995	0.658241	0.0162143	0.752624	0.0703177	0.65136	0.175473	0.734844	0.701134	0.115166	-0.69351	0.119129	0.439927	0.58243	-0.458757	0.506735	0.050191	0.724445	-0.0879646	0.681852	0.391174	0.624087	-0.452349	0.50287
0.411458	0.572797	-0.460373	0.539131	0.464111	0.53573	-0.418059	0.568173	0.726838	0.2431	-0.584275	0.266895	0.69235	0.0976805	-0.671918	0.244204	0.00321554	0.658236	0.0160431	0.752634	0.0690586	0.651329	0.174877	0.735133	0.701041	0.115085	-0.693646	0.118964	0.439793	0.582401	-0.458942	0.506718	0.0504853	0.724334	-0.0882742	0.681908	0.391016	0.624143	-0.45263	0.502671
0.411458	0.572797	-0.460373	0.539131	0.464111	0.53573	-0.418059	0.568173	0.726838	0.2431	-0.584275	0.266895	0.69235	0.0976805	-0.671918	0.244204	0.00321554	0.658236	0.0160431	0.752634	0.0690586	0.651329	0.174877	0.735133	0.701041	0.115085	-0.693646	0.118964	0.439793	0.582401	-0.458942	0.506718	0.0504853	0.724334	-0.0882742	0.681908	0.391016	0.624143	-0.45263	0.502671
0.41249	0.572243	-0.460189	0.539088	0.464169	0.535857	-0.418081	0.56799	0.726904	0.243342	-0.584193	0.266673	0.692276	0.0981618	-0.671922	0.244212	0.0025792	0.658159	0.0160197	0.752704	0.0676493	0.651235	0.17412	0.735526	0.701077	0.114394	-0.693863	0.118149	0.439504	0.582391	-0.459204	0.506743	0.0505217	0.724244	-0.0884232	0.681982	0.390824	0.624162	-0.453525	0.50199
0.412939	0.571964	-0.460228	0.539007	0.464226	0.536099	-0.4183	0.567554	0.726939	0.243784	-0.584175	0.266211	0.692192	0.0990557	-0.672017	0.243826	0.00125281	0.657828	0.0158534	0.753	0.0644612	0.651084	0.172577	0.736309	0.700994	0.114503	-0.693922	0.118188	0.439296	0.582425	-0.459282	0.506813	0.0503873	0.724257	-0.0879996	0.682033	0.390914	0.624042	-0.454064	0.501581
0.413898	0.571012	-0.459797	0.539649	0.463567	0.536896	-0.418761	0.566999	0.726934	0.244189	-0.584275	0.265633	0.692252	0.0997051	-0.672058	0.243276	4.94E-05	0.657542	0.0153401	0.753262	0.0615461	0.650746	0.170709	0.737293	0.700641	0.114735	-0.6942	0.118425	0.438922	0.582445	-0.459564	0.50686	0.0506626	0.724296	-0.0887113	0.681879	0.390371	0.624169	-0.454124	0.501792
0.413928	0.570917	-0.459207	0.540228	0.463097	0.537462	-0.419031	0.566647	0.726771	0.245157	-0.584377	0.264962	0.692245	0.100569	-0.672212	0.242517	-0.00200079	0.657395	0.0152373	0.75339	0.0586779	0.650635	0.170191	0.737744	0.700414	0.114302	-0.694531	0.118244	0.438368	0.582601	-0.459796	0.506949	0.0502354	0.724293	-0.0882279	0.681977	0.390094	0.624177	-0.4546	0.501567
0.413995	0.570926	-0.458962	0.540376	0.462339	0.538207	-0.419326	0.56634	0.726534	0.246601	-0.584171	0.264729	0.692185	0.102222	-0.672175	0.242099	-0.00397298	0.657455	0.0152252	0.753329	0.0565244	0.650633	0.170123	0.737929	0.700207	0.114426	-0.694677	0.118492	0.437819	0.582737	-0.459824	0.507241	0.0513291	0.723998	-0.0887283	0.682143	0.390518	0.623688	-0.455532	0.500999
0.413682	0.57136	-0.458685	0.540391	0.461482	0.538883	-0.419428	0.566321	0.726189	0.24819	-0.584055	0.264446	0.692166	0.103812	-0.672149	0.241548	-0.00564825	0.657807	0.0152889	0.75301	0.0547692	0.650907	0.170587	0.737713	0.699977	0.114472	-0.694886	0.11858	0.43729	0.582886	-0.459798	0.507551	0.050963	0.724007	-0.0880129	0.682254	0.390294	0.623627	-0.455952	0.500867
0.413509	0.571619	-0.458596	0.540326	0.461127	0.539239	-0.419462	0.566246	0.72607	0.248846	-0.583981	0.264319	0.692108	0.104547	-0.672169	0.241339	-0.00648441	0.65804	0.0154508	0.752796	0.0540794	0.65112	0.171062	0.737466	0.699943	0.114581	-0.694873	0.118758	0.437005	0.582962	-0.459755	0.507746	0.0510614	0.723664	-0.0875665	0.682668	0.390315	0.623574	-0.456417	0.500494
0.413182	0.572169	-0.457934	0.540555	0.460164	0.540606	-0.4195	0.565699	0.72578	0.250836	-0.583519	0.264256	0.691777	0.106846	-0.672112	0.241441	-0.00780558	0.65892	0.0152361	0.752018	0.0531215	0.651846	0.171749	0.736734	0.699688	0.114562	-0.695131	0.118766	0.436295	0.583154	-0.459853	0.508049	0.0513653	0.72317	-0.086686	0.68328	0.390278	0.623605	-0.457666	0.499341
0.413405	0.572138	-0.457594	0.540705	0.460026	0.540972	-0.419627	0.565366	0.725702	0.251483	-0.583267	0.26441	0.691629	0.10762	-0.672053	0.241686	-0.00810181	0.659234	0.0152171	0.75174	0.0530046	0.652079	0.171993	0.736479	0.699548	0.114501	-0.695246	0.118975	0.4358	0.583312	-0.46019	0.507986	0.0511641	0.723132	-0.0859856	0.683424	0.390278	0.623605	-0.457666	0.499341
0.4136	0.572117	-0.457527	0.540636	0.459781	0.541897	-0.419625	0.56468	0.72572	0.252487	-0.58271	0.26463	0.691506	0.108778	-0.671802	0.242215	-0.00875911	0.659845	0.0152446	0.751196	0.0528756	0.652579	0.172732	0.735873	0.699548	0.114501	-0.695246	0.118975	0.4358	0.583312	-0.46019	0.507986	0.0524005	0.722427	-0.08589	0.684088	0.390566	0.623708	-0.459422	0.497371
0.414244	0.571733	-0.457124	0.540889	0.460138	0.542338	-0.418977	0.564447	0.726203	0.252695	-0.582067	0.264523	0.691895	0.109332	-0.671258	0.242363	-0.00923184	0.660648	0.0154151	0.750481	0.0526302	0.653076	0.17371	0.735219	0.69958	0.114367	-0.695343	0.118347	0.435338	0.583567	-0.460649	0.507674	0.0517868	0.722579	-0.0861359	0.683943	0.390411	0.623936	-0.459825	0.496834
0.414274	0.571789	-0.457041	0.540877	0.460307	0.542518	-0.41876	0.564297	0.726487	0.252618	-0.581786	0.264436	0.692059	0.109363	-0.671062	0.242426	-0.00939639	0.660846	0.0156148	0.7503	0.052523	0.653063	0.173954	0.73518	0.699551	0.114693	-0.695323	0.118319	0.435035	0.583883	-0.460601	0.507613	0.0515407	0.722634	-0.085913	0.683932	0.390568	0.62398	-0.460207	0.496302
0.414414	0.57171	-0.456906	0.540967	0.460534	0.543054	-0.418528	0.563769	0.726941	0.252643	-0.581196	0.264461	0.692553	0.10949	-0.670487	0.242547	-0.00919119	0.661142	0.0154398	0.750046	0.0526052	0.652941	0.174003	0.735271	0.699602	0.114827	-0.69525	0.118323	0.434994	0.583976	-0.460683	0.507467	0.0522154	0.72277	-0.0864683	0.683666	0.390771	0.624267	-0.460762	0.495265
0.414414	0.57171	-0.456906	0.540967	0.460534	0.543054	-0.418528	0.563769	0.726941	0.252643	-0.581196	0.264461	0.692553	0.10949	-0.670487	0.242547	-0.00919119	0.661142	0.0154398	0.750046	0.0526052	0.652941	0.174003	0.735271	0.699602	0.114827	-0.69525	0.118323	0.434994	0.583976	-0.460683	0.507467	0.0522154	0.72277	-0.0864683	0.683666	0.390771	0.624267	-0.460762	0.495265
0.414231	0.572132	-0.456674	0.540858	0.460716	0.543723	-0.417943	0.56341	0.727619	0.252381	-0.580337	0.264734	0.693188	0.109373	-0.669683	0.243007	-0.00897279	0.661428	0.0157545	0.749789	0.0528125	0.65257	0.1745	0.735468	0.700244	0.113406	-0.695119	0.116651	0.435361	0.583997	-0.460947	0.506888	0.0530479	0.722668	-0.0858347	0.683791	0.391308	0.625054	-0.462535	0.492185
0.414137	0.572374	-0.456497	0.540823	0.460698	0.544113	-0.417796	0.563156	0.727828	0.252294	-0.579989	0.265005	0.69323	0.109306	-0.669475	0.24349	-0.00892093	0.661539	0.0159307	0.749689	0.0530492	0.652419	0.174815	0.73551	0.700498	0.113455	-0.694859	0.116627	0.435324	0.58416	-0.460785	0.50688	0.0539935	0.722367	-0.08545	0.684083	0.391949	0.625208	-0.46387	0.49022
0.414189	0.572725	-0.456513	0.540398	0.460588	0.545052	-0.417487	0.562567	0.727891	0.253413	-0.578239	0.267576	0.692158	0.108426	-0.669703	0.246292	-0.00786068	0.661989	0.0151136	0.74932	0.0533042	0.651979	0.177117	0.735331	0.701055	0.112615	-0.694491	0.116288	0.434822	0.584935	-0.460264	0.506891	0.0553537	0.722129	-0.0854232	0.684229	0.393003	0.625993	-0.466174	0.486173
0.414117	0.573628	-0.455964	0.539958	0.460747	0.546763	-0.417651	0.560652	0.729529	0.251044	-0.576717	0.268629	0.689005	0.101624	-0.671972	0.251791	-0.00891582	0.662392	0.0156583	0.74894	0.0536416	0.651471	0.183734	0.734132	0.702023	0.111723	-0.693539	0.116981	0.434387	0.585642	-0.46011	0.506586	0.057941	0.722197	-0.0820844	0.684351	0.393767	0.627603	-0.468296	0.481415
0.413653	0.575182	-0.455908	0.538708	0.461106	0.549099	-0.417336	0.558304	0.730475	0.2501	-0.575344	0.26988	0.684394	0.0822522	-0.676971	0.257974	-0.00478495	0.661252	0.0122279	0.750049	0.0600622	0.649572	0.191151	0.733423	0.703391	0.109388	-0.692405	0.117689	0.433512	0.586995	-0.459667	0.506172	0.0617331	0.72171	-0.0797749	0.684807	0.395515	0.628847	-0.470883	0.475803
0.41395	0.576722	-0.455846	0.536882	0.460817	0.551767	-0.417468	0.555806	0.731744	0.247961	-0.574877	0.269411	0.67717	0.0573909	-0.680918	0.272942	-9.11E-05	0.656694	0.0142783	0.754022	0.0736656	0.643713	0.203821	0.733937	0.704988	0.105957	-0.691199	0.118363	0.433675	0.587693	-0.460232	0.504707	0.0635406	0.721681	-0.0789826	0.684764	0.39687	0.630405	-0.472033	0.471453
0.41411	0.577944	-0.455774	0.535504	0.460891	0.552878	-0.417697	0.554468	0.734179	0.244014	-0.57176	0.273	0.672483	0.0435127	-0.681884	0.284443	0.00362632	0.653215	0.0165256	0.756984	0.0835519	0.638418	0.211531	0.73532	0.706053	0.103891	-0.690366	0.118707	0.433795	0.588295	-0.460104	0.504019	0.0654095	0.722078	-0.074595	0.684661	0.397725	0.631225	-0.472455	0.469208
0.415122	0.580167	-0.457037	0.531223	0.46116	0.555333	-0.418304	0.551324	0.737748	0.237804	-0.567044	0.278638	0.659446	0.0133043	-0.68163	0.316758	0.0150076	0.644704	0.0209448	0.763998	0.110255	0.624293	0.233643	0.737233	0.708561	0.100653	-0.687921	0.120727	0.435106	0.5891	-0.459983	0.502055	0.0691872	0.722391	-0.0710245	0.684339	0.401356	0.631808	-0.473282	0.464474
0.416495	0.58341	-0.45955	0.524384	0.461247	0.560102	-0.419484	0.545499	0.743088	0.226474	-0.562126	0.283801	0.630151	-0.0449683	-0.675022	0.381094	0.0323481	0.627682	0.0383068	0.776853	0.17184	0.593904	0.274949	0.73631	0.712953	0.0929909	-0.683752	0.124637	0.438333	0.590232	-0.45961	0.498246	0.0720386	0.723526	-0.0674892	0.683202	0.410035	0.631465	-0.474501	0.456039
0.41681	0.584536	-0.460829	0.52175	0.461524	0.561592	-0.420441	0.542991	0.749249	0.211659	-0.557028	0.289045	0.616639	-0.0674147	-0.671017	0.406139	0.039954	0.621867	0.0436308	0.780885	0.19671	0.581891	0.290602	0.733661	0.71461	0.0902404	-0.681945	0.127048	0.439914	0.590492	-0.459662	0.496493	0.0767894	0.725048	-0.0647637	0.681333	0.414505	0.630508	-0.475354	0.45242
0.419464	0.587397	-0.466532	0.511237	0.462124	0.566705	-0.425334	0.533271	0.757044	0.181228	-0.553077	0.296895	0.567527	-0.138578	-0.650725	0.485042	0.0662586	0.606573	0.0585244	0.790097	0.279289	0.542419	0.341376	0.715012	0.720086	0.0753796	-0.676967	0.132328	0.446253	0.590331	-0.460429	0.490278	0.0831231	0.728455	-0.0604476	0.67734	0.42327	0.628979	-0.476081	0.445618
0.421166	0.589043	-0.471314	0.5035	0.462207	0.570444	-0.429068	0.526174	0.760005	0.169569	-0.550996	0.30007	0.527963	-0.186693	-0.631999	0.535703	0.0918582	0.595785	0.0648096	0.795237	0.308673	0.528076	0.35744	0.705757	0.724499	0.0658987	-0.672354	0.13674	0.452117	0.589191	-0.460449	0.486242	0.0860636	0.729734	-0.0582544	0.675787	0.439938	0.624469	-0.478688	0.43284
0.422615	0.589487	-0.473771	0.499442	0.461791	0.572426	-0.43088	0.522896	0.76433	0.144387	-0.547585	0.308389	0.507425	-0.209959	-0.619475	0.560971	0.10568	0.590868	0.0690019	0.796835	0.366922	0.497175	0.388469	0.683577	0.726163	0.0613283	-0.670551	0.138876	0.455552	0.588136	-0.460331	0.484421	0.0932697	0.731509	-0.0556308	0.673127	0.44455	0.623758	-0.478098	0.429796
0.426756	0.589855	-0.479021	0.490397	0.461478	0.576419	-0.435943	0.514522	0.766071	0.131725	-0.545388	0.313583	0.465372	-0.253082	-0.591261	0.608103	0.13011	0.580727	0.0835656	0.799277	0.394079	0.481883	0.403038	0.670858	0.729903	0.0527409	-0.66649	0.142305	0.466004	0.582583	-0.461967	0.479607	0.0941182	0.732399	-0.0520733	0.672325	0.453468	0.622062	-0.475969	0.425276
0.430407	0.591053	-0.483972	0.480809	0.461905	0.580047	-0.441161	0.505535	0.768458	0.0936552	-0.536496	0.335967	0.422858	-0.289621	-0.559521	0.651343	0.156552	0.572394	0.0988177	0.798806	0.466627	0.43697	0.441343	0.629708	0.734674	0.0431329	-0.662264	0.14071	0.477717	0.575257	-0.461947	0.476939	0.0976043	0.735662	-0.0432081	0.668885	0.458624	0.620123	-0.475515	0.42308
0.432425	0.591669	-0.486453	0.475709	0.462288	0.581915	-0.443757	0.500744	0.769409	0.0791005	-0.533139	0.342806	0.401028	-0.305476	-0.543666	0.671035	0.16974	0.568018	0.105161	0.798427	0.488985	0.421478	0.451987	0.615595	0.73706	0.0383077	-0.660356	0.138581	0.483185	0.571595	-0.460566	0.477169	0.100428	0.73658	-0.0423896	0.667509	0.467853	0.615926	-0.474608	0.420115
0.434605	0.592135	-0.489264	0.470228	0.462954	0.583412	-0.446574	0.495859	0.76944	0.0653294	-0.529543	0.351111	0.378839	-0.319585	-0.527624	0.689899	0.182728	0.563993	0.111591	0.79754	0.509594	0.406128	0.4625	0.601223	0.739209	0.0341747	-0.658618	0.13647	0.484975	0.571028	-0.458164	0.478343	0.104471	0.737159	-0.0427803	0.666223	0.471873	0.61383	-0.47407	0.419293
0.437329	0.592163	-0.492281	0.464484	0.463564	0.584832	-0.449766	0.490704	0.76943	0.0516975	-0.525041	0.36005	0.357411	-0.332422	-0.509468	0.708657	0.195594	0.56033	0.117694	0.796192	0.528638	0.391358	0.472821	0.586363	0.742298	0.0270401	-0.65616	0.133105	0.48152	0.573965	-0.467844	0.468855	0.109044	0.73716	-0.0438799	0.665416	0.475505	0.611878	-0.473454	0.418739
0.442564	0.592122	-0.498566	0.452725	0.46567	0.586933	-0.45584	0.48049	0.768798	0.0222596	-0.516348	0.376614	0.315217	-0.353749	-0.475977	0.740909	0.218594	0.553595	0.131285	0.792789	0.563068	0.36144	0.490052	0.558716	0.743195	0.023883	-0.655774	0.130577	0.477763	0.576662	-0.478324	0.458705	0.116941	0.737269	-0.0463104	0.663788	0.480836	0.609202	-0.471205	0.419089
0.446701	0.592434	-0.508111	0.437383	0.470161	0.588411	-0.463186	0.467097	0.767001	-0.0201218	-0.502984	0.397885	0.256465	-0.376096	-0.430013	0.779658	0.245873	0.546681	0.154451	0.785386	0.602845	0.323731	0.512732	0.518538	0.748392	0.020473	-0.653391	0.112114	0.468609	0.580209	-0.523751	0.411641	0.125769	0.736735	-0.0524521	0.662308	0.480418	0.61057	-0.461961	0.427779
0.451327	0.590606	-0.515389	0.426454	0.471629	0.588574	-0.465353	0.463242	0.765798	-0.0314735	-0.498022	0.405631	0.23922	-0.380573	-0.41661	0.790173	0.255513	0.543858	0.160875	0.782976	0.614485	0.311595	0.517902	0.507044	0.754626	0.0162329	-0.650242	0.0863795	0.457246	0.586489	-0.551642	0.377688	0.128554	0.735766	-0.0547211	0.662667	0.477454	0.613153	-0.456954	0.432752
0.453745	0.589173	-0.519192	0.421225	0.475257	0.587979	-0.469546	0.456003	0.763645	-0.0533702	-0.486944	0.420575	0.206368	-0.385844	-0.393433	0.808546	0.273677	0.538065	0.171986	0.778465	0.634776	0.289097	0.526752	0.485813	0.757729	0.0156765	-0.648403	0.0719322	0.451271	0.5892	-0.565112	0.360342	0.135019	0.733661	-0.0596905	0.663286	0.475886	0.614403	-0.452461	0.437403
0.456991	0.587373	-0.527476	0.409783	0.478456	0.587307	-0.473728	0.449146	0.761722	-0.0733166	-0.474584	0.434942	0.176042	-0.38649	-0.37214	0.825316	0.289948	0.531513	0.182771	0.774609	0.651799	0.269032	0.532002	0.468778	0.763742	0.018179	-0.643879	0.0422761	0.440596	0.59255	-0.590683	0.32535	0.143408	0.731837	-0.0645875	0.663082	0.482129	0.609119	-0.456282	0.433973
0.459675	0.585661	-0.53927	0.393558	0.481875	0.585626	-0.478176	0.442928	0.759161	-0.0934804	-0.463489	0.447341	0.131817	-0.382968	-0.346242	0.846213	0.304616	0.524639	0.19075	0.771737	0.665914	0.252882	0.53459	0.454778	0.77026	0.0201573	-0.637356	-0.00839386	0.428387	0.593599	-0.623499	0.274545	0.155567	0.730276	-0.0719057	0.661306	0.493413	0.597661	-0.464778	0.428166
0.461844	0.583054	-0.547893	0.382833	0.486855	0.581624	-0.485261	0.43498	0.753827	-0.122113	-0.449833	0.463123	0.105682	-0.380895	-0.332249	0.856365	0.325788	0.514411	0.198326	0.768056	0.680902	0.232551	0.536053	0.441519	0.773237	0.0210579	-0.632346	-0.0424135	0.423591	0.591757	-0.640331	0.245702	0.175223	0.725849	-0.0864444	0.65952	0.499178	0.589602	-0.468188	0.428942
0.462062	0.580695	-0.556067	0.374275	0.489861	0.579004	-0.490326	0.429384	0.749331	-0.138403	-0.442473	0.472828	0.0841314	-0.380291	-0.317875	0.86444	0.337499	0.507788	0.203055	0.766169	0.687838	0.223125	0.535445	0.43634	0.775174	0.0226307	-0.62712	-0.0728974	0.422829	0.587234	-0.653969	0.220671	0.189953	0.720798	-0.0986717	0.659266	0.504222	0.581665	-0.470599	0.431233
0.46241	0.577053	-0.56475	0.366392	0.491114	0.577378	-0.492987	0.427091	0.747263	-0.1465	-0.439544	0.476379	0.0750605	-0.380561	-0.311085	0.867621	0.343748	0.504588	0.204408	0.765144	0.690458	0.219793	0.535075	0.434342	0.775454	0.0239729	-0.622978	-0.0999737	0.428824	0.579576	-0.663201	0.200915	0.196955	0.717981	-0.104262	0.659425	0.510802	0.571792	-0.474505	0.432411
0.462866	0.574391	-0.569542	0.362563	0.494017	0.572983	-0.498726	0.422978	0.743406	-0.161544	-0.434057	0.482541	0.0610373	-0.382271	-0.297023	0.87288	0.355487	0.497908	0.206814	0.763508	0.695908	0.212832	0.533292	0.431295	0.775131	0.0256264	-0.621404	-0.111233	0.435241	0.574636	-0.665291	0.194286	0.211119	0.712523	-0.115162	0.659149	0.513921	0.56703	-0.476459	0.432839
0.465221	0.567765	-0.579124	0.354722	0.495613	0.570265	-0.501825	0.421114	0.741573	-0.168641	-0.431534	0.485188	0.0563752	-0.383732	-0.289914	0.874941	0.361313	0.49416	0.207348	0.763063	0.698766	0.209491	0.532115	0.429759	0.773792	0.024967	-0.618686	-0.133603	0.451648	0.564913	-0.664277	0.188742	0.21932	0.709147	-0.120522	0.659153	0.51985	0.558053	-0.480676	0.432762
0.466443	0.563949	-0.583876	0.3514	0.499259	0.563789	-0.508519	0.417481	0.738509	-0.183511	-0.426456	0.48894	0.0493204	-0.387146	-0.275451	0.878528	0.373124	0.486299	0.207999	0.762252	0.705155	0.203061	0.529643	0.425442	0.772814	0.024549	-0.618215	-0.141297	0.460173	0.55996	-0.662495	0.18917	0.238852	0.700268	-0.12951	0.660153	0.521961	0.554604	-0.482425	0.432709
0.468381	0.555101	-0.593968	0.345953	0.501144	0.560155	-0.512038	0.41581	0.737197	-0.19007	-0.423651	0.490851	0.0464545	-0.388738	-0.267938	0.880303	0.379045	0.481993	0.208183	0.762015	0.708693	0.199278	0.528459	0.422815	0.770208	0.0183127	-0.618832	-0.153268	0.47559	0.551226	-0.657047	0.195582	0.247361	0.696369	-0.131685	0.660713	0.526245	0.547644	-0.486835	0.431443
0.468914	0.550654	-0.59832	0.344838	0.504847	0.55274	-0.519741	0.411676	0.735155	-0.203031	-0.418909	0.492789	0.0426757	-0.392935	-0.253607	0.882873	0.389978	0.473994	0.210123	0.760983	0.716123	0.191756	0.526162	0.416595	0.768756	0.0177641	-0.620361	-0.154438	0.481255	0.545985	-0.656465	0.198362	0.266636	0.686316	-0.134914	0.663079	0.528	0.544483	-0.489042	0.430804
0.466992	0.544055	-0.602735	0.350189	0.508652	0.545036	-0.52679	0.408291	0.734111	-0.214941	-0.415514	0.492167	0.0407048	-0.397404	-0.241984	0.884227	0.400393	0.467079	0.210651	0.759704	0.722802	0.184781	0.524425	0.410357	0.763296	0.0249511	-0.628097	-0.149166	0.487294	0.538486	-0.656804	0.202946	0.284397	0.676799	-0.133854	0.665691	0.529625	0.540448	-0.491769	0.430786
0.46776	0.536229	-0.607058	0.35375	0.513208	0.536458	-0.532435	0.406624	0.734363	-0.226183	-0.413401	0.48852	0.0396412	-0.4019	-0.232645	0.884749	0.409204	0.462149	0.21041	0.758088	0.729511	0.179739	0.523011	0.402452	0.757071	0.0278966	-0.635994	-0.146891	0.485631	0.53769	-0.654661	0.215572	0.297958	0.670062	-0.133701	0.666605	0.530486	0.536116	-0.493399	0.433269
0.47013	0.531126	-0.608895	0.355148	0.516061	0.531512	-0.535124	0.405979	0.734198	-0.232123	-0.412989	0.486326	0.0397068	-0.404872	-0.228279	0.884528	0.413238	0.45986	0.209837	0.757451	0.732787	0.17821	0.52236	0.397999	0.754148	0.0279808	-0.639343	-0.147371	0.488958	0.532717	-0.655842	0.216805	0.305863	0.665853	-0.135481	0.666882	0.530863	0.533688	-0.494206	0.434882
0.474785	0.517482	-0.612829	0.362261	0.522077	0.521507	-0.539621	0.405308	0.73404	-0.244108	-0.412207	0.481334	0.0400121	-0.410964	-0.219317	0.883973	0.419439	0.457327	0.210488	0.755393	0.737794	0.175477	0.521933	0.390453	0.748102	0.021229	-0.645529	-0.152266	0.495939	0.521423	-0.657543	0.223159	0.324991	0.653949	-0.14006	0.668667	0.531001	0.526683	-0.497113	0.439911
0.47953	0.507331	-0.61544	0.365924	0.53147	0.506187	-0.544514	0.405979	0.733901	-0.259782	-0.410038	0.475153	0.0404279	-0.417414	-0.207702	0.883737	0.427632	0.454469	0.213416	0.751693	0.743615	0.172268	0.521925	0.38073	0.74461	0.0146211	-0.648972	-0.15549	0.499191	0.514426	-0.659709	0.225737	0.343898	0.642252	-0.141445	0.670254	0.531348	0.521131	-0.500471	0.44229
0.484252	0.497654	-0.616577	0.371044	0.537418	0.495883	-0.547663	0.406628	0.733144	-0.269289	-0.409133	0.471798	0.0410722	-0.42218	-0.200352	0.88314	0.432184	0.452162	0.216239	0.749672	0.746491	0.16996	0.522255	0.375652	0.742871	0.0129003	-0.651112	-0.155015	0.501129	0.509023	-0.661044	0.229753	0.356253	0.633593	-0.143161	0.671676	0.531105	0.516069	-0.502504	0.446195
0.488394	0.489318	-0.614899	0.379392	0.542537	0.486519	-0.549404	0.408789	0.731531	-0.27778	-0.409367	0.46917	0.0409803	-0.427154	-0.193645	0.882248	0.436171	0.449666	0.218033	0.748343	0.74915	0.168094	0.521734	0.371904	0.73634	0.00899256	-0.658266	-0.15623	0.501506	0.505319	-0.661983	0.234357	0.362467	0.627431	-0.140885	0.674611	0.528282	0.514355	-0.500613	0.45359
0.490743	0.48513	-0.614148	0.38294	0.544511	0.482408	-0.549898	0.410369	0.73045	-0.281851	-0.40957	0.468247	0.04055	-0.429437	-0.190807	0.881778	0.437753	0.448618	0.218817	0.747819	0.750153	0.167544	0.521581	0.37034	0.734405	0.00870753	-0.660834	-0.154505	0.501001	0.503823	-0.662563	0.237001	0.36491	0.625201	-0.139482	0.675654	0.527687	0.512343	-0.500461	0.456716
0.496622	0.475099	-0.60774	0.397868	0.547444	0.472896	-0.550626	0.416515	0.725579	-0.289819	-0.41208	0.468753	0.0359738	-0.435365	-0.185449	0.880211	0.438423	0.446892	0.221308	0.747727	0.752212	0.166516	0.520809	0.367706	0.727855	0.00998465	-0.669129	-0.149648	0.50253	0.497323	-0.664209	0.242817	0.367172	0.621228	-0.135049	0.678986	0.518617	0.514462	-0.491547	0.474076
0.498116	0.472146	-0.605612	0.40273	0.547933	0.470285	-0.5501	0.419513	0.723454	-0.291356	-0.413762	0.469603	0.0337738	-0.43706	-0.185358	0.879477	0.437736	0.446746	0.221826	0.748063	0.752283	0.166667	0.520595	0.367794	0.726465	0.0103577	-0.671474	-0.14582	0.498421	0.497447	-0.66492	0.249008	0.367458	0.618802	-0.131215	0.681793	0.52192	0.508906	-0.495283	0.472556
0.501561	0.465675	-0.602354	0.410796	0.548097	0.465649	-0.549508	0.425209	0.718861	-0.293607	-0.41744	0.471993	0.0286318	-0.440915	-0.184349	0.877946	0.434971	0.44682	0.222761	0.749353	0.75195	0.167807	0.520084	0.368681	0.724393	0.00947756	-0.675424	-0.137723	0.496369	0.497466	-0.665319	0.251984	0.365744	0.618474	-0.128151	0.683592	0.528322	0.498582	-0.501845	0.469515
0.506875	0.458984	-0.598547	0.417316	0.548379	0.461939	-0.549092	0.429408	0.714016	-0.296239	-0.421367	0.474208	0.0246662	-0.445459	-0.183477	0.875953	0.431451	0.446984	0.223188	0.751161	0.751735	0.169572	0.519302	0.369413	0.722244	0.00687817	-0.6785	-0.133991	0.496508	0.493469	-0.66771	0.253242	0.3641	0.618262	-0.124494	0.685335	0.535959	0.485725	-0.51166	0.463705
0.510896	0.452456	-0.596691	0.422171	0.549468	0.458709	-0.548172	0.432641	0.710316	-0.299117	-0.422879	0.476606	0.0205598	-0.447963	-0.181405	0.875213	0.429004	0.447401	0.223012	0.752365	0.751285	0.170399	0.519252	0.370016	0.720365	0.0036681	-0.681225	-0.13036	0.494323	0.492379	-0.668861	0.256579	0.366181	0.61889	-0.124604	0.683637	0.544928	0.469261	-0.526067	0.453983
0.514018	0.447247	-0.597124	0.423318	0.551273	0.4561	-0.547929	0.433411	0.708206	-0.301999	-0.422338	0.478404	0.0174217	-0.448296	-0.178949	0.875617	0.425661	0.448409	0.224126	0.753332	0.751815	0.169928	0.519815	0.368364	0.718558	-0.00161298	-0.68314	-0.130348	0.495452	0.487581	-0.671405	0.256917	0.372698	0.615919	-0.128227	0.682127	0.551122	0.456029	-0.537636	0.446375
0.518189	0.442157	-0.596613	0.424299	0.553878	0.45336	-0.547493	0.433515	0.707948	-0.304555	-0.420348	0.478919	0.0158701	-0.446979	-0.176641	0.876788	0.421699	0.451068	0.226214	0.753349	0.751815	0.169061	0.521825	0.365912	0.717245	-0.00769654	-0.683747	-0.134131	0.496589	0.484529	-0.67241	0.257868	0.379192	0.612092	-0.133442	0.680992	0.552393	0.450237	-0.542402	0.444915
0.518757	0.441166	-0.596499	0.424798	0.555034	0.45212	-0.547613	0.43318	0.708393	-0.305317	-0.419159	0.478818	0.0161455	-0.44648	-0.175319	0.877302	0.419796	0.452962	0.227106	0.753008	0.751427	0.169258	0.523391	0.364377	0.716727	-0.00775415	-0.684481	-0.133145	0.496137	0.48445	-0.672237	0.259333	0.381111	0.610829	-0.134226	0.6809	0.552162	0.449199	-0.543273	0.445187
0.52046	0.439156	-0.594064	0.428195	0.557023	0.450301	-0.547703	0.432408	0.709783	-0.306331	-0.417586	0.477485	0.0188488	-0.445903	-0.174638	0.877677	0.415998	0.457145	0.227847	0.752363	0.750813	0.170555	0.525798	0.361562	0.715733	-0.00431175	-0.686276	-0.129359	0.494489	0.485466	-0.671774	0.26177	0.381796	0.610729	-0.134114	0.680629	0.552146	0.447425	-0.544012	0.44609
0.522687	0.437128	-0.592306	0.42999	0.55823	0.449218	-0.546539	0.433448	0.710649	-0.307578	-0.415744	0.477002	0.0206682	-0.445512	-0.1728	0.878198	0.414912	0.459895	0.22718	0.751488	0.749976	0.172013	0.527778	0.35972	0.715752	-0.00224062	-0.686969	-0.125571	0.492334	0.486233	-0.672844	0.26166	0.380986	0.611478	-0.133993	0.680433	0.550376	0.449391	-0.541319	0.449564
0.522744	0.436907	-0.592032	0.430521	0.558684	0.448862	-0.545903	0.434034	0.71047	-0.309038	-0.414566	0.47735	0.0207443	-0.445499	-0.170801	0.878594	0.414949	0.460264	0.227528	0.751136	0.749833	0.172056	0.52814	0.359465	0.716225	-0.00167307	-0.686585	-0.124977	0.491863	0.486471	-0.673348	0.260806	0.379819	0.612077	-0.133922	0.680561	0.548242	0.452541	-0.538343	0.452575
0.522756	0.436913	-0.591553	0.43116	0.558993	0.448888	-0.545146	0.43456	0.71047	-0.309038	-0.414566	0.47735	0.0202967	-0.445546	-0.168663	0.878993	0.415303	0.460361	0.228345	0.750632	0.74979	0.171937	0.528464	0.359137	0.716199	-0.000902312	-0.686662	-0.124714	0.491575	0.486846	-0.673585	0.260034	0.379819	0.612077	-0.133922	0.680561	0.545415	0.456526	-0.535347	0.455533
0.522474	0.437153	-0.591721	0.431028	0.559288	0.449042	-0.544427	0.434922	0.709838	-0.311324	-0.412535	0.478563	0.01984	-0.445473	-0.167286	0.879304	0.415483	0.460198	0.229389	0.750315	0.749765	0.171483	0.528673	0.359097	0.71609	-0.000206291	-0.686799	-0.124588	0.491192	0.487317	-0.673701	0.259575	0.379319	0.61179	-0.131674	0.681536	0.544694	0.45801	-0.535535	0.454683
0.5223	0.437353	-0.59308	0.429163	0.559412	0.449246	-0.544041	0.435035	0.70974	-0.312349	-0.411332	0.479076	0.0195169	-0.445164	-0.165658	0.879776	0.41625	0.459579	0.23043	0.74995	0.749548	0.169725	0.529252	0.359532	0.716572	-0.000809863	-0.685757	-0.127522	0.492492	0.486386	-0.674632	0.256421	0.381628	0.6098	-0.130855	0.682188	0.543159	0.460766	-0.536714	0.452339
0.522599	0.436839	-0.596335	0.42479	0.559786	0.449125	-0.544232	0.434439	0.709962	-0.312357	-0.41085	0.479155	0.0203252	-0.444909	-0.165551	0.879907	0.416304	0.459162	0.232528	0.749527	0.748925	0.168655	0.529666	0.360723	0.717301	-0.00265135	-0.684005	-0.132704	0.49449	0.485327	-0.67527	0.252881	0.38352	0.60851	-0.133107	0.681844	0.539222	0.466828	-0.534964	0.452908
0.522637	0.436637	-0.600046	0.419695	0.560678	0.449074	-0.545291	0.432007	0.711165	-0.311991	-0.409975	0.47836	0.0214145	-0.444135	-0.165458	0.880289	0.417646	0.458165	0.234062	0.748914	0.74834	0.168426	0.529609	0.362124	0.718183	-0.0052159	-0.681793	-0.139084	0.496967	0.483784	-0.676139	0.248624	0.385642	0.608134	-0.136722	0.680265	0.536674	0.470869	-0.535464	0.451156
0.522587	0.436999	-0.603098	0.414979	0.56232	0.449006	-0.546106	0.428902	0.711913	-0.311972	-0.409219	0.477905	0.0241548	-0.443446	-0.164432	0.880758	0.420143	0.455754	0.236377	0.748261	0.747263	0.167974	0.528967	0.365482	0.719579	-0.00656367	-0.679039	-0.145153	0.499339	0.483085	-0.676141	0.245199	0.387396	0.606807	-0.138793	0.680034	0.534481	0.474911	-0.535015	0.450053
0.522437	0.437332	-0.604496	0.412776	0.563144	0.448929	-0.546653	0.427202	0.71388	-0.312477	-0.407132	0.476421	0.0256621	-0.442967	-0.163609	0.881109	0.422499	0.453554	0.237719	0.747846	0.746396	0.168027	0.528148	0.368402	0.720313	-0.00671838	-0.677738	-0.147564	0.500204	0.483177	-0.675999	0.243643	0.389672	0.605433	-0.143301	0.679022	0.53439	0.475643	-0.535653	0.448628
0.522547	0.437277	-0.608283	0.407094	0.564157	0.448718	-0.547933	0.424439	0.715871	-0.313306	-0.405104	0.474615	0.02902	-0.442718	-0.161508	0.881518	0.429904	0.447643	0.241655	0.745923	0.742529	0.170727	0.52589	0.378077	0.721881	-0.00748316	-0.675033	-0.152188	0.502425	0.483142	-0.675474	0.240579	0.39082	0.605407	-0.147968	0.677383	0.535459	0.475808	-0.53813	0.444192
0.524825	0.436271	-0.611035	0.401075	0.564564	0.447139	-0.550635	0.422061	0.717439	-0.315557	-0.403849	0.471816	0.0330748	-0.444118	-0.15887	0.88115	0.443539	0.435941	0.245539	0.743599	0.736862	0.171101	0.519602	0.397205	0.72309	-0.00844038	-0.672356	-0.158137	0.505719	0.482946	-0.67416	0.237737	0.391577	0.605136	-0.152941	0.676083	0.536054	0.476484	-0.539129	0.441531
0.527521	0.434233	-0.614887	0.393798	0.564662	0.442896	-0.554305	0.421599	0.718748	-0.32051	-0.40266	0.467482	0.0372562	-0.447257	-0.1541	0.880242	0.466638	0.417086	0.251037	0.738423	0.725024	0.172398	0.512839	0.426164	0.724077	-0.009729	-0.669977	-0.163548	0.509331	0.482387	-0.672769	0.235091	0.390939	0.606875	-0.158496	0.673609	0.536706	0.476687	-0.539252	0.440368
0.529772	0.43275	-0.61809	0.387342	0.564083	0.439954	-0.557147	0.421708	0.719552	-0.323257	-0.401815	0.465074	0.0420904	-0.450849	-0.148043	0.879231	0.49973	0.38285	0.255158	0.733887	0.716085	0.17832	0.509392	0.442656	0.724972	-0.0111936	-0.667805	-0.168307	0.512739	0.481657	-0.671297	0.233379	0.390844	0.607424	-0.161691	0.672408	0.538158	0.475959	-0.53927	0.43936
0.53055	0.432035	-0.619472	0.38486	0.562278	0.433122	-0.562845	0.423621	0.722054	-0.328394	-0.400267	0.458893	0.0448674	-0.45209	-0.145934	0.878809	0.522656	0.348901	0.253764	0.735325	0.692416	0.180083	0.491347	0.496697	0.725322	-0.0113361	-0.666933	-0.170234	0.513895	0.481877	-0.670352	0.233099	0.390844	0.608467	-0.166949	0.670177	0.538812	0.475809	-0.538999	0.439054
0.528351	0.432627	-0.621119	0.384566	0.559034	0.431311	-0.565734	0.425908	0.72312	-0.33042	-0.399175	0.456705	0.0511474	-0.455805	-0.140666	0.877405	0.551808	0.3167	0.257346	0.727311	0.667903	0.185455	0.478908	0.538664	0.725851	-0.0081313	-0.666534	-0.169725	0.514425	0.483426	-0.668637	0.233648	0.390438	0.609307	-0.167531	0.669505	0.539664	0.476131	-0.537722	0.439222
0.525713	0.431942	-0.62489	0.382838	0.553797	0.419086	-0.58056	0.425002	0.72375	-0.337207	-0.398735	0.451097	0.0542977	-0.459321	-0.137447	0.875891	0.612787	0.252185	0.252499	0.705081	0.590572	0.178382	0.421731	0.66449	0.726453	-0.00669368	-0.665975	-0.169407	0.514623	0.484046	-0.668037	0.233643	0.387257	0.612819	-0.166182	0.668482	0.539554	0.476997	-0.536366	0.440075
0.52808	0.421438	-0.635859	0.373102	0.555521	0.406872	-0.592023	0.418761	0.72402	-0.34028	-0.400336	0.446917	0.0597313	-0.466935	-0.134385	0.871977	0.63902	0.20787	0.225378	0.705442	0.554603	0.171477	0.397552	0.710608	0.727633	-0.00743857	-0.664109	-0.171625	0.515624	0.485244	-0.666527	0.233263	0.385365	0.614747	-0.166669	0.667684	0.539591	0.478071	-0.534666	0.440933
0.532377	0.416256	-0.638264	0.368679	0.557077	0.39999	-0.59957	0.412539	0.73045	-0.346714	-0.402424	0.429287	0.0682052	-0.470296	-0.1332	0.869728	0.642349	0.199781	0.23296	0.702285	0.541832	0.177605	0.403382	0.715652	0.729162	-0.0130746	-0.660473	-0.178682	0.520116	0.483078	-0.666033	0.229162	0.385028	0.616003	-0.174139	0.664808	0.539468	0.479052	-0.534652	0.440036
0.531887	0.414054	-0.640699	0.367642	0.561745	0.396052	-0.600328	0.40889	0.735835	-0.352125	-0.397708	0.41998	0.0824097	-0.473028	-0.128092	0.867782	0.645176	0.203544	0.233232	0.698513	0.537739	0.184706	0.404345	0.716398	0.729804	-0.0139497	-0.659058	-0.181202	0.523097	0.481823	-0.66537	0.226936	0.386689	0.615276	-0.175874	0.66406	0.538714	0.481607	-0.535268	0.437414
0.531887	0.414054	-0.640699	0.367642	0.561745	0.396052	-0.600328	0.40889	0.735835	-0.352125	-0.397708	0.41998	0.0824097	-0.473028	-0.128092	0.867782	0.645176	0.203544	0.233232	0.698513	0.537739	0.184706	0.404345	0.716398	0.729804	-0.0139497	-0.659058	-0.181202	0.523097	0.481823	-0.66537	0.226936	0.386689	0.615276	-0.175874	0.66406	0.538714	0.481607	-0.535268	0.437414
0.533836	0.410038	-0.643577	0.364276	0.563794	0.3942	-0.600981	0.406896	0.737407	-0.354603	-0.395461	0.41725	0.0892566	-0.474834	-0.121441	0.867074	0.646103	0.196815	0.226592	0.701763	0.536728	0.185115	0.4046	0.716906	0.730479	-0.0157348	-0.657138	-0.185264	0.525926	0.480883	-0.664567	0.22473	0.387923	0.614754	-0.176685	0.663609	0.538594	0.483034	-0.537306	0.433471
0.533836	0.410038	-0.643577	0.364276	0.566884	0.390424	-0.602606	0.403828	0.73963	-0.358759	-0.392149	0.412866	0.0892566	-0.474834	-0.121441	0.867074	0.643149	0.202794	0.228789	0.702061	0.534701	0.185716	0.405841	0.717563	0.730479	-0.0157348	-0.657138	-0.185264	0.525926	0.480883	-0.664567	0.22473	0.389752	0.614157	-0.177933	0.662755	0.538594	0.483034	-0.537306	0.433471
0.535616	0.406529	-0.646109	0.361101	0.567511	0.390273	-0.60174	0.404386	0.740107	-0.360379	-0.390918	0.411766	0.0914067	-0.474898	-0.115735	0.867596	0.64182	0.202716	0.228024	0.703547	0.534132	0.18526	0.406459	0.717755	0.731011	-0.0187596	-0.654953	-0.190543	0.530338	0.478208	-0.664203	0.221119	0.391485	0.612925	-0.179404	0.662478	0.537504	0.485266	-0.5385	0.430842
0.536286	0.405422	-0.64675	0.360201	0.568339	0.38939	-0.601839	0.403926	0.740642	-0.360871	-0.390156	0.411097	0.0921552	-0.474862	-0.115771	0.867531	0.639652	0.203702	0.230018	0.704587	0.533767	0.18347	0.407553	0.717867	0.730972	-0.0194765	-0.654611	-0.191794	0.531488	0.477284	-0.664297	0.220069	0.392825	0.612	-0.18183	0.661878	0.536706	0.486371	-0.538017	0.431193
0.536503	0.404814	-0.647187	0.359777	0.568266	0.389619	-0.601398	0.404463	0.740679	-0.360395	-0.390094	0.411505	0.0925824	-0.474796	-0.115965	0.867496	0.639652	0.203702	0.230018	0.704587	0.533659	0.182997	0.408973	0.71726	0.731066	-0.0194061	-0.654402	-0.192154	0.532043	0.477144	-0.664027	0.219846	0.392633	0.612383	-0.182335	0.661499	0.53631	0.486972	-0.537787	0.431294
0.535903	0.405229	-0.64746	0.359712	0.568077	0.389709	-0.601087	0.405104	0.740181	-0.359846	-0.39018	0.412798	0.091984	-0.474731	-0.116118	0.867575	0.638241	0.201528	0.231831	0.705896	0.534722	0.179611	0.409273	0.717153	0.731405	-0.0184906	-0.653862	-0.192793	0.533052	0.477526	-0.662911	0.219939	0.392752	0.612406	-0.183353	0.661125	0.536509	0.487121	-0.537574	0.431144
0.535564	0.405536	-0.647578	0.359659	0.567529	0.390174	-0.60076	0.405911	0.739835	-0.359484	-0.39039	0.413534	0.0910575	-0.474501	-0.116477	0.86775	0.637955	0.200801	0.232629	0.706099	0.535084	0.178239	0.409609	0.717033	0.731415	-0.0176247	-0.653895	-0.192722	0.533039	0.478293	-0.662164	0.220554	0.392605	0.612602	-0.183927	0.660871	0.536743	0.486987	-0.537281	0.431368
0.535718	0.405346	-0.648006	0.358871	0.567407	0.390533	-0.600107	0.4067	0.739086	-0.358795	-0.390665	0.415209	0.0893656	-0.473884	-0.116807	0.868219	0.637642	0.198064	0.232994	0.707033	0.536583	0.174288	0.40922	0.717107	0.731493	-0.0157838	-0.654209	-0.19152	0.532924	0.47911	-0.661361	0.221465	0.390913	0.61394	-0.184636	0.660435	0.53652	0.487486	-0.535383	0.433439
0.534688	0.406284	-0.64795	0.35945	0.56739	0.390948	-0.599354	0.407435	0.738686	-0.358145	-0.390173	0.416942	0.088275	-0.472902	-0.116716	0.868878	0.637461	0.197358	0.234555	0.706879	0.536781	0.172955	0.410459	0.716572	0.731745	-0.0141293	-0.654143	-0.190912	0.533254	0.479725	-0.660367	0.222304	0.388826	0.615586	-0.184647	0.660132	0.536197	0.488001	-0.533572	0.435487
0.53278	0.408062	-0.648016	0.360147	0.567355	0.391983	-0.598325	0.408001	0.738755	-0.357712	-0.388929	0.418352	0.0871859	-0.471142	-0.116548	0.869966	0.637071	0.196915	0.235384	0.707078	0.537069	0.172292	0.411372	0.715992	0.731654	-0.0134553	-0.654305	-0.190753	0.533297	0.480472	-0.659538	0.223047	0.388518	0.616084	-0.185793	0.659527	0.536992	0.486823	-0.533387	0.436052
0.531036	0.409602	-0.648531	0.360047	0.568159	0.392439	-0.597325	0.407909	0.738986	-0.357392	-0.387665	0.419388	0.0868091	-0.469701	-0.116227	0.870825	0.636833	0.197249	0.236267	0.706905	0.537163	0.171862	0.411927	0.715706	0.73158	-0.0130066	-0.654471	-0.1905	0.533209	0.480894	-0.658975	0.224012	0.388358	0.616268	-0.186622	0.659215	0.537861	0.485758	-0.533377	0.43618
0.530464	0.410193	-0.648668	0.359972	0.568525	0.392745	-0.596812	0.407855	0.739238	-0.35698	-0.387105	0.419812	0.086737	-0.468965	-0.116274	0.871223	0.636405	0.198475	0.237132	0.706657	0.537196	0.172442	0.412823	0.715026	0.731397	-0.0128816	-0.654623	-0.190689	0.53335	0.480968	-0.658681	0.224382	0.388116	0.616436	-0.186815	0.659146	0.538171	0.485341	-0.533413	0.436217
0.530025	0.411632	-0.648091	0.360014	0.570265	0.393884	-0.594414	0.407831	0.739974	-0.355144	-0.38584	0.421234	0.0869106	-0.466848	-0.116917	0.872256	0.631782	0.211387	0.239095	0.7064	0.542539	0.173042	0.414326	0.709959	0.731469	-0.0132896	-0.654635	-0.190343	0.53296	0.480946	-0.658962	0.224529	0.387243	0.617433	-0.18726	0.6586	0.538524	0.484479	-0.533384	0.436777
0.529919	0.412411	-0.64747	0.360396	0.57186	0.393715	-0.593277	0.407415	0.740133	-0.354262	-0.385539	0.421973	0.0871711	-0.466176	-0.117373	0.872528	0.631782	0.211387	0.239095	0.7064	0.551551	0.17274	0.41583	0.702166	0.73135	-0.0134366	-0.654726	-0.190473	0.532772	0.481009	-0.659038	0.224618	0.386838	0.617649	-0.187062	0.658691	0.538208	0.484837	-0.532943	0.437307
0.529727	0.415102	-0.644753	0.362455	0.575961	0.394617	-0.588219	0.408099	0.739504	-0.352738	-0.385507	0.424375	0.0862228	-0.464935	-0.118313	0.873157	0.607487	0.255749	0.244876	0.711047	0.582455	0.174192	0.426771	0.66953	0.731365	-0.0129649	-0.654818	-0.190134	0.532448	0.481008	-0.659475	0.224107	0.385758	0.618787	-0.186743	0.658347	0.537273	0.485729	-0.532219	0.438348
0.529269	0.418425	-0.641632	0.364834	0.579169	0.397781	-0.581933	0.409496	0.738623	-0.350029	-0.386606	0.427144	0.0832927	-0.463646	-0.120637	0.873809	0.578502	0.297239	0.2531	0.716188	0.620793	0.185073	0.463217	0.604809	0.731351	-0.0119756	-0.655094	-0.189301	0.531606	0.481517	-0.659758	0.224179	0.385297	0.618926	-0.186363	0.658593	0.536906	0.486295	-0.532317	0.43805
0.528898	0.420483	-0.639226	0.367221	0.58061	0.399973	-0.578263	0.410518	0.737873	-0.348645	-0.387664	0.428611	0.0818362	-0.463298	-0.12226	0.873905	0.558715	0.325109	0.257835	0.718096	0.639373	0.189018	0.485214	0.565723	0.731233	-0.0106932	-0.655487	-0.18847	0.530706	0.482199	-0.66005	0.223988	0.38515	0.619041	-0.18609	0.658649	0.537237	0.486064	-0.532946	0.437135
0.527599	0.424417	-0.636006	0.370145	0.582283	0.406305	-0.572689	0.409743	0.736857	-0.343408	-0.390028	0.432425	0.0791253	-0.461882	-0.127109	0.874212	0.518023	0.36971	0.260736	0.725936	0.677086	0.18102	0.519158	0.489143	0.731126	-0.00938336	-0.656058	-0.186962	0.529784	0.482907	-0.660146	0.224359	0.384181	0.619739	-0.184321	0.659055	0.537675	0.485977	-0.533721	0.435745
0.527208	0.426183	-0.634585	0.371109	0.583276	0.408385	-0.571118	0.408454	0.736194	-0.341104	-0.391211	0.434305	0.0778625	-0.46107	-0.129497	0.874404	0.496143	0.389047	0.25677	0.732498	0.697333	0.171281	0.53356	0.446881	0.730894	-0.00677017	-0.656954	-0.184824	0.528284	0.484214	-0.659962	0.225618	0.383443	0.619787	-0.182765	0.659873	0.537018	0.486933	-0.533176	0.436155
0.526985	0.427857	-0.633474	0.371398	0.583656	0.411048	-0.570157	0.40658	0.735955	-0.338068	-0.392594	0.435833	0.0763574	-0.459804	-0.132636	0.874733	0.467345	0.411772	0.261767	0.737231	0.717735	0.154027	0.541948	0.409176	0.730894	-0.00677017	-0.656954	-0.184824	0.528284	0.484214	-0.659962	0.225618	0.38285	0.619818	-0.181267	0.660601	0.535901	0.48846	-0.532136	0.43709
0.526023	0.429679	-0.632475	0.37236	0.584476	0.412989	-0.569187	0.404788	0.735861	-0.333989	-0.393534	0.438281	0.0748177	-0.458062	-0.136182	0.875235	0.44194	0.426624	0.264592	0.743419	0.732805	0.141358	0.551179	0.373117	0.730559	-0.0053342	-0.657616	-0.183836	0.527478	0.485085	-0.659737	0.226289	0.382241	0.620185	-0.179597	0.661066	0.534628	0.490114	-0.530934	0.438259
0.524656	0.433725	-0.629803	0.374121	0.582998	0.419013	-0.56554	0.405839	0.734689	-0.326996	-0.395456	0.443758	0.0707892	-0.454132	-0.143354	0.876472	0.41684	0.446179	0.251298	0.751011	0.755111	0.114739	0.558027	0.32442	0.730225	-0.00188883	-0.658903	-0.180594	0.525114	0.487141	-0.659393	0.228363	0.380613	0.620575	-0.175861	0.662641	0.530326	0.494864	-0.526453	0.443522
0.523559	0.438067	-0.625604	0.377628	0.579531	0.424655	-0.562205	0.409559	0.731782	-0.320204	-0.398442	0.450786	0.0650464	-0.451299	-0.149899	0.877285	0.409192	0.453299	0.239021	0.754951	0.768879	0.11124	0.556645	0.294273	0.729384	0.00202041	-0.660785	-0.177081	0.522698	0.489118	-0.65893	0.231002	0.37867	0.621085	-0.17194	0.664304	0.52878	0.496543	-0.524445	0.445865
0.521514	0.442137	-0.62195	0.381728	0.575988	0.429597	-0.559165	0.413543	0.728532	-0.314287	-0.40186	0.457136	0.0584971	-0.44921	-0.156008	0.877753	0.404921	0.455853	0.23957	0.755541	0.776252	0.111944	0.552282	0.282639	0.72884	0.0061968	-0.662532	-0.172645	0.522698	0.489118	-0.65893	0.231002	0.375921	0.623003	-0.168636	0.664915	0.528923	0.496011	-0.523432	0.447474
0.520738	0.443841	-0.620357	0.383398	0.574787	0.431124	-0.557761	0.415517	0.726952	-0.312456	-0.403266	0.459661	0.0555772	-0.448567	-0.158173	0.877884	0.404757	0.455996	0.24082	0.755146	0.776826	0.11179	0.551761	0.282143	0.728694	0.00808798	-0.663279	-0.170295	0.518837	0.491838	-0.658724	0.234492	0.374321	0.623843	-0.167333	0.66536	0.528923	0.496011	-0.523432	0.447474
0.519552	0.446793	-0.617473	0.386223	0.572436	0.433552	-0.555544	0.419191	0.725556	-0.311081	-0.404471	0.461735	0.05054	-0.447799	-0.16126	0.878019	0.404834	0.453905	0.243787	0.755413	0.775886	0.112602	0.550817	0.286222	0.728073	0.010756	-0.664686	-0.167291	0.517439	0.492518	-0.658714	0.236173	0.371204	0.625095	-0.16538	0.666418	0.528169	0.496056	-0.520137	0.452133
0.519499	0.447712	-0.61623	0.387214	0.571451	0.434567	-0.553508	0.422167	0.722467	-0.308849	-0.40672	0.466081	0.0472838	-0.447494	-0.162813	0.878069	0.406963	0.452045	0.245633	0.754785	0.772862	0.115206	0.549651	0.295458	0.727691	0.0117738	-0.66543	-0.165924	0.516597	0.492997	-0.65872	0.237	0.367834	0.627168	-0.164198	0.666631	0.527532	0.495787	-0.517934	0.455686
0.519572	0.449512	-0.613568	0.389254	0.571511	0.435057	-0.552072	0.423459	0.721163	-0.309187	-0.406859	0.467753	0.0452564	-0.447537	-0.16245	0.878221	0.408736	0.449862	0.246227	0.754938	0.770123	0.119475	0.547808	0.304209	0.727437	0.0134863	-0.666435	-0.162844	0.514691	0.493823	-0.658848	0.239063	0.366007	0.627909	-0.164125	0.666957	0.52704	0.495631	-0.516228	0.458354
0.519494	0.450141	-0.612639	0.390094	0.571842	0.43527	-0.551378	0.423695	0.720791	-0.309784	-0.405912	0.468754	0.044587	-0.447407	-0.161927	0.878418	0.409351	0.449421	0.246207	0.754874	0.767515	0.123984	0.547044	0.31031	0.727198	0.014111	-0.666936	-0.161801	0.514433	0.49386	-0.658953	0.239253	0.364419	0.628362	-0.162696	0.66775	0.526521	0.49599	-0.515391	0.4595
0.51964	0.450912	-0.610994	0.391585	0.573311	0.435709	-0.549999	0.423052	0.720871	-0.310428	-0.404605	0.469335	0.0438817	-0.445881	-0.159772	0.879623	0.411715	0.451793	0.245946	0.752253	0.764577	0.127962	0.547626	0.314886	0.726914	0.0136089	-0.667199	-0.162038	0.514861	0.493038	-0.659155	0.239471	0.364321	0.62829	-0.162717	0.667866	0.527958	0.493861	-0.515983	0.459482
0.51965	0.450882	-0.610744	0.391996	0.573422	0.435861	-0.549948	0.422811	0.720871	-0.310428	-0.404605	0.469335	0.043711	-0.445318	-0.159654	0.879939	0.412276	0.452565	0.245672	0.751571	0.762077	0.130131	0.548893	0.317839	0.726837	0.0135451	-0.667217	-0.162316	0.515037	0.493028	-0.658971	0.239621	0.364574	0.628489	-0.163673	0.667307	0.528238	0.493387	-0.516098	0.45954
0.520021	0.450402	-0.610854	0.391885	0.573709	0.435768	-0.549773	0.422746	0.721247	-0.310378	-0.402996	0.470173	0.043931	-0.444876	-0.159314	0.880213	0.412855	0.453208	0.245773	0.750832	0.760847	0.131437	0.54958	0.319058	0.726854	0.012883	-0.6671	-0.162775	0.515645	0.492265	-0.659183	0.239297	0.364222	0.628686	-0.164065	0.667217	0.527646	0.493889	-0.514896	0.461026
0.520137	0.450433	-0.610455	0.392317	0.57366	0.435892	-0.54987	0.422559	0.721068	-0.310983	-0.402567	0.470416	0.0440353	-0.445015	-0.158351	0.880311	0.413919	0.452652	0.2462	0.750442	0.760774	0.130598	0.549678	0.319408	0.726822	0.0130603	-0.667179	-0.162579	0.515563	0.492396	-0.659	0.239708	0.363484	0.629348	-0.163695	0.667087	0.525466	0.496116	-0.512291	0.464018
0.520583	0.450322	-0.60986	0.392778	0.573279	0.436153	-0.549934	0.422723	0.72081	-0.312005	-0.40215	0.470491	0.0433555	-0.445146	-0.15733	0.880462	0.414822	0.451634	0.246602	0.750424	0.761012	0.129686	0.5494	0.319692	0.726862	0.0128482	-0.667092	-0.162768	0.515479	0.492484	-0.658993	0.239727	0.363636	0.628946	-0.163449	0.667443	0.522437	0.499197	-0.509114	0.467617
0.521426	0.449596	-0.609378	0.39324	0.573351	0.435884	-0.549532	0.423424	0.72081	-0.312005	-0.40215	0.470491	0.0428202	-0.445734	-0.156335	0.880368	0.415315	0.450101	0.24717	0.750886	0.761416	0.129284	0.548933	0.319693	0.727022	0.0129807	-0.666932	-0.162701	0.514975	0.492966	-0.658934	0.23998	0.363792	0.628732	-0.163375	0.667578	0.521014	0.500701	-0.507537	0.469307
0.521756	0.449358	-0.608931	0.393764	0.573136	0.435737	-0.549353	0.424098	0.719923	-0.314175	-0.402303	0.470273	0.0425487	-0.446512	-0.155606	0.880116	0.41575	0.448822	0.247394	0.751337	0.76236	0.128269	0.54737	0.320531	0.727113	0.0131558	-0.666847	-0.162633	0.514699	0.493182	-0.658925	0.240157	0.363154	0.629016	-0.162976	0.667755	0.519972	0.501896	-0.506737	0.470049
0.522027	0.449352	-0.607598	0.395469	0.57318	0.435251	-0.549166	0.42478	0.719452	-0.314853	-0.402869	0.470057	0.0423446	-0.447429	-0.155421	0.879692	0.416097	0.448024	0.247748	0.751505	0.762366	0.127969	0.547142	0.321026	0.727049	0.0130526	-0.666827	-0.163004	0.514261	0.493795	-0.658648	0.240593	0.362891	0.629085	-0.163366	0.667737	0.519741	0.50232	-0.50658	0.470022
0.521383	0.449845	-0.607442	0.395997	0.573528	0.434576	-0.548485	0.425879	0.719452	-0.314853	-0.402869	0.470057	0.0420342	-0.448076	-0.155481	0.879367	0.416232	0.447623	0.247619	0.751711	0.762465	0.128178	0.546948	0.321038	0.727083	0.0136294	-0.666881	-0.162586	0.513677	0.49438	-0.658523	0.24098	0.362937	0.628976	-0.164098	0.667637	0.522277	0.499811	-0.509563	0.466649
0.520777	0.450719	-0.606816	0.396759	0.573312	0.434742	-0.548002	0.426621	0.719452	-0.314853	-0.402869	0.470057	0.0417591	-0.448675	-0.15628	0.878933	0.416686	0.447426	0.24701	0.751777	0.763133	0.128696	0.546198	0.320521	0.727079	0.0142547	-0.66689	-0.162513	0.513518	0.494736	-0.658352	0.241058	0.362728	0.62944	-0.164318	0.667258	0.525417	0.496425	-0.513256	0.462674
0.520367	0.451227	-0.606493	0.397214	0.572488	0.43524	-0.547956	0.42728	0.718485	-0.314377	-0.405706	0.469413	0.0416708	-0.449536	-0.157237	0.878326	0.416722	0.447409	0.245807	0.752162	0.763859	0.129189	0.545711	0.319421	0.7271	0.0148453	-0.666936	-0.162176	0.513139	0.49511	-0.658293	0.241256	0.363475	0.628692	-0.164619	0.667483	0.527757	0.493731	-0.516214	0.459593
0.51986	0.451668	-0.606382	0.397545	0.571896	0.435637	-0.548127	0.427448	0.718024	-0.313863	-0.40642	0.469845	0.0408402	-0.450335	-0.158358	0.877755	0.416137	0.447717	0.244906	0.752596	0.764147	0.129767	0.545529	0.318809	0.726921	0.0151858	-0.667169	-0.161988	0.512526	0.495684	-0.658071	0.241983	0.363921	0.628303	-0.164215	0.667705	0.5291	0.492247	-0.518506	0.457052
0.519601	0.451893	-0.606318	0.397726	0.570742	0.436354	-0.548626	0.427618	0.717216	-0.31295	-0.407908	0.470399	0.0401867	-0.450498	-0.159076	0.877571	0.415686	0.447834	0.244477	0.752915	0.764089	0.129839	0.545201	0.319476	0.726828	0.015364	-0.66727	-0.161974	0.512513	0.495664	-0.658094	0.241991	0.36471	0.627779	-0.163418	0.667964	0.529437	0.491873	-0.519183	0.456296
0.519228	0.452077	-0.606475	0.397766	0.570193	0.436711	-0.548829	0.427726	0.716861	-0.312393	-0.408635	0.470679	0.0391775	-0.450768	-0.160281	0.877259	0.415317	0.447829	0.243862	0.75332	0.764043	0.130555	0.544885	0.319834	0.726651	0.0158933	-0.667537	-0.161617	0.512202	0.495829	-0.658101	0.242293	0.364575	0.627763	-0.16293	0.668171	0.529839	0.491412	-0.519628	0.455821
0.518774	0.452381	-0.606495	0.39798	0.56961	0.436991	-0.549093	0.427878	0.716195	-0.311928	-0.409561	0.471196	0.038795	-0.450899	-0.160534	0.877162	0.41434	0.448089	0.243079	0.753957	0.763654	0.131302	0.544414	0.321256	0.726592	0.0161947	-0.667624	-0.161496	0.512028	0.496067	-0.657934	0.242627	0.364399	0.627957	-0.163347	0.667983	0.530014	0.491202	-0.519584	0.455892
0.517852	0.453414	-0.606426	0.39811	0.568725	0.437837	-0.549312	0.427909	0.715572	-0.311618	-0.410159	0.471827	0.0378707	-0.451138	-0.160788	0.877034	0.413293	0.448147	0.242434	0.754705	0.762479	0.132364	0.544384	0.323654	0.726281	0.0176574	-0.668052	-0.16097	0.511821	0.496675	-0.657269	0.243617	0.364235	0.627966	-0.163555	0.668013	0.530987	0.489833	-0.519931	0.455838
0.517711	0.453523	-0.60646	0.398118	0.568593	0.437919	-0.549263	0.428064	0.715373	-0.311587	-0.410345	0.471987	0.0377605	-0.451323	-0.160805	0.87694	0.412996	0.448287	0.242536	0.754752	0.762061	0.132262	0.544529	0.324435	0.726109	0.0178217	-0.668159	-0.161282	0.511874	0.496761	-0.657048	0.24393	0.364035	0.628159	-0.163716	0.667902	0.531181	0.489485	-0.51989	0.456032
0.517742	0.453511	-0.606741	0.397664	0.5682	0.438381	-0.549354	0.427997	0.715138	-0.31109	-0.410651	0.472404	0.0371897	-0.451166	-0.161066	0.876997	0.412741	0.448505	0.243187	0.754552	0.761238	0.132247	0.545086	0.325435	0.726002	0.0179546	-0.668299	-0.161167	0.512078	0.496508	-0.657107	0.243857	0.363606	0.62831	-0.164366	0.667833	0.531578	0.488723	-0.519846	0.456436
0.517385	0.454044	-0.606334	0.398141	0.567863	0.438798	-0.549458	0.427883	0.715138	-0.31109	-0.410651	0.472404	0.0369342	-0.450945	-0.161563	0.87703	0.412971	0.448361	0.243416	0.754438	0.760749	0.131339	0.545424	0.326379	0.725969	0.0180006	-0.668285	-0.161369	0.512201	0.496412	-0.657033	0.243994	0.363671	0.628428	-0.165028	0.667523	0.531504	0.488632	-0.519559	0.456947
0.517495	0.454068	-0.606136	0.398272	0.567743	0.439012	-0.549423	0.427867	0.715025	-0.310293	-0.410987	0.472809	0.0370121	-0.450923	-0.16186	0.876983	0.4129	0.448217	0.243802	0.754438	0.760646	0.131226	0.545372	0.326752	0.725985	0.018066	-0.668249	-0.161441	0.512201	0.496412	-0.657033	0.243994	0.363759	0.62833	-0.165212	0.667522	0.531555	0.488533	-0.519607	0.456939
0.517586	0.454118	-0.606057	0.398217	0.567658	0.439279	-0.549034	0.428205	0.714623	-0.310186	-0.411463	0.473071	0.0367377	-0.451402	-0.161994	0.876724	0.41252	0.447722	0.243702	0.754971	0.760316	0.131826	0.545164	0.327625	0.726179	0.0179965	-0.668044	-0.161422	0.512066	0.496548	-0.657051	0.24395	0.364081	0.628067	-0.16531	0.667569	0.531395	0.488781	-0.51948	0.457004
0.517709	0.454247	-0.605613	0.398584	0.567497	0.439529	-0.548874	0.428368	0.7143	-0.310229	-0.411869	0.473178	0.0362403	-0.451712	-0.162179	0.87655	0.411906	0.447913	0.243875	0.755138	0.759862	0.132088	0.545198	0.328515	0.726214	0.017956	-0.667957	-0.16163	0.512158	0.496541	-0.656989	0.243939	0.363848	0.62824	-0.164912	0.667633	0.531117	0.489151	-0.51919	0.457261
0.517734	0.454328	-0.604888	0.399559	0.567327	0.439673	-0.548723	0.428638	0.713889	-0.310156	-0.412232	0.473531	0.0362403	-0.451712	-0.162179	0.87655	0.411219	0.448261	0.243868	0.755307	0.759336	0.132487	0.545386	0.329257	0.726199	0.0180818	-0.667946	-0.161729	0.512186	0.496704	-0.656888	0.243821	0.363687	0.62839	-0.164687	0.667635	0.531117	0.489151	-0.51919	0.457261
