FULLBODY	1																																						
Frames:	136																																						
0.420831	0.558667	-0.459992	0.546992	0.471825	0.524611	-0.416237	0.573508	0.728459	0.219637	-0.591975	0.265844	0.697522	0.0771939	-0.671985	0.236517	0.0169576	0.647605	0.0305744	0.761174	0.0678931	0.63597	0.171482	0.749351	0.700885	0.124622	-0.691921	0.120309	0.443002	0.582926	-0.468661	0.49427	0.0505874	0.727352	-0.0968114	0.677515	0.391469	0.621567	-0.451185	0.506793
0.414138	0.56633	-0.460703	0.543611	0.467598	0.530967	-0.416018	0.571275	0.726537	0.239512	-0.587073	0.264808	0.690283	0.108285	-0.67206	0.24519	0.00497322	0.648872	0.0262882	0.760427	0.0643233	0.64667	0.168049	0.741242	0.703502	0.125175	-0.690204	0.114174	0.445013	0.583478	-0.468189	0.492256	0.0452666	0.729421	-0.0945973	0.675979	0.388075	0.626896	-0.448312	0.505387
0.41422	0.566336	-0.460883	0.54339	0.467342	0.531558	-0.416518	0.57057	0.726836	0.239651	-0.587094	0.263812	0.690244	0.10819	-0.6723	0.244686	0.00471383	0.648841	0.0253134	0.760488	0.0633681	0.646452	0.16804	0.741516	0.703486	0.124773	-0.690328	0.113957	0.44509	0.583342	-0.468283	0.492258	0.045596	0.729312	-0.0943404	0.67611	0.388163	0.626952	-0.448708	0.504898
0.414349	0.566325	-0.461136	0.543088	0.467145	0.532113	-0.416883	0.569947	0.726961	0.240011	-0.587239	0.262816	0.690244	0.10819	-0.6723	0.244686	0.00427921	0.648871	0.0254945	0.760459	0.0630429	0.645948	0.168358	0.741911	0.703494	0.124585	-0.690372	0.113843	0.445178	0.583215	-0.468339	0.492275	0.0457509	0.729175	-0.0941903	0.676268	0.388282	0.626903	-0.448902	0.504694
0.414502	0.566392	-0.461275	0.542783	0.466864	0.532556	-0.417118	0.569591	0.726603	0.241355	-0.587315	0.262405	0.690036	0.110601	-0.672721	0.243031	0.00366144	0.647782	0.0276025	0.761317	0.0635397	0.642405	0.171766	0.744161	0.703538	0.12407	-0.690514	0.113279	0.445323	0.582985	-0.468354	0.492403	0.0463621	0.729025	-0.0946751	0.67632	0.388503	0.626806	-0.449295	0.504296
0.414516	0.566473	-0.46125	0.542708	0.46691	0.53274	-0.417656	0.568988	0.726129	0.242539	-0.587426	0.262379	0.69002	0.111151	-0.672769	0.242695	0.00693891	0.647751	0.0234783	0.761459	0.0654204	0.643504	0.16666	0.744209	0.703503	0.124095	-0.690539	0.113313	0.44528	0.582983	-0.468349	0.492448	0.0465389	0.728776	-0.0945303	0.676597	0.388533	0.626836	-0.449432	0.504112
0.414556	0.566667	-0.46132	0.542418	0.467264	0.533018	-0.418381	0.567902	0.72633	0.242174	-0.587786	0.261352	0.690082	0.110979	-0.67302	0.241901	0.00629608	0.649783	0.0210634	0.759802	0.0647124	0.646296	0.164128	0.742412	0.703582	0.123868	-0.690499	0.113318	0.445235	0.582959	-0.468374	0.492494	0.046611	0.728644	-0.0941558	0.676786	0.388709	0.626911	-0.44995	0.503421
0.414994	0.566472	-0.461634	0.542018	0.467583	0.533474	-0.418624	0.567032	0.726572	0.242273	-0.587946	0.260225	0.690071	0.110774	-0.673272	0.24132	0.00333684	0.652149	0.0217735	0.757771	0.0615388	0.649192	0.164893	0.739982	0.703633	0.123165	-0.690653	0.112824	0.44529	0.582944	-0.468408	0.492429	0.0473973	0.728472	-0.0944743	0.676872	0.388991	0.626967	-0.450484	0.502655
0.415714	0.566043	-0.46175	0.541815	0.467919	0.534105	-0.418408	0.56632	0.726605	0.24325	-0.587403	0.260447	0.690018	0.111734	-0.673077	0.241575	0.00173095	0.653796	0.0220544	0.756347	0.0599011	0.650394	0.166434	0.738715	0.703627	0.123006	-0.690695	0.112777	0.445454	0.582851	-0.468565	0.492241	0.0475901	0.728478	-0.0944534	0.676856	0.389253	0.627029	-0.450988	0.501923
0.416288	0.56574	-0.461408	0.541982	0.468018	0.534467	-0.418191	0.566057	0.726691	0.243725	-0.587	0.260671	0.690273	0.112616	-0.672503	0.242034	0.00137325	0.653968	0.0226676	0.756181	0.0599413	0.650181	0.167563	0.738643	0.70366	0.123078	-0.690622	0.112939	0.445443	0.582953	-0.468591	0.492107	0.0478249	0.728474	-0.0943899	0.676852	0.389446	0.627079	-0.451246	0.50148
0.416682	0.565644	-0.461202	0.541955	0.468258	0.534785	-0.417857	0.565805	0.726988	0.244247	-0.586288	0.260955	0.690512	0.112743	-0.672188	0.242169	0.00260759	0.653319	0.0232512	0.756721	0.0620249	0.648918	0.16848	0.739373	0.703643	0.123159	-0.690609	0.113035	0.445366	0.583063	-0.468555	0.492079	0.0474631	0.728651	-0.0939266	0.676752	0.389306	0.627211	-0.451094	0.501558
0.417858	0.5655	-0.460843	0.541506	0.468961	0.535148	-0.418232	0.564601	0.72783	0.243637	-0.585375	0.261229	0.691478	0.112032	-0.671088	0.242793	0.00596007	0.652354	0.0220352	0.757571	0.0660596	0.647236	0.167522	0.740715	0.703636	0.123816	-0.690358	0.113896	0.445087	0.583412	-0.468362	0.492103	0.0472291	0.728651	-0.0931964	0.676869	0.389336	0.627433	-0.45099	0.501352
0.418362	0.565551	-0.460988	0.54094	0.469123	0.535393	-0.418509	0.564029	0.728265	0.243108	-0.585205	0.260889	0.691907	0.11055	-0.670833	0.242954	0.00659838	0.652258	0.0214945	0.757663	0.067007	0.646893	0.167147	0.741013	0.703741	0.123236	-0.69041	0.113559	0.445233	0.583405	-0.468326	0.492014	0.0473318	0.728765	-0.0931501	0.676745	0.389631	0.627582	-0.451324	0.500634
0.4186	0.56553	-0.461043	0.540729	0.469681	0.53562	-0.418872	0.563078	0.728892	0.242467	-0.584879	0.260466	0.692044	0.109874	-0.670716	0.243192	0.00710154	0.65191	0.020023	0.757999	0.0681598	0.646582	0.166909	0.741234	0.704091	0.122346	-0.690333	0.112814	0.445527	0.583332	-0.468187	0.491966	0.0478813	0.728625	-0.0931615	0.676856	0.389903	0.627634	-0.451664	0.500051
0.419105	0.565305	-0.461719	0.539998	0.470337	0.535893	-0.419138	0.562072	0.729504	0.241542	-0.584726	0.259954	0.692135	0.108142	-0.670811	0.243446	0.00628815	0.651881	0.0191149	0.758054	0.0671448	0.647305	0.166915	0.740694	0.704185	0.121998	-0.690337	0.112581	0.445634	0.583353	-0.468135	0.491893	0.0487303	0.728693	-0.0935183	0.676673	0.390589	0.62775	-0.45246	0.498648
0.419768	0.565093	-0.462997	0.538607	0.471057	0.536104	-0.419567	0.560946	0.730413	0.241225	-0.584174	0.258937	0.691251	0.104175	-0.671978	0.244469	0.00494734	0.651903	0.0182549	0.758066	0.065421	0.647537	0.167133	0.740596	0.704822	0.119865	-0.690192	0.111777	0.445828	0.583523	-0.467968	0.491676	0.0504025	0.728581	-0.094472	0.676539	0.391502	0.628375	-0.453917	0.495812
0.419517	0.565553	-0.463221	0.538128	0.471764	0.536639	-0.419936	0.559563	0.732341	0.239623	-0.583906	0.255562	0.689477	0.0937297	-0.675634	0.243629	0.00412574	0.65147	0.0183156	0.758442	0.0625411	0.645744	0.170942	0.74154	0.705274	0.11907	-0.689902	0.111568	0.446259	0.583329	-0.468226	0.491268	0.0524111	0.728508	-0.0936525	0.676579	0.391825	0.628806	-0.454765	0.494232
0.418109	0.56765	-0.463606	0.536682	0.472239	0.537702	-0.420375	0.557809	0.735252	0.239239	-0.582409	0.250936	0.685138	0.07739	-0.680995	0.246663	0.00362857	0.64966	0.0199088	0.759956	0.0598551	0.64078	0.180675	0.743757	0.706584	0.116573	-0.68907	0.11105	0.446325	0.583516	-0.468264	0.49095	0.0535452	0.727413	-0.0892073	0.678266	0.392722	0.629994	-0.457011	0.489915
0.416821	0.570239	-0.464527	0.534138	0.471754	0.540531	-0.421266	0.554805	0.738099	0.239751	-0.580769	0.245839	0.678744	0.0535501	-0.685323	0.258402	0.0035514	0.644532	0.0217227	0.764261	0.0666711	0.632665	0.19153	0.747399	0.707982	0.11405	-0.688004	0.111372	0.44616	0.58389	-0.467726	0.491168	0.0552469	0.725914	-0.0844815	0.680338	0.393421	0.631575	-0.459012	0.485429
0.414432	0.574079	-0.465247	0.531248	0.471552	0.543711	-0.422384	0.551007	0.744487	0.232999	-0.578195	0.239044	0.667688	0.0196182	-0.689164	0.280823	0.00388492	0.636301	0.0247491	0.771034	0.0851933	0.620871	0.204929	0.751841	0.710118	0.110357	-0.686497	0.110797	0.446943	0.583885	-0.467072	0.491084	0.0590124	0.724283	-0.0811853	0.682159	0.396456	0.631983	-0.46228	0.479288
0.412091	0.578159	-0.466623	0.527424	0.470805	0.547948	-0.42339	0.546659	0.750218	0.226462	-0.574014	0.237479	0.652467	-0.0190832	-0.688177	0.316757	0.00779556	0.626801	0.0306964	0.778535	0.108588	0.605477	0.228561	0.754564	0.712413	0.107246	-0.684405	0.112053	0.447336	0.584856	-0.465391	0.491167	0.064504	0.724513	-0.0817326	0.681352	0.405666	0.62891	-0.471345	0.466627
0.409548	0.58228	-0.467646	0.523954	0.470159	0.552567	-0.422653	0.543125	0.756316	0.217012	-0.568554	0.24008	0.630945	-0.0624145	-0.683244	0.362203	0.0164299	0.617047	0.0411538	0.785678	0.144562	0.586183	0.253564	0.755776	0.71403	0.106769	-0.681953	0.117054	0.446962	0.587486	-0.461772	0.491785	0.0715252	0.722771	-0.077743	0.682965	0.409332	0.629648	-0.476791	0.456794
0.405878	0.587509	-0.469422	0.519365	0.469644	0.555585	-0.422026	0.540975	0.758828	0.21099	-0.566055	0.243402	0.604035	-0.107367	-0.673549	0.412245	0.0307681	0.607234	0.0535432	0.79212	0.165678	0.574972	0.268078	0.755045	0.715861	0.10731	-0.678906	0.122939	0.449528	0.588411	-0.459611	0.490362	0.0731387	0.721886	-0.072292	0.684328	0.415247	0.627075	-0.486265	0.444853
0.404189	0.589878	-0.47016	0.517325	0.46766	0.56345	-0.420654	0.535601	0.765923	0.193015	-0.559735	0.250607	0.589321	-0.128604	-0.666308	0.438401	0.0390241	0.602592	0.060922	0.794763	0.214518	0.550787	0.299612	0.748898	0.717506	0.10635	-0.676869	0.125389	0.451139	0.588917	-0.458483	0.48933	0.075933	0.72283	-0.0642381	0.683831	0.420262	0.623959	-0.492241	0.437898
0.402976	0.594052	-0.471742	0.512028	0.466513	0.570242	-0.41928	0.530465	0.77056	0.177231	-0.551463	0.265921	0.556183	-0.170867	-0.64972	0.489213	0.0587744	0.594349	0.0771553	0.798337	0.270215	0.523604	0.331844	0.736683	0.720925	0.103063	-0.672454	0.132105	0.453671	0.591121	-0.455501	0.487111	0.0871426	0.723945	-0.0657136	0.68117	0.4305	0.61842	-0.4997	0.427232
0.402897	0.596137	-0.47278	0.508698	0.465789	0.573388	-0.419207	0.527762	0.773837	0.164899	-0.547437	0.272575	0.539398	-0.190919	-0.638853	0.514263	0.070948	0.590479	0.085394	0.79938	0.2988	0.50969	0.347953	0.727917	0.724381	0.0969619	-0.667901	0.140639	0.45727	0.592892	-0.453896	0.483075	0.0904204	0.725693	-0.0641735	0.679026	0.435496	0.616809	-0.4997	0.424488
0.405971	0.598225	-0.475078	0.501613	0.465197	0.578548	-0.420607	0.521502	0.778759	0.141235	-0.538303	0.289513	0.506401	-0.227219	-0.612357	0.562982	0.103066	0.581447	0.0931206	0.801639	0.356583	0.482085	0.377896	0.705434	0.725872	0.0918203	-0.666282	0.144038	0.460078	0.5929	-0.453539	0.480729	0.0854573	0.733544	-0.0560286	0.671916	0.44232	0.617447	-0.490713	0.426981
0.413577	0.59996	-0.479771	0.488695	0.464359	0.583652	-0.424987	0.51294	0.782763	0.114178	-0.530215	0.305151	0.473405	-0.261029	-0.582432	0.607062	0.138547	0.571781	0.10101	0.802289	0.412469	0.455456	0.400984	0.679441	0.729716	0.079903	-0.662994	0.146867	0.469429	0.588925	-0.453424	0.476667	0.0863253	0.736563	-0.0511133	0.668887	0.454262	0.613101	-0.488732	0.422958
0.417032	0.601401	-0.482292	0.481452	0.464362	0.585948	-0.427747	0.508002	0.784109	0.100784	-0.526279	0.313123	0.456903	-0.276276	-0.568539	0.625839	0.153548	0.566501	0.106052	0.802654	0.439065	0.44238	0.410566	0.665551	0.732918	0.071636	-0.661014	0.144083	0.475363	0.585201	-0.452787	0.475977	0.0912662	0.73688	-0.0490718	0.668035	0.459314	0.611507	-0.487805	0.420875
0.430192	0.602144	-0.493531	0.45693	0.46818	0.589558	-0.437493	0.491762	0.784831	0.0655729	-0.516367	0.336311	0.406426	-0.314413	-0.527959	0.676181	0.197478	0.553527	0.118135	0.800409	0.508855	0.404586	0.434329	0.623486	0.742765	0.0417905	-0.655101	0.131891	0.484344	0.579026	-0.453615	0.473681	0.108122	0.736418	-0.0524174	0.665771	0.47152	0.606425	-0.485057	0.417896
0.438766	0.600279	-0.501364	0.442475	0.472006	0.590842	-0.445698	0.47903	0.784291	0.0435175	-0.508764	0.352355	0.373153	-0.332955	-0.499909	0.707099	0.222173	0.546225	0.130294	0.797058	0.546485	0.381618	0.448984	0.595093	0.746211	0.0286334	-0.653361	0.124371	0.487323	0.574559	-0.478079	0.451484	0.118257	0.736603	-0.0592419	0.663266	0.478895	0.602081	-0.482919	0.418267
0.443125	0.598878	-0.507171	0.433315	0.47719	0.590813	-0.451994	0.4679	0.784052	0.0221031	-0.500582	0.366321	0.33816	-0.348412	-0.474198	0.734434	0.244279	0.541708	0.141215	0.791794	0.576298	0.360159	0.46468	0.56766	0.750668	0.0230047	-0.651285	0.108609	0.489076	0.570293	-0.508937	0.420183	0.124819	0.737569	-0.0674934	0.660195	0.484158	0.598264	-0.479673	0.421408
0.450332	0.5945	-0.515488	0.421952	0.482341	0.58871	-0.459028	0.458324	0.783799	-0.000264095	-0.491196	0.379982	0.303105	-0.36045	-0.447392	0.760291	0.263106	0.537861	0.151473	0.786471	0.601491	0.340658	0.479	0.541035	0.757313	0.0154027	-0.647703	0.0819745	0.484094	0.57183	-0.537225	0.387366	0.129267	0.737745	-0.0726639	0.658592	0.490094	0.593537	-0.478347	0.422735
0.459577	0.588148	-0.525714	0.40804	0.487555	0.584424	-0.467359	0.449794	0.783263	-0.0258807	-0.481943	0.391868	0.267478	-0.369758	-0.421632	0.783557	0.280195	0.536052	0.159193	0.780254	0.62218	0.323933	0.495645	0.512148	0.763833	0.0103562	-0.64317	0.052765	0.478369	0.572558	-0.56599	0.350707	0.149086	0.73504	-0.0919441	0.655008	0.495153	0.589465	-0.478688	0.422152
0.463514	0.585215	-0.53072	0.401265	0.490047	0.581909	-0.471787	0.445705	0.781653	-0.0379654	-0.477534	0.399423	0.25037	-0.374002	-0.408721	0.793967	0.288451	0.534843	0.161725	0.77755	0.632069	0.315429	0.502509	0.498476	0.767111	0.00912143	-0.640386	0.0369334	0.472763	0.570713	-0.593768	0.313403	0.156118	0.733835	-0.0971774	0.653965	0.497545	0.587618	-0.479668	0.420799
0.469351	0.579631	-0.54124	0.388325	0.495107	0.576404	-0.480504	0.437885	0.777488	-0.0608601	-0.468334	0.415298	0.215973	-0.381322	-0.383774	0.812814	0.305402	0.531251	0.166134	0.772594	0.650437	0.298709	0.513919	0.472855	0.773604	0.00592805	-0.63364	0.00141326	0.470589	0.569171	-0.606685	0.29415	0.171596	0.730567	-0.106008	0.652372	0.503111	0.583068	-0.482939	0.416751
0.47487	0.57305	-0.552278	0.375634	0.499419	0.570603	-0.48867	0.431501	0.772138	-0.0828594	-0.459981	0.430528	0.182743	-0.385736	-0.361597	0.828891	0.321437	0.527266	0.171689	0.767588	0.667285	0.282192	0.522556	0.449481	0.77879	-0.000814818	-0.626203	-0.0368112	0.464493	0.566989	-0.629253	0.258477	0.186534	0.727263	-0.115806	0.650294	0.509521	0.577015	-0.486668	0.413032
0.477779	0.569346	-0.557492	0.369832	0.501596	0.56769	-0.49238	0.428594	0.769336	-0.0924774	-0.455638	0.438138	0.167597	-0.387106	-0.351059	0.835953	0.328379	0.524779	0.174306	0.765762	0.676132	0.273821	0.525252	0.438152	0.780861	-0.00270699	-0.62235	-0.0541261	0.461647	0.565229	-0.639543	0.241627	0.193879	0.725137	-0.120517	0.649664	0.512017	0.57467	-0.487613	0.4121
0.479994	0.565979	-0.562493	0.36452	0.503408	0.565017	-0.495886	0.425949	0.769336	-0.0924774	-0.455638	0.438138	0.153292	-0.387732	-0.341485	0.84235	0.335487	0.522174	0.176169	0.764034	0.676132	0.273821	0.525252	0.438152	0.782149	-0.00287368	-0.619212	-0.0693687	0.45903	0.563072	-0.648984	0.225969	0.193879	0.725137	-0.120517	0.649664	0.514759	0.57173	-0.48928	0.410796
0.481791	0.562857	-0.567152	0.359732	0.505193	0.562472	-0.499002	0.423559	0.764045	-0.110909	-0.447376	0.45143	0.139895	-0.387712	-0.332835	0.848133	0.34227	0.519213	0.17781	0.762662	0.691581	0.258246	0.529858	0.417463	0.782758	-0.00261076	-0.616662	-0.0837307	0.457068	0.560553	-0.657171	0.212121	0.207368	0.72007	-0.128007	0.649702	0.516822	0.569042	-0.490863	0.410048
0.484617	0.556661	-0.575437	0.352346	0.508847	0.557465	-0.504443	0.419339	0.759247	-0.129559	-0.439876	0.461809	0.116449	-0.388053	-0.316026	0.857894	0.353305	0.513575	0.182245	0.760397	0.705344	0.245198	0.532602	0.398376	0.782282	-0.00323116	-0.612879	-0.11137	0.455724	0.555151	-0.66903	0.191105	0.219293	0.714915	-0.132933	0.650489	0.523338	0.560651	-0.497764	0.404993
0.486421	0.553044	-0.579327	0.349167	0.510673	0.554906	-0.506742	0.417739	0.757042	-0.139248	-0.43624	0.466038	0.105983	-0.38822	-0.307657	0.862207	0.358306	0.510175	0.184067	0.759906	0.712201	0.238646	0.532962	0.389577	0.781151	-0.00314835	-0.611936	-0.123802	0.458129	0.551274	-0.67284	0.183034	0.226704	0.711799	-0.136484	0.650631	0.525295	0.557582	-0.500032	0.403901
0.490545	0.544976	-0.587322	0.342664	0.514658	0.549435	-0.510486	0.415515	0.752364	-0.157919	-0.429698	0.473676	0.086846	-0.389689	-0.290547	0.869587	0.367631	0.503646	0.187983	0.758848	0.724009	0.226148	0.533756	0.373862	0.777616	-0.00398619	-0.611427	-0.146473	0.466684	0.543007	-0.676037	0.174136	0.243085	0.704467	-0.144657	0.65093	0.528379	0.552167	-0.502816	0.40386
0.493663	0.536835	-0.595443	0.336977	0.519296	0.54316	-0.514181	0.413432	0.747692	-0.17633	-0.424033	0.479646	0.0727705	-0.392561	-0.272705	0.875347	0.375064	0.497073	0.191309	0.758714	0.734783	0.214159	0.532813	0.361028	0.769567	-0.0103628	-0.615589	-0.169438	0.481467	0.528854	-0.676614	0.175203	0.25836	0.697158	-0.151499	0.651359	0.531487	0.546353	-0.504636	0.405417
0.495388	0.528854	-0.602259	0.334945	0.523743	0.536749	-0.518443	0.410865	0.744034	-0.192317	-0.41821	0.48428	0.0618757	-0.394603	-0.257171	0.879956	0.380143	0.491617	0.194088	0.759034	0.743289	0.20462	0.532021	0.35015	0.766834	-0.0130466	-0.617919	-0.173121	0.486578	0.523738	-0.675891	0.179194	0.270902	0.690822	-0.154335	0.652348	0.535593	0.538859	-0.507601	0.406341
0.496475	0.521441	-0.607024	0.336354	0.527948	0.530318	-0.522423	0.408788	0.740981	-0.208027	-0.412602	0.487269	0.0533818	-0.39701	-0.242208	0.883668	0.384548	0.48695	0.195376	0.759494	0.750316	0.196656	0.531342	0.340628	0.761056	-0.0187908	-0.623865	-0.176727	0.494986	0.510855	-0.678034	0.185168	0.281854	0.684836	-0.154904	0.653883	0.537495	0.533121	-0.508788	0.409897
0.497427	0.517489	-0.608805	0.337829	0.529755	0.527103	-0.524548	0.407887	0.739515	-0.215207	-0.409989	0.488583	0.0494003	-0.39814	-0.235052	0.885322	0.38512	0.48515	0.196142	0.760158	0.753567	0.193368	0.531255	0.33543	0.758453	-0.020314	-0.626948	-0.17684	0.497825	0.505478	-0.679629	0.186461	0.286761	0.681753	-0.155419	0.654849	0.538797	0.529693	-0.509766	0.411415
0.50124	0.504603	-0.612057	0.345717	0.536396	0.516841	-0.52765	0.408339	0.73492	-0.233774	-0.405393	0.490814	0.039711	-0.403324	-0.218253	0.88776	0.385441	0.482434	0.199614	0.76082	0.761403	0.185408	0.531311	0.321866	0.749906	-0.0176771	-0.637822	-0.174675	0.503532	0.496299	-0.67912	0.197332	0.30118	0.672897	-0.156594	0.657251	0.542755	0.517959	-0.514484	0.415261
0.502626	0.497176	-0.613276	0.352243	0.54033	0.509626	-0.529404	0.409946	0.733266	-0.239407	-0.404688	0.491155	0.034408	-0.407983	-0.208527	0.888191	0.385741	0.479991	0.202488	0.761453	0.763767	0.182881	0.530713	0.318682	0.743659	-0.0133304	-0.646701	-0.169029	0.505139	0.492676	-0.677765	0.206735	0.306793	0.669379	-0.157328	0.658071	0.54423	0.510964	-0.517195	0.418616
0.503819	0.493452	-0.613938	0.354615	0.542078	0.505625	-0.53087	0.410698	0.729967	-0.251171	-0.404004	0.490757	0.0321332	-0.410826	-0.20383	0.888056	0.386637	0.478514	0.203565	0.761641	0.767692	0.178654	0.529903	0.312946	0.743659	-0.0133304	-0.646701	-0.169029	0.505114	0.490248	-0.678521	0.210065	0.319646	0.660473	-0.159128	0.660515	0.544306	0.508239	-0.518172	0.42062
0.507992	0.485279	-0.613832	0.360082	0.545726	0.497987	-0.533512	0.411775	0.728278	-0.25692	-0.404218	0.490113	0.028986	-0.416922	-0.195804	0.887128	0.390423	0.474392	0.205523	0.761763	0.769852	0.176472	0.528821	0.310698	0.738246	-0.0166744	-0.653976	-0.164412	0.505634	0.483477	-0.681651	0.214327	0.326313	0.655846	-0.159509	0.661772	0.543034	0.504432	-0.518729	0.426126
0.507992	0.485279	-0.613832	0.360082	0.545726	0.497987	-0.533512	0.411775	0.726886	-0.262195	-0.404362	0.489267	0.028986	-0.416922	-0.195804	0.887128	0.390423	0.474392	0.205523	0.761763	0.771779	0.173819	0.527858	0.309048	0.738246	-0.0166744	-0.653976	-0.164412	0.505634	0.483477	-0.681651	0.214327	0.332671	0.65148	-0.159972	0.662807	0.543034	0.504432	-0.518729	0.426126
0.509979	0.481466	-0.613188	0.363472	0.547706	0.494206	-0.534536	0.412372	0.725906	-0.267337	-0.404423	0.487887	0.02725	-0.419459	-0.192244	0.886766	0.392055	0.472698	0.207171	0.761531	0.773076	0.171633	0.527408	0.307794	0.736792	-0.0195218	-0.655579	-0.164233	0.504846	0.48174	-0.682581	0.217119	0.338009	0.647535	-0.160263	0.6639	0.54077	0.504317	-0.517487	0.430626
0.514692	0.473475	-0.61142	0.370242	0.551384	0.486857	-0.536393	0.413798	0.724905	-0.272536	-0.404454	0.486471	0.0235774	-0.423856	-0.185159	0.886288	0.394911	0.469527	0.209624	0.761345	0.774537	0.169715	0.526473	0.306782	0.73304	-0.0221793	-0.660499	-0.160938	0.50287	0.478509	-0.684704	0.222107	0.342355	0.644118	-0.160502	0.664939	0.534744	0.506486	-0.511572	0.44251
0.516983	0.469437	-0.610595	0.373538	0.553331	0.483227	-0.537155	0.414465	0.722981	-0.282524	-0.404689	0.483431	0.0220663	-0.426119	-0.181446	0.88601	0.395655	0.468008	0.210763	0.76158	0.77659	0.166114	0.525097	0.30592	0.731082	-0.0233648	-0.663022	-0.159296	0.50287	0.478509	-0.684704	0.222107	0.348807	0.638618	-0.160921	0.666787	0.530414	0.509292	-0.507215	0.449461
0.519981	0.462696	-0.608931	0.380441	0.556545	0.477167	-0.537864	0.416259	0.72139	-0.290363	-0.404141	0.481617	0.0195264	-0.429075	-0.174982	0.885943	0.395827	0.465679	0.213377	0.76219	0.778265	0.163488	0.523946	0.305051	0.728261	-0.0262861	-0.666936	-0.155375	0.500095	0.472235	-0.689637	0.226493	0.355854	0.63297	-0.159569	0.668771	0.523026	0.512899	-0.501978	0.459779
0.520869	0.456924	-0.606077	0.390624	0.55831	0.472677	-0.538657	0.41799	0.719867	-0.296418	-0.403976	0.480344	0.0193595	-0.43405	-0.167971	0.884879	0.395495	0.464474	0.214534	0.762773	0.779173	0.161925	0.523371	0.304553	0.725642	-0.0259038	-0.671729	-0.146808	0.495224	0.470824	-0.692458	0.231474	0.364079	0.627603	-0.15659	0.670105	0.522361	0.499792	-0.517045	0.45827
0.521524	0.45487	-0.60522	0.393464	0.558874	0.468918	-0.539657	0.420174	0.718585	-0.300472	-0.404952	0.478922	0.0193066	-0.435643	-0.166976	0.884286	0.39462	0.464538	0.214158	0.763293	0.77979	0.162084	0.523081	0.303385	0.724861	-0.0259837	-0.673015	-0.14475	0.494408	0.469811	-0.693585	0.231901	0.372394	0.620452	-0.155735	0.67239	0.522894	0.494277	-0.523443	0.456376
0.521391	0.451898	-0.604785	0.397711	0.558887	0.467112	-0.540389	0.421227	0.717708	-0.302293	-0.405883	0.478302	0.0189038	-0.439518	-0.1648	0.882784	0.394196	0.464405	0.213774	0.7637	0.780418	0.162258	0.522347	0.302942	0.724012	-0.0263096	-0.674531	-0.141853	0.494182	0.467456	-0.695412	0.231668	0.375605	0.617756	-0.154979	0.67326	0.524319	0.485478	-0.532894	0.453237
0.521548	0.450422	-0.604623	0.399422	0.558598	0.463857	-0.542116	0.422984	0.716009	-0.305625	-0.407856	0.47705	0.0186286	-0.441202	-0.164081	0.882083	0.393329	0.46437	0.212455	0.764536	0.781724	0.163553	0.520965	0.301253	0.723534	-0.0271897	-0.675017	-0.141815	0.494484	0.466325	-0.696111	0.231205	0.378186	0.616113	-0.154896	0.67334	0.524112	0.484843	-0.532894	0.454156
0.522439	0.448622	-0.604581	0.400346	0.558738	0.462079	-0.54303	0.423572	0.715338	-0.307043	-0.408752	0.47638	0.0185921	-0.442888	-0.163326	0.881379	0.393111	0.46441	0.211774	0.764813	0.782392	0.164021	0.520199	0.300588	0.72332	-0.0285027	-0.675106	-0.142223	0.495658	0.464206	-0.69714	0.229851	0.377604	0.616187	-0.154288	0.673739	0.522878	0.486599	-0.530216	0.456827
0.524157	0.446287	-0.604561	0.400741	0.558798	0.459867	-0.544836	0.42358	0.714883	-0.308448	-0.409608	0.475419	0.0193538	-0.445928	-0.162064	0.880062	0.392958	0.464699	0.21015	0.765164	0.783533	0.166198	0.518621	0.299143	0.723169	-0.0298376	-0.675048	-0.14299	0.499201	0.459278	-0.699158	0.225919	0.376475	0.616976	-0.153712	0.67378	0.52336	0.485923	-0.52951	0.457813
0.526533	0.444159	-0.604155	0.400604	0.559463	0.45771	-0.546191	0.423295	0.714754	-0.310324	-0.410521	0.473602	0.0213997	-0.447992	-0.160547	0.879244	0.394001	0.465289	0.207465	0.765001	0.784298	0.168349	0.517377	0.298086	0.723791	-0.0305929	-0.674136	-0.143987	0.500298	0.458238	-0.699531	0.224447	0.376684	0.616649	-0.154361	0.673815	0.522383	0.487084	-0.527419	0.460102
0.527408	0.443391	-0.604724	0.399442	0.560443	0.456395	-0.546624	0.422859	0.715465	-0.312698	-0.409839	0.471552	0.0231344	-0.448951	-0.159178	0.87896	0.394626	0.465373	0.207024	0.764748	0.784637	0.169135	0.517008	0.29739	0.72422	-0.03151	-0.673406	-0.145038	0.501388	0.45698	-0.700115	0.22275	0.375527	0.616986	-0.157168	0.673502	0.521487	0.488168	-0.525857	0.461756
0.529819	0.441601	-0.60719	0.394462	0.563975	0.453532	-0.548329	0.419019	0.717913	-0.316399	-0.406616	0.468141	0.0291548	-0.450173	-0.154312	0.879024	0.398594	0.465169	0.206963	0.762828	0.784833	0.16887	0.51783	0.29559	0.725388	-0.0352535	-0.670901	-0.149872	0.504555	0.454536	-0.700981	0.217825	0.375267	0.617813	-0.162593	0.671599	0.52415	0.48541	-0.52918	0.457835
0.532017	0.439906	-0.609759	0.389403	0.565382	0.452314	-0.549129	0.417388	0.719025	-0.317546	-0.405193	0.46689	0.0313182	-0.45027	-0.15242	0.879229	0.400487	0.465256	0.207334	0.761682	0.784299	0.168456	0.518816	0.295512	0.726485	-0.0379035	-0.668518	-0.154486	0.505763	0.453828	-0.701067	0.216215	0.376511	0.617125	-0.164828	0.67099	0.526354	0.483707	-0.533548	0.452002
0.533212	0.438912	-0.611455	0.386219	0.567681	0.450417	-0.551055	0.413765	0.721406	-0.319199	-0.402571	0.464352	0.0361488	-0.450186	-0.149622	0.879568	0.404334	0.464963	0.208414	0.759531	0.782867	0.167812	0.520847	0.296101	0.727022	-0.039524	-0.667174	-0.157338	0.509127	0.451612	-0.701379	0.211907	0.378745	0.616233	-0.168619	0.66961	0.52723	0.483231	-0.535625	0.449024
0.534321	0.437997	-0.613098	0.383106	0.568883	0.449395	-0.552034	0.411917	0.722686	-0.319843	-0.40132	0.462998	0.0382523	-0.450009	-0.148469	0.879765	0.40681	0.46412	0.208841	0.758607	0.781921	0.16705	0.521612	0.297681	0.727437	-0.0412471	-0.665911	-0.160302	0.510705	0.450803	-0.701367	0.209862	0.379634	0.615578	-0.170529	0.669225	0.527672	0.483444	-0.537275	0.446295
0.535061	0.437373	-0.614682	0.380239	0.570029	0.448431	-0.552996	0.410089	0.723864	-0.320501	-0.400289	0.461593	0.0403561	-0.449964	-0.147354	0.879881	0.409325	0.461811	0.209774	0.758405	0.781254	0.165708	0.521537	0.300304	0.727866	-0.0428047	-0.664629	-0.163239	0.512277	0.450105	-0.70128	0.207811	0.380485	0.615008	-0.172379	0.668792	0.528172	0.483666	-0.538992	0.443384
0.53564	0.436788	-0.616255	0.377539	0.571122	0.447615	-0.553873	0.40827	0.724959	-0.321044	-0.399427	0.460243	0.0425547	-0.450107	-0.146302	0.87988	0.412753	0.458162	0.211134	0.758383	0.779976	0.163973	0.52136	0.304851	0.728058	-0.0441354	-0.663676	-0.165883	0.512277	0.450105	-0.70128	0.207811	0.381162	0.614826	-0.17408	0.668132	0.529021	0.483532	-0.540737	0.440382
0.536068	0.436345	-0.617768	0.374964	0.572026	0.446757	-0.5548	0.406684	0.72585	-0.321711	-0.398554	0.459128	0.0445609	-0.450244	-0.145263	0.879883	0.417873	0.454021	0.212197	0.757773	0.777316	0.161198	0.521582	0.312646	0.728516	-0.0448002	-0.662631	-0.167859	0.514314	0.450235	-0.700388	0.205488	0.381762	0.614791	-0.175812	0.667368	0.529769	0.483495	-0.542101	0.437839
0.536432	0.436001	-0.618993	0.372816	0.572858	0.445478	-0.555833	0.405502	0.726529	-0.322489	-0.397653	0.458288	0.0460976	-0.450355	-0.143994	0.879955	0.424281	0.449627	0.213351	0.756507	0.773276	0.157281	0.521403	0.324724	0.729094	-0.0450134	-0.66154	-0.169587	0.514314	0.450235	-0.700388	0.205488	0.381951	0.615035	-0.177766	0.666517	0.530185	0.483858	-0.542871	0.435978
0.537449	0.435427	-0.620624	0.369294	0.573271	0.443136	-0.557745	0.40486	0.727328	-0.324494	-0.396387	0.4567	0.0483964	-0.451253	-0.140967	0.879862	0.441689	0.436518	0.216518	0.753315	0.759522	0.155313	0.518973	0.360098	0.730068	-0.0459694	-0.659347	-0.173637	0.517983	0.449786	-0.699091	0.201641	0.382248	0.615462	-0.182263	0.664735	0.531739	0.483744	-0.544366	0.432332
0.538241	0.435427	-0.620958	0.367576	0.573474	0.440758	-0.559365	0.404934	0.727637	-0.326388	-0.394843	0.456196	0.0501119	-0.452223	-0.13744	0.879825	0.47063	0.410054	0.219473	0.749796	0.732469	0.164958	0.51603	0.4123	0.730663	-0.0451112	-0.65832	-0.175244	0.51847	0.451954	-0.697197	0.202095	0.382189	0.616213	-0.184637	0.663417	0.533154	0.483629	-0.545379	0.429432
0.537883	0.436765	-0.620391	0.367469	0.572553	0.439408	-0.560559	0.406051	0.727594	-0.327356	-0.393872	0.456409	0.0510287	-0.452683	-0.135429	0.879848	0.487194	0.402483	0.228366	0.740607	0.710578	0.178458	0.51491	0.445084	0.731901	-0.0434637	-0.657113	-0.175026	0.518774	0.452444	-0.696703	0.201926	0.381909	0.616746	-0.184747	0.663052	0.533934	0.484108	-0.545411	0.427879
0.537568	0.4369	-0.620794	0.367087	0.569998	0.434899	-0.563029	0.411051	0.727863	-0.328686	-0.392628	0.456096	0.0526811	-0.453471	-0.132589	0.879778	0.506713	0.392482	0.270437	0.718376	0.662483	0.211774	0.502872	0.513214	0.73259	-0.0433614	-0.656249	-0.175414	0.519507	0.452786	-0.696233	0.200893	0.381118	0.618025	-0.184992	0.662248	0.533939	0.484672	-0.545071	0.427667
0.536936	0.435745	-0.622025	0.367302	0.567843	0.429261	-0.567399	0.413942	0.728826	-0.328716	-0.391586	0.455432	0.0552881	-0.453909	-0.130889	0.879646	0.541917	0.355099	0.259329	0.716225	0.625989	0.21047	0.471037	0.584778	0.732978	-0.0434893	-0.655694	-0.175833	0.519764	0.452962	-0.696077	0.20037	0.380391	0.619332	-0.185083	0.661419	0.533641	0.485859	-0.544387	0.427565
0.537545	0.433852	-0.624023	0.365258	0.569027	0.42505	-0.570386	0.412553	0.729361	-0.329301	-0.3918	0.453967	0.0573667	-0.4547	-0.13029	0.879194	0.550567	0.33526	0.242755	0.724947	0.620692	0.205003	0.458449	0.602113	0.733707	-0.0444541	-0.654655	-0.176422	0.519764	0.452962	-0.696077	0.20037	0.380445	0.619609	-0.186377	0.660765	0.53348	0.486253	-0.54414	0.427632
0.538273	0.431966	-0.626449	0.362256	0.569534	0.422911	-0.57231	0.411387	0.730376	-0.329287	-0.392024	0.452149	0.0594072	-0.455348	-0.130348	0.878714	0.545523	0.341893	0.248453	0.72373	0.620344	0.203798	0.457357	0.603709	0.734366	-0.0462662	-0.653272	-0.178332	0.520669	0.453444	-0.695341	0.199485	0.380855	0.619497	-0.188823	0.659938	0.533651	0.486224	-0.544291	0.42726
0.539425	0.430827	-0.626821	0.361255	0.569727	0.422999	-0.572235	0.411133	0.731786	-0.329207	-0.392014	0.44993	0.0611672	-0.455445	-0.130797	0.878476	0.538795	0.348807	0.255714	0.722941	0.62277	0.204887	0.462674	0.59675	0.73463	-0.0482465	-0.652128	-0.180886	0.520669	0.453444	-0.695341	0.199485	0.381251	0.619222	-0.191047	0.659327	0.53389	0.486166	-0.5446	0.426632
0.539442	0.431162	-0.626203	0.3619	0.570173	0.425714	-0.569561	0.411423	0.734417	-0.329059	-0.391213	0.446436	0.0650533	-0.455508	-0.131542	0.878053	0.528304	0.364201	0.266246	0.719282	0.626625	0.208226	0.474236	0.582308	0.734649	-0.0483762	-0.651476	-0.183111	0.523629	0.451961	-0.69473	0.197216	0.382073	0.618921	-0.192111	0.658825	0.533333	0.487561	-0.544359	0.426044
0.538186	0.43305	-0.624429	0.364571	0.569703	0.428392	-0.567822	0.4117	0.733744	-0.327654	-0.391547	0.448279	0.0656405	-0.455788	-0.132198	0.877766	0.52556	0.371709	0.268184	0.716726	0.627047	0.211681	0.479484	0.57628	0.734526	-0.0445327	-0.652325	-0.181549	0.525287	0.452516	-0.693186	0.196969	0.380639	0.620185	-0.189271	0.659288	0.53205	0.490063	-0.542873	0.426672
0.537667	0.433936	-0.623567	0.365757	0.569281	0.429092	-0.567393	0.412146	0.732673	-0.326745	-0.39199	0.450302	0.0639916	-0.455737	-0.132479	0.877872	0.525518	0.37312	0.268589	0.715872	0.62694	0.212676	0.479979	0.575617	0.734492	-0.0428788	-0.652763	-0.180508	0.524896	0.453394	-0.692708	0.197672	0.379559	0.620993	-0.18788	0.659548	0.531459	0.491231	-0.541919	0.427278
0.53654	0.435807	-0.622569	0.366885	0.568293	0.430352	-0.56626	0.413751	0.730707	-0.325386	-0.393181	0.453432	0.0598003	-0.454902	-0.133925	0.878381	0.526527	0.37412	0.267795	0.714905	0.626559	0.213219	0.480408	0.575473	0.734523	-0.0417778	-0.653057	-0.179575	0.524896	0.453394	-0.692708	0.197672	0.378916	0.621543	-0.187104	0.659621	0.530884	0.492282	-0.54063	0.428415
0.536362	0.436942	-0.622033	0.366706	0.567572	0.431151	-0.565451	0.415013	0.72936	-0.323894	-0.394498	0.455518	0.0571891	-0.454446	-0.135848	0.878495	0.527311	0.373859	0.268144	0.714333	0.62776	0.211995	0.48258	0.572793	0.734726	-0.0406165	-0.653308	-0.178091	0.523553	0.455382	-0.691949	0.199316	0.377694	0.622431	-0.186092	0.65977	0.529986	0.493194	-0.53889	0.430664
0.537322	0.436968	-0.621657	0.365906	0.567804	0.431537	-0.564406	0.415717	0.728925	-0.322719	-0.395263	0.456386	0.0562022	-0.454076	-0.137444	0.878502	0.528196	0.372951	0.26904	0.713816	0.630162	0.209193	0.483886	0.570078	0.73484	-0.0400572	-0.653355	-0.177574	0.52352	0.455516	-0.691782	0.199675	0.376253	0.623133	-0.186098	0.659929	0.527126	0.495985	-0.535085	0.435683
0.536769	0.437686	-0.621771	0.365666	0.568558	0.431629	-0.563153	0.416291	0.729155	-0.321928	-0.394702	0.457061	0.0560238	-0.45301	-0.137921	0.878989	0.529458	0.372676	0.27034	0.712533	0.631465	0.207053	0.486762	0.56696	0.734561	-0.0401642	-0.653613	-0.177755	0.523386	0.455583	-0.691655	0.200312	0.375926	0.623214	-0.186458	0.659937	0.525071	0.497865	-0.532234	0.439496
0.536366	0.437905	-0.622114	0.36541	0.568992	0.431681	-0.562519	0.416501	0.729257	-0.321661	-0.39407	0.457632	0.0559964	-0.452311	-0.137706	0.879384	0.529533	0.372725	0.271837	0.711882	0.632018	0.205787	0.4875	0.56617	0.734414	-0.0401522	-0.653752	-0.177852	0.523867	0.455105	-0.691618	0.200268	0.375239	0.623661	-0.18721	0.659693	0.524874	0.497919	-0.531697	0.44032
0.535456	0.438611	-0.622434	0.365354	0.569989	0.431522	-0.561421	0.416784	0.729468	-0.321621	-0.392657	0.458538	0.055876	-0.451093	-0.136929	0.880138	0.529936	0.37244	0.273646	0.711037	0.632018	0.205787	0.4875	0.56617	0.734122	-0.0402118	-0.653842	-0.178714	0.524155	0.455051	-0.691388	0.200431	0.375239	0.623661	-0.18721	0.659693	0.52544	0.497052	-0.531957	0.44031
0.535456	0.438611	-0.622434	0.365354	0.569989	0.431522	-0.561421	0.416784	0.729468	-0.321621	-0.392657	0.458538	0.055876	-0.451093	-0.136929	0.880138	0.529936	0.37244	0.273646	0.711037	0.632018	0.205787	0.4875	0.56617	0.734122	-0.0402118	-0.653842	-0.178714	0.524155	0.455051	-0.691388	0.200431	0.374983	0.623698	-0.188148	0.659537	0.52544	0.497052	-0.531957	0.44031
0.535213	0.438822	-0.622357	0.365586	0.570476	0.431387	-0.560884	0.41698	0.729473	-0.321865	-0.392063	0.458867	0.0557953	-0.450669	-0.136413	0.880441	0.529941	0.372286	0.274221	0.710893	0.632404	0.203654	0.489324	0.564936	0.73388	-0.0400356	-0.654066	-0.178928	0.524283	0.45507	-0.691194	0.200722	0.374755	0.623775	-0.1885	0.659494	0.525452	0.496866	-0.531872	0.44061
0.535307	0.438734	-0.62238	0.365515	0.571213	0.431263	-0.559879	0.417449	0.729356	-0.322458	-0.391142	0.459421	0.0554004	-0.450159	-0.135378	0.880886	0.52951	0.37196	0.275421	0.710921	0.632135	0.202865	0.490464	0.564532	0.733566	-0.0399456	-0.654353	-0.179185	0.524693	0.454586	-0.691179	0.200799	0.374068	0.623962	-0.189168	0.659515	0.525329	0.496684	-0.53153	0.441373
0.53449	0.439644	-0.621839	0.366538	0.571885	0.431091	-0.558653	0.418348	0.729186	-0.323083	-0.390521	0.459781	0.0549223	-0.449777	-0.13446	0.881252	0.528263	0.371738	0.276922	0.711381	0.631628	0.201841	0.491503	0.564564	0.733548	-0.0391426	-0.654506	-0.178874	0.524343	0.455341	-0.690714	0.201601	0.373573	0.624266	-0.189296	0.659471	0.525804	0.495928	-0.532094	0.440979
0.534328	0.439724	-0.621866	0.366634	0.571937	0.431119	-0.558348	0.418654	0.729125	-0.323231	-0.390345	0.459924	0.0546521	-0.4497	-0.134299	0.881333	0.527978	0.371425	0.276991	0.711729	0.631628	0.201841	0.491503	0.564564	0.7335	-0.0391763	-0.654576	-0.178809	0.524019	0.455472	-0.690818	0.20179	0.372861	0.624366	-0.18933	0.65977	0.525712	0.495951	-0.531959	0.441225
0.533546	0.440483	-0.62163	0.367258	0.57208	0.431039	-0.558061	0.418925	0.72853	-0.32346	-0.389987	0.461008	0.0538331	-0.449399	-0.133997	0.881582	0.527677	0.371218	0.276939	0.712081	0.630626	0.201211	0.491103	0.566254	0.733447	-0.0385682	-0.654837	-0.178204	0.523496	0.455598	-0.691081	0.201964	0.372013	0.624608	-0.189198	0.660057	0.525806	0.49575	-0.532111	0.441155
0.532814	0.441199	-0.621335	0.367961	0.571896	0.431314	-0.557382	0.419796	0.728226	-0.323461	-0.38987	0.461586	0.0531204	-0.449117	-0.13396	0.881775	0.526496	0.371388	0.277867	0.712505	0.6301	0.201371	0.49119	0.566707	0.73344	-0.0380911	-0.65495	-0.177916	0.522981	0.456116	-0.691052	0.202228	0.37172	0.624872	-0.188887	0.660061	0.527312	0.494102	-0.533924	0.439012
0.531614	0.442126	-0.621162	0.368874	0.571669	0.43161	-0.556345	0.421174	0.727507	-0.323306	-0.389885	0.462814	0.0517996	-0.448781	-0.133918	0.882031	0.524985	0.371299	0.277322	0.713877	0.629808	0.201148	0.49135	0.566971	0.733435	-0.0369292	-0.655364	-0.176656	0.522981	0.456116	-0.691052	0.202228	0.37136	0.625329	-0.18882	0.659851	0.530231	0.49081	-0.537267	0.435092
0.530925	0.442834	-0.620992	0.369304	0.571459	0.43185	-0.555852	0.421864	0.727078	-0.323109	-0.390214	0.463347	0.051152	-0.448835	-0.134279	0.881986	0.523695	0.37154	0.277345	0.714689	0.630042	0.200943	0.491346	0.566787	0.733385	-0.0361925	-0.655589	-0.176183	0.521155	0.457904	-0.690807	0.203732	0.371168	0.625396	-0.188741	0.659917	0.531633	0.489161	-0.538832	0.433298
0.529573	0.444352	-0.620116	0.370891	0.571125	0.432304	-0.555277	0.422607	0.726656	-0.322869	-0.390694	0.463774	0.0496798	-0.449139	-0.135133	0.881785	0.520904	0.372438	0.277643	0.716145	0.630215	0.200957	0.491522	0.566437	0.733385	-0.0361925	-0.655589	-0.176183	0.520169	0.459043	-0.690539	0.204596	0.370678	0.62576	-0.188219	0.659997	0.533565	0.486766	-0.540667	0.43133
0.528925	0.445066	-0.619725	0.371612	0.570187	0.433558	-0.553922	0.424364	0.725615	-0.322612	-0.391574	0.464838	0.0489599	-0.449419	-0.135357	0.881649	0.520146	0.372413	0.276915	0.71699	0.630708	0.200683	0.491719	0.565815	0.733066	-0.0332889	-0.65671	-0.173892	0.520169	0.459043	-0.690539	0.204596	0.369275	0.626599	-0.186946	0.660349	0.534033	0.486143	-0.540975	0.431069
0.527593	0.446729	-0.618695	0.373224	0.569304	0.434509	-0.552713	0.426149	0.724276	-0.322111	-0.392779	0.466255	0.0472767	-0.450049	-0.136223	0.881286	0.518086	0.373234	0.275583	0.718566	0.632486	0.200371	0.49264	0.563133	0.733066	-0.0332889	-0.65671	-0.173892	0.518738	0.460275	-0.690445	0.205775	0.367488	0.627632	-0.185105	0.660883	0.533866	0.486343	-0.540179	0.432046
0.526826	0.44786	-0.617776	0.374472	0.568521	0.435305	-0.551341	0.428156	0.723077	-0.321258	-0.394714	0.46707	0.0458393	-0.451037	-0.13763	0.880637	0.513127	0.376001	0.273739	0.721381	0.639017	0.198783	0.494714	0.554437	0.733044	-0.0296115	-0.657843	-0.170332	0.516746	0.462098	-0.690319	0.207119	0.366039	0.628406	-0.184272	0.661185	0.533759	0.486336	-0.539436	0.433113
0.52631	0.449079	-0.616731	0.375458	0.56839	0.435527	-0.55051	0.429171	0.722469	-0.320811	-0.395858	0.467349	0.045798	-0.452796	-0.139283	0.879476	0.507163	0.379859	0.264238	0.727097	0.644617	0.198002	0.49794	0.54527	0.733044	-0.0296115	-0.657843	-0.170332	0.516218	0.462524	-0.690318	0.207489	0.365241	0.628799	-0.18379	0.661386	0.533797	0.486078	-0.539273	0.433559
0.526216	0.449472	-0.616335	0.37577	0.568908	0.435285	-0.549357	0.430207	0.721236	-0.320315	-0.398607	0.467257	0.0459636	-0.453941	-0.140123	0.878744	0.498089	0.384295	0.260781	0.732269	0.668295	0.193709	0.506972	0.508762	0.733044	-0.0296115	-0.657843	-0.170332	0.516218	0.462524	-0.690318	0.207489	0.364681	0.629038	-0.184054	0.661394	0.533732	0.486042	-0.539271	0.433681
0.526934	0.449148	-0.6166	0.374715	0.570052	0.435542	-0.549078	0.428786	0.721344	-0.319118	-0.400777	0.466052	0.0465967	-0.455348	-0.141893	0.877698	0.470783	0.401257	0.259521	0.741623	0.699905	0.177555	0.51881	0.45765	0.732822	-0.0277999	-0.65845	-0.169245	0.516176	0.462906	-0.690058	0.207606	0.364512	0.629022	-0.184705	0.661322	0.533797	0.485739	-0.539757	0.433337
0.526949	0.449283	-0.617098	0.373711	0.571967	0.435633	-0.548971	0.426272	0.722102	-0.318487	-0.401929	0.464314	0.0482638	-0.45584	-0.143641	0.877068	0.439369	0.419374	0.254367	0.752581	0.731991	0.161546	0.527146	0.400261	0.732638	-0.0283033	-0.65836	-0.1703	0.517018	0.462194	-0.690122	0.206883	0.364941	0.628701	-0.185158	0.661264	0.533475	0.485964	-0.540346	0.432746
0.526982	0.449147	-0.617477	0.373202	0.572702	0.43579	-0.5492	0.424827	0.722621	-0.317363	-0.401928	0.464277	0.0488901	-0.455555	-0.144531	0.877035	0.424343	0.429704	0.251829	0.756221	0.74374	0.158396	0.53178	0.372789	0.732638	-0.0283033	-0.65836	-0.1703	0.517018	0.462194	-0.690122	0.206883	0.365198	0.628532	-0.185196	0.661272	0.533113	0.486381	-0.540407	0.432648
0.527151	0.449082	-0.617493	0.373014	0.573346	0.435837	-0.549202	0.423906	0.722885	-0.316774	-0.402139	0.464085	0.0492983	-0.455227	-0.145325	0.877051	0.412409	0.44061	0.246505	0.758299	0.752978	0.154909	0.535925	0.349015	0.732317	-0.0281245	-0.65856	-0.170939	0.517018	0.462194	-0.690122	0.206883	0.365066	0.628543	-0.185081	0.661366	0.532747	0.486748	-0.540434	0.432652
0.527008	0.449073	-0.617991	0.372403	0.573502	0.436387	-0.549524	0.422712	0.723076	-0.315783	-0.402428	0.464213	0.0494052	-0.454778	-0.146274	0.87712	0.401736	0.449432	0.241364	0.760502	0.76092	0.151795	0.538091	0.329267	0.732317	-0.0281245	-0.65856	-0.170939	0.517018	0.462194	-0.690122	0.206883	0.36509	0.628377	-0.185207	0.661476	0.532049	0.487516	-0.539951	0.43325
0.526338	0.449907	-0.617703	0.372821	0.573516	0.438147	-0.549482	0.420924	0.723119	-0.313288	-0.403092	0.46526	0.0484765	-0.453079	-0.149565	0.877496	0.386306	0.464561	0.232327	0.762217	0.770204	0.148977	0.54236	0.300728	0.731824	-0.0276305	-0.658953	-0.171612	0.518778	0.460826	-0.690052	0.205758	0.364856	0.628388	-0.185522	0.661506	0.530923	0.488842	-0.538232	0.435271
0.52593	0.450449	-0.617399	0.373246	0.573083	0.44024	-0.548371	0.420777	0.722679	-0.31108	-0.403194	0.467331	0.0478822	-0.452348	-0.150413	0.877761	0.383002	0.473997	0.227617	0.759491	0.7736	0.150713	0.544723	0.28654	0.73165	-0.0270042	-0.659357	-0.170902	0.518778	0.460826	-0.690052	0.205758	0.363299	0.629299	-0.184543	0.66177	0.530614	0.489163	-0.537421	0.436287
0.525383	0.45117	-0.61708	0.373672	0.572292	0.441436	-0.548104	0.420948	0.722012	-0.309332	-0.402916	0.469756	0.047054	-0.45152	-0.151045	0.878124	0.385932	0.475197	0.225928	0.757761	0.775374	0.152159	0.543251	0.283763	0.731656	-0.0260587	-0.659688	-0.169743	0.517743	0.461631	-0.689987	0.206778	0.36183	0.630019	-0.183665	0.662134	0.530154	0.489641	-0.536392	0.437574
0.524769	0.452575	-0.615937	0.37472	0.571728	0.441958	-0.547839	0.421512	0.721655	-0.30881	-0.403048	0.470535	0.0455613	-0.450416	-0.151683	0.878659	0.387809	0.473446	0.226186	0.757822	0.775918	0.152338	0.541971	0.284626	0.731554	-0.0250732	-0.660184	-0.168397	0.516768	0.462332	-0.689979	0.207674	0.360879	0.63051	-0.183156	0.662327	0.529957	0.489739	-0.535099	0.439283
0.524769	0.452575	-0.615937	0.37472	0.571728	0.441958	-0.547839	0.421512	0.721655	-0.30881	-0.403048	0.470535	0.0455613	-0.450416	-0.151683	0.878659	0.387809	0.473446	0.226186	0.757822	0.775918	0.152338	0.541971	0.284626	0.731554	-0.0250732	-0.660184	-0.168397	0.516768	0.462332	-0.689979	0.207674	0.360879	0.63051	-0.183156	0.662327	0.529957	0.489739	-0.535099	0.439283
0.525108	0.4527	-0.615578	0.374684	0.570634	0.44248	-0.547567	0.422799	0.72116	-0.30803	-0.403685	0.471259	0.0449077	-0.450282	-0.152702	0.878585	0.391723	0.468613	0.227131	0.758529	0.776087	0.151519	0.539229	0.289764	0.73155	-0.0247735	-0.660406	-0.167583	0.516194	0.46255	-0.690095	0.208232	0.359811	0.630866	-0.183449	0.662489	0.529409	0.4898	-0.533856	0.441385
0.525669	0.452484	-0.615055	0.375017	0.569693	0.442749	-0.547706	0.423607	0.721155	-0.307581	-0.404467	0.470887	0.0450922	-0.450648	-0.153743	0.878206	0.393363	0.464704	0.229194	0.759464	0.776455	0.151029	0.53631	0.294415	0.731581	-0.0247463	-0.660389	-0.167522	0.516379	0.462071	-0.690321	0.208086	0.358865	0.631014	-0.183906	0.662734	0.528798	0.490001	-0.532879	0.443071
0.526033	0.452092	-0.614821	0.375364	0.569604	0.442451	-0.547617	0.424152	0.721388	-0.307593	-0.404869	0.470178	0.0456077	-0.450891	-0.154316	0.877954	0.394485	0.462332	0.230535	0.759924	0.775716	0.150671	0.535685	0.297665	0.731522	-0.0248783	-0.660393	-0.167743	0.516379	0.462071	-0.690321	0.208086	0.358426	0.631147	-0.184385	0.662711	0.528758	0.489724	-0.533007	0.443271
0.526033	0.452092	-0.614821	0.375364	0.569604	0.442451	-0.547617	0.424152	0.721388	-0.307593	-0.404869	0.470178	0.0456077	-0.450891	-0.154316	0.877954	0.394485	0.462332	0.230535	0.759924	0.775716	0.150671	0.535685	0.297665	0.731522	-0.0248783	-0.660393	-0.167743	0.516379	0.462071	-0.690321	0.208086	0.358426	0.631147	-0.184385	0.662711	0.528758	0.489724	-0.533007	0.443271
0.526013	0.452058	-0.614769	0.375517	0.569717	0.442204	-0.547445	0.424478	0.721388	-0.307593	-0.404869	0.470178	0.045861	-0.450833	-0.154514	0.877936	0.394881	0.46163	0.231192	0.759945	0.775432	0.150262	0.535468	0.299	0.731444	-0.0250903	-0.660389	-0.168068	0.516379	0.462071	-0.690321	0.208086	0.358426	0.631147	-0.184385	0.662711	0.528619	0.489799	-0.53309	0.443254
0.525616	0.451907	-0.615124	0.375672	0.570046	0.441527	-0.54698	0.42534	0.721967	-0.306669	-0.404777	0.469972	0.0463802	-0.450147	-0.155257	0.87813	0.397629	0.460074	0.23228	0.759124	0.77397	0.15105	0.535954	0.30151	0.731342	-0.0252837	-0.660342	-0.168663	0.51657	0.461883	-0.690391	0.2078	0.358618	0.63077	-0.184623	0.6629	0.529405	0.48897	-0.534271	0.441807
0.524363	0.45269	-0.61536	0.376096	0.570434	0.440724	-0.546715	0.425993	0.722064	-0.30588	-0.404997	0.470147	0.0467883	-0.449739	-0.156009	0.878184	0.400442	0.458418	0.232706	0.758517	0.773271	0.152404	0.5352	0.30395	0.731183	-0.0246303	-0.660627	-0.168332	0.51657	0.461883	-0.690391	0.2078	0.358181	0.631043	-0.184762	0.662838	0.530698	0.487602	-0.53557	0.440191
0.524058	0.452845	-0.615351	0.376348	0.570326	0.440622	-0.546758	0.426188	0.722083	-0.305411	-0.405145	0.470296	0.0470606	-0.449629	-0.156445	0.878148	0.402824	0.457686	0.232717	0.757693	0.772699	0.153282	0.535114	0.305112	0.731285	-0.023864	-0.660609	-0.168073	0.516139	0.46266	-0.690056	0.208251	0.358058	0.631172	-0.184785	0.662775	0.53154	0.486654	-0.536298	0.439337
0.524058	0.452845	-0.615351	0.376348	0.570037	0.44074	-0.546828	0.426364	0.722083	-0.305411	-0.405145	0.470296	0.0470865	-0.449505	-0.156741	0.878157	0.404889	0.4568	0.2327	0.757132	0.772271	0.15325	0.534953	0.30649	0.731285	-0.023864	-0.660609	-0.168073	0.516139	0.46266	-0.690056	0.208251	0.358058	0.631172	-0.184785	0.662775	0.53196	0.486123	-0.536595	0.439055
0.524157	0.452686	-0.615423	0.376283	0.569767	0.440749	-0.546994	0.426501	0.721971	-0.304948	-0.405487	0.470473	0.046851	-0.449427	-0.157022	0.87816	0.406284	0.455894	0.232887	0.756873	0.772041	0.153341	0.53454	0.307744	0.731285	-0.023864	-0.660609	-0.168073	0.516139	0.46266	-0.690056	0.208251	0.357381	0.631505	-0.184819	0.662814	0.532225	0.485767	-0.536836	0.438833
0.523744	0.45266	-0.615837	0.376213	0.569014	0.440753	-0.547804	0.426463	0.721576	-0.304403	-0.406023	0.470969	0.0462199	-0.449236	-0.157721	0.878166	0.409051	0.453833	0.233178	0.756532	0.772017	0.153353	0.533277	0.30998	0.731275	-0.0234382	-0.660675	-0.167915	0.516199	0.46264	-0.689988	0.208374	0.357724	0.631339	-0.184834	0.662783	0.53243	0.485512	-0.536976	0.438695
0.523718	0.452283	-0.616406	0.37577	0.568283	0.440895	-0.548408	0.426514	0.721445	-0.303847	-0.406633	0.471003	0.0459379	-0.449114	-0.158698	0.878067	0.410713	0.451969	0.233506	0.756647	0.772578	0.152611	0.531992	0.311156	0.731149	-0.023367	-0.660656	-0.168547	0.516467	0.46254	-0.689822	0.208482	0.357462	0.63142	-0.185195	0.662746	0.53243	0.485418	-0.536999	0.438771
0.523607	0.451955	-0.616964	0.375404	0.567767	0.440817	-0.548844	0.426722	0.72133	-0.303658	-0.407084	0.470911	0.0459374	-0.449274	-0.159234	0.877888	0.411592	0.450363	0.233596	0.757099	0.773375	0.151689	0.53081	0.311645	0.730931	-0.0235338	-0.660711	-0.169254	0.517234	0.462037	-0.689647	0.208272	0.358355	0.630781	-0.185947	0.662662	0.53275	0.484941	-0.537608	0.438164
0.523571	0.451749	-0.617147	0.3754	0.567679	0.440567	-0.549081	0.426791	0.721245	-0.303725	-0.407243	0.470861	0.0459156	-0.4494	-0.159283	0.877816	0.411824	0.449652	0.233698	0.757364	0.773705	0.151194	0.530301	0.311932	0.730931	-0.0235338	-0.660711	-0.169254	0.517234	0.462037	-0.689647	0.208272	0.358678	0.630599	-0.186293	0.662563	0.533106	0.484486	-0.538092	0.437639
0.52371	0.451339	-0.617371	0.375333	0.56734	0.440608	-0.549431	0.42675	0.721225	-0.304043	-0.407443	0.470514	0.0456991	-0.449689	-0.15916	0.877701	0.412087	0.448794	0.234154	0.757588	0.774128	0.150884	0.529649	0.31214	0.730931	-0.0235338	-0.660711	-0.169254	0.517792	0.46179	-0.689408	0.208225	0.358607	0.630409	-0.186497	0.662725	0.533605	0.48379	-0.538745	0.436999
0.52371	0.451339	-0.617371	0.375333	0.56734	0.440608	-0.549431	0.42675	0.721225	-0.304043	-0.407443	0.470514	0.0456991	-0.449689	-0.15916	0.877701	0.412087	0.448794	0.234154	0.757588	0.774128	0.150884	0.529649	0.31214	0.730931	-0.0235338	-0.660711	-0.169254	0.517792	0.46179	-0.689408	0.208225	0.358607	0.630409	-0.186497	0.662725	0.533605	0.48379	-0.538745	0.436999
0.523188	0.451538	-0.617446	0.375697	0.567154	0.440418	-0.549902	0.426587	0.721229	-0.304381	-0.407591	0.47016	0.0459327	-0.450104	-0.159005	0.877504	0.412305	0.44855	0.234073	0.757639	0.774251	0.150655	0.529147	0.312798	0.730401	-0.0233117	-0.661018	-0.170371	0.518103	0.461585	-0.689301	0.208262	0.358955	0.630029	-0.187012	0.662753	0.533911	0.483382	-0.539077	0.436666
0.523207	0.451478	-0.617374	0.375862	0.566979	0.440562	-0.549907	0.426663	0.721153	-0.304629	-0.407714	0.470008	0.0462462	-0.450657	-0.158758	0.877249	0.412727	0.448499	0.233777	0.757531	0.774028	0.151019	0.528938	0.313524	0.730314	-0.0230733	-0.661064	-0.1706	0.518331	0.46174	-0.688946	0.208526	0.358697	0.630205	-0.186912	0.662753	0.534258	0.482835	-0.539445	0.436392
0.523032	0.451651	-0.617241	0.376115	0.56693	0.440559	-0.549828	0.426833	0.721031	-0.304783	-0.407881	0.469952	0.0462703	-0.450955	-0.158622	0.877119	0.412921	0.448529	0.233657	0.757444	0.773927	0.151138	0.528786	0.313974	0.730314	-0.0230733	-0.661064	-0.1706	0.518331	0.46174	-0.688946	0.208526	0.3587	0.630131	-0.187045	0.662784	0.534553	0.482419	-0.539739	0.436128
0.522753	0.451823	-0.617283	0.376228	0.566767	0.440633	-0.549832	0.426969	0.720725	-0.305074	-0.408096	0.470046	0.0459595	-0.451397	-0.158352	0.876957	0.41295	0.448343	0.233748	0.757511	0.773891	0.151585	0.528472	0.314376	0.730314	-0.0230733	-0.661064	-0.1706	0.518331	0.46174	-0.688946	0.208526	0.35876	0.629962	-0.187103	0.662897	0.535263	0.481574	-0.540518	0.435226
0.522532	0.452063	-0.617009	0.376696	0.566649	0.440669	-0.549939	0.426951	0.720506	-0.305246	-0.408079	0.470283	0.0456433	-0.451445	-0.158142	0.876986	0.413114	0.448114	0.233592	0.757605	0.773763	0.151286	0.528443	0.314882	0.730314	-0.0230733	-0.661064	-0.1706	0.518377	0.461908	-0.688646	0.209028	0.35884	0.629825	-0.186991	0.663015	0.536024	0.480762	-0.541266	0.434255
0.522371	0.452138	-0.617083	0.376708	0.566586	0.440714	-0.549815	0.427148	0.720462	-0.305292	-0.408047	0.47035	0.0455417	-0.451424	-0.158111	0.877008	0.412982	0.448083	0.233854	0.757614	0.773725	0.151207	0.52845	0.315002	0.730314	-0.0230733	-0.661064	-0.1706	0.518377	0.461908	-0.688646	0.209028	0.358918	0.629889	-0.186641	0.66301	0.536349	0.480402	-0.541567	0.433878
0.522171	0.452182	-0.617211	0.376722	0.566279	0.44094	-0.549831	0.427301	0.720415	-0.305192	-0.408143	0.470404	0.0455561	-0.451373	-0.158336	0.876993	0.412919	0.447756	0.233952	0.757811	0.773903	0.150554	0.528323	0.31509	0.729974	-0.0227342	-0.661549	-0.170217	0.518042	0.461697	-0.689118	0.208769	0.358855	0.629824	-0.186348	0.663189	0.536593	0.48011	-0.541691	0.433743
