FULLBODY	1																																						
Frames:	149																																						
0.425703	0.561996	-0.431909	0.562487	0.447776	0.563877	-0.413369	0.557374	0.714745	0.255285	-0.572066	0.310983	0.687342	0.0869718	-0.670715	0.264834	-0.00305506	0.654181	0.0392145	0.755315	0.0549151	0.650245	0.179455	0.73618	0.691926	0.131571	-0.697651	0.131189	0.426958	0.587399	-0.475614	0.496448	0.0508816	0.745152	-0.111295	0.655571	0.396627	0.64289	-0.444223	0.48171
0.434375	0.559706	-0.450946	0.542858	0.460768	0.558427	-0.436571	0.534095	0.72431	0.249651	-0.575061	0.286974	0.68435	0.0736811	-0.679045	0.255215	0.0101866	0.656416	-0.00156422	0.754329	0.0671535	0.661139	0.149764	0.73209	0.71054	0.098348	-0.687251	0.114655	0.473725	0.561726	-0.49197	0.466919	0.0493124	0.729487	-0.0898724	0.676269	0.367842	0.64784	-0.429419	0.510486
0.434625	0.559721	-0.450995	0.542602	0.460793	0.558731	-0.436507	0.533808	0.724187	0.250653	-0.575103	0.286326	0.684578	0.0755333	-0.679176	0.253709	0.00939513	0.656496	-0.00170072	0.754269	0.0663223	0.661304	0.149372	0.732097	0.710301	0.0988159	-0.68736	0.115079	0.472891	0.562341	-0.491671	0.467339	0.0489684	0.729166	-0.0897862	0.676652	0.368234	0.647736	-0.429975	0.509866
0.434592	0.56045	-0.451279	0.541639	0.460485	0.560043	-0.436402	0.532784	0.724182	0.254332	-0.575062	0.28316	0.686555	0.082973	-0.678799	0.246963	0.00635431	0.657102	-0.00141362	0.753773	0.0641315	0.661874	0.149471	0.731757	0.709886	0.0994388	-0.687631	0.115488	0.471224	0.56354	-0.49119	0.468084	0.0481016	0.729209	-0.0901605	0.676618	0.368405	0.647713	-0.430908	0.508984
0.434643	0.560834	-0.451831	0.540739	0.460168	0.560794	-0.436605	0.532102	0.724254	0.255823	-0.574857	0.282046	0.688439	0.0887136	-0.677905	0.24213	0.00548983	0.657341	-0.0016524	0.753572	0.0636289	0.662165	0.149595	0.731513	0.709764	0.0989045	-0.68792	0.114975	0.470488	0.564038	-0.490994	0.468431	0.0482361	0.729097	-0.0902738	0.676713	0.369261	0.647516	-0.432456	0.507299
0.434643	0.560834	-0.451831	0.540739	0.460168	0.560794	-0.436605	0.532102	0.724254	0.255823	-0.574857	0.282046	0.688439	0.0887136	-0.677905	0.24213	0.00548983	0.657341	-0.0016524	0.753572	0.0636289	0.662165	0.149595	0.731513	0.709764	0.0989045	-0.68792	0.114975	0.470488	0.564038	-0.490994	0.468431	0.0482361	0.729097	-0.0902738	0.676713	0.369261	0.647516	-0.432456	0.507299
0.434524	0.560992	-0.451856	0.540651	0.459119	0.562555	-0.437611	0.530319	0.724554	0.258906	-0.574227	0.279737	0.689415	0.0915478	-0.677368	0.239788	0.00450928	0.657939	-0.00314482	0.753051	0.063165	0.662869	0.148853	0.731066	0.709663	0.0989816	-0.687992	0.115103	0.470334	0.564094	-0.491	0.468512	0.0487712	0.728684	-0.0905011	0.67709	0.369492	0.647538	-0.432945	0.506685
0.434545	0.561192	-0.452254	0.540094	0.458975	0.562931	-0.438087	0.529652	0.724604	0.260444	-0.573859	0.278932	0.691423	0.0965399	-0.676003	0.235869	0.00425004	0.65823	-0.00406275	0.752794	0.0629957	0.663349	0.148454	0.730727	0.709667	0.0984655	-0.688161	0.114506	0.470406	0.563925	-0.491266	0.468364	0.0487734	0.728657	-0.0907033	0.677092	0.369591	0.647776	-0.433545	0.505793
0.43491	0.561049	-0.453346	0.539031	0.459039	0.563533	-0.440015	0.527353	0.725477	0.262229	-0.573221	0.276291	0.693089	0.098831	-0.67511	0.232566	0.00483504	0.659031	-0.0076652	0.752061	0.0636564	0.665045	0.145585	0.729704	0.709637	0.0969766	-0.688707	0.112664	0.470501	0.56381	-0.491384	0.468283	0.0496301	0.72858	-0.0922858	0.676898	0.370554	0.647415	-0.434825	0.504452
0.43529	0.560699	-0.453809	0.538699	0.459332	0.563425	-0.440844	0.52652	0.725749	0.262078	-0.573392	0.275363	0.693759	0.0988124	-0.674909	0.231154	0.00545191	0.659269	-0.00893004	0.751834	0.064059	0.665528	0.144378	0.729468	0.709644	0.0966152	-0.688828	0.112194	0.470519	0.563775	-0.491402	0.468288	0.0500104	0.728558	-0.0932532	0.676762	0.370732	0.647381	-0.435181	0.504056
0.436158	0.560004	-0.45525	0.537503	0.460593	0.562477	-0.442263	0.52524	0.726556	0.260617	-0.573993	0.273362	0.694342	0.0969203	-0.675112	0.229608	0.00695189	0.659585	-0.0111317	0.751516	0.065232	0.666317	0.14214	0.729083	0.709762	0.0954332	-0.689083	0.110879	0.470769	0.56348	-0.491606	0.468177	0.0513181	0.728425	-0.0951133	0.676547	0.372407	0.646586	-0.43734	0.50197
0.437615	0.558703	-0.457015	0.536173	0.461907	0.561253	-0.444131	0.523816	0.727368	0.258506	-0.574658	0.271807	0.693961	0.0937004	-0.675915	0.229734	0.00945197	0.659687	-0.0136341	0.751357	0.0674969	0.667106	0.139557	0.728655	0.709885	0.0938756	-0.689457	0.109086	0.471138	0.563115	-0.492043	0.467787	0.052953	0.728918	-0.0980498	0.675471	0.374253	0.645428	-0.439396	0.500288
0.439504	0.557232	-0.45856	0.534837	0.46377	0.559494	-0.445974	0.522485	0.727774	0.255989	-0.575669	0.270961	0.693175	0.0895024	-0.676947	0.230739	0.0123022	0.659596	-0.0157104	0.751355	0.0702676	0.66763	0.137363	0.72833	0.710097	0.0916415	-0.689904	0.106755	0.471519	0.562722	-0.492528	0.467365	0.0539402	0.729165	-0.100632	0.674746	0.375554	0.6446	-0.44113	0.498853
0.441094	0.555959	-0.460281	0.533374	0.465672	0.557677	-0.44783	0.521147	0.728149	0.252583	-0.577047	0.270218	0.692204	0.0845128	-0.678285	0.231605	0.0157476	0.659417	-0.0171924	0.751415	0.07338	0.66761	0.135757	0.728342	0.710188	0.0895898	-0.690334	0.105096	0.471378	0.562704	-0.49284	0.467201	0.0563153	0.729035	-0.10304	0.674329	0.377512	0.643534	-0.443845	0.496337
0.443417	0.554166	-0.461858	0.531948	0.467431	0.555824	-0.449913	0.519756	0.727932	0.250574	-0.577901	0.270847	0.690815	0.0800428	-0.679863	0.23271	0.021195	0.658794	-0.0184903	0.751797	0.0779462	0.667322	0.13319	0.728606	0.710182	0.0873401	-0.690906	0.10326	0.471195	0.562725	-0.493035	0.467153	0.0579929	0.728937	-0.104753	0.674029	0.378239	0.643362	-0.445769	0.494278
0.444423	0.553362	-0.462534	0.531358	0.468403	0.554796	-0.450741	0.519262	0.727785	0.249416	-0.57845	0.27114	0.690214	0.0767034	-0.680873	0.232664	0.0249878	0.65817	-0.0195841	0.752199	0.0811739	0.666692	0.131804	0.729082	0.710381	0.0853417	-0.69118	0.10172	0.471512	0.562396	-0.493565	0.46667	0.0587134	0.728744	-0.105337	0.674084	0.379091	0.643008	-0.447121	0.492864
0.447701	0.550613	-0.464558	0.529694	0.472256	0.551577	-0.452784	0.51742	0.728758	0.243095	-0.57977	0.271446	0.688606	0.0665494	-0.682384	0.236102	0.0364556	0.655574	-0.0227971	0.753906	0.0923212	0.664	0.130461	0.730452	0.710752	0.0826543	-0.691504	0.099106	0.472142	0.562035	-0.494224	0.465769	0.0615265	0.728933	-0.109926	0.672894	0.381169	0.64174	-0.45004	0.490249
0.448815	0.549609	-0.464971	0.52943	0.473634	0.550313	-0.453386	0.51698	0.729246	0.241036	-0.579739	0.272038	0.688061	0.0633847	-0.682436	0.238402	0.0399764	0.654678	-0.0230945	0.754497	0.0962561	0.662894	0.130564	0.730931	0.710785	0.0818223	-0.6917	0.098183	0.472616	0.561622	-0.494704	0.465278	0.0619136	0.728874	-0.111262	0.672703	0.381359	0.641502	-0.450351	0.490127
0.450722	0.54791	-0.46543	0.529168	0.476319	0.547997	-0.454128	0.516321	0.730545	0.236558	-0.579771	0.272416	0.687085	0.0572082	-0.682456	0.242684	0.046873	0.652974	-0.0232812	0.75557	0.103695	0.66033	0.131942	0.731985	0.710868	0.0803477	-0.691997	0.096704	0.47263	0.561583	-0.494956	0.465042	0.0623618	0.72919	-0.112936	0.672041	0.381285	0.641357	-0.450374	0.490353
0.451847	0.546923	-0.465905	0.528812	0.477533	0.547137	-0.454608	0.515689	0.73175	0.233417	-0.579675	0.272093	0.686325	0.0527262	-0.682519	0.245653	0.0523065	0.651579	-0.0218297	0.75646	0.110275	0.657964	0.134979	0.7326	0.710774	0.0800705	-0.692153	0.0965078	0.472491	0.561599	-0.495059	0.465054	0.0629439	0.729153	-0.114543	0.671754	0.381271	0.641143	-0.450444	0.49058
0.452298	0.546369	-0.465313	0.529519	0.478394	0.546343	-0.454226	0.516069	0.73267	0.23391	-0.57729	0.274256	0.68406	0.0472762	-0.685182	0.245666	0.0600809	0.649364	-0.0229671	0.757753	0.117443	0.657298	0.139401	0.731255	0.710792	0.0799738	-0.692164	0.0963756	0.472253	0.56159	-0.495033	0.465334	0.0635534	0.728679	-0.114663	0.672191	0.38046	0.641587	-0.450328	0.490735
0.452298	0.546369	-0.465313	0.529519	0.478394	0.546343	-0.454226	0.516069	0.73267	0.23391	-0.57729	0.274256	0.68406	0.0472762	-0.685182	0.245666	0.0600809	0.649364	-0.0229671	0.757753	0.117443	0.657298	0.139401	0.731255	0.710792	0.0799738	-0.692164	0.0963756	0.472253	0.56159	-0.495033	0.465334	0.0635534	0.728679	-0.114663	0.672191	0.38046	0.641587	-0.450328	0.490735
0.451796	0.546426	-0.466026	0.529262	0.4774	0.547395	-0.455647	0.51462	0.735273	0.233288	-0.572054	0.278755	0.680647	0.0371786	-0.68705	0.251595	0.0670588	0.643637	-0.0184401	0.762165	0.128999	0.654364	0.147512	0.730348	0.710723	0.0800759	-0.692131	0.0970389	0.471836	0.561782	-0.494737	0.465841	0.0634916	0.728557	-0.112591	0.672679	0.379297	0.642214	-0.449738	0.491357
0.450765	0.546653	-0.465109	0.530712	0.476768	0.548617	-0.455602	0.513945	0.740705	0.226783	-0.565241	0.283598	0.673573	0.0145928	-0.684401	0.278716	0.0809204	0.632534	-0.0116145	0.770206	0.15081	0.64019	0.161778	0.735691	0.710825	0.0809993	-0.69157	0.0994819	0.471145	0.561974	-0.494196	0.466881	0.0621971	0.728619	-0.108696	0.673373	0.379306	0.642084	-0.449404	0.491823
0.449572	0.54757	-0.465081	0.530803	0.477329	0.548685	-0.455645	0.513312	0.744963	0.218785	-0.561026	0.287075	0.667644	-0.00421881	-0.682087	0.298313	0.0875859	0.626187	-0.00261027	0.774734	0.165072	0.629638	0.175519	0.73858	0.710755	0.080998	-0.69155	0.100128	0.470825	0.56199	-0.493169	0.468269	0.0615719	0.728212	-0.106665	0.674195	0.380125	0.641495	-0.449725	0.491668
0.449182	0.547531	-0.465734	0.530601	0.478675	0.547979	-0.455583	0.512868	0.753764	0.193037	-0.554283	0.295545	0.650057	-0.0548945	-0.673378	0.347814	0.102277	0.609893	0.0246519	0.78547	0.204028	0.602708	0.206458	0.743297	0.710676	0.0810512	-0.691428	0.101475	0.471011	0.561672	-0.492721	0.468935	0.061406	0.728136	-0.105448	0.674483	0.381292	0.640331	-0.44917	0.492787
0.449845	0.546827	-0.466515	0.530078	0.480575	0.546509	-0.455157	0.513038	0.761903	0.159412	-0.547329	0.307445	0.623651	-0.1113	-0.656412	0.409627	0.122821	0.591602	0.0561422	0.79484	0.250246	0.568637	0.243489	0.74481	0.710645	0.080098	-0.691487	0.102047	0.471689	0.560846	-0.491857	0.470146	0.0626105	0.728365	-0.104649	0.67425	0.382625	0.639047	-0.448888	0.493677
0.451414	0.545608	-0.467224	0.529376	0.482685	0.544521	-0.454911	0.513389	0.765463	0.124811	-0.541809	0.323931	0.588044	-0.172045	-0.633676	0.472292	0.146239	0.57369	0.0892789	0.800951	0.299507	0.530056	0.281248	0.741779	0.710643	0.077846	-0.691814	0.101585	0.473064	0.559482	-0.491553	0.470707	0.0641872	0.728255	-0.104533	0.674238	0.384072	0.637959	-0.449101	0.493766
0.453617	0.543813	-0.467482	0.529113	0.485208	0.54221	-0.455415	0.51301	0.76489	0.110821	-0.538295	0.336006	0.544976	-0.228724	-0.604583	0.53401	0.170702	0.556041	0.119014	0.804683	0.32511	0.510124	0.298566	0.738198	0.710642	0.0757631	-0.69208	0.101355	0.474576	0.558117	-0.491594	0.470764	0.0651364	0.728257	-0.104801	0.674104	0.385117	0.637296	-0.449127	0.493785
0.454852	0.542738	-0.467852	0.528828	0.486679	0.540695	-0.456032	0.512667	0.762582	0.0766055	-0.535595	0.354595	0.521639	-0.255123	-0.588899	0.562142	0.182533	0.547894	0.132056	0.805639	0.375629	0.46883	0.331832	0.727315	0.710667	0.0743846	-0.692254	0.101017	0.475213	0.557567	-0.491641	0.470724	0.0673458	0.72814	-0.105873	0.673845	0.385699	0.636943	-0.449214	0.493706
0.454852	0.542738	-0.467852	0.528828	0.486679	0.540695	-0.456032	0.512667	0.762582	0.0766055	-0.535595	0.354595	0.521639	-0.255123	-0.588899	0.562142	0.182533	0.547894	0.132056	0.805639	0.375629	0.46883	0.331832	0.727315	0.710667	0.0743846	-0.692254	0.101017	0.475213	0.557567	-0.491641	0.470724	0.0673458	0.72814	-0.105873	0.673845	0.385699	0.636943	-0.449214	0.493706
0.458459	0.539708	-0.468923	0.527865	0.489474	0.537627	-0.458056	0.511427	0.760298	0.0415583	-0.531634	0.370924	0.473472	-0.301793	-0.554226	0.614474	0.205607	0.531481	0.1545	0.807083	0.423433	0.429624	0.361082	0.711159	0.710947	0.0716069	-0.692356	0.100348	0.476494	0.556583	-0.491906	0.470317	0.069671	0.728153	-0.108052	0.673249	0.386782	0.636375	-0.449364	0.493456
0.460078	0.538334	-0.469443	0.527398	0.490442	0.536358	-0.459283	0.510729	0.75829	0.0256235	-0.529756	0.379075	0.448288	-0.32258	-0.536487	0.638092	0.218432	0.523409	0.159853	0.807947	0.445958	0.410705	0.374899	0.701352	0.711021	0.0701648	-0.692497	0.0998681	0.477028	0.556209	-0.491991	0.470128	0.0713156	0.728125	-0.109377	0.672893	0.38735	0.636157	-0.449554	0.493119
0.462224	0.536415	-0.470897	0.526178	0.492595	0.533725	-0.462185	0.508796	0.753448	-0.00443298	-0.525944	0.394562	0.396646	-0.357862	-0.502055	0.680109	0.238917	0.509506	0.172758	0.808379	0.489953	0.373019	0.398782	0.679541	0.711499	0.0673091	-0.692408	0.0990408	0.478048	0.555528	-0.49213	0.469751	0.0737129	0.728192	-0.111179	0.672266	0.388328	0.635997	-0.449811	0.49232
0.464434	0.534786	-0.473543	0.523509	0.496193	0.530112	-0.465599	0.505956	0.748875	-0.0323009	-0.521644	0.407468	0.322785	-0.397118	-0.447869	0.733158	0.261618	0.490756	0.191318	0.808772	0.529421	0.338359	0.42139	0.653955	0.71232	0.0633914	-0.69226	0.0967339	0.480171	0.554049	-0.492018	0.469451	0.076217	0.727767	-0.11294	0.672154	0.390043	0.635821	-0.450802	0.490281
0.46435	0.535021	-0.47402	0.522911	0.497208	0.529292	-0.466679	0.504821	0.744412	-0.0583658	-0.516267	0.41942	0.299668	-0.407135	-0.430566	0.747699	0.267863	0.485379	0.196688	0.808685	0.564223	0.305661	0.440772	0.627649	0.712851	0.0614351	-0.692101	0.0952133	0.481124	0.553359	-0.492166	0.469132	0.0789008	0.727554	-0.114629	0.671789	0.39062	0.635819	-0.451185	0.489471
0.46435	0.535021	-0.47402	0.522911	0.497208	0.529292	-0.466679	0.504821	0.744412	-0.0583658	-0.516267	0.41942	0.299668	-0.407135	-0.430566	0.747699	0.267863	0.485379	0.196688	0.808685	0.564223	0.305661	0.440772	0.627649	0.712851	0.0614351	-0.692101	0.0952133	0.481124	0.553359	-0.492166	0.469132	0.0789008	0.727554	-0.114629	0.671789	0.39062	0.635819	-0.451185	0.489471
0.46467	0.53493	-0.472698	0.523917	0.499152	0.528262	-0.468016	0.502741	0.741969	-0.0707627	-0.51364	0.425029	0.257301	-0.422354	-0.396912	0.773223	0.279052	0.476037	0.205648	0.808225	0.594571	0.276656	0.456803	0.601064	0.71435	0.0566429	-0.69145	0.0916118	0.482146	0.552603	-0.492376	0.468755	0.0819823	0.725914	-0.114511	0.673212	0.391735	0.636289	-0.452066	0.487151
0.463671	0.535898	-0.471988	0.524452	0.500778	0.528476	-0.468245	0.500681	0.736729	-0.104445	-0.504148	0.438357	0.218569	-0.430976	-0.367984	0.794403	0.287674	0.468122	0.21613	0.80709	0.621218	0.250638	0.468205	0.57624	0.716239	0.0533032	-0.690053	0.0893727	0.483735	0.55205	-0.490722	0.469504	0.0835915	0.724296	-0.113387	0.674946	0.393026	0.636828	-0.45317	0.484374
0.463174	0.536371	-0.472298	0.524129	0.500878	0.53012	-0.46853	0.49857	0.734252	-0.122114	-0.494857	0.448417	0.184528	-0.433941	-0.342882	0.812451	0.29631	0.461299	0.223111	0.805993	0.644171	0.229978	0.476368	0.552474	0.716735	0.0536868	-0.689425	0.0900149	0.484214	0.552855	-0.488232	0.470657	0.085372	0.724094	-0.111729	0.675216	0.394978	0.63622	-0.453735	0.483054
0.466665	0.533912	-0.476423	0.519791	0.500672	0.530713	-0.468601	0.49808	0.732751	-0.130805	-0.491056	0.452582	0.152604	-0.43315	-0.324683	0.826846	0.304796	0.455225	0.227285	0.805116	0.654764	0.221347	0.47951	0.540702	0.717201	0.0568886	-0.688126	0.094173	0.486383	0.552411	-0.48714	0.470073	0.0847926	0.724919	-0.112543	0.674268	0.39646	0.636913	-0.448805	0.485525
0.468305	0.532941	-0.478403	0.517489	0.500874	0.531256	-0.468346	0.497538	0.72911	-0.14598	-0.482766	0.462629	0.136924	-0.431417	-0.316936	0.833477	0.308853	0.452123	0.22896	0.804843	0.674845	0.204352	0.483631	0.518581	0.717708	0.0562021	-0.687653	0.094183	0.487346	0.55239	-0.486681	0.469576	0.0841806	0.725474	-0.112363	0.673777	0.397949	0.636611	-0.448169	0.485291
0.470556	0.531865	-0.481079	0.514062	0.500944	0.531798	-0.468377	0.496859	0.72419	-0.159911	-0.475771	0.472885	0.105924	-0.42674	-0.304853	0.84483	0.314881	0.446534	0.233443	0.804339	0.694345	0.186276	0.487234	0.495771	0.71886	0.054134	-0.686565	0.0945476	0.489157	0.552409	-0.486732	0.467613	0.0845839	0.726387	-0.112479	0.672723	0.39934	0.637144	-0.445957	0.485488
0.473529	0.530252	-0.48163	0.51248	0.500899	0.532117	-0.468771	0.496191	0.718538	-0.171952	-0.470895	0.482072	0.0768837	-0.420888	-0.296043	0.853991	0.318719	0.440842	0.23934	0.804234	0.712812	0.166883	0.491543	0.47163	0.719811	0.0526469	-0.685636	0.0948907	0.49121	0.551757	-0.486463	0.46651	0.0853869	0.727294	-0.112104	0.671704	0.400925	0.637421	-0.445347	0.484375
0.475021	0.528976	-0.482122	0.511955	0.50144	0.531692	-0.468799	0.496074	0.712644	-0.182107	-0.4669	0.490897	0.0520846	-0.414755	-0.289532	0.861067	0.322247	0.435808	0.2466	0.803378	0.729093	0.148417	0.495833	0.447822	0.720358	0.0521562	-0.685117	0.094756	0.493014	0.55132	-0.485976	0.465629	0.0878436	0.7279	-0.112961	0.670585	0.40216	0.637829	-0.445344	0.482815
0.475039	0.528924	-0.482157	0.511959	0.501936	0.531182	-0.468847	0.496073	0.712644	-0.182107	-0.4669	0.490897	0.0410314	-0.411978	-0.286425	0.864032	0.324441	0.43317	0.249198	0.80312	0.736748	0.139513	0.497372	0.436302	0.720799	0.0516036	-0.684715	0.0946118	0.493659	0.551168	-0.485484	0.465639	0.0886158	0.727825	-0.11257	0.670631	0.402573	0.638179	-0.445553	0.481814
0.474581	0.529164	-0.48231	0.511992	0.502444	0.53066	-0.469147	0.495834	0.706929	-0.192071	-0.463293	0.498718	0.0307648	-0.409565	-0.283203	0.866664	0.325267	0.430296	0.252688	0.80324	0.744328	0.130606	0.498766	0.424442	0.72118	0.0513666	-0.684319	0.0947011	0.494125	0.551106	-0.484952	0.465773	0.0892216	0.727788	-0.111707	0.670736	0.403039	0.638476	-0.446006	0.480611
0.473621	0.529701	-0.482388	0.512251	0.503111	0.530104	-0.469358	0.495552	0.706929	-0.192071	-0.463293	0.498718	0.0214275	-0.407592	-0.279868	0.868955	0.326134	0.427731	0.256276	0.803123	0.751358	0.122	0.499797	0.413256	0.721446	0.0512477	-0.68403	0.0948268	0.494096	0.551575	-0.483866	0.466377	0.0902571	0.728025	-0.111337	0.670401	0.403452	0.638816	-0.446491	0.479361
0.469665	0.532386	-0.481215	0.514211	0.503998	0.529549	-0.469098	0.495491	0.701507	-0.200894	-0.459999	0.505895	0.0133333	-0.405806	-0.276302	0.871092	0.327848	0.425466	0.259022	0.802747	0.757084	0.114522	0.500796	0.403623	0.7228	0.0505389	-0.682672	0.0946795	0.494342	0.551975	-0.4824	0.467162	0.0920731	0.728392	-0.111176	0.669782	0.405775	0.638839	-0.449098	0.474914
0.466951	0.534165	-0.480372	0.515622	0.505378	0.529416	-0.468212	0.495065	0.696473	-0.207843	-0.457125	0.512604	0.000935978	-0.403035	-0.270112	0.874415	0.331359	0.423078	0.264608	0.800742	0.766355	0.103501	0.501656	0.387723	0.723557	0.049896	-0.681914	0.0947022	0.494761	0.55197	-0.482519	0.466602	0.097475	0.728614	-0.110387	0.668905	0.409821	0.637523	-0.452782	0.46968
0.46121	0.537969	-0.478081	0.518954	0.506537	0.529635	-0.468387	0.493478	0.693532	-0.212468	-0.454537	0.516979	-0.00639191	-0.401318	-0.265482	0.876597	0.336971	0.422279	0.265667	0.798469	0.772132	0.096167	0.501986	0.377591	0.725758	0.0490278	-0.678881	0.0999614	0.490926	0.556876	-0.479384	0.468051	0.101196	0.729517	-0.103741	0.668433	0.428752	0.628593	-0.468832	0.448596
0.454895	0.544203	-0.477187	0.518851	0.507233	0.530762	-0.470588	0.489441	0.692842	-0.216862	-0.451755	0.518515	-0.00813451	-0.401402	-0.260227	0.878118	0.343682	0.423256	0.264464	0.795484	0.775965	0.0959502	0.501802	0.369955	0.727278	0.0504383	-0.67522	0.112258	0.48893	0.560288	-0.478956	0.466504	0.106987	0.727802	-0.0932688	0.670939	0.43957	0.626442	-0.474544	0.434923
0.452233	0.549351	-0.48071	0.512461	0.504899	0.533435	-0.476853	0.482841	0.694642	-0.220207	-0.451204	0.515166	-0.00421958	-0.404136	-0.257511	0.877692	0.353132	0.426259	0.258504	0.791692	0.778763	0.1008	0.501382	0.363295	0.730909	0.0477504	-0.669686	0.122523	0.491216	0.561118	-0.478769	0.463286	0.105679	0.726191	-0.0794237	0.674663	0.446329	0.627251	-0.470898	0.430815
0.458496	0.551179	-0.488344	0.497498	0.504392	0.533799	-0.483005	0.476815	0.697626	-0.219377	-0.453513	0.509429	0.00382499	-0.40887	-0.258062	0.875337	0.363455	0.430265	0.248397	0.788081	0.780759	0.108538	0.500393	0.35811	0.735307	0.0333932	-0.667496	0.11251	0.50829	0.547733	-0.479712	0.459897	0.100057	0.729477	-0.0695557	0.673064	0.453417	0.624956	-0.466733	0.431281
0.464592	0.552362	-0.500342	0.478235	0.503919	0.534332	-0.489012	0.470555	0.700757	-0.216547	-0.457642	0.502604	0.0128096	-0.413287	-0.262369	0.87189	0.370313	0.433299	0.240509	0.785669	0.782588	0.116467	0.497956	0.355009	0.741075	0.0197376	-0.664033	0.0973624	0.520217	0.540576	-0.473547	0.461416	0.106647	0.732739	-0.0750881	0.667894	0.464071	0.617728	-0.466258	0.430876
0.474554	0.549799	-0.507881	0.463223	0.502966	0.535984	-0.495733	0.462596	0.703261	-0.209858	-0.46104	0.498824	0.0172574	-0.413857	-0.269099	0.869489	0.374353	0.435187	0.23371	0.784762	0.783567	0.123904	0.495514	0.353747	0.744133	0.0110207	-0.662043	0.088563	0.518733	0.544007	-0.481042	0.451188	0.115163	0.733972	-0.082501	0.664241	0.472419	0.611309	-0.465692	0.43157
0.476878	0.551354	-0.508999	0.45773	0.503058	0.537323	-0.498621	0.457815	0.704724	-0.206285	-0.462162	0.49721	0.0187478	-0.413114	-0.272852	0.868641	0.374952	0.436033	0.231203	0.784749	0.783838	0.126358	0.494626	0.35352	0.746295	0.00507853	-0.66199	0.0691897	0.505997	0.554931	-0.501792	0.429212	0.117072	0.734696	-0.0840376	0.662913	0.475175	0.608944	-0.464647	0.433011
0.477418	0.552072	-0.509948	0.455239	0.50478	0.539224	-0.501001	0.451035	0.706391	-0.20323	-0.462481	0.495803	0.022259	-0.410383	-0.277645	0.868334	0.37466	0.438855	0.228461	0.784118	0.782811	0.130546	0.494916	0.353868	0.747933	0.00784886	-0.661126	0.0587094	0.49911	0.560479	-0.513633	0.415852	0.118185	0.735888	-0.0856366	0.661186	0.478611	0.605453	-0.461635	0.437323
0.482668	0.549933	-0.513603	0.448126	0.507992	0.539133	-0.50086	0.447682	0.709748	-0.20119	-0.459704	0.494421	0.0259065	-0.407582	-0.275714	0.870165	0.373129	0.441676	0.228066	0.78338	0.781404	0.133223	0.496908	0.353188	0.752035	0.0166228	-0.657697	0.040019	0.483711	0.571596	-0.539066	0.385628	0.124706	0.736152	-0.0923071	0.658793	0.482244	0.601751	-0.460904	0.439208
0.48614	0.547893	-0.515679	0.444473	0.509486	0.538897	-0.501086	0.446012	0.712383	-0.203384	-0.455081	0.49401	0.0275269	-0.406866	-0.273434	0.87117	0.371847	0.443151	0.2285	0.783029	0.780713	0.133828	0.498266	0.352574	0.753376	0.022642	-0.656451	0.0313576	0.473158	0.580207	-0.548509	0.372316	0.131645	0.734489	-0.0985528	0.658394	0.479593	0.603476	-0.457548	0.443233
0.49056	0.545073	-0.516884	0.441676	0.513113	0.538467	-0.500738	0.442753	0.712383	-0.203384	-0.455081	0.49401	0.029548	-0.406183	-0.267974	0.873116	0.369937	0.446222	0.230028	0.781741	0.778906	0.134571	0.501647	0.351492	0.756479	0.0321868	-0.653196	0.00621753	0.457843	0.591961	-0.566282	0.345379	0.134958	0.732106	-0.099738	0.660196	0.475914	0.606121	-0.452775	0.448461
0.491046	0.544795	-0.517311	0.440978	0.515439	0.538037	-0.499809	0.441623	0.712383	-0.203384	-0.455081	0.49401	0.0301071	-0.405838	-0.264734	0.874246	0.369084	0.447411	0.231544	0.781017	0.777996	0.134715	0.503287	0.351108	0.757643	0.0372814	-0.65159	-0.00412154	0.453031	0.5946	-0.576171	0.330515	0.135386	0.732327	-0.0990495	0.659967	0.472819	0.607983	-0.450028	0.451966
0.492314	0.543922	-0.519089	0.438546	0.517267	0.537829	-0.499272	0.440344	0.715549	-0.21241	-0.445727	0.494165	0.030426	-0.405549	-0.261213	0.875427	0.368477	0.448601	0.233037	0.780177	0.777241	0.134584	0.504988	0.350386	0.758318	0.0414896	-0.650424	-0.0134317	0.448636	0.596337	-0.585845	0.316059	0.138064	0.731277	-0.0989457	0.660593	0.470859	0.608805	-0.4485	0.454419
0.49771	0.539588	-0.522051	0.434272	0.520543	0.536847	-0.498993	0.437992	0.715903	-0.21811	-0.441102	0.495318	0.0303977	-0.405172	-0.253931	0.877742	0.367751	0.45068	0.23572	0.778513	0.775624	0.133128	0.508515	0.349422	0.760241	0.0473457	-0.647124	-0.0319639	0.441272	0.597985	-0.603048	0.289874	0.147519	0.727959	-0.102426	0.661682	0.473312	0.604861	-0.450826	0.454836
0.502673	0.534593	-0.525374	0.430711	0.522151	0.536263	-0.498806	0.437005	0.715887	-0.220501	-0.438708	0.496408	0.0298466	-0.404324	-0.247512	0.879982	0.367303	0.451397	0.237122	0.777883	0.775016	0.132184	0.509868	0.34916	0.761216	0.0508305	-0.644787	-0.0470686	0.436065	0.598114	-0.615471	0.270743	0.153612	0.725293	-0.10619	0.662629	0.47492	0.60054	-0.452542	0.457174
0.50371	0.533092	-0.527161	0.429174	0.525096	0.535	-0.499006	0.434789	0.71566	-0.225036	-0.434265	0.498602	0.0294189	-0.403761	-0.24444	0.881113	0.366697	0.4517	0.239239	0.777345	0.774616	0.130955	0.511288	0.348433	0.7619	0.050646	-0.643382	-0.0548059	0.436219	0.595871	-0.62156	0.26137	0.164068	0.7208	-0.109674	0.664455	0.47486	0.598753	-0.452872	0.459248
0.50371	0.533092	-0.527161	0.429174	0.525096	0.535	-0.499006	0.434789	0.71566	-0.225036	-0.434265	0.498602	0.0294189	-0.403761	-0.24444	0.881113	0.366697	0.4517	0.239239	0.777345	0.774616	0.130955	0.511288	0.348433	0.7619	0.050646	-0.643382	-0.0548059	0.436219	0.595871	-0.62156	0.26137	0.164068	0.7208	-0.109674	0.664455	0.47486	0.598753	-0.452872	0.459248
0.505258	0.529664	-0.529596	0.4286	0.527652	0.533144	-0.499922	0.432919	0.715301	-0.229286	-0.429562	0.501248	0.0288997	-0.40289	-0.237578	0.883403	0.366934	0.451384	0.239917	0.777208	0.774484	0.129381	0.512002	0.348266	0.763319	0.0501968	-0.640736	-0.0654453	0.439514	0.589083	-0.633084	0.242928	0.173598	0.715924	-0.11121	0.667045	0.473172	0.596114	-0.451711	0.465525
0.507365	0.525658	-0.533076	0.426726	0.529671	0.530565	-0.50167	0.431598	0.714717	-0.234244	-0.425775	0.503016	0.027933	-0.402726	-0.231069	0.885233	0.366887	0.451016	0.240955	0.777123	0.7744	0.128946	0.51219	0.348338	0.762427	0.0500845	-0.641108	-0.0719472	0.443994	0.582653	-0.638967	0.234744	0.179979	0.71138	-0.108875	0.670591	0.474746	0.590309	-0.454049	0.469032
0.50858	0.522056	-0.53527	0.426955	0.530878	0.528426	-0.503942	0.43009	0.713671	-0.237317	-0.423443	0.505024	0.0266576	-0.402718	-0.226133	0.88655	0.36562	0.450568	0.240951	0.77798	0.773919	0.12815	0.512648	0.349025	0.759557	0.0489301	-0.643921	-0.0777435	0.456541	0.572225	-0.638661	0.23715	0.184088	0.708336	-0.107446	0.672924	0.475034	0.584547	-0.455653	0.474371
0.508809	0.52003	-0.536774	0.427264	0.531404	0.527238	-0.504971	0.429691	0.712891	-0.238532	-0.42271	0.506168	0.0259792	-0.402762	-0.224526	0.886959	0.364302	0.450313	0.24119	0.778671	0.773488	0.127928	0.512769	0.349885	0.757437	0.0482309	-0.646343	-0.0787631	0.45933	0.568732	-0.637365	0.243568	0.19414	0.701002	-0.106919	0.677845	0.475463	0.580882	-0.456671	0.477455
0.507994	0.514144	-0.542431	0.428215	0.533154	0.523519	-0.508874	0.42746	0.710854	-0.239646	-0.422085	0.509019	0.0238165	-0.403119	-0.221905	0.887517	0.358077	0.450174	0.241961	0.781396	0.771696	0.127978	0.513477	0.352774	0.748109	0.0463193	-0.657394	-0.0775937	0.464582	0.556008	-0.639318	0.257471	0.209932	0.691793	-0.112904	0.681619	0.489745	0.557124	-0.473788	0.474646
0.506343	0.510619	-0.544132	0.43221	0.534415	0.521652	-0.510822	0.425842	0.710321	-0.239832	-0.422066	0.509691	0.0220308	-0.402804	-0.221413	0.887829	0.352273	0.450837	0.243816	0.783073	0.770356	0.128296	0.514621	0.353917	0.742962	0.0434308	-0.663037	-0.0806418	0.467638	0.548719	-0.639646	0.266599	0.216447	0.688806	-0.116184	0.682054	0.500721	0.539231	-0.488837	0.468558
0.505034	0.509694	-0.544366	0.434532	0.534911	0.520939	-0.511398	0.4254	0.70993	-0.240808	-0.421618	0.510146	0.0209306	-0.402596	-0.220897	0.888078	0.349687	0.451141	0.244434	0.783864	0.769716	0.128214	0.5153	0.35435	0.739951	0.044723	-0.666262	-0.0810342	0.46905	0.545894	-0.639282	0.270758	0.229708	0.682319	-0.120122	0.683553	0.504391	0.532259	-0.49501	0.466107
0.501733	0.507178	-0.54328	0.442585	0.535506	0.519285	-0.512101	0.425826	0.710616	-0.24002	-0.421455	0.509697	0.0210701	-0.402492	-0.220723	0.888165	0.345737	0.452241	0.245704	0.784585	0.768649	0.127765	0.516355	0.355293	0.733372	0.0555462	-0.67349	-0.0741043	0.468414	0.544537	-0.636921	0.279999	0.240295	0.681498	-0.122693	0.680269	0.522032	0.5058	-0.521341	0.447049
0.498203	0.504578	-0.542842	0.45002	0.534006	0.518552	-0.512665	0.42792	0.710564	-0.239609	-0.421852	0.509634	0.0224946	-0.402779	-0.221849	0.88772	0.344505	0.452202	0.245862	0.7851	0.768078	0.127152	0.516899	0.355955	0.726988	0.0625983	-0.680366	-0.0683494	0.466781	0.543121	-0.636354	0.286686	0.248768	0.680929	-0.12824	0.67676	0.538038	0.477946	-0.546415	0.428383
0.498203	0.504578	-0.542842	0.45002	0.534006	0.518552	-0.512665	0.42792	0.710262	-0.239571	-0.421951	0.50999	0.0224946	-0.402779	-0.221849	0.88772	0.344505	0.452202	0.245862	0.7851	0.767864	0.126933	0.516826	0.356599	0.726988	0.0625983	-0.680366	-0.0683494	0.46615	0.542217	-0.636783	0.288464	0.258086	0.678643	-0.134712	0.674305	0.538038	0.477946	-0.546415	0.428383
0.497757	0.502929	-0.540952	0.454612	0.532706	0.51695	-0.512648	0.431485	0.708278	-0.242154	-0.422195	0.511327	0.019462	-0.4041	-0.218843	0.887937	0.345479	0.450238	0.246339	0.785651	0.768582	0.125215	0.515742	0.357229	0.723653	0.065786	-0.683933	-0.0650675	0.464373	0.542874	-0.636523	0.290662	0.268594	0.673364	-0.139257	0.674571	0.536351	0.474928	-0.546513	0.433699
0.493978	0.505404	-0.540631	0.456368	0.531467	0.516146	-0.512737	0.433863	0.706819	-0.243934	-0.423224	0.511648	0.0170247	-0.407801	-0.217214	0.886694	0.345576	0.448519	0.246856	0.786429	0.768983	0.123778	0.515023	0.357904	0.720886	0.0726783	-0.686817	-0.0576503	0.46021	0.545701	-0.635903	0.293333	0.26735	0.672243	-0.135965	0.67685	0.529107	0.483391	-0.537531	0.444342
0.492222	0.507096	-0.53852	0.458877	0.530472	0.516558	-0.512219	0.4352	0.704217	-0.244001	-0.426991	0.512075	0.0160715	-0.409151	-0.218698	0.885725	0.345324	0.448422	0.246438	0.786726	0.768192	0.123302	0.515378	0.359254	0.719717	0.0761204	-0.688054	-0.0528636	0.457177	0.547615	-0.63597	0.294362	0.25745	0.676641	-0.124842	0.678447	0.527538	0.484628	-0.535662	0.447109
0.490498	0.510028	-0.53458	0.462068	0.527911	0.519023	-0.509752	0.438266	0.701762	-0.242573	-0.429104	0.514352	0.0134679	-0.409649	-0.22109	0.884944	0.343414	0.448357	0.24645	0.787594	0.765581	0.122177	0.516289	0.363875	0.719297	0.081092	-0.688547	-0.044032	0.451798	0.550385	-0.637225	0.294786	0.256105	0.678041	-0.123378	0.677826	0.52565	0.485605	-0.531984	0.452628
0.489713	0.513308	-0.53177	0.462511	0.525761	0.522666	-0.505737	0.441164	0.699419	-0.240428	-0.42819	0.519289	0.00958097	-0.407206	-0.22171	0.885966	0.337247	0.44771	0.248631	0.789939	0.761729	0.120695	0.51774	0.370334	0.719395	0.084801	-0.688381	-0.0375601	0.447562	0.552753	-0.638548	0.293952	0.253	0.678584	-0.12172	0.678749	0.522138	0.488673	-0.526996	0.459179
0.488362	0.517111	-0.529023	0.462854	0.523726	0.527649	-0.500389	0.443744	0.697944	-0.23833	-0.424859	0.524946	0.00506849	-0.401998	-0.221689	0.888384	0.327162	0.447715	0.251753	0.793182	0.756015	0.118735	0.520239	0.379071	0.719349	0.0887354	-0.688208	-0.0321257	0.444297	0.554586	-0.640096	0.292082	0.245962	0.680748	-0.116245	0.680126	0.518591	0.492206	-0.522634	0.464382
0.486318	0.521696	-0.525897	0.463423	0.520869	0.534645	-0.494239	0.445622	0.697537	-0.236475	-0.423037	0.527789	0.000807272	-0.394952	-0.223281	0.891156	0.310877	0.451214	0.254567	0.796842	0.751665	0.118153	0.52266	0.384535	0.719221	0.0928498	-0.687976	-0.0280799	0.442593	0.554655	-0.642282	0.28973	0.242739	0.681746	-0.112924	0.680844	0.513076	0.498053	-0.516937	0.47061
0.485142	0.524226	-0.524011	0.463936	0.519522	0.538088	-0.491175	0.446436	0.696915	-0.231806	-0.41947	0.533498	-0.00109272	-0.391199	-0.224717	0.892449	0.299795	0.454044	0.255027	0.79933	0.739655	0.119994	0.528683	0.398755	0.71987	0.0941348	-0.687133	-0.0278261	0.444436	0.55244	-0.644697	0.285749	0.241018	0.681454	-0.108858	0.682408	0.509665	0.501542	-0.513628	0.474218
0.482465	0.529141	-0.521888	0.463542	0.516619	0.54569	-0.484894	0.447443	0.697144	-0.227051	-0.416085	0.537876	-0.00407887	-0.384125	-0.227627	0.894772	0.271017	0.463086	0.253809	0.804787	0.721754	0.128538	0.536628	0.417827	0.722419	0.0940044	-0.684382	-0.0299368	0.449901	0.54739	-0.649656	0.275502	0.23983	0.681497	-0.105399	0.683326	0.507865	0.503521	-0.512596	0.475169
0.479449	0.534795	-0.51963	0.462718	0.513499	0.554698	-0.47808	0.44729	0.69829	-0.221457	-0.41161	0.542148	-0.00536632	-0.376581	-0.230376	0.897265	0.233354	0.475438	0.250377	0.810442	0.697001	0.14226	0.545856	0.442711	0.725727	0.0926705	-0.680893	-0.0334075	0.457051	0.541056	-0.654745	0.263953	0.238632	0.682272	-0.102385	0.683431	0.506624	0.504651	-0.513418	0.474405
0.477483	0.538261	-0.518356	0.46216	0.512023	0.55977	-0.474352	0.446632	0.69893	-0.21881	-0.409263	0.544172	-0.00527763	-0.372818	-0.231686	0.898499	0.211576	0.482335	0.245698	0.81377	0.682022	0.152264	0.550122	0.457195	0.727127	0.0920751	-0.679372	-0.0355238	0.460915	0.537772	-0.656857	0.258646	0.240646	0.681287	-0.101714	0.683807	0.506492	0.504708	-0.514442	0.473376
0.474119	0.545109	-0.516452	0.459721	0.509055	0.570938	-0.467048	0.443576	0.699731	-0.215755	-0.406801	0.546204	-0.00549264	-0.364458	-0.234751	0.901128	0.163432	0.498137	0.234099	0.818748	0.64465	0.177863	0.558612	0.490656	0.727863	0.0926306	-0.678341	-0.0385857	0.463991	0.535975	-0.657674	0.254773	0.241803	0.680287	-0.099547	0.684712	0.505256	0.505226	-0.515609	0.472874
0.47156	0.552361	-0.514729	0.455612	0.507321	0.577282	-0.463075	0.441511	0.701681	-0.208382	-0.400856	0.55094	-0.00641899	-0.354011	-0.238108	0.9044	0.107762	0.515507	0.216848	0.821959	0.621814	0.192213	0.562644	0.509738	0.727853	0.0940141	-0.678116	-0.0393795	0.465651	0.534745	-0.658024	0.253419	0.242634	0.679573	-0.0983497	0.685301	0.503552	0.505687	-0.517206	0.472456
0.470489	0.559799	-0.514796	0.447493	0.504215	0.590092	-0.455274	0.436215	0.703833	-0.200493	-0.393747	0.556224	-0.0069035	-0.342061	-0.241724	0.908029	0.0771153	0.524889	0.207578	0.821861	0.567453	0.228416	0.569532	0.54905	0.725873	0.0959737	-0.679659	-0.0442926	0.468939	0.53336	-0.656553	0.254089	0.247841	0.676567	-0.0977132	0.686502	0.500193	0.507318	-0.516682	0.474842
0.472094	0.562415	-0.515104	0.442136	0.500883	0.603522	-0.447696	0.429471	0.706429	-0.191419	-0.385075	0.562168	-0.00708025	-0.335527	-0.243309	0.91004	0.0162506	0.543789	0.184182	0.818601	0.500493	0.271285	0.572624	0.589926	0.72433	0.0972188	-0.681051	-0.0454356	0.469268	0.533901	-0.65517	0.25591	0.249616	0.673655	-0.0958825	0.688975	0.497607	0.508849	-0.515776	0.476901
0.476168	0.566759	-0.515557	0.431565	0.49989	0.609558	-0.443878	0.426053	0.708052	-0.187042	-0.380508	0.564705	-0.00720219	-0.322346	-0.246105	0.914042	0.0162506	0.543789	0.184182	0.818601	0.46236	0.293904	0.57189	0.610562	0.72047	0.0989398	-0.684639	-0.0490162	0.468605	0.536088	-0.65114	0.262747	0.25242	0.671702	-0.0961082	0.689829	0.491022	0.513738	-0.513974	0.480417
0.479408	0.567928	-0.516551	0.425206	0.49801	0.621419	-0.437549	0.417582	0.712297	-0.17996	-0.370985	0.567994	-0.00607944	-0.315911	-0.247081	0.916032	-0.065968	0.573574	0.145505	0.803424	0.378412	0.342035	0.566381	0.647324	0.718193	0.0992149	-0.686832	-0.0511504	0.46748	0.537395	-0.648897	0.267586	0.259965	0.666146	-0.0967198	0.692324	0.487856	0.516332	-0.514078	0.480751
0.487054	0.569462	-0.51784	0.412714	0.497965	0.626806	-0.43472	0.41251	0.715336	-0.17663	-0.365674	0.568665	-0.00411376	-0.309656	-0.24787	0.917963	-0.0905531	0.584107	0.133633	0.795463	0.333589	0.368015	0.561337	0.661955	0.714931	0.0949548	-0.690179	-0.0592538	0.470958	0.532723	-0.649139	0.270231	0.265038	0.662142	-0.0978616	0.694079	0.48361	0.519522	-0.517932	0.477456
0.49092	0.569279	-0.520473	0.405002	0.501407	0.635492	-0.430391	0.399381	0.72333	-0.170202	-0.354662	0.567486	0.00396725	-0.298042	-0.248238	0.921701	-0.129328	0.606006	0.105346	0.777774	0.242073	0.42098	0.544536	0.683855	0.713538	0.089946	-0.691747	-0.0652696	0.472115	0.530676	-0.649079	0.272372	0.274181	0.655235	-0.103339	0.696285	0.481498	0.521025	-0.520215	0.475467
0.501276	0.566052	-0.527322	0.387608	0.504972	0.638815	-0.429381	0.390577	0.728612	-0.16698	-0.34825	0.565653	0.0101967	-0.291931	-0.248235	0.923608	-0.143058	0.618051	0.0904355	0.767703	0.196748	0.446817	0.532146	0.691712	0.709963	0.0808872	-0.695324	-0.0770348	0.474378	0.52642	-0.648615	0.277751	0.278473	0.651841	-0.106856	0.697236	0.478956	0.522149	-0.527334	0.468914
0.506892	0.563898	-0.530514	0.378991	0.516512	0.642783	-0.428015	0.369931	0.742046	-0.161328	-0.332381	0.559342	0.0271686	-0.278361	-0.246453	0.927921	-0.156255	0.645513	0.0544776	0.745607	0.110974	0.496202	0.50276	0.699072	0.708411	0.0686697	-0.696389	-0.0920873	0.481062	0.518153	-0.650698	0.276927	0.289826	0.643636	-0.117875	0.698454	0.477885	0.522616	-0.531414	0.464863
0.51874	0.55809	-0.539803	0.357851	0.531437	0.644143	-0.427887	0.345784	0.758125	-0.157876	-0.313042	0.549842	0.048011	-0.262828	-0.242605	0.932609	-0.154663	0.674191	0.022855	0.72182	0.0342223	0.542678	0.471343	0.694381	0.709178	0.0605123	-0.695219	-0.100374	0.484234	0.514638	-0.65164	0.275736	0.302153	0.635445	-0.13019	0.698544	0.476774	0.521965	-0.541916	0.454495
0.539079	0.545159	-0.555655	0.321626	0.548306	0.640904	-0.43131	0.320272	0.773758	-0.15859	-0.292787	0.538909	0.0696503	-0.248123	-0.235549	0.93707	-0.135711	0.70224	-0.004648	0.69887	-0.0262771	0.583464	0.43145	0.687554	0.713192	0.0375657	-0.689367	-0.121319	0.490469	0.510196	-0.651968	0.272172	0.315423	0.626988	-0.142871	0.697841	0.47403	0.522817	-0.557396	0.437342
0.545161	0.540263	-0.561028	0.310101	0.566518	0.633047	-0.439039	0.292494	0.788772	-0.163839	-0.272409	0.526108	0.0916465	-0.236438	-0.225089	0.940762	-0.10277	0.729219	-0.0288918	0.675902	-0.0747981	0.616353	0.390845	0.679525	0.714683	0.0318519	-0.687277	-0.125953	0.491468	0.510195	-0.651564	0.271339	0.331725	0.616962	-0.156528	0.696287	0.475471	0.521291	-0.565006	0.427727
0.553348	0.530042	-0.573988	0.288792	0.58704	0.620246	-0.448485	0.263705	0.803925	-0.177395	-0.251485	0.508911	0.117668	-0.230377	-0.207332	0.943448	-0.0594839	0.751739	-0.0488243	0.654955	-0.108998	0.639813	0.353695	0.673542	0.718193	0.0215237	-0.682619	-0.133294	0.492555	0.511235	-0.650819	0.269189	0.349006	0.608627	-0.170803	0.691805	0.478485	0.518681	-0.580238	0.406627
0.564097	0.515256	-0.587974	0.265693	0.610576	0.601744	-0.458327	0.234599	0.820284	-0.195498	-0.227434	0.48702	0.148623	-0.226908	-0.184121	0.944735	-0.0106022	0.766497	-0.0692261	0.638419	-0.12862	0.655293	0.331096	0.666651	0.722459	0.00474721	-0.675647	-0.146735	0.497635	0.508053	-0.652528	0.261626	0.365079	0.599711	-0.182086	0.688411	0.476777	0.521269	-0.591169	0.389206
0.578772	0.494573	-0.601643	0.241755	0.635359	0.576751	-0.471211	0.204052	0.838111	-0.218094	-0.198716	0.45882	0.185566	-0.223956	-0.154296	0.944247	0.0257732	0.770719	-0.0705815	0.632729	-0.120241	0.664932	0.32302	0.66262	0.726581	-0.0151466	-0.666727	-0.165308	0.505184	0.503028	-0.654416	0.251974	0.379679	0.591957	-0.194663	0.683767	0.474916	0.523728	-0.601679	0.37168
0.58574	0.483521	-0.608729	0.229271	0.646766	0.563934	-0.477621	0.188546	0.847187	-0.230929	-0.182204	0.442433	0.205604	-0.22175	-0.137929	0.943149	0.0454223	0.769288	-0.0677439	0.633675	-0.106648	0.666615	0.325586	0.662	0.730025	-0.0312656	-0.657909	-0.182324	0.513567	0.497396	-0.655749	0.242568	0.385335	0.590723	-0.199858	0.680162	0.473763	0.525087	-0.606139	0.363906
0.595403	0.466075	-0.620982	0.206522	0.665913	0.539249	-0.489581	0.161498	0.863459	-0.256757	-0.149165	0.407754	0.245494	-0.217544	-0.104605	0.938864	0.0885051	0.761338	-0.04573	0.640657	-0.0660638	0.66258	0.345331	0.66134	0.731767	-0.0396416	-0.652878	-0.191558	0.518149	0.494506	-0.656122	0.237674	0.39758	0.585959	-0.210811	0.6739	0.472602	0.526974	-0.613545	0.350013
0.603076	0.451022	-0.631866	0.183367	0.678269	0.518448	-0.501437	0.140438	0.875883	-0.278891	-0.120601	0.37484	0.281096	-0.214305	-0.075836	0.932366	0.130335	0.746458	0.00841878	0.652489	-0.0133938	0.64797	0.384607	0.657292	0.734864	-0.0541231	-0.643334	-0.207765	0.527252	0.49013	-0.655379	0.228597	0.408236	0.583343	-0.221287	0.666398	0.473995	0.526912	-0.619353	0.337779
0.603702	0.447779	-0.635671	0.175955	0.68168	0.510382	-0.507262	0.13232	0.880664	-0.286416	-0.109771	0.361037	0.295721	-0.213102	-0.0655071	0.928895	0.157177	0.736139	0.0411416	0.657041	0.0193944	0.635966	0.411227	0.652736	0.736249	-0.0588776	-0.639436	-0.213524	0.531117	0.489227	-0.653936	0.225696	0.411519	0.582932	-0.224376	0.6637	0.476266	0.525789	-0.621749	0.331881
0.603991	0.443976	-0.642022	0.160898	0.686904	0.496734	-0.516006	0.12311	0.887534	-0.29487	-0.0983485	0.340092	0.317199	-0.213311	-0.0529008	0.922542	0.232323	0.708488	0.0914389	0.660083	0.107026	0.601263	0.474865	0.633665	0.738766	-0.064866	-0.633341	-0.221126	0.539006	0.486999	-0.651022	0.220168	0.414912	0.583787	-0.229536	0.659056	0.481841	0.523839	-0.623829	0.322891
0.603268	0.442474	-0.645509	0.15363	0.688527	0.490154	-0.521168	0.118591	0.890137	-0.295352	-0.0978024	0.332953	0.324576	-0.214875	-0.0516307	0.919681	0.274893	0.689527	0.108181	0.661274	0.161699	0.577052	0.507071	0.61947	0.739687	-0.0680223	-0.630807	-0.224317	0.542538	0.485965	-0.649597	0.217976	0.415461	0.585123	-0.231013	0.657005	0.485486	0.522665	-0.624011	0.318959
0.599437	0.443038	-0.651258	0.142322	0.687756	0.479205	-0.53295	0.115407	0.894528	-0.291462	-0.103952	0.322587	0.334625	-0.219922	-0.0570835	0.91455	0.3494	0.65459	0.129697	0.657731	0.272975	0.515763	0.575477	0.572974	0.741345	-0.0699213	-0.627368	-0.227876	0.548977	0.484153	-0.646504	0.215064	0.415718	0.587347	-0.233595	0.653938	0.492722	0.520932	-0.622932	0.312745
0.596687	0.444775	-0.653253	0.139284	0.685239	0.475505	-0.539533	0.115092	0.896045	-0.288284	-0.109366	0.319429	0.337764	-0.223081	-0.0616408	0.912332	0.376108	0.643227	0.1426	0.651511	0.325977	0.481838	0.606228	0.542272	0.741905	-0.0695548	-0.626296	-0.229113	0.551467	0.484148	-0.64455	0.214571	0.414363	0.589104	-0.234318	0.652958	0.495723	0.521177	-0.621313	0.31081
0.594112	0.446586	-0.654743	0.137489	0.682244	0.473114	-0.545379	0.115191	0.89705	-0.284874	-0.115426	0.31753	0.33949	-0.226304	-0.0667847	0.910534	0.398974	0.63301	0.156952	0.644581	0.373769	0.448546	0.632856	0.508524	0.742417	-0.0687585	-0.625543	-0.229749	0.552832	0.48538	-0.642234	0.215217	0.413195	0.591151	-0.235202	0.651529	0.498395	0.521912	-0.619204	0.309511
0.591385	0.447944	-0.656634	0.135797	0.679404	0.471336	-0.550283	0.115933	0.897712	-0.2812	-0.121857	0.316528	0.339917	-0.229797	-0.0722323	0.909083	0.416312	0.626372	0.171968	0.636215	0.412197	0.417823	0.655089	0.47579	0.743014	-0.0669528	-0.625229	-0.229208	0.552832	0.48538	-0.642234	0.215217	0.410841	0.594288	-0.235378	0.650099	0.500677	0.522892	-0.616986	0.308602
0.588635	0.44946	-0.658127	0.13551	0.675838	0.470504	-0.555123	0.117083	0.897712	-0.2812	-0.121857	0.316528	0.339476	-0.233181	-0.0772828	0.90797	0.431823	0.617579	0.18577	0.630566	0.412197	0.417823	0.655089	0.47579	0.743645	-0.0639712	-0.625244	-0.227968	0.555304	0.487732	-0.63802	0.21607	0.407685	0.597661	-0.234557	0.64929	0.50286	0.523837	-0.614873	0.307665
0.585609	0.451793	-0.658814	0.137511	0.671904	0.470875	-0.559128	0.11915	0.897605	-0.275779	-0.134029	0.316681	0.338375	-0.236556	-0.0817158	0.90712	0.441533	0.615604	0.202667	0.620489	0.455407	0.375395	0.68862	0.42129	0.744106	-0.0607057	-0.625306	-0.227187	0.557726	0.490513	-0.633397	0.217134	0.405269	0.600299	-0.23424	0.648483	0.504964	0.525031	-0.612563	0.306789
0.578184	0.45585	-0.661298	0.143488	0.666619	0.471154	-0.564224	0.12363	0.896502	-0.273409	-0.142656	0.31809	0.333409	-0.243698	-0.0875062	0.906528	0.45679	0.612002	0.226391	0.604601	0.469697	0.361107	0.705246	0.389379	0.745954	-0.0492648	-0.625335	-0.223791	0.557572	0.49594	-0.628241	0.22016	0.400249	0.605495	-0.233565	0.647011	0.508904	0.529344	-0.605564	0.306763
0.576633	0.456607	-0.661876	0.144655	0.664291	0.470935	-0.566109	0.128288	0.895576	-0.274217	-0.145715	0.318615	0.332781	-0.245009	-0.0869679	0.906457	0.460741	0.611385	0.237748	0.597831	0.473051	0.357474	0.709545	0.380764	0.746308	-0.0463321	-0.625532	-0.222682	0.557864	0.497554	-0.626289	0.221336	0.394939	0.610948	-0.232835	0.645409	0.509938	0.530242	-0.603801	0.306971
0.573736	0.459072	-0.662251	0.146639	0.663593	0.470742	-0.56673	0.129861	0.895588	-0.274786	-0.1457	0.318097	0.333198	-0.245996	-0.0849782	0.906225	0.46193	0.609917	0.242783	0.596388	0.481382	0.352773	0.712419	0.369164	0.746899	-0.040832	-0.625791	-0.221043	0.559909	0.498422	-0.6233	0.222654	0.393775	0.612326	-0.232581	0.644906	0.511212	0.531684	-0.60118	0.307501
0.573441	0.46043	-0.661489	0.146974	0.663253	0.471278	-0.566523	0.130555	0.895588	-0.274786	-0.1457	0.318097	0.334179	-0.246014	-0.0836487	0.905983	0.46239	0.609098	0.245335	0.595824	0.48338	0.352495	0.711585	0.368427	0.747108	-0.0400028	-0.625004	-0.222712	0.56286	0.498035	-0.621132	0.222135	0.390768	0.615154	-0.231384	0.644475	0.508101	0.536276	-0.597081	0.312628
0.57372	0.461029	-0.660819	0.147021	0.663135	0.4715	-0.566475	0.130562	0.896369	-0.275712	-0.144278	0.315737	0.334605	-0.246198	-0.0836474	0.905775	0.462465	0.608753	0.2462	0.595761	0.48354	0.352468	0.711241	0.368907	0.747324	-0.0398576	-0.624512	-0.22339	0.564002	0.49792	-0.620274	0.221893	0.389943	0.615105	-0.231654	0.644924	0.507901	0.537391	-0.595845	0.313394
0.57372	0.461029	-0.660819	0.147021	0.663135	0.4715	-0.566475	0.130562	0.896369	-0.275712	-0.144278	0.315737	0.334605	-0.246198	-0.0836474	0.905775	0.462465	0.608753	0.2462	0.595761	0.48354	0.352468	0.711241	0.368907	0.747324	-0.0398576	-0.624512	-0.22339	0.564372	0.498567	-0.619275	0.222295	0.389943	0.615105	-0.231654	0.644924	0.507901	0.537391	-0.595845	0.313394
0.574621	0.461362	-0.659888	0.146644	0.662386	0.472673	-0.566326	0.130764	0.896474	-0.275314	-0.144595	0.315641	0.334552	-0.246199	-0.0842403	0.90574	0.461402	0.609592	0.245917	0.595845	0.483574	0.353028	0.711382	0.368053	0.74822	-0.0382263	-0.623822	-0.222602	0.565804	0.497799	-0.619063	0.220959	0.389144	0.617138	-0.232385	0.643199	0.508178	0.537985	-0.595353	0.312859
0.575335	0.461454	-0.659089	0.147142	0.661638	0.473423	-0.566528	0.130964	0.896596	-0.274177	-0.144981	0.316107	0.334464	-0.24597	-0.084495	0.905811	0.460117	0.610635	0.24652	0.595521	0.483569	0.35322	0.711448	0.367747	0.748598	-0.038353	-0.623092	-0.223352	0.567405	0.496903	-0.618947	0.21919	0.389301	0.617587	-0.232843	0.642507	0.507554	0.538879	-0.595023	0.312963
0.576364	0.461317	-0.65819	0.14757	0.661082	0.473992	-0.566631	0.131271	0.896596	-0.274177	-0.144981	0.316107	0.334134	-0.245769	-0.0847638	0.905962	0.459585	0.611066	0.246427	0.595529	0.48378	0.353204	0.711181	0.368003	0.74879	-0.0389646	-0.622388	-0.224565	0.568404	0.496423	-0.618975	0.217601	0.389561	0.617232	-0.232426	0.642842	0.507118	0.5398	-0.594729	0.312641
0.577471	0.461312	-0.656953	0.148764	0.660162	0.474856	-0.566699	0.132473	0.896032	-0.272547	-0.146398	0.318452	0.332535	-0.245668	-0.0854681	0.906512	0.459028	0.610799	0.246666	0.596132	0.483889	0.352854	0.711022	0.368502	0.749261	-0.0378532	-0.622001	-0.224252	0.568425	0.496907	-0.61901	0.216339	0.388913	0.618067	-0.232036	0.642572	0.506712	0.541084	-0.59479	0.31096
0.57724	0.461834	-0.656523	0.149936	0.659707	0.475248	-0.566719	0.133251	0.895677	-0.272508	-0.147325	0.319056	0.331478	-0.246054	-0.0858416	0.906758	0.458626	0.610603	0.2472	0.596421	0.484185	0.351961	0.711039	0.368934	0.74933	-0.0367034	-0.622085	-0.223981	0.56897	0.496575	-0.6191	0.21541	0.388189	0.618864	-0.231419	0.642466	0.50691	0.541319	-0.595095	0.309641
0.577698	0.462084	-0.655599	0.15144	0.65861	0.475972	-0.566958	0.135059	0.894803	-0.272761	-0.149775	0.320151	0.329482	-0.247679	-0.0868729	0.906945	0.458023	0.609707	0.247815	0.597545	0.484259	0.350409	0.711271	0.369866	0.749814	-0.0353055	-0.621274	-0.224835	0.569665	0.497025	-0.618672	0.213758	0.389222	0.618472	-0.232672	0.641765	0.507263	0.541712	-0.595699	0.307205
0.578245	0.462615	-0.654391	0.152946	0.657997	0.476229	-0.567023	0.13686	0.893624	-0.273988	-0.15158	0.321544	0.327496	-0.249611	-0.0861046	0.907208	0.457987	0.608058	0.248115	0.599126	0.484638	0.348234	0.711249	0.371462	0.750261	-0.0341287	-0.620973	-0.224359	0.568199	0.4992	-0.618067	0.21434	0.389276	0.619185	-0.232603	0.641069	0.50774	0.541719	-0.596475	0.304891
0.578239	0.463692	-0.653358	0.154119	0.657492	0.476808	-0.566721	0.138514	0.892527	-0.27499	-0.153241	0.322946	0.32535	-0.251288	-0.0852349	0.907599	0.457542	0.607201	0.24871	0.600088	0.485051	0.346708	0.711121	0.372593	0.750421	-0.0310134	-0.621383	-0.223136	0.566946	0.500993	-0.617493	0.21513	0.388726	0.619881	-0.232113	0.640908	0.506854	0.543145	-0.596025	0.304708
0.578471	0.464206	-0.652598	0.154918	0.657178	0.477201	-0.566536	0.139402	0.891875	-0.275584	-0.154137	0.323812	0.32431	-0.252197	-0.0849117	0.90775	0.457052	0.606988	0.248816	0.600633	0.48518	0.346366	0.710983	0.373006	0.750475	-0.030676	-0.62124	-0.223398	0.566605	0.501461	-0.617512	0.214882	0.388503	0.619929	-0.23179	0.641114	0.505895	0.544383	-0.595375	0.305362
0.578173	0.465355	-0.651784	0.156005	0.65674	0.477856	-0.565829	0.142065	0.889888	-0.276438	-0.156793	0.327257	0.319982	-0.25432	-0.084795	0.908704	0.455463	0.606959	0.249192	0.601712	0.484687	0.346229	0.710323	0.375026	0.750637	-0.0284202	-0.621525	-0.22236	0.564393	0.503965	-0.617137	0.215921	0.387551	0.621233	-0.230905	0.640747	0.504803	0.546059	-0.594514	0.305853
0.576981	0.467035	-0.651379	0.157086	0.656895	0.478464	-0.564682	0.143856	0.888525	-0.276748	-0.158395	0.329918	0.317296	-0.255147	-0.0845752	0.909434	0.453416	0.607284	0.250166	0.602526	0.484038	0.346226	0.710309	0.375894	0.750588	-0.0261305	-0.621846	-0.221905	0.563471	0.505035	-0.616922	0.21644	0.386685	0.621398	-0.230742	0.641169	0.503988	0.547361	-0.593402	0.307027
0.576761	0.467438	-0.651237	0.157286	0.656866	0.47864	-0.564375	0.144611	0.887843	-0.276818	-0.159039	0.331381	0.315946	-0.255485	-0.0843523	0.90983	0.452647	0.607287	0.250449	0.602983	0.483434	0.345818	0.710662	0.376379	0.750493	-0.025624	-0.622067	-0.221667	0.562992	0.50545	-0.61695	0.216639	0.3861	0.621614	-0.23053	0.641388	0.503821	0.547684	-0.593035	0.307434
0.575677	0.468914	-0.650935	0.158111	0.656696	0.479133	-0.5639	0.145598	0.886788	-0.276581	-0.160459	0.333712	0.312699	-0.256657	-0.0843254	0.910624	0.450887	0.60697	0.251432	0.604211	0.482581	0.344709	0.710958	0.377928	0.750361	-0.0233739	-0.622854	-0.220147	0.56128	0.506792	-0.616903	0.218077	0.385107	0.622217	-0.230279	0.641491	0.50355	0.547796	-0.592933	0.307876
0.575781	0.469132	-0.650599	0.15847	0.656196	0.479596	-0.563831	0.146592	0.886028	-0.276062	-0.162248	0.33529	0.31201	-0.257093	-0.0849582	0.910678	0.44999	0.607221	0.252082	0.604356	0.481252	0.34434	0.711518	0.378905	0.750413	-0.0236089	-0.622678	-0.220443	0.560772	0.507197	-0.616951	0.218305	0.384595	0.622215	-0.230426	0.641746	0.50335	0.547726	-0.593077	0.30805
0.576863	0.469031	-0.649456	0.159517	0.65576	0.479702	-0.564077	0.147245	0.885326	-0.275458	-0.16366	0.33695	0.311136	-0.257345	-0.0856712	0.91084	0.449312	0.606185	0.252269	0.605821	0.481542	0.343796	0.710785	0.380403	0.75031	-0.0233508	-0.623117	-0.219579	0.559453	0.508027	-0.617333	0.218679	0.383983	0.622466	-0.230582	0.641815	0.502931	0.547559	-0.59348	0.308257
0.57777	0.469391	-0.648007	0.16106	0.655587	0.479918	-0.563827	0.148273	0.884828	-0.274894	-0.164808	0.338159	0.308515	-0.257808	-0.0866416	0.911508	0.448518	0.60596	0.252798	0.606413	0.481358	0.343613	0.710593	0.381159	0.750126	-0.0223376	-0.62335	-0.219652	0.559267	0.50782	-0.617625	0.21881	0.383052	0.62261	-0.231104	0.642043	0.502709	0.547294	-0.593861	0.308353
0.577695	0.469663	-0.647759	0.161532	0.655526	0.480115	-0.563517	0.149078	0.88454	-0.274784	-0.165621	0.338604	0.308196	-0.258312	-0.0871506	0.911425	0.44806	0.606061	0.253	0.606567	0.481318	0.343559	0.710651	0.38115	0.750046	-0.0219478	-0.623329	-0.220025	0.559267	0.50782	-0.617625	0.21881	0.382919	0.622494	-0.231767	0.641995	0.502558	0.547112	-0.594106	0.308451
0.57718	0.470021	-0.647832	0.162038	0.655261	0.48078	-0.562914	0.150373	0.883707	-0.274858	-0.167212	0.339934	0.305444	-0.25968	-0.0875022	0.911928	0.447241	0.605893	0.253878	0.606971	0.481361	0.343511	0.710284	0.381823	0.749793	-0.0212099	-0.623682	-0.219957	0.558205	0.508855	-0.617502	0.219464	0.382982	0.621924	-0.233113	0.642023	0.502554	0.54623	-0.595013	0.308273
0.577268	0.470079	-0.647664	0.162232	0.655758	0.480462	-0.562375	0.151234	0.883172	-0.274954	-0.167744	0.340983	0.304191	-0.259687	-0.087575	0.912338	0.446815	0.605024	0.254923	0.607714	0.481327	0.342803	0.710107	0.382831	0.749662	-0.0203674	-0.623864	-0.219966	0.557915	0.509226	-0.617295	0.219922	0.382645	0.6218	-0.233495	0.642205	0.502683	0.54587	-0.595388	0.307977
0.577256	0.469956	-0.647944	0.161507	0.656256	0.480174	-0.561933	0.151635	0.882415	-0.274784	-0.168175	0.342862	0.302698	-0.259255	-0.0876858	0.912947	0.446342	0.604873	0.25599	0.607764	0.48097	0.342239	0.710497	0.38306	0.749629	-0.0195507	-0.623688	-0.220652	0.55799	0.50964	-0.616918	0.219834	0.382486	0.621605	-0.234316	0.64219	0.50349	0.54452	-0.596614	0.306672
0.578043	0.469344	-0.647846	0.160869	0.657585	0.478899	-0.561364	0.152014	0.881968	-0.274551	-0.167628	0.344463	0.301823	-0.258351	-0.0875602	0.913505	0.446107	0.603503	0.25835	0.608299	0.47967	0.340213	0.71199	0.383722	0.74977	-0.0193333	-0.623549	-0.220583	0.558152	0.509769	-0.616699	0.219735	0.383314	0.620066	-0.235974	0.642577	0.504134	0.54332	-0.597732	0.305564
0.578411	0.469129	-0.647778	0.160447	0.658199	0.478399	-0.561086	0.151961	0.882059	-0.274566	-0.16713	0.344461	0.30197	-0.257897	-0.0872663	0.913613	0.445963	0.60301	0.259156	0.608551	0.479295	0.339594	0.712272	0.384215	0.749965	-0.0195119	-0.623014	-0.221417	0.558854	0.509174	-0.616741	0.219212	0.383331	0.619849	-0.236403	0.642618	0.504335	0.54279	-0.598306	0.30505
0.578828	0.468653	-0.647977	0.159524	0.658729	0.477899	-0.560943	0.151762	0.882275	-0.274582	-0.166515	0.344192	0.302625	-0.257488	-0.0869721	0.913539	0.445796	0.602543	0.25989	0.608823	0.478914	0.339078	0.712298	0.385096	0.749987	-0.0198399	-0.622732	-0.222105	0.559145	0.509139	-0.616531	0.219142	0.384004	0.619316	-0.237475	0.642335	0.504629	0.542073	-0.59903	0.304418
0.57929	0.468195	-0.648104	0.158675	0.659518	0.477296	-0.560591	0.151534	0.882535	-0.274662	-0.165648	0.343881	0.303418	-0.257034	-0.0864788	0.913451	0.445749	0.602257	0.260718	0.608786	0.477996	0.339034	0.712528	0.38585	0.750067	-0.0205179	-0.622388	-0.222735	0.559423	0.509167	-0.616243	0.21918	0.384647	0.61888	-0.23811	0.642135	0.50496	0.541306	-0.599749	0.303815
0.580222	0.467383	-0.648277	0.156949	0.660668	0.476686	-0.560026	0.15053	0.883174	-0.275017	-0.163591	0.342938	0.304476	-0.25587	-0.085078	0.913557	0.445676	0.601956	0.262108	0.608541	0.475077	0.340153	0.712537	0.388444	0.750133	-0.0206093	-0.622246	-0.222901	0.559866	0.508764	-0.616236	0.219004	0.384989	0.618377	-0.239245	0.641993	0.505535	0.539919	-0.601044	0.302767
0.580863	0.466575	-0.648709	0.155185	0.661696	0.476338	-0.559486	0.149119	0.883927	-0.274567	-0.16134	0.342424	0.306054	-0.253952	-0.0843697	0.913631	0.443983	0.602811	0.263959	0.608131	0.470982	0.343232	0.711984	0.391721	0.750255	-0.0210068	-0.621852	-0.223552	0.560744	0.50811	-0.616186	0.218413	0.386128	0.617793	-0.240563	0.641378	0.5064	0.538365	-0.602397	0.301397
0.581725	0.465821	-0.648934	0.15327	0.662075	0.476348	-0.559471	0.14745	0.884732	-0.273429	-0.159458	0.342139	0.307094	-0.251969	-0.0841433	0.913851	0.442931	0.603325	0.264518	0.608147	0.46577	0.347582	0.710213	0.397294	0.750366	-0.0225364	-0.621323	-0.224501	0.56149	0.507498	-0.616076	0.218231	0.38668	0.617273	-0.24169	0.641124	0.507026	0.537022	-0.603355	0.300824
0.582126	0.465517	-0.648922	0.152719	0.662136	0.476319	-0.559678	0.146479	0.885132	-0.272797	-0.158808	0.34191	0.307767	-0.251135	-0.084377	0.913833	0.442485	0.603457	0.264159	0.608496	0.463647	0.349985	0.708883	0.400034	0.750386	-0.0230175	-0.621142	-0.224885	0.5619	0.507152	-0.615989	0.218227	0.386934	0.617154	-0.242806	0.640662	0.50703	0.536653	-0.603495	0.301196
