FULLBODY	1																																						
Frames:	136																																						
0.419055	0.569958	-0.438336	0.554439	0.442121	0.562497	-0.424307	0.555059	0.715302	0.261263	-0.569555	0.309339	0.690389	0.0873474	-0.671536	0.254504	-0.0238865	0.645722	0.0291801	0.762641	0.0245223	0.629363	0.192139	0.752584	0.682192	0.146568	-0.698404	0.159261	0.407842	0.59866	-0.459929	0.513552	0.0563073	0.746568	-0.0874469	0.657129	0.408088	0.63862	-0.446691	0.475495
0.417405	0.571307	-0.43869	0.554016	0.445055	0.560561	-0.421698	0.556658	0.716807	0.260981	-0.569275	0.306598	0.689511	0.0879327	-0.672014	0.25542	-0.0193334	0.646188	0.0273051	0.762445	0.0365917	0.630686	0.19691	0.749748	0.682459	0.143566	-0.701621	0.14617	0.404836	0.59947	-0.459773	0.515123	0.0546922	0.749897	-0.0942722	0.652516	0.407989	0.637447	-0.451779	0.472337
0.417589	0.571166	-0.438795	0.553939	0.444785	0.560758	-0.422183	0.556308	0.717062	0.261331	-0.569234	0.305779	0.68915	0.0887071	-0.672158	0.255748	-0.0193374	0.646058	0.026528	0.762582	0.0370735	0.630662	0.196541	0.749842	0.682441	0.143719	-0.701526	0.146561	0.40484	0.599447	-0.459762	0.515157	0.0550757	0.749863	-0.0944741	0.652493	0.408209	0.637374	-0.452027	0.472008
0.417694	0.571076	-0.438831	0.553924	0.444701	0.560729	-0.422668	0.556035	0.71668	0.263833	-0.569148	0.304683	0.688315	0.091008	-0.672843	0.255386	-0.0204552	0.645899	0.0252764	0.76273	0.0377027	0.630738	0.196997	0.749627	0.682521	0.143787	-0.701332	0.147051	0.404986	0.599324	-0.459759	0.515188	0.0552542	0.74976	-0.0945812	0.65258	0.408812	0.637044	-0.452442	0.471534
0.417699	0.571181	-0.439268	0.553465	0.444774	0.560722	-0.422806	0.555879	0.716352	0.265176	-0.569215	0.304164	0.688049	0.0923669	-0.673215	0.254633	-0.0214708	0.645978	0.0248304	0.76265	0.0379141	0.630909	0.197048	0.749458	0.682544	0.143836	-0.701303	0.147032	0.405211	0.599175	-0.45979	0.515156	0.0553129	0.749857	-0.0950225	0.6524	0.408825	0.636985	-0.45217	0.471863
0.418267	0.570752	-0.439439	0.553343	0.444696	0.560941	-0.423167	0.555446	0.716057	0.267388	-0.569443	0.302492	0.687992	0.0937842	-0.673499	0.253517	-0.0227089	0.645965	0.0235771	0.762664	0.0372978	0.631145	0.196452	0.749448	0.682539	0.144196	-0.701154	0.147412	0.40541	0.599049	-0.459748	0.515184	0.0546009	0.749884	-0.0953542	0.652381	0.409429	0.636479	-0.451946	0.472237
0.417942	0.571328	-0.439253	0.553141	0.444648	0.561026	-0.42343	0.555197	0.71609	0.268052	-0.56984	0.301074	0.688613	0.0976363	-0.674298	0.248197	-0.0234738	0.646143	0.0226191	0.76252	0.035264	0.631394	0.19513	0.749682	0.682576	0.144214	-0.701062	0.147664	0.405198	0.59923	-0.459374	0.515474	0.0546173	0.749612	-0.0951055	0.652728	0.410284	0.63608	-0.452608	0.471396
0.417942	0.571328	-0.439253	0.553141	0.444648	0.561026	-0.42343	0.555197	0.716119	0.268638	-0.570223	0.299753	0.688613	0.0976363	-0.674298	0.248197	-0.0234738	0.646143	0.0226191	0.76252	0.035264	0.631394	0.19513	0.749682	0.682576	0.144214	-0.701062	0.147664	0.405198	0.59923	-0.459374	0.515474	0.0550465	0.749339	-0.0948428	0.653043	0.410284	0.63608	-0.452608	0.471396
0.417818	0.571773	-0.439366	0.552686	0.444248	0.561681	-0.424002	0.554419	0.716197	0.269193	-0.570517	0.298508	0.689195	0.100355	-0.674633	0.244558	-0.0241961	0.646277	0.0212909	0.762422	0.034304	0.631572	0.194086	0.749847	0.682567	0.14441	-0.700922	0.148175	0.405132	0.599347	-0.459191	0.515552	0.0556349	0.749134	-0.0946139	0.653262	0.410313	0.636362	-0.452876	0.470734
0.418352	0.571582	-0.439337	0.552503	0.443944	0.562386	-0.424402	0.55364	0.71667	0.270723	-0.570754	0.295521	0.689818	0.102656	-0.674632	0.241834	-0.0253214	0.646428	0.020266	0.762285	0.0314951	0.632222	0.191976	0.749966	0.682705	0.143915	-0.700941	0.147932	0.405322	0.59928	-0.459221	0.515454	0.0554845	0.749041	-0.0933159	0.653569	0.410218	0.636734	-0.45288	0.47031
0.418735	0.571317	-0.439239	0.552564	0.444184	0.562687	-0.424276	0.553239	0.716907	0.27102	-0.570641	0.294893	0.690314	0.103888	-0.674616	0.23993	-0.0262595	0.64673	0.0199315	0.762006	0.0305233	0.632433	0.191594	0.749926	0.682835	0.143526	-0.701005	0.147406	0.405677	0.599175	-0.459218	0.5153	0.0554579	0.749347	-0.0935863	0.653181	0.409452	0.637381	-0.45206	0.47089
0.418878	0.571255	-0.439271	0.552494	0.444451	0.562715	-0.424123	0.553114	0.717567	0.270948	-0.570459	0.293702	0.690492	0.104042	-0.674561	0.239508	-0.0265247	0.646959	0.0198581	0.761805	0.028967	0.632619	0.190903	0.750007	0.682958	0.143498	-0.7009	0.147361	0.405845	0.599102	-0.459221	0.51525	0.0547742	0.749642	-0.0934967	0.652912	0.409198	0.637607	-0.451807	0.471046
0.418944	0.571357	-0.439274	0.552336	0.444723	0.563113	-0.423878	0.552678	0.717947	0.270775	-0.570278	0.293284	0.690607	0.103992	-0.674376	0.239717	-0.0266403	0.647345	0.0196457	0.761478	0.0284719	0.632749	0.190761	0.749952	0.683169	0.143582	-0.700651	0.147488	0.406003	0.599035	-0.45924	0.515187	0.0544069	0.749771	-0.0932022	0.652837	0.408769	0.638041	-0.451453	0.47117
0.419134	0.571467	-0.439013	0.552286	0.444806	0.56378	-0.423733	0.552042	0.718629	0.270754	-0.569313	0.293508	0.690323	0.103996	-0.674195	0.24104	-0.026384	0.647724	0.0191312	0.761178	0.0286955	0.633149	0.190453	0.749684	0.683297	0.143158	-0.700671	0.147209	0.406214	0.599015	-0.459139	0.515133	0.0548986	0.749743	-0.09334	0.652808	0.408778	0.638281	-0.451586	0.47071
0.418754	0.572119	-0.438495	0.552311	0.444901	0.564399	-0.423487	0.551521	0.718807	0.271068	-0.568428	0.294495	0.689665	0.104317	-0.67406	0.243154	-0.0259367	0.648013	0.0188099	0.760955	0.0297175	0.63339	0.19086	0.749338	0.683695	0.142654	-0.700518	0.146583	0.406438	0.59894	-0.459271	0.514927	0.0566629	0.749184	-0.0933117	0.653303	0.409279	0.638304	-0.452558	0.469308
0.416747	0.574431	-0.437643	0.552105	0.445402	0.565332	-0.422619	0.550826	0.718911	0.271842	-0.566866	0.296532	0.688226	0.104728	-0.674556	0.245663	-0.0253379	0.648113	0.0191599	0.760881	0.0320026	0.633448	0.191979	0.748908	0.686387	0.13817	-0.699672	0.14227	0.408616	0.597673	-0.460623	0.513464	0.0613875	0.746974	-0.0905551	0.655791	0.411032	0.638824	-0.456341	0.463368
0.415856	0.575768	-0.438145	0.550985	0.445035	0.566594	-0.422542	0.549885	0.719085	0.272297	-0.566302	0.29677	0.686626	0.103152	-0.675327	0.248671	-0.0244894	0.648089	0.020274	0.760901	0.032479	0.633256	0.192914	0.74881	0.687867	0.136129	-0.698976	0.140498	0.40975	0.597571	-0.460208	0.513052	0.0631023	0.746373	-0.0890363	0.65652	0.413374	0.639008	-0.459146	0.458231
0.415564	0.576757	-0.438316	0.550034	0.44482	0.568249	-0.423013	0.547986	0.720498	0.274453	-0.56309	0.297469	0.683224	0.0985999	-0.67745	0.254055	-0.0217626	0.648397	0.0188609	0.760757	0.0353932	0.632586	0.196024	0.748437	0.689028	0.13419	-0.69844	0.13934	0.41135	0.597393	-0.459989	0.512175	0.065674	0.746631	-0.0862791	0.656342	0.416432	0.638837	-0.461189	0.453625
0.415381	0.577839	-0.43907	0.548432	0.44487	0.570732	-0.424381	0.544295	0.721494	0.275627	-0.560992	0.297933	0.678169	0.0840917	-0.681086	0.26294	-0.0172957	0.648055	0.0155976	0.761238	0.0395682	0.631546	0.200928	0.747805	0.690427	0.131485	-0.697681	0.138794	0.412417	0.597999	-0.458903	0.511583	0.067373	0.747558	-0.085589	0.655204	0.419797	0.638555	-0.462088	0.449992
0.415714	0.578976	-0.439996	0.546235	0.445013	0.572159	-0.425095	0.542118	0.72268	0.275166	-0.559613	0.298076	0.669049	0.0622314	-0.685716	0.27981	-0.0151832	0.647571	0.0152347	0.761702	0.0423256	0.630351	0.205608	0.74739	0.691976	0.129052	-0.696318	0.140203	0.413898	0.598557	-0.458037	0.51051	0.0675274	0.748531	-0.084875	0.654169	0.423414	0.63831	-0.462567	0.446445
0.416096	0.579759	-0.440709	0.544537	0.445497	0.575212	-0.426821	0.53711	0.725311	0.274264	-0.556479	0.298386	0.662943	0.0468477	-0.688003	0.291484	-0.00900521	0.646006	0.0147133	0.763137	0.0525053	0.626139	0.219052	0.746465	0.693075	0.126782	-0.695557	0.140622	0.414632	0.59895	-0.457569	0.509872	0.0670285	0.750922	-0.0808114	0.651992	0.425967	0.637847	-0.463341	0.443869
0.417973	0.581051	-0.443104	0.539756	0.446112	0.578699	-0.428407	0.531564	0.728694	0.270429	-0.552679	0.300697	0.64733	0.0144582	-0.689613	0.324329	-0.00102661	0.642796	0.0162519	0.765864	0.0736258	0.618904	0.234221	0.746109	0.695398	0.120793	-0.694098	0.141627	0.416035	0.599822	-0.456775	0.508414	0.0676265	0.75299	-0.07696	0.650008	0.431226	0.63686	-0.464438	0.439035
0.42057	0.582482	-0.445912	0.533852	0.44679	0.582925	-0.430705	0.524472	0.733698	0.262703	-0.548169	0.303619	0.625573	-0.0249208	-0.688065	0.366884	0.00772973	0.638297	0.0212795	0.769457	0.103716	0.608407	0.255899	0.744042	0.698036	0.113722	-0.692246	0.143557	0.417928	0.60041	-0.456302	0.506589	0.0674097	0.753841	-0.0712693	0.649693	0.436504	0.636152	-0.464726	0.434516
0.423722	0.584323	-0.449658	0.526151	0.447125	0.585338	-0.431893	0.520506	0.740673	0.246714	-0.545007	0.305782	0.612598	-0.0465267	-0.685303	0.39105	0.0140804	0.63558	0.0231042	0.771561	0.121834	0.601618	0.268794	0.742268	0.700727	0.105803	-0.690214	0.14626	0.420251	0.600679	-0.456223	0.504415	0.0672012	0.755195	-0.0652938	0.648769	0.443737	0.633816	-0.465483	0.429768
0.425255	0.585671	-0.452514	0.52094	0.448539	0.590337	-0.434762	0.511173	0.744048	0.238209	-0.542756	0.308326	0.582939	-0.0916171	-0.674795	0.443215	0.0265551	0.630686	0.0296927	0.775015	0.165655	0.585232	0.294754	0.737009	0.701993	0.0994663	-0.689832	0.146435	0.421803	0.600521	-0.456741	0.502837	0.0677939	0.755416	-0.0636279	0.648615	0.446993	0.632559	-0.464899	0.428876
0.427554	0.586575	-0.455518	0.515393	0.449104	0.593086	-0.436469	0.506013	0.747241	0.228661	-0.540884	0.311109	0.565683	-0.11499	-0.667848	0.46985	0.0336976	0.628182	0.033442	0.776617	0.190558	0.57563	0.307995	0.733128	0.703397	0.0926634	-0.689328	0.146541	0.423847	0.599941	-0.457667	0.500964	0.0685437	0.755559	-0.0627891	0.648451	0.45039	0.630943	-0.464147	0.428518
0.4301	0.587291	-0.458727	0.509581	0.449694	0.595811	-0.438283	0.500692	0.749594	0.220125	-0.53845	0.315794	0.547382	-0.138104	-0.65947	0.496386	0.0424224	0.625377	0.0362741	0.778324	0.216196	0.565243	0.321791	0.728155	0.705271	0.0856799	-0.688346	0.146396	0.425915	0.599154	-0.458738	0.49917	0.0692446	0.755995	-0.0625186	0.647895	0.453916	0.628887	-0.463303	0.428734
0.434142	0.589898	-0.465647	0.496703	0.451359	0.600667	-0.442664	0.48941	0.752957	0.20259	-0.533545	0.327633	0.508767	-0.181381	-0.637649	0.549237	0.0628245	0.618134	0.0413525	0.782466	0.267322	0.543137	0.349272	0.715227	0.708971	0.0715967	-0.686278	0.145799	0.432289	0.595079	-0.461305	0.49619	0.0737102	0.756584	-0.0649186	0.646477	0.46251	0.622772	-0.462905	0.428903
0.436581	0.593522	-0.472863	0.483249	0.452856	0.605356	-0.44834	0.476926	0.756135	0.182276	-0.529463	0.33868	0.467496	-0.220786	-0.613518	0.596905	0.0822521	0.611278	0.0467451	0.785741	0.320562	0.517013	0.375449	0.699268	0.712411	0.0590891	-0.684483	0.143044	0.438137	0.590222	-0.463294	0.495007	0.0808743	0.757046	-0.0698875	0.644559	0.472974	0.614101	-0.464606	0.428156
0.439323	0.596075	-0.479301	0.471126	0.454663	0.608596	-0.453416	0.466162	0.757885	0.162023	-0.526231	0.349914	0.425868	-0.254974	-0.586648	0.639898	0.0985527	0.60564	0.0558612	0.787634	0.371123	0.489266	0.401785	0.679305	0.715775	0.0496497	-0.682154	0.140949	0.441074	0.586332	-0.475796	0.485063	0.0861865	0.757235	-0.0758579	0.642971	0.482169	0.605761	-0.465979	0.428288
0.440408	0.599073	-0.485296	0.460044	0.457747	0.609758	-0.45861	0.456443	0.760272	0.139702	-0.522376	0.35999	0.384792	-0.283351	-0.559756	0.676994	0.113826	0.600308	0.0643475	0.789008	0.419902	0.459679	0.427419	0.655508	0.717991	0.0404498	-0.681603	0.135164	0.442923	0.582835	-0.503322	0.459118	0.0942546	0.756233	-0.080462	0.642459	0.489219	0.599496	-0.467681	0.427252
0.441263	0.599737	-0.488672	0.454755	0.459326	0.610042	-0.461226	0.451817	0.761594	0.126898	-0.520576	0.364516	0.384792	-0.283351	-0.559756	0.676994	0.113826	0.600308	0.0643475	0.789008	0.419902	0.459679	0.427419	0.655508	0.719379	0.0374751	-0.681008	0.131596	0.439667	0.585145	-0.516473	0.44447	0.0998698	0.755618	-0.0831106	0.641996	0.491934	0.597133	-0.468057	0.427031
0.444206	0.599482	-0.495046	0.445232	0.462914	0.608694	-0.465868	0.445162	0.763805	0.0990327	-0.516386	0.374354	0.324224	-0.317026	-0.518915	0.724638	0.140029	0.589669	0.081174	0.79126	0.487846	0.413804	0.460159	0.615651	0.723869	0.0323538	-0.679128	0.11727	0.427814	0.594599	-0.54052	0.413842	0.10554	0.754854	-0.0867533	0.641506	0.496439	0.593014	-0.468021	0.427597
0.451383	0.595276	-0.505416	0.431804	0.466863	0.605973	-0.471678	0.438584	0.764112	0.0844168	-0.513807	0.380801	0.286014	-0.333477	-0.490967	0.75229	0.158322	0.581534	0.0956702	0.792212	0.52921	0.381931	0.477777	0.588043	0.732718	0.0325834	-0.674488	0.0844305	0.411331	0.605517	-0.575843	0.36409	0.110515	0.753814	-0.0925394	0.641083	0.499778	0.589506	-0.466837	0.429846
0.452702	0.594234	-0.508704	0.427979	0.471686	0.601784	-0.477057	0.433341	0.763382	0.0378581	-0.503931	0.402329	0.249108	-0.347028	-0.463779	0.776161	0.179867	0.571616	0.109703	0.793012	0.566206	0.351625	0.492074	0.56003	0.735767	0.0347316	-0.672525	0.071768	0.405898	0.60879	-0.58587	0.348393	0.117758	0.752345	-0.101313	0.640192	0.504025	0.584426	-0.466784	0.431876
0.452702	0.594234	-0.508704	0.427979	0.471686	0.601784	-0.477057	0.433341	0.763382	0.0378581	-0.503931	0.402329	0.249108	-0.347028	-0.463779	0.776161	0.179867	0.571616	0.109703	0.793012	0.566206	0.351625	0.492074	0.56003	0.735767	0.0347316	-0.672525	0.071768	0.405898	0.60879	-0.58587	0.348393	0.117758	0.752345	-0.101313	0.640192	0.504025	0.584426	-0.466784	0.431876
0.455899	0.5919	-0.516995	0.417764	0.474399	0.599329	-0.48009	0.430423	0.762246	0.0223277	-0.499697	0.410836	0.231512	-0.352227	-0.450179	0.787196	0.191706	0.565822	0.116973	0.793355	0.584739	0.335758	0.496698	0.546478	0.741309	0.0370963	-0.6688	0.0423294	0.397217	0.613491	-0.603712	0.3184	0.12203	0.751408	-0.10581	0.639765	0.506123	0.581801	-0.467316	0.432393
0.457382	0.590608	-0.521651	0.412146	0.479312	0.594185	-0.485953	0.425505	0.758939	-0.00791805	-0.489831	0.42897	0.19819	-0.360649	-0.422154	0.807737	0.218372	0.552516	0.131605	0.793549	0.619433	0.303089	0.503549	0.52046	0.743817	0.0383504	-0.666738	0.0269572	0.394596	0.614547	-0.611731	0.303992	0.135741	0.747743	-0.115098	0.639693	0.509548	0.577467	-0.468406	0.433
0.460795	0.586929	-0.530969	0.401566	0.483863	0.589309	-0.492173	0.41995	0.753895	-0.0376248	-0.479943	0.447082	0.168326	-0.367579	-0.395007	0.824937	0.245762	0.537283	0.147108	0.793276	0.651257	0.270318	0.505825	0.496924	0.749476	0.0436998	-0.660587	-0.000758175	0.392467	0.614049	-0.626109	0.277311	0.147311	0.743623	-0.121497	0.640752	0.512496	0.573729	-0.469693	0.433095
0.462748	0.58467	-0.534867	0.39742	0.486465	0.586538	-0.49509	0.417387	0.751203	-0.0520066	-0.475545	0.454804	0.154616	-0.3707	-0.382078	0.832281	0.25946	0.529877	0.153803	0.792626	0.665027	0.254906	0.506914	0.485593	0.752171	0.0460011	-0.657207	-0.0141845	0.393126	0.612709	-0.632032	0.26566	0.152539	0.741916	-0.123587	0.641107	0.514313	0.571235	-0.470981	0.43284
0.464142	0.582722	-0.5391	0.392911	0.488609	0.583927	-0.49803	0.415038	0.748285	-0.0651481	-0.47143	0.462146	0.142258	-0.373652	-0.369545	0.838798	0.272344	0.522685	0.160881	0.791674	0.67729	0.240278	0.507741	0.475125	0.754295	0.0482943	-0.654202	-0.0269432	0.39616	0.610152	-0.637108	0.254687	0.158387	0.740029	-0.125562	0.641486	0.514369	0.570182	-0.470648	0.43452
0.465344	0.580725	-0.543454	0.388423	0.490622	0.581337	-0.500894	0.412847	0.745219	-0.0775019	-0.46799	0.468644	0.13108	-0.376451	-0.358176	0.844282	0.284742	0.51563	0.167344	0.790597	0.688124	0.226516	0.508428	0.465485	0.756376	0.0502262	-0.651031	-0.0391324	0.400579	0.607143	-0.640922	0.245221	0.165536	0.737502	-0.128647	0.64198	0.509692	0.573122	-0.46586	0.441271
0.467255	0.578216	-0.547079	0.384764	0.493002	0.578457	-0.503406	0.410997	0.742021	-0.0889255	-0.465004	0.474623	0.12095	-0.379231	-0.347353	0.849059	0.296595	0.509573	0.173427	0.788853	0.697491	0.213977	0.509288	0.456448	0.758541	0.051237	-0.647599	-0.0510439	0.406709	0.603432	-0.643441	0.237574	0.172378	0.734297	-0.131151	0.643346	0.504605	0.576382	-0.460421	0.44852
0.469293	0.57563	-0.550227	0.381661	0.495492	0.575563	-0.505665	0.40929	0.738848	-0.0994696	-0.462245	0.480145	0.111572	-0.381782	-0.337236	0.853268	0.307811	0.503257	0.17816	0.787556	0.706014	0.202027	0.509865	0.44807	0.759929	0.0517233	-0.644936	-0.0623744	0.414346	0.598911	-0.645003	0.231506	0.178165	0.731139	-0.132244	0.645139	0.501791	0.577349	-0.457483	0.453412
0.47193	0.570792	-0.557332	0.375313	0.500461	0.570139	-0.508967	0.406734	0.733045	-0.118115	-0.45724	0.489515	0.0950144	-0.385902	-0.319359	0.860268	0.327041	0.492146	0.188969	0.784301	0.720345	0.1815	0.511343	0.432075	0.761706	0.0498217	-0.640695	-0.0826497	0.429499	0.59122	-0.643174	0.228727	0.183644	0.728511	-0.132897	0.646441	0.499614	0.57617	-0.455765	0.459012
0.47345	0.567849	-0.560957	0.372451	0.502205	0.567806	-0.510759	0.4056	0.730433	-0.126923	-0.455035	0.493256	0.0872257	-0.38731	-0.311527	0.863327	0.33493	0.487776	0.195262	0.782157	0.726451	0.172187	0.51181	0.425054	0.761865	0.0449751	-0.638846	-0.0970329	0.441607	0.5859	-0.637868	0.234156	0.199223	0.720984	-0.136049	0.649602	0.499963	0.574101	-0.456505	0.460487
0.47838	0.560224	-0.566874	0.368721	0.506369	0.561923	-0.513887	0.404664	0.725507	-0.142579	-0.450761	0.500125	0.0733188	-0.389917	-0.296409	0.868752	0.349712	0.478405	0.205373	0.778879	0.737595	0.155122	0.51242	0.41148	0.761412	0.0425949	-0.638849	-0.101532	0.44904	0.582186	-0.634533	0.238309	0.216091	0.71275	-0.141269	0.652177	0.502466	0.567648	-0.459629	0.46265
0.480005	0.554421	-0.570108	0.370391	0.510976	0.555918	-0.516157	0.404279	0.72063	-0.1582	-0.446772	0.506024	0.0588631	-0.391372	-0.282749	0.873737	0.362134	0.469885	0.215262	0.775712	0.747137	0.138811	0.513631	0.398372	0.759529	0.038386	-0.640371	-0.107555	0.459115	0.574982	-0.630282	0.247696	0.227551	0.706382	-0.143448	0.654727	0.507938	0.55816	-0.466298	0.461544
0.480711	0.548957	-0.571772	0.375021	0.514664	0.550528	-0.517414	0.405367	0.715276	-0.174576	-0.442262	0.51216	0.0442039	-0.391859	-0.268336	0.878913	0.373738	0.461853	0.222732	0.772918	0.755201	0.124115	0.51372	0.387761	0.755429	0.0419094	-0.645516	-0.104304	0.460794	0.57293	-0.626608	0.258422	0.237908	0.700107	-0.142674	0.657946	0.515731	0.545507	-0.475465	0.458668
0.481504	0.54609	-0.571626	0.378397	0.516435	0.547598	-0.517841	0.406537	0.712165	-0.183418	-0.440239	0.515139	0.0364472	-0.391761	-0.261348	0.881415	0.378745	0.457859	0.225784	0.771971	0.75865	0.11748	0.513647	0.383165	0.75275	0.0449036	-0.6489	-0.101395	0.4595	0.572819	-0.625311	0.264053	0.24202	0.697507	-0.141048	0.659558	0.519639	0.538737	-0.480184	0.457342
0.482128	0.541521	-0.569695	0.386983	0.519649	0.541904	-0.518512	0.409206	0.705902	-0.197296	-0.436421	0.521837	0.0219306	-0.391575	-0.248908	0.885569	0.386417	0.451311	0.230194	0.770721	0.764159	0.106049	0.513941	0.375072	0.7422	0.0582164	-0.661652	-0.0892571	0.460558	0.564369	-0.626373	0.277544	0.25073	0.691993	-0.138557	0.662633	0.527608	0.524364	-0.490108	0.454385
0.482544	0.538026	-0.566714	0.39562	0.521612	0.53793	-0.518604	0.411828	0.701434	-0.203652	-0.435327	0.526314	0.0137733	-0.393285	-0.241709	0.886969	0.38968	0.446971	0.234319	0.770364	0.768544	0.0975142	0.513427	0.369084	0.738565	0.0599963	-0.665915	-0.086485	0.460874	0.560656	-0.627201	0.282628	0.257806	0.687436	-0.136797	0.665021	0.535023	0.509952	-0.499659	0.451709
0.483672	0.534486	-0.563802	0.40313	0.522466	0.534357	-0.519507	0.414253	0.698368	-0.203	-0.437549	0.528795	0.01541	-0.396525	-0.24207	0.8854	0.3891	0.445422	0.236756	0.770809	0.769674	0.0943516	0.513864	0.366939	0.732385	0.0628185	-0.673122	-0.0810712	0.462973	0.552706	-0.62947	0.289723	0.26149	0.685429	-0.136144	0.665789	0.537767	0.500775	-0.507242	0.450264
0.484202	0.532521	-0.562587	0.406774	0.522466	0.534357	-0.519507	0.414253	0.698368	-0.203	-0.437549	0.528795	0.01541	-0.396525	-0.24207	0.8854	0.3891	0.445422	0.236756	0.770809	0.769674	0.0943516	0.513864	0.366939	0.730059	0.0631579	-0.675766	-0.0797836	0.462973	0.552706	-0.62947	0.289723	0.26544	0.683805	-0.135556	0.666015	0.540034	0.495151	-0.513106	0.447114
0.484513	0.530951	-0.561078	0.410524	0.522127	0.53216	-0.519493	0.417513	0.696617	-0.202695	-0.438915	0.530088	0.0145655	-0.397843	-0.242989	0.88457	0.386332	0.445515	0.239194	0.771395	0.768956	0.0957149	0.513361	0.36879	0.728068	0.0637377	-0.678044	-0.0781686	0.460445	0.550978	-0.626995	0.302144	0.272174	0.682499	-0.133814	0.664989	0.543712	0.487511	-0.521383	0.441441
0.484572	0.529025	-0.559703	0.414795	0.523015	0.530013	-0.517686	0.421358	0.694757	-0.206579	-0.437687	0.532041	0.0101326	-0.397957	-0.239102	0.88564	0.384009	0.444536	0.239802	0.772929	0.768504	0.0967917	0.511853	0.371538	0.723244	0.0691101	-0.68338	-0.0716564	0.460094	0.549721	-0.627053	0.304836	0.27662	0.681855	-0.134225	0.66373	0.553227	0.467752	-0.540832	0.427374
0.485452	0.527848	-0.558886	0.416364	0.524032	0.528582	-0.516627	0.423188	0.69369	-0.209275	-0.437009	0.532937	0.00876974	-0.398681	-0.236566	0.886009	0.382826	0.443671	0.240749	0.773718	0.768328	0.0968232	0.510999	0.373065	0.720958	0.0712393	-0.68583	-0.0691519	0.458778	0.548262	-0.627249	0.309014	0.286455	0.680018	-0.137845	0.660695	0.556728	0.459046	-0.548513	0.42245
0.489408	0.524459	-0.556491	0.419214	0.525555	0.526309	-0.514844	0.426294	0.691843	-0.213818	-0.435713	0.534593	0.00785336	-0.400785	-0.231475	0.886414	0.381465	0.442011	0.243532	0.774469	0.76846	0.0964479	0.509354	0.375135	0.717703	0.0725681	-0.689265	-0.0674479	0.4585	0.547415	-0.627769	0.309872	0.291871	0.677827	-0.141488	0.659806	0.559246	0.449114	-0.555481	0.420692
0.492738	0.522184	-0.553244	0.422437	0.527169	0.52428	-0.512396	0.429737	0.689968	-0.217922	-0.434731	0.536156	0.00721865	-0.401819	-0.229396	0.886491	0.381332	0.441109	0.244553	0.774728	0.76887	0.0948132	0.508142	0.376353	0.715871	0.0746174	-0.691183	-0.0650192	0.458152	0.546153	-0.62945	0.309202	0.29075	0.676887	-0.141133	0.661339	0.550494	0.458334	-0.543215	0.437955
0.494467	0.520979	-0.550114	0.425978	0.52811	0.522912	-0.510224	0.432821	0.688152	-0.221478	-0.434094	0.537547	0.0034353	-0.403484	-0.224764	0.886944	0.380582	0.43858	0.248614	0.775239	0.76965	0.0930843	0.50741	0.376177	0.715352	0.0771989	-0.691847	-0.0604942	0.453225	0.548558	-0.631886	0.307232	0.284971	0.679527	-0.139228	0.661552	0.544089	0.465845	-0.534163	0.449027
0.498023	0.518743	-0.548122	0.427131	0.528574	0.521865	-0.508397	0.435659	0.686307	-0.223286	-0.433749	0.539433	0.00169142	-0.404244	-0.222507	0.887172	0.380566	0.436961	0.250057	0.775697	0.770338	0.0908017	0.506603	0.376415	0.716206	0.0779713	-0.69128	-0.0556872	0.451237	0.549602	-0.632909	0.306186	0.283247	0.679675	-0.138761	0.662237	0.539202	0.47207	-0.526645	0.457226
0.502327	0.515693	-0.547097	0.427098	0.529315	0.521007	-0.506741	0.437711	0.684724	-0.224761	-0.432966	0.541458	0.00155957	-0.404868	-0.220292	0.887441	0.380741	0.434802	0.252109	0.77616	0.77106	0.0890877	0.505678	0.37659	0.718434	0.0764515	-0.689343	-0.0530561	0.447337	0.552135	-0.634991	0.303023	0.274672	0.68194	-0.137019	0.663881	0.537603	0.474666	-0.524481	0.458906
0.50342	0.51507	-0.546657	0.427126	0.529741	0.520824	-0.506	0.43827	0.684724	-0.224761	-0.432966	0.541458	0.00101383	-0.404683	-0.219009	0.887843	0.380821	0.433616	0.253066	0.776473	0.771428	0.0877139	0.50527	0.376706	0.719531	0.0748078	-0.688436	-0.0522955	0.445558	0.552944	-0.636464	0.301074	0.274672	0.68194	-0.137019	0.663881	0.536452	0.476453	-0.523591	0.459417
0.504514	0.515185	-0.544898	0.427945	0.530539	0.521148	-0.504521	0.438624	0.684185	-0.225851	-0.431	0.54325	0.000354543	-0.403664	-0.216799	0.888849	0.380323	0.431961	0.254302	0.777235	0.771811	0.0851536	0.504958	0.376927	0.721502	0.0733844	-0.686682	-0.0501641	0.442983	0.553614	-0.639551	0.297072	0.272045	0.68292	-0.135792	0.664208	0.533745	0.480709	-0.522566	0.459304
0.504974	0.515723	-0.543129	0.429002	0.530892	0.522023	-0.502755	0.439184	0.684307	-0.226474	-0.42801	0.545197	0.000566516	-0.402443	-0.215369	0.88975	0.378363	0.432082	0.255354	0.77778	0.770688	0.0845345	0.505924	0.378067	0.72339	0.0720628	-0.684929	-0.048845	0.440006	0.555427	-0.641451	0.293999	0.27022	0.683819	-0.131717	0.664849	0.533075	0.482538	-0.524394	0.456068
0.505421	0.516405	-0.541721	0.429434	0.530731	0.523927	-0.500381	0.439823	0.68449	-0.226135	-0.427327	0.545645	0.00112166	-0.401555	-0.215531	0.890112	0.374677	0.433449	0.256766	0.778338	0.769611	0.0846719	0.50676	0.379109	0.725056	0.0712832	-0.683335	-0.0475906	0.437731	0.556666	-0.643498	0.290559	0.269207	0.684164	-0.1303	0.665183	0.531375	0.485397	-0.52416	0.455288
0.504901	0.517373	-0.5404	0.430544	0.530211	0.525476	-0.499071	0.440089	0.68444	-0.224923	-0.426862	0.546572	0.000845494	-0.400857	-0.216097	0.890289	0.371898	0.43434	0.257471	0.778941	0.766442	0.0850676	0.509442	0.381836	0.7256	0.0714826	-0.6828	-0.0466767	0.436938	0.556876	-0.644564	0.288983	0.267239	0.684679	-0.128635	0.665771	0.530741	0.486496	-0.523822	0.455242
0.501802	0.520955	-0.53779	0.433108	0.528588	0.52922	-0.495714	0.441348	0.683302	-0.222518	-0.426571	0.549201	-0.00121617	-0.3993	-0.217358	0.890681	0.363665	0.436347	0.258901	0.781229	0.761468	0.0849547	0.512701	0.38741	0.725991	0.0737166	-0.682325	-0.0439943	0.434734	0.557892	-0.645795	0.287597	0.263004	0.6864	-0.126322	0.666128	0.529425	0.488582	-0.522066	0.456557
0.495244	0.52853	-0.533311	0.437001	0.525751	0.533902	-0.491421	0.443892	0.681335	-0.21988	-0.425968	0.55316	-0.00609116	-0.39578	-0.218842	0.891868	0.342117	0.43954	0.262874	0.787818	0.754031	0.0845642	0.516482	0.396903	0.72552	0.0803821	-0.682388	-0.0388058	0.431002	0.561045	-0.645474	0.2878	0.258341	0.687999	-0.123106	0.666904	0.525643	0.493402	-0.516009	0.462589
0.492869	0.531321	-0.531575	0.438413	0.521604	0.53956	-0.486426	0.44743	0.679037	-0.217776	-0.424369	0.558027	-0.00798655	-0.394411	-0.218751	0.892482	0.332269	0.440252	0.263676	0.79136	0.74407	0.0847917	0.520111	0.410676	0.725272	0.0828379	-0.682459	-0.0369861	0.429386	0.562514	-0.645064	0.288268	0.253376	0.690154	-0.119412	0.667254	0.523952	0.495294	-0.513565	0.465198
0.492869	0.531321	-0.531575	0.438413	0.521604	0.53956	-0.486426	0.44743	0.679037	-0.217776	-0.424369	0.558027	-0.00798655	-0.394411	-0.218751	0.892482	0.332269	0.440252	0.263676	0.79136	0.74407	0.0847917	0.520111	0.410676	0.725272	0.0828379	-0.682459	-0.0369861	0.429386	0.562514	-0.645064	0.288268	0.253376	0.690154	-0.119412	0.667254	0.523952	0.495294	-0.513565	0.465198
0.487635	0.53742	-0.527884	0.441283	0.516916	0.545474	-0.481053	0.45149	0.676654	-0.217079	-0.422007	0.562963	-0.0122017	-0.39149	-0.217741	0.893966	0.306763	0.442451	0.265825	0.799669	0.730415	0.08607	0.523822	0.429764	0.725516	0.0870001	-0.681849	-0.0337441	0.42563	0.565848	-0.64446	0.288664	0.249712	0.691786	-0.115675	0.667604	0.523014	0.495847	-0.511649	0.467768
0.481676	0.544134	-0.524274	0.443896	0.511693	0.552168	-0.474891	0.455806	0.674233	-0.217058	-0.419482	0.567741	-0.016706	-0.388411	-0.216358	0.895571	0.271861	0.446196	0.268646	0.809215	0.711987	0.090131	0.528443	0.453541	0.726318	0.0908891	-0.680701	-0.0291134	0.416622	0.57463	-0.640841	0.292487	0.247141	0.692868	-0.113306	0.667845	0.523103	0.494898	-0.511381	0.468966
0.475789	0.550997	-0.51918	0.447748	0.506354	0.559613	-0.468249	0.459546	0.671639	-0.216773	-0.416568	0.573046	-0.0216889	-0.384914	-0.215183	0.897256	0.230116	0.4513	0.268661	0.819266	0.687211	0.0986066	0.533718	0.48287	0.72663	0.0987474	-0.679594	-0.0202235	0.404631	0.587568	-0.634541	0.297313	0.244388	0.694189	-0.109039	0.668196	0.523105	0.493704	-0.512151	0.469382
0.471861	0.555402	-0.51563	0.450556	0.503598	0.563862	-0.464563	0.461119	0.671639	-0.216773	-0.416568	0.573046	-0.0247068	-0.38296	-0.214716	0.898125	0.206189	0.454185	0.266935	0.824589	0.671896	0.104626	0.536241	0.500054	0.726105	0.104782	-0.679397	-0.0145805	0.397162	0.595835	-0.629575	0.30146	0.241967	0.695546	-0.104972	0.668317	0.522404	0.493954	-0.51215	0.4699
0.465025	0.563176	-0.508269	0.45634	0.497624	0.573397	-0.455947	0.464433	0.668311	-0.215923	-0.413932	0.579136	-0.0324278	-0.377425	-0.215375	0.900063	0.152564	0.461563	0.261646	0.833802	0.63466	0.12274	0.541432	0.537581	0.723512	0.119686	-0.679853	-0.00234308	0.380985	0.614064	-0.617345	0.310904	0.237949	0.697309	-0.0979106	0.668995	0.522644	0.492858	-0.513892	0.468881
0.462449	0.566357	-0.505091	0.458545	0.494179	0.578869	-0.450894	0.466254	0.664301	-0.212638	-0.411156	0.58689	-0.0370588	-0.373823	-0.216686	0.901072	0.123746	0.466253	0.256612	0.837523	0.612398	0.134089	0.543929	0.557791	0.721844	0.12748	-0.680204	0.00372409	0.372841	0.623028	-0.610777	0.315874	0.235489	0.698072	-0.0946272	0.669542	0.522216	0.492737	-0.514194	0.469154
0.459906	0.569596	-0.502174	0.460291	0.494179	0.578869	-0.450894	0.466254	0.664301	-0.212638	-0.411156	0.58689	-0.0419104	-0.369721	-0.218579	0.902094	0.0931381	0.471523	0.249951	0.840545	0.612398	0.134089	0.543929	0.557791	0.720029	0.135007	-0.680622	0.00919154	0.365686	0.630774	-0.604797	0.320341	0.235489	0.698072	-0.0946272	0.669542	0.521538	0.49289	-0.514154	0.469791
0.456813	0.573441	-0.49923	0.461797	0.487663	0.590132	-0.439802	0.469577	0.659605	-0.207072	-0.408234	0.596144	-0.0470096	-0.364913	-0.220716	0.903279	0.0605468	0.477584	0.242679	0.842232	0.560389	0.160698	0.547626	0.600204	0.717887	0.142201	-0.681339	0.0139409	0.359508	0.637078	-0.599725	0.324369	0.230363	0.699277	-0.0884045	0.670917	0.520302	0.493613	-0.513661	0.47094
0.450876	0.581246	-0.493347	0.464191	0.479554	0.603236	-0.427674	0.472472	0.65517	-0.200731	-0.403919	0.60606	-0.0588825	-0.353149	-0.225472	0.90608	-0.00769724	0.492306	0.224968	0.840812	0.497309	0.195063	0.55106	0.641067	0.712655	0.155593	-0.683695	0.0217893	0.349943	0.645208	-0.592751	0.3315	0.225216	0.700327	-0.0819399	0.672388	0.51922	0.493381	-0.514793	0.471141
0.447282	0.58758	-0.488045	0.465295	0.472297	0.616765	-0.414089	0.474412	0.651456	-0.192394	-0.399797	0.615428	-0.0696464	-0.340597	-0.231473	0.908605	-0.0744069	0.511734	0.201215	0.831928	0.421498	0.233276	0.552397	0.680279	0.707065	0.166644	-0.686724	0.0264447	0.345631	0.64764	-0.590045	0.336076	0.221561	0.700125	-0.0773037	0.674359	0.517213	0.494236	-0.515719	0.47144
0.445142	0.593231	-0.483914	0.464493	0.467047	0.62958	-0.400628	0.474335	0.648974	-0.182139	-0.395839	0.623674	-0.0762793	-0.328809	-0.238636	0.91056	-0.137712	0.533496	0.174496	0.816069	0.33478	0.27691	0.550401	0.712953	0.70133	0.174889	-0.690525	0.0269312	0.345746	0.646474	-0.589464	0.33921	0.219764	0.698671	-0.0745949	0.676756	0.516634	0.493206	-0.519414	0.46909
0.445142	0.593231	-0.483914	0.464493	0.467047	0.62958	-0.400628	0.474335	0.648974	-0.182139	-0.395839	0.623674	-0.0762793	-0.328809	-0.238636	0.91056	-0.137712	0.533496	0.174496	0.816069	0.33478	0.27691	0.550401	0.712953	0.70133	0.174889	-0.690525	0.0269312	0.345746	0.646474	-0.589464	0.33921	0.219764	0.698671	-0.0745949	0.676756	0.516634	0.493206	-0.519414	0.46909
0.444068	0.598093	-0.481606	0.461675	0.465213	0.635396	-0.394795	0.47327	0.64824	-0.17636	-0.393906	0.627312	-0.0802697	-0.317549	-0.2463	0.912171	-0.16768	0.545169	0.164105	0.804825	0.287942	0.300005	0.549403	0.724736	0.696874	0.180413	-0.693708	0.0242199	0.34626	0.645182	-0.588273	0.34319	0.219987	0.697816	-0.0741994	0.677608	0.515457	0.493	-0.523264	0.466315
0.446489	0.600564	-0.480893	0.456851	0.461674	0.649895	-0.381378	0.468022	0.648517	-0.157996	-0.388266	0.635383	-0.0819491	-0.306868	-0.254614	0.913394	-0.234661	0.581792	0.13112	0.767633	0.149267	0.368542	0.535451	0.74511	0.694577	0.182743	-0.695537	0.0199119	0.348631	0.642978	-0.587828	0.34568	0.226239	0.693713	-0.0780117	0.679333	0.514773	0.492126	-0.527783	0.462888
0.450226	0.602396	-0.481952	0.449598	0.462193	0.657075	-0.376777	0.461161	0.651391	-0.146435	-0.385521	0.636884	-0.0801645	-0.298017	-0.263131	0.914069	-0.258472	0.609205	0.104477	0.742392	0.0741144	0.409184	0.522438	0.744402	0.693835	0.182079	-0.69658	0.0146908	0.351945	0.64037	-0.587972	0.346914	0.231071	0.691592	-0.0831821	0.679255	0.515026	0.48972	-0.533201	0.458932
0.455803	0.602294	-0.484816	0.440952	0.463207	0.659883	-0.375796	0.456916	0.651391	-0.146435	-0.385521	0.636884	-0.0777617	-0.29396	-0.267284	0.914385	-0.267369	0.619047	0.0975468	0.73197	0.0448114	0.42937	0.51555	0.740163	0.694335	0.177245	-0.697439	0.0078799	0.35466	0.63784	-0.58861	0.347728	0.231071	0.691592	-0.0831821	0.679255	0.514816	0.488916	-0.535503	0.457342
0.459031	0.601803	-0.486051	0.436895	0.466355	0.663544	-0.375532	0.44855	0.659889	-0.133002	-0.380352	0.634184	-0.0707432	-0.287271	-0.27285	0.915436	-0.271465	0.638837	0.0811026	0.715274	0.00527969	0.468105	0.503748	0.726008	0.695008	0.173948	-0.697631	0.00400905	0.356952	0.6357	-0.589844	0.34721	0.241271	0.686447	-0.0944666	0.679452	0.512078	0.490322	-0.536944	0.457221
0.459031	0.601803	-0.486051	0.436895	0.466355	0.663544	-0.375532	0.44855	0.659889	-0.133002	-0.380352	0.634184	-0.0707432	-0.287271	-0.27285	0.915436	-0.271465	0.638837	0.0811026	0.715274	0.00527969	0.468105	0.503748	0.726008	0.695008	0.173948	-0.697631	0.00400905	0.356952	0.6357	-0.589844	0.34721	0.241271	0.686447	-0.0944666	0.679452	0.512078	0.490322	-0.536944	0.457221
0.46702	0.598882	-0.490018	0.427919	0.473219	0.664279	-0.378921	0.437283	0.663461	-0.12991	-0.378239	0.632359	-0.0615669	-0.281871	-0.275812	0.916889	-0.261074	0.656187	0.0642562	0.705075	-0.00756479	0.504457	0.491647	0.709753	0.696276	0.16596	-0.698315	-0.00361977	0.36049	0.632305	-0.591794	0.346436	0.243853	0.684935	-0.0979723	0.67956	0.507628	0.49396	-0.536344	0.458969
0.477421	0.59295	-0.496513	0.417077	0.483706	0.662192	-0.385597	0.422901	0.677131	-0.126348	-0.369261	0.62384	-0.0491708	-0.2778	-0.274449	0.919286	-0.236408	0.673663	0.0475826	0.698588	0.00408894	0.534375	0.482126	0.694249	0.698781	0.154194	-0.698413	-0.0121508	0.364053	0.628582	-0.594918	0.344127	0.252687	0.680086	-0.110504	0.67928	0.505181	0.495577	-0.539193	0.456582
0.490129	0.584568	-0.504592	0.404278	0.49855	0.655745	-0.394649	0.40706	0.688882	-0.129733	-0.361007	0.615049	-0.0331982	-0.275697	-0.268639	0.922346	-0.195766	0.689398	0.0322786	0.696681	0.0321357	0.558046	0.477625	0.67781	0.703135	0.137598	-0.697218	-0.0235594	0.370668	0.622589	-0.600218	0.338713	0.261961	0.675702	-0.122812	0.678027	0.504665	0.495337	-0.54512	0.450332
0.504416	0.573229	-0.514822	0.389784	0.507804	0.650555	-0.400321	0.398316	0.695406	-0.133107	-0.356472	0.609607	-0.0240158	-0.275514	-0.264108	0.923993	-0.169194	0.697427	0.0240612	0.695981	0.0506639	0.566958	0.476871	0.669765	0.708019	0.117877	-0.695291	-0.0372089	0.378524	0.615649	-0.606126	0.332126	0.265836	0.673931	-0.129834	0.676972	0.506817	0.492363	-0.55094	0.444051
0.51053	0.567943	-0.520355	0.38214	0.529368	0.63722	-0.411968	0.379477	0.709952	-0.143911	-0.346013	0.596266	-0.00341662	-0.276409	-0.251505	0.927541	-0.105123	0.71008	0.00611316	0.696203	0.0945326	0.581054	0.47651	0.652976	0.710477	0.10806	-0.693996	-0.0437585	0.383116	0.61125	-0.609847	0.328151	0.273903	0.669976	-0.145572	0.674477	0.511617	0.485885	-0.562536	0.430949
0.520942	0.557714	-0.530718	0.368664	0.552255	0.621223	-0.426207	0.356993	0.725764	-0.158513	-0.333658	0.580356	0.0199478	-0.278553	-0.234974	0.93102	-0.0326536	0.717491	-0.00562456	0.695779	0.145072	0.588994	0.47971	0.633971	0.716254	0.0868555	-0.689891	-0.0590486	0.396588	0.597994	-0.620753	0.315891	0.281361	0.666193	-0.160403	0.671784	0.515126	0.481138	-0.571586	0.420049
0.533124	0.545018	-0.540802	0.355341	0.573475	0.604123	-0.440472	0.334883	0.741225	-0.174235	-0.320186	0.563656	0.0441415	-0.280705	-0.21652	0.93401	0.0443475	0.717474	-0.00393998	0.695161	0.200735	0.58872	0.487278	0.612922	0.721857	0.0653292	-0.684802	-0.0755073	0.412104	0.58108	-0.634126	0.300667	0.284645	0.664387	-0.172932	0.669075	0.517534	0.477474	-0.578299	0.412004
0.539757	0.538097	-0.545291	0.348959	0.582506	0.595624	-0.447411	0.32518	0.748106	-0.182193	-0.313421	0.555798	0.0552434	-0.281691	-0.207126	0.935252	0.0806659	0.714479	0.00754195	0.69495	0.229561	0.585397	0.494684	0.599916	0.724114	0.0551908	-0.682336	-0.0838463	0.41981	0.572292	-0.640728	0.292759	0.285532	0.66395	-0.179137	0.667497	0.519101	0.475105	-0.581527	0.40821
0.548607	0.527303	-0.551678	0.341515	0.597875	0.579728	-0.460415	0.307374	0.75881	-0.197724	-0.30133	0.542507	0.0738025	-0.284273	-0.188199	0.937189	0.148275	0.706905	0.0477017	0.689946	0.289778	0.567989	0.518842	0.569403	0.726768	0.0426667	-0.678794	-0.0960546	0.431421	0.559538	-0.649326	0.281371	0.289147	0.662729	-0.189808	0.664196	0.522664	0.470577	-0.586838	0.401249
0.551386	0.522235	-0.558459	0.333718	0.610342	0.564829	-0.472057	0.292597	0.765372	-0.212265	-0.292178	0.532711	0.0851646	-0.287364	-0.171548	0.938478	0.214443	0.69488	0.0869049	0.680884	0.351519	0.537543	0.549594	0.534255	0.727535	0.0394107	-0.677304	-0.101973	0.437117	0.555066	-0.651119	0.277263	0.293794	0.660915	-0.19631	0.662071	0.525086	0.46853	-0.589397	0.396705
0.551386	0.522235	-0.558459	0.333718	0.610342	0.564829	-0.472057	0.292597	0.765372	-0.212265	-0.292178	0.532711	0.0851646	-0.287364	-0.171548	0.938478	0.214443	0.69488	0.0869049	0.680884	0.351519	0.537543	0.549594	0.534255	0.727535	0.0394107	-0.677304	-0.101973	0.437117	0.555066	-0.651119	0.277263	0.293794	0.660915	-0.19631	0.662071	0.525086	0.46853	-0.589397	0.396705
0.55135	0.520648	-0.562426	0.329569	0.615354	0.557974	-0.477288	0.286705	0.767278	-0.21849	-0.289252	0.529037	0.0879851	-0.288971	-0.165089	0.938882	0.2446	0.687687	0.104619	0.675509	0.381238	0.519177	0.565234	0.515387	0.727311	0.041685	-0.677291	-0.102745	0.436709	0.558467	-0.647225	0.280178	0.294727	0.661112	-0.197108	0.661222	0.526308	0.467682	-0.590271	0.394785
0.550281	0.518567	-0.568202	0.324693	0.62344	0.54271	-0.490806	0.275496	0.768658	-0.228691	-0.287955	0.5234	0.0916477	-0.293835	-0.15577	0.938614	0.301033	0.67323	0.126515	0.663426	0.436319	0.480517	0.589442	0.480924	0.72724	0.0446301	-0.677353	-0.101598	0.435826	0.560988	-0.64475	0.282214	0.294904	0.662574	-0.196439	0.659878	0.528652	0.466806	-0.590469	0.392385
0.549589	0.517059	-0.570026	0.325072	0.629842	0.529554	-0.500825	0.268415	0.767923	-0.235137	-0.292031	0.519349	0.0927358	-0.30044	-0.152559	0.936943	0.346109	0.660251	0.13096	0.653549	0.473304	0.452282	0.605822	0.45211	0.726888	0.0521073	-0.67766	-0.0984705	0.43512	0.564662	-0.640721	0.285137	0.293403	0.664415	-0.194773	0.65919	0.53124	0.466715	-0.588545	0.391889
0.545989	0.517723	-0.573204	0.324494	0.630347	0.527047	-0.504388	0.265475	0.767472	-0.237537	-0.294847	0.517328	0.093113	-0.304228	-0.152029	0.935768	0.359846	0.655861	0.132644	0.650202	0.48307	0.446437	0.610719	0.440862	0.726653	0.0553228	-0.677851	-0.0971235	0.434877	0.566263	-0.639005	0.286184	0.290482	0.666373	-0.193316	0.658936	0.532961	0.466168	-0.587704	0.391463
0.540202	0.519332	-0.576631	0.325535	0.630814	0.524342	-0.508016	0.262792	0.767367	-0.239445	-0.297569	0.51504	0.0941209	-0.3078	-0.1517	0.934552	0.366761	0.653857	0.136072	0.647643	0.488799	0.444153	0.613261	0.433261	0.726535	0.0608682	-0.677849	-0.0946684	0.433319	0.57036	-0.63517	0.288934	0.287844	0.667994	-0.192092	0.65881	0.534737	0.465614	-0.586924	0.390871
0.530858	0.521606	-0.580911	0.329635	0.628592	0.522591	-0.514522	0.258917	0.768511	-0.242139	-0.300023	0.510633	0.0972422	-0.31237	-0.150709	0.932875	0.369835	0.656055	0.141109	0.642575	0.492038	0.444669	0.614836	0.426785	0.726699	0.0628827	-0.677607	-0.0938294	0.43267	0.572142	-0.633548	0.289943	0.285241	0.670292	-0.190124	0.658179	0.537991	0.464738	-0.586026	0.388791
0.52609	0.521752	-0.583836	0.331873	0.626575	0.521094	-0.519367	0.257144	0.769222	-0.243296	-0.300147	0.508936	0.098849	-0.313684	-0.149694	0.932428	0.371036	0.654046	0.135435	0.645146	0.492313	0.445758	0.61413	0.426347	0.726699	0.0628827	-0.677607	-0.0938294	0.43267	0.572142	-0.633548	0.289943	0.284817	0.671008	-0.189435	0.657831	0.540523	0.46394	-0.586037	0.386207
0.522875	0.521104	-0.58809	0.330457	0.624071	0.520895	-0.523057	0.256154	0.770723	-0.244856	-0.301554	0.505072	0.103133	-0.317282	-0.148363	0.930959	0.368503	0.653231	0.13298	0.647928	0.491487	0.447214	0.61204	0.428774	0.727218	0.0645765	-0.676592	-0.0959553	0.433289	0.575094	-0.629702	0.291554	0.287746	0.671137	-0.190155	0.656215	0.542668	0.462521	-0.587071	0.383318
0.521449	0.521431	-0.589215	0.330191	0.622691	0.5212	-0.52446	0.256023	0.770995	-0.244666	-0.302752	0.50403	0.10369	-0.318466	-0.148941	0.9304	0.3672	0.652824	0.132532	0.649169	0.490558	0.446995	0.612276	0.429727	0.727159	0.0652992	-0.6765	-0.0965579	0.433803	0.575449	-0.628737	0.292171	0.288678	0.671244	-0.190399	0.655626	0.543383	0.462058	-0.587215	0.382644
0.520275	0.521505	-0.590781	0.329127	0.619862	0.522273	-0.526706	0.256091	0.770619	-0.244068	-0.306462	0.502651	0.104343	-0.321598	-0.150699	0.928965	0.366403	0.651803	0.131671	0.650818	0.489439	0.444633	0.613103	0.432267	0.726908	0.066184	-0.676484	-0.0979496	0.435164	0.575327	-0.627534	0.292971	0.289995	0.670911	-0.192157	0.654872	0.543778	0.461838	-0.586492	0.383456
0.520275	0.521505	-0.590781	0.329127	0.619862	0.522273	-0.526706	0.256091	0.770619	-0.244068	-0.306462	0.502651	0.104343	-0.321598	-0.150699	0.928965	0.366403	0.651803	0.131671	0.650818	0.489439	0.444633	0.613103	0.432267	0.726908	0.066184	-0.676484	-0.0979496	0.435164	0.575327	-0.627534	0.292971	0.289995	0.670911	-0.192157	0.654872	0.543778	0.461838	-0.586492	0.383456
0.519145	0.521754	-0.592262	0.327853	0.617073	0.523716	-0.528485	0.256215	0.770229	-0.243295	-0.308434	0.502418	0.103441	-0.324034	-0.153476	0.927765	0.36595	0.649891	0.132387	0.652837	0.489587	0.443614	0.61307	0.433193	0.726458	0.0667328	-0.676688	-0.0994957	0.436899	0.574457	-0.626878	0.293501	0.289928	0.670762	-0.192721	0.654888	0.543629	0.462216	-0.58479	0.385803
0.519145	0.521754	-0.592262	0.327853	0.617073	0.523716	-0.528485	0.256215	0.769797	-0.242265	-0.310367	0.502388	0.103441	-0.324034	-0.153476	0.927765	0.36595	0.649891	0.132387	0.652837	0.489684	0.44226	0.613383	0.434024	0.726458	0.0667328	-0.676688	-0.0994957	0.436899	0.574457	-0.626878	0.293501	0.289468	0.670801	-0.193154	0.654925	0.543629	0.462216	-0.58479	0.385803
0.518826	0.521785	-0.592805	0.327326	0.615999	0.524405	-0.528869	0.256596	0.769442	-0.240965	-0.311956	0.502571	0.103014	-0.32479	-0.154898	0.927311	0.365711	0.648919	0.132134	0.653988	0.490293	0.440724	0.613179	0.435186	0.726088	0.0671309	-0.676957	-0.100089	0.4375	0.574318	-0.626418	0.29386	0.289293	0.670962	-0.193546	0.654721	0.543698	0.462137	-0.584281	0.386571
0.518126	0.522048	-0.593594	0.326585	0.613534	0.526173	-0.529369	0.25785	0.768678	-0.239016	-0.314128	0.503317	0.102117	-0.325288	-0.157259	0.926838	0.364399	0.647424	0.132362	0.656152	0.491041	0.438971	0.61264	0.436869	0.72578	0.0678773	-0.677093	-0.100904	0.438447	0.574129	-0.625655	0.294442	0.29023	0.670782	-0.194644	0.654165	0.544002	0.461647	-0.584004	0.387148
0.517358	0.522391	-0.593839	0.326808	0.611314	0.527909	-0.529601	0.259096	0.768251	-0.237174	-0.315416	0.504036	0.101127	-0.325391	-0.158985	0.926617	0.362861	0.646457	0.131995	0.658029	0.491224	0.437963	0.612075	0.438465	0.725389	0.0688779	-0.677304	-0.101616	0.439617	0.573641	-0.625216	0.294581	0.290019	0.670773	-0.194886	0.654195	0.544068	0.461749	-0.583301	0.387993
0.516753	0.5226	-0.593903	0.327315	0.610221	0.528779	-0.529628	0.259842	0.767844	-0.23648	-0.316442	0.504338	0.100962	-0.3258	-0.159684	0.92637	0.361834	0.646354	0.131887	0.658718	0.490804	0.437724	0.611785	0.439576	0.72511	0.070129	-0.677522	-0.1013	0.440173	0.573583	-0.624907	0.29452	0.289922	0.670931	-0.195052	0.654027	0.544157	0.461765	-0.583086	0.38817
0.516166	0.522931	-0.59397	0.327589	0.608609	0.529833	-0.529569	0.26159	0.766701	-0.236005	-0.31782	0.505433	0.0994234	-0.326599	-0.160323	0.926145	0.359975	0.64587	0.131214	0.660342	0.489693	0.438037	0.610705	0.442001	0.725204	0.0701394	-0.677422	-0.101285	0.440276	0.573628	-0.624823	0.294455	0.289637	0.671196	-0.194305	0.654104	0.544351	0.461919	-0.582842	0.388083
0.515726	0.523251	-0.594019	0.327684	0.60779	0.530315	-0.529679	0.262292	0.766139	-0.235931	-0.31843	0.505936	0.0984236	-0.327077	-0.160413	0.926068	0.359225	0.64561	0.130717	0.661104	0.489284	0.437956	0.610095	0.443374	0.725401	0.0701915	-0.677186	-0.101417	0.440727	0.573426	-0.624849	0.294118	0.289559	0.671262	-0.193909	0.654188	0.544287	0.462165	-0.582641	0.388181
0.515261	0.523688	-0.593522	0.328617	0.606954	0.530549	-0.529844	0.263419	0.765297	-0.235451	-0.320119	0.506366	0.0978741	-0.328371	-0.161249	0.925522	0.357737	0.644966	0.130251	0.66263	0.488893	0.43805	0.608874	0.445385	0.72537	0.0707145	-0.677205	-0.101149	0.440929	0.573543	-0.624671	0.293965	0.288953	0.671593	-0.193654	0.654192	0.544125	0.462709	-0.581958	0.388785
0.515081	0.523888	-0.593455	0.3287	0.606563	0.530669	-0.529837	0.264091	0.764951	-0.235446	-0.320815	0.506451	0.0977925	-0.328871	-0.161416	0.925325	0.357412	0.644521	0.129993	0.663288	0.489164	0.437909	0.608441	0.445819	0.725382	0.0707761	-0.677228	-0.100867	0.441045	0.573319	-0.624931	0.293676	0.288474	0.671941	-0.193418	0.654116	0.543998	0.463025	-0.581492	0.389284
0.51527	0.523832	-0.593168	0.329012	0.605834	0.530942	-0.530002	0.264884	0.764604	-0.23537	-0.321583	0.506523	0.0970054	-0.329446	-0.161629	0.925165	0.356917	0.643678	0.129794	0.664411	0.489971	0.43733	0.607655	0.446572	0.725502	0.070685	-0.677146	-0.100622	0.44153	0.572988	-0.625255	0.292903	0.287387	0.672137	-0.193289	0.654431	0.543382	0.464129	-0.579981	0.391077
0.515974	0.523414	-0.592912	0.329034	0.605509	0.531038	-0.529891	0.265656	0.764179	-0.235449	-0.322597	0.506484	0.0971366	-0.330333	-0.161971	0.924776	0.357007	0.643386	0.129583	0.664687	0.490154	0.436912	0.607325	0.447229	0.725753	0.0703915	-0.676879	-0.100807	0.441667	0.573054	-0.625222	0.292637	0.286943	0.672339	-0.193826	0.65426	0.543089	0.464599	-0.579133	0.392183
0.516577	0.523188	-0.591778	0.330486	0.604836	0.531645	-0.529726	0.266303	0.763931	-0.235241	-0.323041	0.506671	0.0967841	-0.330847	-0.161995	0.924625	0.356885	0.643388	0.129896	0.66469	0.490162	0.43677	0.60736	0.447311	0.72588	0.0709003	-0.676738	-0.100487	0.442103	0.572746	-0.625332	0.292346	0.286373	0.672658	-0.193366	0.654318	0.543405	0.464418	-0.578866	0.392353
0.517065	0.523151	-0.590335	0.332356	0.60433	0.532006	-0.529633	0.266915	0.763629	-0.235003	-0.324115	0.506551	0.0966638	-0.331606	-0.16263	0.924254	0.356555	0.643286	0.129847	0.664975	0.490362	0.436872	0.607046	0.447418	0.725978	0.0705749	-0.676581	-0.101058	0.442598	0.572721	-0.625145	0.292047	0.28603	0.672892	-0.193725	0.654121	0.54393	0.46388	-0.578805	0.392353
0.517152	0.523051	-0.590259	0.332514	0.604179	0.53209	-0.529547	0.267259	0.763395	-0.234919	-0.324603	0.50663	0.0964147	-0.331947	-0.162817	0.924124	0.356517	0.643238	0.129973	0.665017	0.49042	0.436901	0.606827	0.447624	0.726124	0.0705866	-0.676448	-0.100897	0.442733	0.572669	-0.625119	0.292	0.285859	0.672995	-0.193738	0.654085	0.544427	0.463321	-0.578959	0.392095
0.516684	0.52358	-0.589714	0.333376	0.603731	0.532436	-0.529739	0.267201	0.763038	-0.234716	-0.325458	0.506714	0.0957947	-0.332972	-0.163407	0.923716	0.356425	0.643182	0.129676	0.665178	0.490442	0.436609	0.606832	0.447877	0.726265	0.0711087	-0.676266	-0.100735	0.443107	0.572837	-0.624553	0.292313	0.285289	0.673443	-0.193273	0.654011	0.544623	0.463421	-0.578368	0.392576
0.516684	0.52358	-0.589714	0.333376	0.603664	0.532342	-0.530112	0.266801	0.762963	-0.23464	-0.325796	0.506644	0.0957947	-0.332972	-0.163407	0.923716	0.356333	0.643137	0.129479	0.665309	0.490285	0.436703	0.607033	0.447685	0.726265	0.0711087	-0.676266	-0.100735	0.443107	0.572837	-0.624553	0.292313	0.285572	0.673376	-0.193443	0.653906	0.544623	0.463421	-0.578368	0.392576
0.51745	0.523203	-0.589476	0.333199	0.6029	0.53303	-0.530588	0.26621	0.762863	-0.234293	-0.326143	0.506733	0.0953172	-0.333112	-0.16411	0.92359	0.355842	0.643368	0.128238	0.665589	0.490384	0.436931	0.60692	0.447507	0.726446	0.0715502	-0.67612	-0.100092	0.44338	0.572702	-0.624511	0.292254	0.285322	0.673561	-0.192795	0.654016	0.545106	0.463194	-0.577991	0.392732
0.51745	0.523203	-0.589476	0.333199	0.602856	0.533292	-0.530261	0.266434	0.762802	-0.234019	-0.326303	0.506848	0.0953172	-0.333112	-0.16411	0.92359	0.355842	0.643368	0.128238	0.665589	0.490185	0.437411	0.606759	0.447475	0.726446	0.0715502	-0.67612	-0.100092	0.44338	0.572702	-0.624511	0.292254	0.284922	0.673802	-0.192578	0.654006	0.545106	0.463194	-0.577991	0.392732
0.517072	0.523528	-0.589456	0.333312	0.602658	0.5336	-0.530274	0.266238	0.76273	-0.233892	-0.32643	0.506933	0.0952839	-0.333178	-0.1642	0.923554	0.355744	0.643645	0.127741	0.66547	0.489673	0.437592	0.607149	0.447329	0.726442	0.0713573	-0.676114	-0.100297	0.443757	0.572453	-0.624563	0.292059	0.28499	0.673807	-0.193095	0.653819	0.545133	0.463214	-0.577757	0.393014
0.516785	0.52395	-0.589277	0.33341	0.602543	0.534235	-0.529776	0.266219	0.762818	-0.233698	-0.326348	0.506942	0.0953184	-0.333163	-0.164249	0.923547	0.354544	0.644714	0.128584	0.664913	0.488493	0.437189	0.608559	0.447097	0.726463	0.0711211	-0.676028	-0.100891	0.444243	0.57234	-0.624349	0.291999	0.285037	0.673938	-0.193022	0.653685	0.545143	0.463356	-0.577388	0.393375
0.516887	0.524087	-0.589147	0.333267	0.602789	0.534312	-0.529811	0.265436	0.762824	-0.233136	-0.326328	0.507205	0.0953587	-0.332943	-0.164533	0.923572	0.354577	0.645217	0.129401	0.664248	0.486562	0.436334	0.611302	0.446296	0.72663	0.0711486	-0.675877	-0.100682	0.444448	0.572088	-0.624512	0.291833	0.284891	0.673991	-0.193133	0.653661	0.545397	0.463237	-0.5771	0.393585
0.51662	0.52451	-0.589234	0.33286	0.603134	0.534863	-0.528837	0.265485	0.762729	-0.232445	-0.326105	0.507808	0.0949634	-0.332272	-0.164948	0.92378	0.354184	0.646104	0.131676	0.663148	0.485801	0.435704	0.612987	0.445427	0.726701	0.0710494	-0.675803	-0.100733	0.444516	0.572214	-0.62434	0.291849	0.285139	0.674138	-0.192879	0.653477	0.545395	0.463455	-0.576871	0.393667
0.516646	0.524973	-0.588713	0.333013	0.603251	0.53498	-0.528891	0.264875	0.762598	-0.231956	-0.326048	0.508265	0.094304	-0.331697	-0.16555	0.923947	0.354227	0.646589	0.132342	0.662519	0.4837	0.43367	0.617704	0.443178	0.726918	0.0713884	-0.675602	-0.100279	0.444446	0.572422	-0.624108	0.292044	0.285113	0.67413	-0.192483	0.653613	0.545436	0.463648	-0.576627	0.39374
0.516703	0.525126	-0.588585	0.332909	0.603617	0.535298	-0.528447	0.264285	0.762154	-0.230888	-0.326151	0.50935	0.0940179	-0.331523	-0.16573	0.924006	0.354568	0.648239	0.133697	0.660449	0.481167	0.432005	0.623291	0.439726	0.726888	0.0714844	-0.675654	-0.100078	0.444415	0.57248	-0.62406	0.29208	0.284846	0.674515	-0.191858	0.653516	0.545297	0.46394	-0.576201	0.394211
0.516847	0.525626	-0.588011	0.332911	0.604525	0.535795	-0.526963	0.264167	0.761872	-0.230015	-0.325972	0.51028	0.0934197	-0.331084	-0.165942	0.924186	0.354877	0.650744	0.135055	0.657537	0.478743	0.430567	0.629611	0.434749	0.72699	0.0719226	-0.675598	-0.0994	0.444013	0.573021	-0.623711	0.292376	0.284253	0.674814	-0.19136	0.653612	0.544851	0.46492	-0.575007	0.395416
